time (s) altitude (m) longitude (rad) latitude (rad) velocity (m/s) trajectory angle (rad) heading angle (rad) angle of attack (rad) bank angle (rad) fuel mass (kg) 
124.64 25364 2.3865 -0.20405 1618.3 0.019308 1.611 3.1618e-07 0.050151 1562
127.31 25440 2.3865 -0.20338 1627.1 0.016113 1.6117 0.008269 0.047642 1555.1
132.08 25557 2.3864 -0.20216 1644.3 0.014243 1.6129 0.010078 0.03583 1542.1
136.13 25648 2.3864 -0.20111 1659.5 0.012932 1.6136 0.011536 0.0238 1530.8
137.25 25672 2.3864 -0.20082 1663.8 0.012983 1.6138 0.011937 0.020809 1527.6
139.93 25730 2.3863 -0.20012 1674.5 0.013071 1.6142 0.012748 0.013046 1519.8
144.7 25838 2.3863 -0.19887 1694.3 0.014122 1.6145 0.013981 -0.00036081 1505.4
148.74 25941 2.3862 -0.19779 1711.8 0.015734 1.6145 0.014707 -0.0060821 1492.7
149.86 25971 2.3862 -0.19749 1716.8 0.016261 1.6145 0.015076 -0.0068094 1489.2
152.54 26050 2.3862 -0.19677 1728.9 0.017656 1.6144 0.01486 -0.0087363 1480.5
157.31 26204 2.3861 -0.19548 1750.9 0.019261 1.6143 0.012508 -0.013684 1464.7
161.35 26342 2.3861 -0.19437 1769.8 0.0191 1.6141 0.010215 -0.014624 1451.2
162.47 26379 2.3861 -0.19406 1775.1 0.018837 1.614 0.010762 -0.0136 1447.4
165.15 26468 2.386 -0.19331 1787.6 0.018462 1.6139 0.010637 -0.011377 1438.4
169.92 26624 2.386 -0.19197 1809.8 0.017981 1.6138 0.011241 -0.0098482 1422.3
173.97 26756 2.3859 -0.19082 1828.7 0.017747 1.6137 0.010981 -0.0080254 1408.7
175.08 26792 2.3859 -0.1905 1833.8 0.017607 1.6137 0.010526 -0.0076516 1404.9
177.76 26881 2.3859 -0.18973 1846.6 0.019175 1.6137 0.020565 -0.0070809 1395.6
182.53 27089 2.3858 -0.18835 1869.8 0.027957 1.6137 0.024876 0.00045328 1378.4
186.58 27316 2.3858 -0.18716 1888.3 0.029858 1.6139 1.0315e-06 0.016155 1364.7
187.7 27377 2.3857 -0.18683 1892.9 0.027029 1.614 3.8044e-06 0.021096 1361.4
190.37 27503 2.3857 -0.18604 1904.2 0.022572 1.6143 5.3734e-07 0.033719 1353.2
195.14 27672 2.3857 -0.18462 1924.6 0.014565 1.6151 3.731e-07 0.057523 1338.7
199.19 27760 2.3856 -0.18339 1942.3 0.007806 1.6161 5.5073e-07 0.074315 1326.4
200.31 27775 2.3856 -0.18305 1947.2 0.0059599 1.6164 3.4064e-06 0.076694 1322.9
202.09 27789 2.3856 -0.18251 1955.1 0.0027168 1.6168 4.9747e-07 0.079835 1317.5
205.27 27800 2.3855 -0.18154 1970.2 0.0019871 1.6181 0.022982 0.092442 1307.1
207.97 27824 2.3855 -0.1807 1984 0.0078242 1.62 0.029696 0.10669 1297.2
208.72 27837 2.3855 -0.18047 1987.8 0.0093289 1.6205 0.025951 0.11005 1294.5
210.5 27876 2.3854 -0.17992 1996.8 0.012762 1.6219 0.027687 0.11873 1288
213.68 27980 2.3854 -0.17892 2013 0.019778 1.6247 0.030302 0.13701 1276.3
216.38 28105 2.3853 -0.17807 2026.6 0.026188 1.6275 0.031087 0.15214 1266.3
217.13 28146 2.3853 -0.17784 2030.3 0.027933 1.6283 0.030697 0.156 1263.6
218.91 28255 2.3853 -0.17727 2039.1 0.031909 1.6303 0.027461 0.16536 1257
222.09 28468 2.3852 -0.17626 2053.3 0.032235 1.6329 3.5883e-07 0.18527 1246.5
224.79 28634 2.3852 -0.17539 2064.4 0.026514 1.6342 4.6523e-07 0.19806 1238.6
225.53 28673 2.3851 -0.17515 2067.6 0.025676 1.6347 3.9004e-06 0.19981 1236.3
227.32 28762 2.3851 -0.17457 2075 0.022655 1.6357 3.5409e-07 0.20501 1231
230.5 28894 2.385 -0.17354 2088.3 0.017204 1.6376 2.7835e-07 0.22486 1221.6
233.2 28978 2.385 -0.17266 2099.6 0.012529 1.6393 4.1375e-07 0.24319 1213.7
233.94 28997 2.385 -0.17242 2102.7 0.011235 1.6398 1.5058e-06 0.24711 1211.5
235.73 29033 2.3849 -0.17183 2110.3 0.0081323 1.641 3.1863e-07 0.25783 1206.3
238.91 29069 2.3848 -0.17078 2123.7 0.0026138 1.6433 4.6718e-07 0.28559 1196.9
241.6 29071 2.3848 -0.16989 2135.1 -0.0020409 1.6455 6.0679e-07 0.3066 1189
242.35 29067 2.3848 -0.16964 2138.2 -0.0033167 1.6461 0.00499 0.31157 1186.7
244.13 29052 2.3847 -0.16904 2146 -0.0036501 1.6485 0.021565 0.32327 1180.9
247.31 29041 2.3846 -0.16798 2160.7 0.00086436 1.6548 0.031711 0.35267 1169.7
250.01 29059 2.3845 -0.16707 2172.9 0.0051858 1.6607 0.026747 0.37161 1160
250.76 29068 2.3845 -0.16682 2176.2 0.0059929 1.6623 0.030697 0.37512 1157.4
253.44 29115 2.3844 -0.16591 2187.9 0.0099306 1.6683 0.027851 0.3911 1147.7
258.21 29251 2.3843 -0.16428 2207.7 0.015833 1.6796 0.027988 0.43632 1130.6
262.25 29414 2.3841 -0.16289 2223.6 0.020412 1.6898 0.027493 0.46724 1116.3
263.37 29466 2.3841 -0.1625 2227.8 0.021451 1.6927 0.027357 0.47579 1112.3
266.05 29601 2.3839 -0.16157 2237.6 0.02377 1.6996 0.026901 0.4911 1103
270.82 29873 2.3837 -0.15992 2253.9 0.026781 1.712 0.026201 0.53363 1086.8
274.86 30126 2.3835 -0.1585 2266.8 0.028207 1.7227 0.025539 0.55059 1073.5
275.98 30197 2.3834 -0.15811 2270.1 0.028454 1.7255 0.025237 0.5523 1069.9
277.77 30313 2.3833 -0.15749 2275.4 0.028696 1.7301 0.024864 0.55269 1064.3
280.95 30522 2.3831 -0.15637 2284.4 0.028721 1.7378 0.024008 0.54878 1054.4
283.65 30698 2.383 -0.15542 2291.6 0.028386 1.744 0.023516 0.53844 1046.2
284.39 30747 2.3829 -0.15516 2293.5 0.028255 1.7457 0.023258 0.5355 1044
286.18 30862 2.3828 -0.15453 2298 0.027846 1.7495 0.02302 0.52694 1038.7
289.36 31062 2.3826 -0.1534 2305.8 0.026878 1.756 0.022313 0.50511 1029.6
292.05 31226 2.3824 -0.15245 2312.1 0.025817 1.7611 0.021807 0.48794 1022
292.8 31270 2.3824 -0.15218 2313.8 0.02549 1.7625 0.021671 0.48511 1020
296.37 31474 2.3821 -0.15091 2321.7 0.02372 1.7687 0.02122 0.46282 1010.3
302.73 31799 2.3817 -0.14865 2335 0.020108 1.7784 0.020809 0.40326 993.6
308.12 32032 2.3812 -0.14672 2345.7 0.016789 1.7853 0.020564 0.35886 979.95
309.61 32089 2.3811 -0.14619 2348.6 0.015823 1.7871 0.020414 0.34486 976.25
311.4 32153 2.381 -0.14555 2352 0.014635 1.7891 0.020253 0.33396 971.85
314.58 32255 2.3807 -0.14441 2357.9 0.012454 1.7924 0.020037 0.30409 964.11
317.28 32328 2.3805 -0.14344 2362.9 0.010578 1.7949 0.019988 0.28208 957.61
318.02 32346 2.3804 -0.14317 2364.2 0.010058 1.7956 0.020012 0.27515 955.82
319.81 32386 2.3803 -0.14253 2367.4 0.0088256 1.7971 0.02012 0.26279 951.56
322.99 32445 2.38 -0.14138 2373.2 0.0066952 1.7996 0.020431 0.23327 943.99
325.69 32482 2.3798 -0.1404 2378 0.004988 1.8015 0.020816 0.21354 937.57
326.43 32490 2.3797 -0.14014 2379.3 0.0045349 1.802 0.02096 0.20935 935.8
329.11 32514 2.3795 -0.13917 2384.1 0.0029608 1.8038 0.021416 0.19259 929.44
333.88 32535 2.3791 -0.13744 2392.5 0.00060754 1.8064 0.021686 0.14774 918.03
337.93 32528 2.3787 -0.13596 2399.4 -0.0022816 1.8081 0.013147 0.11707 908.48
339.04 32520 2.3786 -0.13556 2401.2 -0.0036841 1.8084 0.013084 0.109 905.94
341.72 32487 2.3784 -0.13458 2405.8 -0.0065416 1.8091 0.013077 0.092441 899.73
346.49 32384 2.3779 -0.13284 2414 -0.011363 1.8101 0.013227 0.057324 888.49
350.54 32254 2.3776 -0.13135 2421.1 -0.015092 1.8106 0.013366 0.040433 878.7
351.66 32212 2.3775 -0.13094 2423.1 -0.016056 1.8108 0.013458 0.038072 875.95
354.33 32101 2.3772 -0.12996 2428 -0.018208 1.8111 0.01366 0.032424 869.24
359.1 31869 2.3768 -0.1282 2436.9 -0.021501 1.8114 0.013828 0.017674 856.89
363.15 31646 2.3764 -0.1267 2444.8 -0.023729 1.8116 0.01389 0.0091093 845.95
364.27 31580 2.3763 -0.12628 2447 -0.024246 1.8116 0.01393 0.007321 842.85
366.95 31415 2.3761 -0.12529 2452.3 -0.025659 1.8117 0.014077 0.0037993 835.32
371.72 31128 2.3756 -0.12351 2462.3 -0.022132 1.8118 0.034897 0.0022425 820.44
375.76 30943 2.3753 -0.122 2471 -0.014339 1.8118 0.02736 0.0048507 806.57
376.88 30907 2.3752 -0.12158 2473.3 -0.013496 1.8119 0.027368 0.0054516 802.91
378.66 30853 2.375 -0.12091 2477.1 -0.0111 1.8119 0.027345 0.0059328 796.83
381.84 30783 2.3747 -0.11971 2483.8 -0.0066393 1.8121 0.027196 0.0078964 785.86
384.54 30751 2.3744 -0.1187 2489.4 -0.0027366 1.8122 0.026993 0.0094195 776.45
385.29 30747 2.3744 -0.11841 2490.9 -0.0016503 1.8122 0.02697 0.0097344 773.84
387.07 30746 2.3742 -0.11774 2494.6 0.0010833 1.8123 0.026796 0.010574 767.55
390.25 30768 2.3739 -0.11653 2500.7 0.0041584 1.8125 0.01669 0.013972 756.63
392.95 30800 2.3737 -0.11551 2505.7 0.0049698 1.8127 0.017126 0.016359 747.68
393.7 30809 2.3736 -0.11523 2507.1 0.0054721 1.8127 0.02668 0.016721 745.16
394.89 30828 2.3735 -0.11477 2509.3 0.0071763 1.8129 0.025944 0.016904 740.99
397.01 30873 2.3733 -0.11397 2513.2 0.0093172 1.813 0.017275 0.017568 733.73
398.8 30915 2.3731 -0.11328 2516.4 0.0088167 1.8131 0.0012095 0.01783 727.98
399.3 30926 2.3731 -0.11309 2517.2 0.0080764 1.8132 7.7966e-07 0.017824 726.5
400.49 30948 2.3729 -0.11264 2519.3 0.0065506 1.8132 3.34e-07 0.017813 722.91
402.61 30975 2.3727 -0.11183 2523.1 0.0035828 1.8133 3.4061e-07 0.018426 716.57
404.41 30988 2.3726 -0.11114 2526.3 0.0024462 1.8134 0.017671 0.018952 710.96
404.91 30991 2.3725 -0.11095 2527.2 0.0029369 1.8135 0.018371 0.01905 709.28
406.1 31000 2.3724 -0.11049 2529.4 0.003574 1.8136 0.017897 0.019261 705.34
408.22 31023 2.3722 -0.10968 2533.2 0.0046495 1.8137 0.017815 0.02002 698.32
410.02 31046 2.372 -0.10899 2536.4 0.0055632 1.8139 0.017794 0.020583 692.38
410.51 31053 2.372 -0.1088 2537.2 0.0058101 1.8139 0.015449 0.020636 690.74
412.3 31078 2.3718 -0.10811 2540.3 0.0046799 1.8141 3.3213e-07 0.020598 685.19
415.48 31096 2.3715 -0.10688 2545.8 -0.00027345 1.8142 2.0506e-07 0.020494 675.82
418.18 31086 2.3712 -0.10584 2550.6 -0.0015723 1.8144 0.017798 0.020551 667.36
418.92 31084 2.3712 -0.10555 2552 -0.00093723 1.8144 0.016318 0.020659 664.84
420.71 31081 2.371 -0.10486 2555.2 -0.00014715 1.8146 0.017186 0.020895 658.94
423.89 31087 2.3707 -0.10363 2560.8 0.0014268 1.8149 0.01701 0.021856 648.38
426.58 31101 2.3704 -0.10258 2565.5 0.0026689 1.8151 0.016585 0.022494 639.42
427.33 31106 2.3704 -0.10229 2566.8 0.003003 1.8152 0.016889 0.022499 636.95
429.11 31122 2.3702 -0.1016 2569.9 0.0038437 1.8154 0.016744 0.022017 631.02
432.29 31159 2.3699 -0.10036 2575.3 0.005315 1.8156 0.016775 0.020774 620.47
434.99 31201 2.3696 -0.099303 2579.8 0.0065868 1.8159 0.017019 0.019881 611.54
435.74 31214 2.3695 -0.099012 2581 0.0069463 1.8159 0.01599 0.01973 609.08
437.52 31248 2.3694 -0.098314 2583.9 0.0079149 1.8161 0.016997 0.019439 603.17
440.7 31311 2.369 -0.097067 2588.9 0.0067768 1.8163 3.0088e-07 0.019334 593.17
443.4 31346 2.3688 -0.096008 2593.3 0.0026401 1.8164 5.7475e-07 0.02001 585.26
444.14 31350 2.3687 -0.095716 2594.5 0.0019333 1.8164 2.239e-06 0.020252 583.01
445.93 31352 2.3685 -0.095013 2597.4 -0.00053559 1.8165 3.9648e-07 0.020606 577.73
449.11 31340 2.3682 -0.093761 2602.6 -0.0018253 1.8167 0.017488 0.020475 567.78
451.81 31333 2.3679 -0.092696 2607 0.00029275 1.8169 0.017287 0.020426 558.76
452.55 31334 2.3679 -0.092402 2608.3 0.00044239 1.817 0.017581 0.020255 556.34
457.91 31356 2.3673 -0.090283 2616.8 0.0024208 1.8174 0.014014 0.0169 538.76
467.45 31430 2.3664 -0.086491 2631.7 0.0030164 1.8179 0.011485 0.012934 507.96
475.54 31490 2.3656 -0.083258 2644 0.002748 1.8183 0.011498 0.016058 482.03
477.78 31507 2.3653 -0.082363 2647.4 0.0027253 1.8184 0.012042 0.016956 474.87
479.56 31520 2.3652 -0.081647 2650 0.0027551 1.8185 0.011659 0.016833 469.14
482.74 31543 2.3648 -0.08037 2654.8 0.0027364 1.8187 0.011539 0.01659 458.96
485.44 31563 2.3646 -0.079284 2658.7 0.0027077 1.8189 0.011377 0.016739 450.33
486.19 31568 2.3645 -0.078984 2659.8 0.0026877 1.8189 0.011496 0.01684 447.95
487.97 31581 2.3643 -0.078265 2662.4 0.0026697 1.819 0.011451 0.016977 442.24
491.15 31603 2.364 -0.076982 2667.1 0.0026452 1.8192 0.011479 0.017372 432.07
493.85 31622 2.3637 -0.075892 2671 0.002629 1.8194 0.011384 0.017838 423.46
494.59 31627 2.3636 -0.075591 2672.1 0.0026182 1.8194 0.011481 0.017891 421.08
496.38 31640 2.3634 -0.074868 2674.6 0.0026035 1.8195 0.011345 0.017575 415.38
499.56 31662 2.3631 -0.07358 2679.1 0.0025677 1.8197 0.011359 0.016904 405.24
502.26 31680 2.3628 -0.072485 2683 0.0025451 1.8199 0.011272 0.016772 396.64
503 31685 2.3627 -0.072183 2684 0.0025322 1.8199 0.011315 0.016782 394.27
504.79 31698 2.3626 -0.071457 2686.5 0.002517 1.82 0.011305 0.016779 388.58
507.97 31719 2.3622 -0.070163 2691 0.0024993 1.8202 0.011298 0.01733 378.46
510.66 31737 2.3619 -0.069063 2694.7 0.0024704 1.8204 0.011109 0.017992 369.87
511.41 31742 2.3619 -0.06876 2695.7 0.0024513 1.8204 0.011358 0.01808 367.51
513.19 31754 2.3617 -0.068031 2698.2 0.0024484 1.8205 0.011221 0.017863 361.83
516.37 31775 2.3613 -0.066731 2702.5 0.0024105 1.8207 0.011142 0.017481 351.72
519.07 31792 2.3611 -0.065627 2706.2 0.0024116 1.8209 0.011424 0.017411 343.15
519.82 31797 2.361 -0.065322 2707.2 0.0024319 1.8209 0.012024 0.0174 340.78
521.6 31809 2.3608 -0.064591 2709.6 0.0024786 1.821 0.010948 0.01733 335.11
524.78 31829 2.3605 -0.063286 2713.8 0.0022402 1.8212 0.010403 0.017805 325.06
527.48 31846 2.3602 -0.062177 2717.4 0.0023482 1.8214 0.013455 0.018213 316.48
528.23 31851 2.3601 -0.061871 2718.4 0.0025785 1.8214 0.013518 0.018206 314.08
530.9 31870 2.3598 -0.060769 2721.9 0.0027082 1.8216 0.01017 0.017615 305.57
535.67 31901 2.3593 -0.058802 2728.1 0.0019626 1.8218 0.0098729 0.016818 290.61
539.72 31922 2.3589 -0.057131 2733.3 0.0021051 1.8221 0.013305 0.017184 277.78
540.84 31929 2.3588 -0.056669 2734.8 0.0024281 1.8221 0.010581 0.017528 274.19
543.52 31946 2.3585 -0.05556 2738.2 0.0022351 1.8223 0.010152 0.01814 265.76
548.29 31974 2.358 -0.053582 2744.2 0.002083 1.8226 0.01113 0.019494 250.73
552.33 31997 2.3575 -0.051901 2749.2 0.0021315 1.8228 0.010323 0.020526 237.95
553.45 32004 2.3574 -0.051437 2750.6 0.0020238 1.8229 0.010911 0.020612 234.45
556.13 32019 2.3571 -0.050322 2753.9 0.0020206 1.8231 0.010738 0.019939 226.01
560.9 32045 2.3566 -0.048333 2759.7 0.00196 1.8234 0.010633 0.018642 211
564.94 32067 2.3562 -0.046643 2764.6 0.0019572 1.8236 0.010882 0.018889 198.27
566.06 32073 2.3561 -0.046176 2766 0.0019845 1.8237 0.010644 0.019284 194.75
568.74 32087 2.3558 -0.045055 2769.2 0.0018429 1.8238 0.010072 0.020041 186.36
573.51 32112 2.3553 -0.043056 2774.8 0.0019718 1.8242 0.011619 0.021823 171.36
577.56 32135 2.3548 -0.041357 2779.5 0.0019912 1.8245 0.0082971 0.023644 158.66
578.67 32141 2.3547 -0.040888 2780.8 0.0016022 1.8245 0.0079239 0.023856 155.23
580.46 32148 2.3545 -0.040137 2782.9 0.0015482 1.8247 0.011867 0.023492 149.64
583.64 32164 2.3541 -0.038798 2786.5 0.0020666 1.8249 0.011283 0.022802 139.59
586.34 32180 2.3539 -0.037661 2789.6 0.001851 1.8251 0.0080747 0.021969 131.19
587.08 32183 2.3538 -0.037347 2790.4 0.0016504 1.8251 0.0085954 0.021567 128.89
588.87 32192 2.3536 -0.036594 2792.5 0.0017951 1.8253 0.012072 0.020367 123.28
592.05 32207 2.3532 -0.035251 2796 0.0015006 1.8254 0.0075881 0.017115 113.39
594.75 32220 2.3529 -0.03411 2799 0.0022662 1.8256 0.02535 0.013092 104.83
595.49 32225 2.3528 -0.033795 2799.7 0.0037886 1.8256 0.031508 0.012041 102.24
597.28 32255 2.3527 -0.03304 2801.2 0.0086309 1.8257 0.04482 0.0092208 95.847
600.46 32387 2.3523 -0.031693 2802.5 0.022009 1.8259 0.063321 0.004676 83.782
603.15 32610 2.352 -0.030552 2801.3 0.03753 1.826 0.081778 0.0037505 73.113
603.9 32694 2.3519 -0.030237 2800.4 0.042596 1.8261 0.088235 0.0036434 70.104
605.68 32937 2.3517 -0.029482 2797.7 0.054889 1.8261 0.09123 0.0034064 62.997
608.86 33529 2.3514 -0.028143 2789.7 0.07916 1.8263 0.11898 0.0035622 50.56
611.56 34209 2.3511 -0.027013 2778.7 0.10237 1.8264 0.13368 0.0037203 40.335
612.31 34427 2.351 -0.026702 2775.4 0.10837 1.8265 0.13678 0.0038998 37.703
614.09 34999 2.3508 -0.02596 2766.3 0.12326 1.8266 0.15296 0.0037598 31.565
617.27 36185 2.3505 -0.024648 2749.2 0.1473 1.8268 0.15609 0.0037871 21.834
619.97 37330 2.3502 -0.023544 2736.6 0.16245 1.8269 0.15176 0.0040777 15.102
620.72 37663 2.3501 -0.023241 2733.3 0.16591 1.827 0.16176 0.0043166 13.461
622.5 38486 2.3499 -0.022516 2725.5 0.17343 1.8271 0.15535 0.0046751 9.8218
625.68 40021 2.3496 -0.021232 2713.1 0.18274 1.8273 0.15543 0.0051396 4.4872
628.38 41368 2.3493 -0.020149 2703.4 0.18762 1.8274 0.15423 0.0025169 0.86607
629.12 41744 2.3492 -0.019851 2701 0.18845 1.8274 0.15471 0 3.2287e-07
