time (s) altitude (m) velocity (m/s) mass (kg) dynamic pressure (Pa)trajectory angle (rad) Lift (N)Drag (N)heading angle (rad) latitude (rad) angle of attack (rad) 
629.12 41744 2701 3300 10893 0.18845 12372 4258.1 1.8274 -0.019851 0.27283
629.91 42141 2708.8 3288.4 10347 0.18829 11730 4034.3 1.8274 -0.019537 0.27247
631.3 42848 2722.8 3267.8 9446.8 0.18787 10767 3709.8 1.8275 -0.018976 0.27349
632.48 43450 2734.9 3250.3 8749 0.18743 10101 3495.4 1.8275 -0.018498 0.27595
632.81 43617 2738.3 3245.4 8566.3 0.18729 9903.3 3428.3 1.8275 -0.018366 0.2762
633.59 44016 2746.4 3233.9 8145 0.18694 9466.7 3282.9 1.8275 -0.018048 0.27723
634.98 44728 2761.1 3213.2 7449.3 0.18625 8717.9 3029.9 1.8276 -0.01748 0.27857
636.17 45333 2773.8 3195.7 6909.9 0.18558 8079.8 2807.1 1.8276 -0.016995 0.2784
636.49 45500 2777.3 3190.9 6768.6 0.18538 7914.7 2749.6 1.8276 -0.016861 0.2784
638.06 46301 2794.4 3167.7 6134.1 0.18437 7178.5 2494.2 1.8277 -0.016215 0.27854
640.84 47729 2825.7 3126.5 5197.9 0.18232 6091.9 2116.5 1.8277 -0.015054 0.2788
643.21 48940 2852.9 3091.5 4547.3 0.18042 5343.4 1856.8 1.8278 -0.014059 0.27927
643.86 49274 2860.5 3081.8 4382.8 0.17987 5134 1781.7 1.8278 -0.013783 0.27864
644.65 49675 2869.7 3070.2 4193.6 0.1792 4907 1701.9 1.8278 -0.013451 0.27841
646.04 50387 2886.2 3049.6 3877.3 0.17797 4541.6 1575.1 1.8279 -0.012856 0.27859
647.22 50991 2900.4 3032.1 3628.1 0.1769 4266.8 1481.3 1.8279 -0.012349 0.27935
647.55 51158 2904.4 3027.2 3568.2 0.17661 4195.2 1456 1.8279 -0.012209 0.27929
648.33 51557 2913.9 3015.6 3428.6 0.17589 4028.1 1397.1 1.8279 -0.011871 0.27912
649.72 52267 2931 2995 3192.4 0.1746 3747.8 1298.5 1.828 -0.011267 0.27892
650.91 52868 2945.6 2977.5 3003.8 0.1735 3531.1 1223.1 1.828 -0.010752 0.27915
651.23 53034 2949.7 2972.7 2953.6 0.17319 3471.9 1202.3 1.828 -0.01061 0.27914
652.8 53829 2969.4 2949.5 2723.3 0.17171 3194.7 1104.1 1.828 -0.0099227 0.27871
655.58 55241 3005.1 2908.2 2353.7 0.16901 2721.3 933.74 1.8281 -0.0086878 0.27584
657.95 56434 3036.1 2873.2 2077 0.16667 2361.6 803.92 1.8282 -0.0076282 0.2726
658.6 56763 3044.7 2863.6 2006.1 0.16601 2267.2 769.65 1.8282 -0.0073336 0.27144
660.17 57549 3065.7 2840.4 1845.2 0.16443 2064.4 697.25 1.8282 -0.0066242 0.26953
662.95 58944 3103.7 2799.1 1588 0.16157 1730 576.91 1.8283 -0.0053482 0.26458
665.32 60122 3136.7 2764.1 1396.4 0.1591 1487.4 490.45 1.8283 -0.0042529 0.2605
665.97 60446 3145.9 2754.5 1347.4 0.15841 1422.3 466.92 1.8284 -0.0039484 0.25888
667.54 61222 3168.2 2731.3 1236.5 0.15677 1289.3 420.42 1.8284 -0.0032149 0.25671
670.32 62596 3208.5 2690 1059.8 0.15381 1068.6 342.3 1.8284 -0.0018952 0.2509
672.69 63755 3243.5 2655 928.73 0.15129 910.77 287.22 1.8285 -0.00076201 0.24624
673.34 64074 3253.3 2645.4 895.32 0.15059 872.46 274.08 1.8285 -0.00044695 0.24519
674.91 64837 3276.9 2622.2 819.78 0.14893 795.02 248.67 1.8285 0.00031218 0.24438
677.69 66187 3319.7 2580.9 699.8 0.14602 665.66 206.35 1.8286 0.0016782 0.241
680.06 67326 3356.8 2545.9 611.12 0.14355 559.6 171.87 1.8287 0.0028514 0.23464
680.71 67640 3367.1 2536.3 588.56 0.14287 531.34 162.64 1.8287 0.0031777 0.23233
682.28 68388 3392.1 2513.1 537.65 0.14122 473.8 144.25 1.8287 0.0039638 0.22848
685.06 69714 3437.5 2471.8 457.08 0.13829 381.52 114.63 1.8288 0.0053788 0.22016
687.43 70831 3476.8 2436.8 397.8 0.13578 315.53 93.544 1.8288 0.0065945 0.21273
688.08 71138 3487.8 2427.1 382.56 0.13509 296.54 87.313 1.8288 0.0069326 0.20951
689.65 71871 3514.3 2404 347.81 0.13343 269.62 79.547 1.8288 0.0077474 0.20952
692.43 73169 3562.5 2362.7 293.44 0.13043 190.85 55.143 1.8289 0.0092144 0.18529
694.8 74259 3604.5 2327.7 254.04 0.12752 108.55 31.603 1.8289 0.010475 0.138
695.45 74558 3616.3 2318 244.15 0.12661 95.276 28.481 1.8289 0.010826 0.12862
697.02 75269 3644.8 2294.9 222.06 0.12433 63.308 21.104 1.829 0.011671 0.10131
699.8 76515 3696.7 2253.6 187.84 0.11979 24.119 13.893 1.829 0.013194 0.052667
702.17 77547 3741.8 2218.6 163.36 0.11545 4.0021 10.992 1.8291 0.014504 0.011395
702.82 77828 3754.4 2208.9 157.25 0.11417 7.0553e-16 10.426 1.8291 0.014868 0
702.82 77828 3754.4 2208.9 157.25 0.11417 7.0553e-16 10.426 1.8291 0.014868 0
703.82 78255 3753.4 2208.9 146.75 0.11218 6.5839e-16 9.7259 1.8291 0.015427 0
704.82 78672 3752.3 2208.9 137.15 0.1102 -1.2307e-15 9.0869 1.8291 0.015986 0
705.82 79081 3751.3 2208.9 128.31 0.10821 -8.2238e-17 8.4981 1.8291 0.016546 0
706.82 79482 3750.3 2208.9 120.15 0.10622 5.3906e-16 7.955 1.8291 0.017105 0
707.82 79876 3749.3 2208.9 112.62 0.10423 -1.0105e-15 7.454 1.8292 0.017663 0
708.82 80262 3748.4 2208.9 105.66 0.10224 -1.2868e-15 6.9914 1.8292 0.018222 0
709.82 80641 3747.4 2208.9 99.239 0.10024 -3.8164e-16 6.5641 1.8292 0.018781 0
710.82 81012 3746.5 2208.9 93.298 0.098251 -3.5879e-16 6.1692 1.8292 0.01934 0
711.82 81376 3745.6 2208.9 87.803 0.096257 8.4415e-16 5.804 1.8292 0.019898 0
712.82 81732 3744.7 2208.9 82.718 0.094262 7.9526e-16 5.4662 1.8292 0.020457 0
713.82 82081 3743.9 2208.9 78.008 0.092266 -5.4998e-16 5.1534 1.8292 0.021016 0
714.82 82422 3743 2208.9 73.645 0.090269 9.4404e-17 4.8637 1.8293 0.021574 0
715.82 82756 3742.2 2208.9 69.6 0.088272 -4.907e-16 4.5952 1.8293 0.022132 0
716.82 83082 3741.4 2208.9 65.849 0.086274 -4.6426e-16 4.3463 1.8293 0.022691 0
717.82 83400 3740.6 2208.9 62.368 0.084274 -1.1992e-16 4.1153 1.8293 0.023249 0
718.82 83712 3739.9 2208.9 59.137 0.082275 -4.1693e-16 3.901 1.8293 0.023807 0
719.82 84015 3739.1 2208.9 56.136 0.080274 -1.0794e-16 3.702 1.8293 0.024366 0
720.82 84311 3738.4 2208.9 53.347 0.078273 -1.0258e-16 3.5172 1.8293 0.024924 0
721.82 84600 3737.7 2208.9 50.755 0.076271 -5.2049e-16 3.3454 1.8293 0.025482 0
722.82 84881 3737 2208.9 48.326 0.074268 -2.4779e-16 3.1846 1.8293 0.02604 0
723.82 85154 3736.3 2078 0 0.072265 0 0 1.8294 0.026598 0
724.82 85420 3735.7 2078 0 0.070261 0 0 1.8294 0.027156 0
725.82 85679 3735.1 2078 0 0.068256 -0 0 1.8294 0.027714 0
726.82 85930 3734.5 2078 0 0.066251 -0 0 1.8294 0.028272 0
727.82 86173 3733.9 2078 0 0.064245 -0 0 1.8294 0.02883 0
728.82 86409 3733.3 2078 0 0.062239 0 0 1.8294 0.029388 0
729.82 86638 3732.8 2078 0 0.060232 0 0 1.8294 0.029946 0
730.82 86859 3732.2 2078 0 0.058225 -0 0 1.8294 0.030503 0
731.82 87072 3731.7 2078 0 0.056217 -0 0 1.8294 0.031061 0
732.82 87278 3731.2 2078 0 0.054208 -0 0 1.8294 0.031619 0
733.82 87476 3730.7 2078 0 0.052199 -0 0 1.8294 0.032177 0
734.82 87667 3730.3 2078 0 0.05019 -0 0 1.8295 0.032734 0
735.82 87851 3729.9 2078 0 0.04818 -0 0 1.8295 0.033292 0
736.82 88027 3729.4 2078 0 0.04617 -0 0 1.8295 0.033849 0
737.82 88195 3729 2078 0 0.044159 -0 0 1.8295 0.034407 0
738.82 88356 3728.7 2078 0 0.042148 -0 0 1.8295 0.034965 0
739.82 88509 3728.3 2078 0 0.040137 0 0 1.8295 0.035522 0
740.82 88655 3728 2078 0 0.038125 -0 0 1.8295 0.03608 0
741.82 88793 3727.6 2078 0 0.036113 -0 0 1.8295 0.036637 0
742.82 88924 3727.3 2078 0 0.034101 0 0 1.8295 0.037195 0
743.82 89048 3727.1 2078 0 0.032088 -0 0 1.8295 0.037752 0
744.82 89163 3726.8 2078 0 0.030075 -0 0 1.8295 0.03831 0
745.82 89272 3726.6 2078 0 0.028062 0 0 1.8295 0.038867 0
746.82 89373 3726.3 2078 0 0.026048 0 0 1.8295 0.039424 0
747.82 89466 3726.1 2078 0 0.024035 -0 0 1.8295 0.039982 0
748.82 89552 3725.9 2078 0 0.022021 -0 0 1.8295 0.040539 0
749.82 89630 3725.8 2078 0 0.020007 -0 0 1.8295 0.041097 0
750.82 89701 3725.6 2078 0 0.017993 0 0 1.8295 0.041654 0
751.82 89764 3725.5 2078 0 0.015978 0 0 1.8295 0.042211 0
752.82 89820 3725.4 2078 0 0.013964 0 0 1.8295 0.042769 0
753.82 89868 3725.3 2078 0 0.011949 0 0 1.8295 0.043326 0
754.82 89909 3725.2 2078 0 0.0099345 -0 0 1.8295 0.043883 0
755.82 89942 3725.2 2078 0 0.0079198 -0 0 1.8295 0.044441 0
756.82 89968 3725.2 2078 0 0.0059051 0 0 1.8295 0.044998 0
757.82 89986 3725.1 2078 0 0.0038903 -0 0 1.8295 0.045556 0
758.82 89997 3725.1 2078 0 0.0018755 -0 0 1.8295 0.046113 0
759.82 90000 3725.2 2078 0 0 -0 0 1.8295 0.04667 0
