time (s) altitude (m) velocity (m/s) mass (kg)trajectory angle (rad) angle of attack (rad) heading angle (rad) latitude (rad)
0 150 30 29386 1.5691 0 -0.97708 -0.21673 2.3889
2.6458 241.43 39.185 29005 1.565 -0.0053021 -0.97237 -0.21674 2.3889
7.358 466.49 56.574 28327 1.5363 -0.010392 -0.98769 -0.21674 2.3889
11.356 723.54 72.406 27751 1.491 -0.0096949 -0.98807 -0.21674 2.3889
12.46 805.66 76.965 27592 1.4757 -0.0090519 -0.99034 -0.21674 2.3889
15.106 1022.7 88.252 27211 1.4345 -0.0068419 -0.99191 -0.21674 2.3889
19.818 1480.5 109.59 26533 1.3499 -0.00019665 -0.99386 -0.21675 2.3889
23.816 1941.3 129.15 25958 1.2762 0.0077156 -0.99505 -0.21677 2.389
24.92 2080.3 134.85 25799 1.2573 0.0099394 -0.99532 -0.21677 2.389
27.566 2434.7 148.94 25419 1.2154 0.015386 -0.99592 -0.21679 2.389
32.278 3141.9 175.5 24741 1.1585 0.023933 -0.99686 -0.21683 2.389
36.276 3823.5 199.37 24166 1.1323 0.029183 -0.99758 -0.21687 2.389
37.38 4025.9 206.18 24007 1.1289 0.0303 -0.99778 -0.21688 2.389
40.026 4538.6 222.89 23627 1.1279 0.032594 -0.99824 -0.21691 2.3891
44.738 5556.6 253.8 22949 1.1469 0.032564 -0.99912 -0.21698 2.3891
48.736 6537.6 281.8 22375 1.1732 0.027125 -0.99994 -0.21703 2.3891
49.84 6828.9 289.78 22216 1.1798 0.024952 -1.0002 -0.21705 2.3891
52.486 7560.3 306.73 21836 1.1865 0.019023 -1.0008 -0.21709 2.3892
57.198 8954.7 332.99 21159 1.1653 0.0060869 -1.0018 -0.21716 2.3892
61.196 10205 354.79 20584 1.1156 -0.0050246 -1.0027 -0.21724 2.3893
62.3 10558 361.29 20425 1.098 -0.0074895 -1.0029 -0.21726 2.3893
64.946 11418 377.92 20045 1.0513 -0.012987 -1.0033 -0.21732 2.3893
69.658 12983 410.25 19368 0.95693 -0.019004 -1.0039 -0.21746 2.3894
73.656 14332 442.65 18793 0.87411 -0.021363 -1.0044 -0.21759 2.3895
74.76 14708 452.99 18634 0.85195 -0.022141 -1.0045 -0.21764 2.3895
77.406 15614 478.85 18254 0.79864 -0.024078 -1.0047 -0.21775 2.3896
82.118 17223 525.86 17576 0.69982 -0.029807 -1.005 -0.21798 2.3897
86.116 18566 575.2 17001 0.61892 -0.03688 -1.0051 -0.21821 2.3899
87.22 18934 591.23 16842 0.59814 -0.038898 -1.0052 -0.21828 2.3899
89.866 19812 631.95 16461 0.54937 -0.043564 -1.0053 -0.21846 2.3901
94.578 21341 710.09 15783 0.46486 -0.049108 -1.0053 -0.21882 2.3903
98.576 22596 789.24 15207 0.40473 -0.049555 -1.0054 -0.21918 2.3905
99.68 22939 813.15 15048 0.3902 -0.049019 -1.0054 -0.21929 2.3906
102.33 23753 873.15 14667 0.3577 -0.04705 -1.0054 -0.21956 2.3908
107.04 25173 987.43 13987 0.3049 -0.040056 -1.0053 -0.22011 2.3911
111.04 26341 1094.4 13411 0.26578 -0.031522 -1.0052 -0.22064 2.3915
112.14 26657 1125.3 13252 0.25568 -0.029228 -1.0052 -0.22079 2.3916
114.79 27400 1202 12870 0.23283 -0.023571 -1.0051 -0.22119 2.3918
119.5 28675 1344.8 12190 0.19738 -0.013173 -1.005 -0.22196 2.3923
123.5 29711 1470.6 11613 0.17426 -0.0034207 -1.0048 -0.22269 2.3928
124.6 29991 1506.2 11454 0.1693 -0.00053756 -1.0048 -0.2229 2.393
