time (s) altitude (m) longitude (rad) latitude (rad) velocity (m/s) trajectory angle (rad) heading angle (rad) angle of attack (rad) bank angle (rad) fuel mass (kg) 
124.6 29991 2.393 -0.2229 1506.2 0.1693 -1.0048 -0.00053756 0.31677 1562
137.51 32774 2.3946 -0.22541 1483.2 0.12072 -0.99427 0.039614 0.31098 1557.5
160.5 35410 2.3976 -0.22976 1437.6 0.034256 -0.97424 0.049687 0.30333 1559.6
180 35141 2.4001 -0.23334 1428.8 -0.05769 -0.9623 0.035635 0.30197 1558.3
185.39 34582 2.4008 -0.23433 1427.2 -0.082151 -0.95867 0.041659 0.29892 1558.8
198.3 32542 2.4025 -0.23666 1426.2 -0.13504 -0.94839 0.047008 0.27826 1559.6
221.29 27613 2.4056 -0.24075 1445.7 -0.14528 -0.90954 0.069445 0.26169 1546.7
240.79 24549 2.4086 -0.24416 1489 -0.053955 -0.84552 0.050801 0.31333 1509.9
246.18 24280 2.4094 -0.2451 1501.3 -0.023721 -0.8235 0.039485 0.32556 1496.7
259.09 24555 2.4116 -0.24729 1532.1 0.05234 -0.76829 0.05238 0.35091 1461.6
282.08 28532 2.4159 -0.25092 1556.4 0.15748 -0.66843 0.062473 0.43781 1407.7
301.58 33303 2.4198 -0.2537 1530.9 0.13471 -0.61869 0.03977 0.50174 1391.5
306.97 34264 2.4209 -0.25443 1516 0.11441 -0.61255 0.039735 0.51264 1392.7
319.88 35968 2.4234 -0.25615 1494.1 0.059953 -0.59779 0.042687 0.53384 1392.7
342.87 36220 2.428 -0.25909 1476.3 -0.045207 -0.57257 0.053825 0.59675 1392.7
362.37 33765 2.432 -0.26145 1473.2 -0.12214 -0.53919 0.067984 0.63864 1392.7
367.76 32732 2.4331 -0.26208 1472.5 -0.13825 -0.52576 0.074083 0.64843 1392.7
380.67 29901 2.4357 -0.2635 1478.4 -0.1513 -0.47327 0.093539 0.68 1387.9
403.66 25752 2.4409 -0.26546 1509 -0.078373 -0.26594 0.088143 0.82391 1351.5
423.17 24704 2.4456 -0.26614 1546.5 0.0044605 -0.020003 0.055313 0.96644 1298.9
428.55 24813 2.447 -0.26611 1562.8 0.0087192 0.037173 0.050649 0.99733 1283.6
441.46 25116 2.4503 -0.26577 1602.8 0.019219 0.17784 0.04803 1.0563 1244.7
464.45 25898 2.4561 -0.26398 1685.4 0.0197 0.43986 0.056709 1.1605 1168.3
483.96 26492 2.4607 -0.26119 1770.2 0.016224 0.67363 0.057816 1.1569 1093.8
489.34 26648 2.4619 -0.26022 1797.1 0.01634 0.73431 0.056179 1.1551 1071.5
502.25 27030 2.4645 -0.25755 1860.8 0.016187 0.87728 0.055446 1.1444 1018.3
525.24 27757 2.4684 -0.25178 1973.7 0.016517 1.1061 0.04695 1.104 924.85
544.75 28367 2.4707 -0.24607 2066.2 0.013636 1.2647 0.038914 1.0625 848.89
550.13 28510 2.4713 -0.24439 2091.6 0.012272 1.3036 0.038031 1.0503 828.47
563.04 28841 2.4722 -0.24022 2149.8 0.01155 1.3941 0.037149 1.0147 779.34
586.03 29340 2.4731 -0.23238 2238.5 0.0084746 1.5238 0.024235 0.8796 694.98
605.54 29716 2.4731 -0.22547 2298.9 0.0095697 1.6058 0.02873 0.76226 626.03
610.92 29845 2.473 -0.22353 2314 0.014692 1.6305 0.037397 0.73658 606.39
623.83 30620 2.4726 -0.21885 2342.9 0.034787 1.6898 0.03732 0.68028 560.06
646.82 32649 2.4713 -0.21048 2376.9 0.031135 1.7508 0.010045 0.5231 497.3
666.33 33102 2.4699 -0.20333 2401.1 -0.019876 1.76 -0.010872 0.4064 461.67
671.71 32703 2.4695 -0.20135 2407.8 -0.033817 1.7634 -0.051606 0.37447 451.22
684.62 30568 2.4685 -0.19653 2461.8 -0.075667 1.7674 0.014378 0.30958 420.79
707.61 30458 2.4666 -0.18793 2440 0.10402 1.8149 0.12006 0.13123 315.4
727.12 39766 2.4647 -0.18099 2354.9 0.2797 1.8423 0.065348 0.031434 251.91
732.5 43368 2.4642 -0.17919 2336.6 0.24366 1.8402 0.007558 0 260
732.5 43368 2.4642 -0.17919 2336.6 0.24366 1.8402 0.007558 0 260
753.23 53240 2.4622 -0.17217 2282.3 0.16958 1.8405 -0.048921 0.22901 260
790.14 61067 2.4588 -0.15973 2248.3 0.016931 1.8393 -0.021132 0.97852 260
821.46 57925 2.4558 -0.14919 2254.5 -0.10192 1.8459 0.10171 1.3448 260
830.1 55671 2.455 -0.14629 2261.2 -0.13579 1.8515 0.11867 1.2308 260
850.83 46729 2.4532 -0.13931 2273.9 -0.22718 1.8538 0.16346 1.4739 266.97
887.74 29863 2.4465 -0.12905 2138.5 -0.13547 2.5277 0.17436 1.1877 180.73
919.06 30008 2.437 -0.1274 1998.7 0.17847 3.5431 0.11799 1.0505 22.02
927.7 34064 2.4348 -0.12897 2029.3 0.21824 3.653 0.10582 1.0524 0.0016532
948.43 42760 2.4296 -0.13238 1889.1 0.20258 3.788 0.095996 0.93306 0.00061628
985.34 51783 2.4213 -0.13892 1823.9 0.048119 3.8112 0.09174 0.6979 0.001081
1016.7 50541 2.4143 -0.14444 1803.3 -0.081511 3.8445 0.098289 0.63025 0.00075532
1025.3 49108 2.4125 -0.14604 1809.8 -0.12044 3.8446 0.09718 0.61421 0.00087005
1046 42715 2.408 -0.14981 1824.8 -0.19831 3.8651 0.097366 0.55768 0.00087149
1082.9 31861 2.4009 -0.15699 1701.6 -0.091277 4.0214 0.092624 0.45905 0.00049196
1114.3 32753 2.3965 -0.1634 1454.6 0.15129 4.2298 0.083818 0.44625 8.9346e-06
1122.9 35088 2.3956 -0.16508 1408.8 0.16284 4.263 0.072545 0.47898 1.9077e-06
1143.6 39211 2.3938 -0.16908 1334.3 0.11628 4.3109 0.054104 0.44007 0
1180.5 40631 2.391 -0.17603 1284.7 -0.06206 4.3484 0.064351 0.36095 0
1211.9 36187 2.3889 -0.18185 1251.2 -0.1342 4.4055 0.11278 0.31412 0
1220.5 34822 2.3884 -0.18344 1231.3 -0.11992 4.4312 0.11279 0.3619 0
1241.2 33037 2.3875 -0.18718 1147 -0.023619 4.5058 0.12365 0.22969 0
1278.1 34818 2.3865 -0.19315 952.56 0.0945 4.5981 0.11306 0.18249 0
1309.5 36347 2.3861 -0.19746 842.49 -0.046216 4.6395 0.070279 0.27354 0
1318.1 35630 2.386 -0.19859 827.78 -0.10411 4.6522 0.069022 0.34577 0
1338.8 32749 2.3859 -0.20119 793.48 -0.21768 4.6893 0.076786 0.19572 0
1375.7 26683 2.3859 -0.20522 619.97 -0.20987 4.7436 0.09188 0.070556 0
1407.1 23838 2.3861 -0.2077 404.98 -0.15056 4.8076 0.090228 0.14574 0
1415.7 23320 2.3861 -0.2082 378.49 -0.19373 4.8394 0.090118 0.2497 0
1436.4 21691 2.3863 -0.20928 320.51 -0.24871 4.9203 0.096952 0.072324 0
1473.3 19128 2.3867 -0.21085 257.61 -0.22168 4.9177 0.10214 -0.03372 0
1504.7 17601 2.3869 -0.21197 219.29 -0.21418 4.94 0.093758 0.10802 0
1513.3 17181 2.387 -0.21224 213.72 -0.2634 4.9939 0.093606 0.21404 0
1534 16042 2.3872 -0.21286 202.85 -0.268 5.0693 0.095349 -0.016667 0
1570.9 14110 2.3876 -0.21388 184.11 -0.28951 4.9457 0.074913 -0.066026 0
1602.3 12290 2.3877 -0.2147 179.12 -0.38473 4.9678 0.056004 0.10496 0
1610.9 11673 2.3878 -0.21491 179.34 -0.35889 5.0345 0.059507 0.18923 0
1631.6 10545 2.388 -0.21539 160.6 -0.33122 5.1624 0.044714 0.028159 0
1668.5 8168.7 2.3884 -0.21614 155.12 -0.51495 5.1822 0.025797 0.065621 0
1699.9 6048.5 2.3888 -0.21665 138.88 -0.30397 5.6611 0.058012 0.32213 0
1708.5 5820 2.3889 -0.21673 108.45 -0.079694 5.9767 0.059146 0.51197 0
