time (s) altitude (m) velocity (m/s) mass (kg)trajectory angle (rad) angle of attack (rad) heading angle (rad) latitude (rad)
0 90 30 29388 1.5691 0 -0.1664 -0.2123 2.3868
0.88214 117.79 33.002 29261 1.5684 -0.0025714 -0.078185 -0.2123 2.3868
2.4533 173.91 38.464 29035 1.564 -0.0067575 0.0039322 -0.2123 2.3868
3.7864 228.33 43.213 28843 1.5569 -0.0096638 0.024959 -0.2123 2.3868
4.1544 244.48 44.542 28790 1.5543 -0.010355 0.029987 -0.2123 2.3868
5.0365 285.18 47.763 28663 1.5472 -0.011856 0.037039 -0.2123 2.3868
6.6077 364.76 53.618 28437 1.5311 -0.013721 0.044454 -0.2123 2.3868
7.9407 439.53 58.708 28245 1.5139 -0.014407 0.048221 -0.2123 2.3868
8.3088 461.36 60.134 28192 1.5086 -0.014481 0.048981 -0.2123 2.3868
9.1909 515.8 63.588 28065 1.4951 -0.014473 0.050551 -0.2123 2.3868
10.762 620.2 69.879 27838 1.4679 -0.013665 0.052593 -0.2123 2.3868
12.095 716.35 75.366 27646 1.4422 -0.012191 0.05384 -0.2123 2.3868
12.463 744.12 76.907 27593 1.4347 -0.011705 0.054126 -0.2123 2.3868
13.786 848.41 82.543 27403 1.4065 -0.0096851 0.055013 -0.2123 2.3868
16.143 1051.3 92.963 27064 1.3526 -0.0041627 0.05618 -0.2123 2.3868
18.143 1240.7 102.21 26776 1.3059 0.0026709 0.056909 -0.2123 2.3868
18.695 1295.7 104.84 26697 1.2934 0.0047759 0.057081 -0.2123 2.3868
20.018 1432.6 111.25 26506 1.2642 0.01019 0.057456 -0.2123 2.3869
22.375 1693.7 123.12 26167 1.2171 0.019687 0.058021 -0.2123 2.3869
24.374 1932.8 133.62 25879 1.1833 0.026164 0.058428 -0.2123 2.3869
24.926 2001.7 136.58 25800 1.175 0.027558 0.058531 -0.2123 2.3869
26.25 2172.2 143.8 25609 1.1568 0.030622 0.058767 -0.2123 2.3869
28.606 2494.6 157.01 25270 1.1305 0.034056 0.059152 -0.2123 2.3869
30.606 2787.7 168.57 24983 1.1133 0.034864 0.05945 -0.21229 2.3869
31.158 2871.9 171.83 24903 1.1092 0.034898 0.059529 -0.21229 2.387
32.481 3079.7 179.73 24713 1.1006 0.034702 0.059712 -0.21229 2.387
34.838 3471.2 194.2 24374 1.0893 0.034523 0.060022 -0.21229 2.387
36.837 3826 206.86 24087 1.0843 0.034768 0.060272 -0.21229 2.387
37.389 3927.8 210.42 24007 1.0838 0.034801 0.060339 -0.21229 2.387
38.713 4178.9 219.06 23817 1.0839 0.034897 0.060497 -0.21229 2.3871
41.069 4652 234.84 23478 1.0889 0.034892 0.060772 -0.21229 2.3871
43.069 5081.2 248.62 23191 1.0981 0.034821 0.061 -0.21228 2.3871
43.621 5204.4 252.5 23111 1.1014 0.034851 0.061062 -0.21228 2.3871
44.944 5508.6 261.89 22921 1.1108 0.034904 0.061211 -0.21228 2.3872
47.301 6082.7 279.15 22582 1.1319 0.033621 0.061475 -0.21228 2.3872
49.301 6603.4 293.54 22295 1.15 0.030432 0.061699 -0.21228 2.3873
49.853 6752.4 297.2 22216 1.154 0.029207 0.061762 -0.21228 2.3873
51.176 7117.8 305.57 22026 1.1612 0.025651 0.06191 -0.21227 2.3873
53.533 7793.9 319.01 21687 1.1638 0.017141 0.062174 -0.21227 2.3873
55.532 8388.3 329.5 21399 1.1537 0.007797 0.062392 -0.21227 2.3874
56.084 8555.2 332.33 21320 1.1488 0.0049082 0.062451 -0.21227 2.3874
57.407 8959.1 339.16 21130 1.133 -0.0019415 0.06259 -0.21227 2.3874
59.764 9690 352.06 20791 1.0939 -0.012159 0.062825 -0.21226 2.3875
61.764 10319 364.13 20504 1.0528 -0.018462 0.063013 -0.21226 2.3875
62.316 10494 367.63 20425 1.0406 -0.019947 0.063063 -0.21226 2.3876
63.639 10915 376.36 20234 1.01 -0.02282 0.06318 -0.21226 2.3876
65.996 11668 393.15 19896 0.9529 -0.025801 0.063378 -0.21225 2.3877
67.995 12310 408.84 19608 0.90401 -0.026183 0.063538 -0.21225 2.3877
68.547 12487 413.41 19529 0.89075 -0.026023 0.063581 -0.21224 2.3878
69.871 12913 424.82 19339 0.85961 -0.025342 0.063682 -0.21224 2.3878
72.227 13672 446.73 19000 0.80685 -0.024196 0.063858 -0.21223 2.3879
74.227 14318 466.95 18713 0.76465 -0.024404 0.064002 -0.21223 2.388
74.779 14496 472.8 18633 0.75331 -0.024771 0.064042 -0.21223 2.3881
76.102 14925 487.3 18443 0.72653 -0.025931 0.064135 -0.21222 2.3881
78.459 15688 514.83 18104 0.67973 -0.030006 0.064299 -0.21221 2.3883
80.458 16334 539.96 17816 0.63994 -0.035744 0.064436 -0.2122 2.3884
81.01 16512 547.19 17737 0.62881 -0.037606 0.064474 -0.2122 2.3885
82.334 16936 565.09 17547 0.60184 -0.042687 0.064564 -0.2122 2.3886
84.69 17684 599.16 17208 0.5529 -0.052541 0.064723 -0.21218 2.3887
86.69 18308 630.59 16920 0.51154 -0.060126 0.064857 -0.21217 2.3889
87.242 18478 639.71 16840 0.50039 -0.061841 0.064894 -0.21217 2.389
88.565 18881 662.37 16650 0.47431 -0.065742 0.064983 -0.21216 2.3891
90.922 19584 705.48 16311 0.43058 -0.070648 0.065141 -0.21215 2.3893
92.922 20166 744.71 16023 0.39641 -0.072631 0.065277 -0.21213 2.3895
93.474 20325 755.96 15943 0.38744 -0.072966 0.065314 -0.21213 2.3896
94.797 20699 783.61 15753 0.36668 -0.073377 0.065404 -0.21212 2.3897
97.154 21351 835.21 15414 0.33191 -0.073292 0.065567 -0.2121 2.39
99.153 21887 881.19 15126 0.30407 -0.072532 0.065706 -0.21209 2.3903
99.705 22032 894.23 15046 0.29657 -0.072191 0.065745 -0.21208 2.3904
101.03 22374 926.02 14855 0.27883 -0.071077 0.065839 -0.21207 2.3905
103.39 22959 984.47 14516 0.24785 -0.067117 0.066008 -0.21205 2.3909
105.38 23429 1035.7 14228 0.22211 -0.06146 0.066154 -0.21203 2.3912
105.94 23554 1050.1 14148 0.21511 -0.059625 0.066195 -0.21202 2.3913
107.26 23844 1085 13958 0.19858 -0.054627 0.066293 -0.21201 2.3915
109.62 24326 1148.8 13618 0.17049 -0.045171 0.066472 -0.21198 2.3919
111.62 24699 1204.9 13330 0.14831 -0.038305 0.066626 -0.21195 2.3923
112.17 24796 1220.8 13250 0.14245 -0.03686 0.066669 -0.21195 2.3924
113.49 25018 1259.4 13059 0.12876 -0.033644 0.066774 -0.21193 2.3927
115.85 25374 1330.4 12720 0.10556 -0.029456 0.066963 -0.2119 2.3932
117.85 25635 1392.7 12431 0.087172 -0.025977 0.067128 -0.21187 2.3936
118.4 25701 1410.2 12352 0.082385 -0.024602 0.067174 -0.21186 2.3937
119.72 25846 1452.7 12161 0.07169 -0.020948 0.067285 -0.21184 2.394
122.08 26070 1529.7 11821 0.056617 -0.012273 0.067487 -0.21181 2.3946
124.08 26232 1596.6 11533 0.048303 -0.0028183 0.067663 -0.21177 2.3951
124.63 26274 1615.6 11453 0.046568 2.171e-05 0.067713 -0.21176 2.3952
