time (s) altitude (m) longitude (rad) latitude (rad) velocity (m/s) trajectory angle (rad) heading angle (rad) angle of attack (rad) bank angle (rad) fuel mass (kg) 
124.63 26274 2.3952 -0.21176 1615.6 0.046568 0.067713 2.171e-05 1.0961 1562
128.64 26529 2.3962 -0.21169 1625.9 0.032116 0.083356 0.013919 1.0777 1553.1
135.79 26781 2.3981 -0.21151 1646.9 0.01218 0.11682 0.018281 0.97501 1536.4
141.85 26837 2.3997 -0.2113 1666.6 -0.00046519 0.14424 0.022666 0.87802 1521.6
143.53 26832 2.4001 -0.21124 1672.5 -0.0027873 0.15242 0.024662 0.86014 1517.3
147.54 26797 2.4012 -0.21107 1687.4 -0.0070787 0.17202 0.02663 0.8191 1506.5
154.69 26691 2.4031 -0.21071 1716.7 -0.0092205 0.20892 0.03254 0.77745 1485.6
160.75 26609 2.4047 -0.21034 1744.5 -0.0055686 0.24444 0.038293 0.79635 1465.7
162.43 26595 2.4052 -0.21023 1752.6 -0.0039143 0.25524 0.040755 0.80322 1459.8
166.44 26588 2.4063 -0.20993 1773.1 0.0021155 0.28367 0.046585 0.83254 1444.8
173.59 26687 2.4082 -0.20932 1810.8 0.012907 0.34121 0.049017 0.94385 1416.5
179.65 26863 2.4099 -0.20869 1842.9 0.017809 0.39455 0.050307 1.029 1392.1
181.32 26919 2.4103 -0.20851 1851.9 0.018693 0.40981 0.050443 1.0454 1385.2
185.34 27063 2.4114 -0.20802 1873.3 0.019596 0.44619 0.048957 1.0742 1368.9
192.48 27324 2.4133 -0.20705 1911.5 0.018737 0.50852 0.045514 1.0818 1340.3
198.55 27536 2.4149 -0.20612 1943.8 0.01767 0.5579 0.043511 1.0476 1316.3
200.22 27593 2.4154 -0.20585 1952.7 0.017644 0.57101 0.043118 1.0461 1309.7
204.23 27731 2.4164 -0.20517 1974.1 0.017285 0.60176 0.041927 1.0372 1293.9
211.38 27973 2.4183 -0.20386 2012 0.016788 0.65406 0.040358 1.0176 1266.1
217.44 28177 2.4198 -0.20266 2043.9 0.016381 0.69634 0.039157 1.0139 1242.6
219.12 28233 2.4202 -0.20231 2052.7 0.016159 0.70774 0.038871 1.0104 1236.2
223.13 28365 2.4212 -0.20146 2073.7 0.015609 0.73428 0.037252 1.0011 1220.8
230.28 28590 2.4229 -0.19985 2110.8 0.014525 0.7789 0.035362 0.97767 1193.8
236.34 28772 2.4244 -0.19841 2141.4 0.0136 0.81499 0.03486 0.97922 1170.9
238.02 28820 2.4248 -0.198 2149.5 0.013251 0.82486 0.034748 0.97711 1164.6
242.03 28932 2.4257 -0.197 2168.3 0.012565 0.84819 0.034706 0.97231 1149.6
249.18 29119 2.4273 -0.19514 2200 0.011406 0.88832 0.03331 0.95455 1122.9
255.24 29265 2.4286 -0.19349 2225.2 0.010448 0.92066 0.032488 0.9391 1100.4
256.91 29304 2.429 -0.19302 2231.9 0.010224 0.92941 0.032311 0.93606 1094.2
260.93 29393 2.4298 -0.19189 2247.6 0.0096651 0.94998 0.031756 0.92635 1079.4
268.07 29543 2.4313 -0.18981 2274.1 0.008974 0.9853 0.030965 0.90098 1053.2
274.14 29665 2.4325 -0.18799 2295.2 0.0085576 1.0138 0.029489 0.88463 1031.1
275.81 29697 2.4328 -0.18748 2300.8 0.0083607 1.0214 0.02924 0.88396 1025
279.82 29771 2.4336 -0.18624 2313.9 0.0076783 1.0393 0.028616 0.88913 1010.5
286.97 29893 2.4349 -0.18398 2336.5 0.0070779 1.0729 0.033505 0.9168 984.51
293.03 29994 2.4359 -0.18201 2355.1 0.0071937 1.1031 0.032743 0.93004 962.12
294.71 30022 2.4362 -0.18146 2360 0.0069169 1.1111 0.032472 0.92858 956.02
298.72 30086 2.4368 -0.18012 2371.6 0.0065013 1.1304 0.032146 0.92545 941.35
305.87 30190 2.438 -0.1777 2390.8 0.0057125 1.1641 0.031771 0.92073 915.32
311.93 30269 2.4388 -0.1756 2405.7 0.0051383 1.1924 0.032021 0.91651 893.26
313.61 30289 2.4391 -0.17501 2409.6 0.0050339 1.2002 0.032372 0.91007 887.17
316.28 30321 2.4394 -0.17407 2415.6 0.005059 1.2126 0.032847 0.89747 877.42
321.05 30385 2.4401 -0.17238 2425.9 0.0061314 1.2346 0.033968 0.85489 859.98
325.09 30450 2.4406 -0.17092 2434.4 0.0070362 1.2518 0.026963 0.82562 845.38
326.2 30470 2.4407 -0.17052 2436.7 0.006827 1.2559 0.016287 0.82177 841.49
328.88 30507 2.441 -0.16955 2442.2 0.0045646 1.2638 0.016 0.81756 832.6
333.64 30544 2.4416 -0.16781 2452 0.0022687 1.28 0.027691 0.85155 816.32
337.69 30567 2.442 -0.16632 2460.4 0.002921 1.2979 0.035765 0.89243 801.69
338.8 30576 2.4421 -0.16591 2462.7 0.0032156 1.3032 0.035845 0.89902 797.58
341.48 30600 2.4424 -0.16491 2468.2 0.0038689 1.3162 0.036187 0.91413 787.72
346.24 30650 2.4428 -0.16313 2477.9 0.0046911 1.3397 0.036653 0.93819 770.13
350.28 30700 2.4432 -0.1616 2485.8 0.0052008 1.3599 0.036948 0.93993 755.21
351.4 30715 2.4433 -0.16117 2488 0.0053701 1.3654 0.027266 0.94239 751.09
354.08 30746 2.4435 -0.16015 2493.3 0.0039887 1.3765 0.027091 0.94642 741.71
358.84 30785 2.4438 -0.15832 2502.5 0.0029546 1.3984 0.03749 0.95872 724.55
362.88 30817 2.4441 -0.15676 2510.1 0.0036391 1.4195 0.037628 0.96214 709.5
364 30828 2.4441 -0.15633 2512.2 0.0036098 1.425 0.037301 0.95795 705.41
366.67 30854 2.4443 -0.15529 2517.1 0.0041065 1.4387 0.037792 0.9398 695.49
371.44 30905 2.4445 -0.15343 2525.8 0.00413 1.46 0.026645 0.87669 678.32
375.48 30943 2.4447 -0.15184 2533.3 0.0031996 1.4748 0.026832 0.83617 664.28
376.6 30951 2.4447 -0.1514 2535.3 0.0032936 1.4792 0.026978 0.83119 660.34
379.27 30974 2.4448 -0.15034 2540.1 0.0032928 1.4892 0.027127 0.82398 650.96
384.04 31014 2.445 -0.14845 2548.6 0.003449 1.507 0.027655 0.83054 634.23
388.08 31051 2.445 -0.14684 2555.7 0.0035051 1.5225 0.027892 0.84941 620.02
389.2 31060 2.4451 -0.1464 2557.6 0.0034704 1.5268 0.027953 0.85084 616.09
393.21 31096 2.4451 -0.14479 2564.6 0.003399 1.5423 0.028287 0.85702 601.98
400.36 31157 2.4452 -0.14193 2576.7 0.0032709 1.5702 0.028344 0.85939 576.84
406.42 31208 2.4451 -0.13948 2586.9 0.0031875 1.5938 0.028115 0.85398 555.54
408.09 31221 2.4451 -0.1388 2589.6 0.0031806 1.6002 0.027997 0.85462 549.67
412.11 31254 2.4451 -0.13718 2596.2 0.00313 1.6155 0.027868 0.85157 535.62
419.25 31312 2.4449 -0.13428 2607.7 0.0030611 1.6426 0.027468 0.84696 510.64
425.32 31359 2.4447 -0.13181 2617.2 0.0029092 1.6651 0.026653 0.84111 489.53
426.99 31372 2.4446 -0.13113 2619.8 0.0028296 1.6712 0.026147 0.83236 483.72
431 31402 2.4444 -0.1295 2626 0.0029029 1.6855 0.025694 0.7997 469.83
438.15 31457 2.4441 -0.12658 2636.9 0.0029031 1.7078 0.020394 0.71053 445.49
444.21 31502 2.4437 -0.12411 2646.1 0.0026358 1.7238 0.020082 0.66721 425.23
445.89 31513 2.4436 -0.12343 2648.5 0.0027943 1.7283 0.019026 0.66159 419.6
449.9 31543 2.4433 -0.12179 2654.5 0.002762 1.7384 0.019052 0.65313 406.24
457.05 31594 2.4428 -0.11886 2664.9 0.0026274 1.7559 0.017898 0.63284 382.53
463.11 31636 2.4423 -0.11638 2673.6 0.0025082 1.7694 0.016733 0.56102 362.56
464.79 31647 2.4422 -0.1157 2676 0.0026061 1.7727 0.012346 0.52957 357.07
467.46 31665 2.4419 -0.1146 2679.8 0.0025522 1.7776 0.016196 0.49616 348.37
472.23 31697 2.4415 -0.11265 2686.5 0.0025016 1.7851 0.011478 0.40779 332.97
476.27 31724 2.4412 -0.11099 2692.1 0.0024455 1.7901 0.017103 0.34148 320.01
477.38 31732 2.4411 -0.11053 2693.6 0.0032409 1.7917 0.022532 0.32071 316.29
480.06 31771 2.4408 -0.10943 2696.9 0.0084039 1.7959 0.040421 0.27453 306.86
484.82 31983 2.4403 -0.10748 2700.9 0.02601 1.8037 0.058044 0.1915 288.9
488.87 32372 2.4399 -0.10582 2701.6 0.045637 1.8089 0.070909 0.12272 273.5
489.98 32518 2.4398 -0.10536 2701.3 0.051687 1.81 0.074959 0.10446 269.3
492.66 32945 2.4396 -0.10427 2699.5 0.066366 1.8122 0.079877 0.085805 259.52
497.42 33951 2.4391 -0.10233 2694.9 0.089581 1.8153 0.08115 0.068357 243.82
501.46 35011 2.4387 -0.10069 2690.2 0.10472 1.8168 0.084061 0.020925 232.58
502.58 35330 2.4386 -0.10024 2688.7 0.10837 1.8168 0.068039 0 229.77
502.58 35330 2.4386 -0.10024 2688.7 0.10837 1.8168 0.068039 0 229.77
511.84 38347 2.4376 -0.096555 2622.1 0.13053 1.8371 0.055005 0.86721 229.77
528.33 43286 2.4356 -0.090249 2551 0.090869 1.9026 0.092658 1.5708 229.77
542.32 45613 2.4337 -0.085096 2500.4 0.045295 1.9484 0.14354 1.4287 229.77
546.18 46023 2.4332 -0.083706 2487.6 0.033868 1.9645 0.15649 1.5707 229.77
555.44 46421 2.4317 -0.080438 2457.9 0.00079051 2.0004 0.17441 1.5707 229.77
571.93 45255 2.4289 -0.074845 2410.1 -0.059336 2.0687 0.17451 1.5706 229.77
585.92 42412 2.4263 -0.070379 2363.7 -0.11146 2.1446 0.17442 1.5693 229.77
589.79 41333 2.4255 -0.069205 2347.4 -0.12604 2.1724 0.17445 1.5649 229.77
599.05 38303 2.4235 -0.066551 2292.5 -0.15332 2.2629 0.17452 1.4071 229.77
615.54 32570 2.4194 -0.062665 2129.4 -0.15087 2.5189 0.13114 1.2432 229.77
629.53 28905 2.4155 -0.060683 1921.5 -0.099054 2.8524 0.11866 1.2467 229.76
633.39 28265 2.4144 -0.060423 1852.9 -0.080475 2.9689 0.12042 1.2877 229.76
640.33 27456 2.4125 -0.060312 1719.1 -0.051339 3.1989 0.11875 1.2927 231.01
652.7 26781 2.4094 -0.061077 1631.6 -0.018279 3.5611 0.085921 1.2872 214.13
663.2 26577 2.4071 -0.062495 1728.1 -0.007113 3.8007 0.076283 1.2812 175.19
666.09 26545 2.4064 -0.062998 1742.1 -0.00036738 3.8756 0.075675 1.2859 164.86
673.04 26603 2.4051 -0.0644 1806.8 0.012507 4.0358 0.063567 1.2299 135.85
685.41 27475 2.4032 -0.067455 1932.8 0.067952 4.2515 0.047874 0.86273 83.416
695.9 29574 2.4019 -0.070423 2019.9 0.13679 4.3538 0.042984 0.6082 45.76
698.8 30438 2.4016 -0.071276 2037.4 0.14951 4.3722 0.042472 0.56504 37.364
705.74 32733 2.4009 -0.073359 2066.3 0.16977 4.402 0.035624 0.48662 21.58
718.11 37070 2.3998 -0.077146 2089.8 0.16232 4.4244 0.018989 0.43788 4.8837
728.6 40375 2.3988 -0.080388 2077.9 0.14093 4.4356 0.064145 0.42724 0.00080752
731.5 41205 2.3986 -0.081281 2064.2 0.13931 4.4404 0.069595 0.4212 0.45275
738.44 43104 2.398 -0.083406 2042.6 0.12705 4.4484 0.070993 0.40422 0.32686
750.81 45911 2.397 -0.08716 2013.3 0.095616 4.4579 0.073449 0.36099 0.27809
761.3 47587 2.3962 -0.090323 1995.4 0.063531 4.4633 0.077591 0.32615 0.22939
764.2 47928 2.3959 -0.091193 1991.3 0.054202 4.4646 0.076503 0.3199 0.21938
773.46 48641 2.3952 -0.093969 1980.7 0.023487 4.4683 0.084652 0.28742 0.17496
789.95 48553 2.394 -0.09889 1966.1 -0.027988 4.475 0.11972 0.24359 0.1687
803.94 47257 2.393 -0.10304 1955.8 -0.065295 4.4816 0.12586 0.21376 0.1499
807.8 46731 2.3928 -0.10419 1953.3 -0.074813 4.4835 0.12373 0.20855 0.14829
817.06 45198 2.3921 -0.10692 1946.7 -0.09434 4.4884 0.12645 0.19035 0.13173
833.55 41844 2.391 -0.11175 1927 -0.11128 4.4997 0.12744 0.16942 0.12573
847.55 38975 2.3902 -0.11581 1894.1 -0.098547 4.5133 0.12658 0.16028 0.11284
851.41 38290 2.39 -0.11692 1881.1 -0.089261 4.5179 0.12624 0.1593 0.10898
860.67 37004 2.3895 -0.11956 1843.3 -0.05822 4.5304 0.12403 0.16085 0.090155
877.16 36279 2.3887 -0.12413 1761.6 0.010786 4.5563 0.11982 0.17184 0.080514
891.15 37157 2.3881 -0.12786 1692.2 0.057893 4.5783 0.11748 0.18339 0.031963
895.01 37558 2.388 -0.12886 1675.1 0.065726 4.5838 0.11657 0.18563 0.0029544
904.27 38663 2.3877 -0.13123 1637.5 0.07664 4.5956 0.1172 0.18409 0.00070904
920.76 40681 2.3872 -0.13533 1583 0.070802 4.6118 0.1186 0.17126 3.2101e-06
934.75 41999 2.3869 -0.13873 1547.9 0.047576 4.6218 0.12057 0.15306 0
938.61 42259 2.3868 -0.13965 1539.6 0.039401 4.6241 0.12067 0.15107 1.4412e-05
947.87 42665 2.3866 -0.14185 1522.1 0.01761 4.6292 0.12227 0.13482 1.426e-05
964.36 42590 2.3863 -0.14572 1497 -0.023799 4.637 0.12422 0.11548 1.3863e-05
978.36 41752 2.3861 -0.14895 1479.3 -0.055856 4.6434 0.1255 0.10169 1.3674e-05
982.22 41411 2.386 -0.14984 1474.6 -0.06337 4.6452 0.1258 0.10155 1.364e-05
991.48 40445 2.3859 -0.15195 1462.7 -0.077774 4.6498 0.12613 0.090753 1.3582e-05
1008 38443 2.3857 -0.15566 1436.2 -0.085761 4.6587 0.12583 0.081372 1.3408e-05
1022 36854 2.3855 -0.15875 1404.2 -0.070317 4.6677 0.12488 0.076454 1.3302e-05
1025.8 36497 2.3855 -0.15959 1393.3 -0.062208 4.6704 0.12445 0.076776 1.3283e-05
1035.1 35852 2.3854 -0.16158 1364 -0.037886 4.6772 0.12336 0.073307 1.3236e-05
1051.6 35557 2.3853 -0.16501 1303.5 0.011396 4.6895 0.12126 0.070444 1.3077e-05
1065.6 36072 2.3853 -0.1678 1249.6 0.043316 4.6991 0.11993 0.067991 1.2967e-05
1069.4 36291 2.3852 -0.16855 1235.2 0.048502 4.7015 0.11946 0.070856 1.2948e-05
1078.7 36880 2.3852 -0.1703 1202.1 0.05427 4.7069 0.11909 0.06464 1.2893e-05
1095.2 37857 2.3852 -0.17332 1149.2 0.042245 4.7146 0.11873 0.058149 1.2708e-05
1109.2 38326 2.3852 -0.17579 1111.2 0.014874 4.7199 0.11928 0.052076 1.2579e-05
1113 38370 2.3852 -0.17646 1101.7 0.0056641 4.7212 0.11949 0.057371 1.2556e-05
1122.3 38309 2.3853 -0.17803 1080.3 -0.018012 4.7244 0.12069 0.047167 1.2492e-05
1138.8 37624 2.3853 -0.18076 1045.3 -0.059698 4.7296 0.12219 0.041569 1.2275e-05
1152.8 36551 2.3853 -0.18301 1015.3 -0.087608 4.7341 0.12222 0.03598 1.2123e-05
1156.6 36198 2.3854 -0.18361 1006.4 -0.093174 4.7353 0.12231 0.043904 1.2097e-05
1165.9 35297 2.3854 -0.18504 982.82 -0.10115 4.7386 0.12418 0.030908 1.2023e-05
1182.4 33731 2.3855 -0.18749 928.26 -0.093844 4.7441 0.12685 0.027045 1.1775e-05
1196.4 32656 2.3855 -0.18945 868.2 -0.076395 4.749 0.11822 0.023817 1.1602e-05
1200.2 32411 2.3856 -0.18997 850.02 -0.073231 4.7502 0.11187 0.030445 1.1572e-05
1209.5 31860 2.3856 -0.19116 805.57 -0.07235 4.7531 0.10146 0.018452 1.1489e-05
1226 30839 2.3857 -0.19312 726.72 -0.094226 4.7568 0.088272 0.016828 1.1211e-05
1240 29772 2.3858 -0.19463 660.77 -0.12808 4.7601 0.09058 0.014431 1.102e-05
1243.8 29438 2.3858 -0.19502 641.92 -0.13699 4.7609 0.094261 0.02129 1.0986e-05
1253.1 28608 2.3858 -0.1959 593.11 -0.15313 4.7632 0.11008 0.0092658 1.0895e-05
1269.6 27166 2.3859 -0.19729 499.43 -0.16602 4.7659 0.14167 0.0060144 1.0589e-05
1283.6 26084 2.386 -0.19828 425.38 -0.17138 4.7682 0.15248 0.0034283 1.0379e-05
1287.4 25807 2.386 -0.19853 407.61 -0.17361 4.7686 0.15531 0.020238 1.0343e-05
1296.7 25182 2.386 -0.19908 368.49 -0.17535 4.7711 0.16241 0.0013734 1.0243e-05
1313.2 24233 2.3861 -0.19994 312.36 -0.16337 4.772 0.17417 0.001185 9.9124e-06
1327.2 23584 2.3861 -0.20058 278.1 -0.15555 4.7725 0.17352 -0.0059131 9.6855e-06
1331 23419 2.3861 -0.20074 270.87 -0.16038 4.7715 0.17271 0.014168 9.6463e-06
1340.3 23012 2.3861 -0.20112 256.51 -0.17782 4.7738 0.17126 -9.828e-05 9.5394e-06
1356.8 22184 2.3862 -0.20174 241.08 -0.23501 4.7737 0.15945 -0.0013091 9.184e-06
1370.8 21318 2.3862 -0.20224 236.71 -0.28954 4.7737 0.14604 -0.0051707 8.9409e-06
1374.6 21051 2.3862 -0.20238 236.52 -0.29983 4.7729 0.14327 0.0092626 8.8988e-06
1383.9 20392 2.3862 -0.2027 235.81 -0.30982 4.7748 0.13643 -0.00066653 8.7847e-06
1400.4 19231 2.3863 -0.20328 232.37 -0.29515 4.7745 0.12238 -0.0021295 8.4055e-06
1414.4 18336 2.3863 -0.20376 225.91 -0.26906 4.7745 0.11402 -0.0019341 8.1463e-06
1418.3 18108 2.3863 -0.20389 223.48 -0.26083 4.7743 0.1124 0.022017 8.1015e-06
1427.5 17603 2.3863 -0.2042 216.53 -0.24186 4.7769 0.11004 -0.0067513 7.98e-06
1444 16804 2.3864 -0.20473 202.96 -0.22871 4.7725 0.10511 -0.0014242 7.5765e-06
1458 16165 2.3864 -0.20515 193.2 -0.24205 4.7739 0.10272 -0.0036615 7.3009e-06
1461.9 15984 2.3864 -0.20526 190.99 -0.2459 4.7726 0.10236 0.018084 7.2532e-06
1471.1 15552 2.3864 -0.20552 185.99 -0.25401 4.7766 0.10114 -0.0013192 7.124e-06
1487.6 14781 2.3864 -0.20598 178.23 -0.2652 4.7714 0.097583 -0.008188 6.6949e-06
1501.6 14130 2.3865 -0.20635 172.25 -0.27135 4.7702 0.094817 0.004487 6.4017e-06
1505.5 13952 2.3865 -0.20645 170.59 -0.27175 4.7721 0.093863 0.021963 6.351e-06
1514.7 13532 2.3865 -0.20668 166.63 -0.27415 4.7779 0.091961 -0.00093057 6.2134e-06
1531.2 12796 2.3865 -0.20709 159.76 -0.27963 4.769 0.088583 -0.012587 5.7562e-06
1545.2 12184 2.3865 -0.20742 154.28 -0.28575 4.7684 0.085871 0.015061 5.4436e-06
1549.1 12016 2.3865 -0.20751 152.82 -0.28728 4.7741 0.08546 0.035122 5.3895e-06
1558.3 11619 2.3865 -0.20771 149.24 -0.28894 4.7807 0.083961 -0.0078242 5.2425e-06
1574.8 10927 2.3866 -0.20808 142.92 -0.2942 4.767 0.08128 -0.0088964 4.754e-06
1588.8 10351 2.3866 -0.20837 138.12 -0.30176 4.7692 0.080494 0.0092322 4.4197e-06
1592.7 10193 2.3866 -0.20845 136.97 -0.30349 4.7722 0.080246 0.03008 4.3618e-06
1601.9 9815.2 2.3866 -0.20864 134.23 -0.30684 4.7825 0.07955 0.00048853 4.2044e-06
1618.4 9154 2.3866 -0.20896 129.52 -0.31104 4.7673 0.078323 -0.018592 3.6809e-06
1632.4 8604.3 2.3866 -0.20923 125.69 -0.3154 4.7626 0.077063 0.017042 3.3225e-06
1636.3 8453.9 2.3866 -0.2093 124.7 -0.3171 4.771 0.076841 0.032896 3.2605e-06
1645.5 8096.8 2.3866 -0.20947 122.28 -0.31788 4.7823 0.076821 -0.0015331 3.092e-06
1662 7476.8 2.3867 -0.20976 117.9 -0.32001 4.7627 0.075698 -0.018741 2.532e-06
1676 6958.4 2.3867 -0.21 114.81 -0.33087 4.7626 0.073446 0.027162 2.1497e-06
1679.9 6813.6 2.3867 -0.21007 114.2 -0.33476 4.7756 0.073779 0.048378 2.0839e-06
1686.8 6556.1 2.3867 -0.21019 112.82 -0.33136 4.7886 0.07421 -0.0025526 1.9068e-06
1699.2 6102.6 2.3867 -0.21039 110.43 -0.34428 4.7654 0.066767 -0.028496 1.3229e-06
1709.7 5690.9 2.3867 -0.21056 110.25 -0.39144 4.7596 0.056484 0.026666 9.3213e-07
1712.6 5565.8 2.3867 -0.2106 110.71 -0.40511 4.7697 0.052342 0.038079 8.6732e-07
1719.5 5245.9 2.3867 -0.21071 112.65 -0.45634 4.7818 0.038941 0.0037277 7.0634e-07
1731.9 4516.4 2.3867 -0.21091 126.58 -0.57174 4.7693 0.018903 -0.024744 2.1091e-07
1742.4 3744.2 2.3867 -0.2111 139.23 -0.57591 4.7655 0.019683 0.020272 0
1745.3 3526.5 2.3867 -0.21115 138.58 -0.53569 4.7735 0.019408 0.027026 0
1752.2 3061 2.3868 -0.21128 136.72 -0.4871 4.7808 0.016921 -0.0011853 0
1764.6 2306.5 2.3868 -0.21151 131.76 -0.46483 4.771 0.013477 -0.014146 1.7139e-07
1775.1 1697.3 2.3868 -0.2117 127.85 -0.46102 4.771 0.015134 0.016389 3.6692e-07
1778 1533.9 2.3868 -0.21176 126.35 -0.44826 4.7767 0.016472 0.02465 3.3999e-07
1784.9 1162.1 2.3868 -0.21188 122.92 -0.44648 4.7882 0.01301 0.0036286 4.5818e-07
1797.3 511.78 2.3868 -0.21209 117.94 -0.43965 4.7608 0.018641 -0.031496 0
1807.8 78.557 2.3868 -0.21226 102.04 -0.27194 4.8052 0.048777 0.13376 0
1810.7 16.394 2.3868 -0.2123 92.677 -0.18938 4.8697 0.053574 0.25384 0
