time (s) altitude (m) velocity (m/s) mass (kg) dynamic pressure (Pa)trajectory angle (rad) Lift (N)Drag (N)heading angle (rad) latitude (rad) angle of attack (rad) 
502.58 35330 2688.7 3300 28203 0.10837 30304 10195 1.8168 -0.10024 0.26244
503.59 35626 2697.2 3285.1 27107 0.11047 30136 10267 1.8169 -0.099828 0.26866
505.38 36171 2712.4 3258.5 25204 0.11423 29835 10399 1.8169 -0.099097 0.2806
506.91 36650 2725.3 3235.9 23643 0.11743 29524 10560 1.8169 -0.098475 0.29089
507.33 36785 2728.8 3229.7 23221 0.11831 29365 10564 1.8169 -0.098302 0.29339
508.34 37113 2737.3 3214.8 22226 0.12043 29141 10653 1.817 -0.097888 0.30075
510.13 37714 2752.5 3188.2 20515 0.12419 28465 10654 1.817 -0.097148 0.31285
511.66 38241 2765.6 3165.6 19130 0.12722 26619 9973.9 1.817 -0.096517 0.31346
512.08 38389 2769.3 3159.4 18760 0.12798 26141 9800.2 1.817 -0.096342 0.31377
513.4 38864 2781.2 3139.8 17626 0.13027 24578 9216 1.8171 -0.095789 0.31392
516.03 39831 2805.9 3100.9 15540 0.13415 21668 8123.5 1.8171 -0.094689 0.31389
518.94 40944 2834.7 3057.8 13474 0.13748 18674 6982.7 1.8172 -0.093458 0.31255
521.03 41764 2856.4 3026.9 12148 0.13929 16726 6236.5 1.8172 -0.092569 0.31109
521.57 41979 2862.1 3018.8 11823 0.13969 16272 6066.2 1.8173 -0.092337 0.311
523.59 42789 2884 2989 10688 0.14095 14655 5454 1.8173 -0.091469 0.31018
527.18 44263 2924.6 2935.8 8920.1 0.14242 12217 4543.4 1.8174 -0.089908 0.30991
530.23 45539 2960.5 2890.7 7649.4 0.14306 10590 3953.5 1.8175 -0.088567 0.31222
531.07 45895 2970.7 2878.3 7331.8 0.14317 10149 3788.5 1.8175 -0.088194 0.31221
533.08 46753 2995.4 2848.4 6623.9 0.14329 9192.3 3433.5 1.8175 -0.087294 0.31274
536.67 48300 3040.7 2795.2 5600.4 0.14316 7797.8 2913.3 1.8176 -0.085674 0.31344
539.72 49629 3080.5 2750.1 4860.4 0.14276 6748.5 2515.5 1.8177 -0.08428 0.31278
540.56 49998 3091.7 2737.7 4673 0.1426 6473.7 2410 1.8177 -0.083892 0.31228
542.58 50887 3119 2707.8 4251.2 0.14217 5887.7 2189.9 1.8177 -0.082956 0.31219
546.17 52482 3168.8 2654.7 3638.4 0.14125 5035.4 1868.4 1.8178 -0.081269 0.31196
549.22 53846 3212.3 2609.6 3180.8 0.14034 4357.1 1606.4 1.8179 -0.079816 0.30967
550.06 54224 3224.5 2597.1 3063.2 0.14006 4154.9 1524.4 1.8179 -0.079411 0.30752
552.07 55134 3254.2 2567.3 2796.1 0.13935 3757.3 1370.8 1.8179 -0.078436 0.30548
555.67 56762 3308.5 2514.1 2368.9 0.13795 3090.8 1109.4 1.818 -0.076675 0.29922
558.71 58152 3356 2469 2051.1 0.13664 2611.1 923.87 1.8181 -0.075158 0.29413
559.55 58537 3369.4 2456.5 1970 0.13626 2481.7 872.85 1.8181 -0.074735 0.29201
561.57 59461 3401.8 2426.7 1786.8 0.13532 2211.9 769.61 1.8181 -0.073716 0.2885
565.16 61113 3460.9 2373.5 1496.5 0.13356 1774.6 602.24 1.8182 -0.071875 0.2802
568.21 62519 3512.6 2328.4 1283 0.13203 1515.4 514.24 1.8183 -0.070288 0.27949
569.05 62908 3527 2316 1228.9 0.13163 1451.4 492.8 1.8183 -0.069846 0.27949
571.07 63843 3562.1 2286.1 1107.1 0.13067 1299.6 440.86 1.8183 -0.068778 0.27835
574.66 65514 3626.1 2232.9 915.58 0.12896 1017.9 339.48 1.8184 -0.06685 0.26802
577.7 66937 3682.1 2187.8 776.18 0.12742 807.19 262.91 1.8184 -0.065187 0.25608
578.54 67331 3697.8 2175.4 741.11 0.12697 757.8 245.28 1.8185 -0.064724 0.25319
580.56 68276 3735.9 2145.5 662.55 0.12594 680.44 221.12 1.8185 -0.063604 0.25395
584.15 69965 3805.5 2092.4 540.35 0.12406 483.57 150.77 1.8186 -0.061582 0.23106
587.2 71399 3866.8 2047.3 452.12 0.12195 279.11 81.072 1.8186 -0.059836 0.17894
588.04 71795 3884.1 2034.8 429.8 0.1212 237.76 68.859 1.8186 -0.059349 0.16556
590.06 72739 3926.3 2004.9 380.59 0.1192 150.94 45.267 1.8187 -0.058173 0.13052
593.65 74402 4003.8 1951.8 306.58 0.11478 52.913 23.759 1.8187 -0.056046 0.067823
596.69 75784 4071.8 1906.7 255.68 0.11015 8.0786 17.022 1.8188 -0.054208 0.01469
597.54 76159 4090.9 1894.2 243.32 0.10873 1.4816e-15 15.886 1.8188 -0.053695 0
597.54 76159 4090.9 1894.2 243.32 0.10873 1.4816e-15 15.886 1.8188 -0.053695 0
598.54 76603 4089.8 1894.2 226.75 0.10701 4.36e-16 14.798 1.8188 -0.053083 0
599.54 77036 4088.9 1894.2 211.61 0.10528 1.2885e-15 13.804 1.8188 -0.052472 0
600.54 77462 4087.9 1894.2 197.64 0.10355 1.2034e-15 12.888 1.8188 -0.051861 0
601.54 77881 4086.9 1894.2 184.76 0.10182 -8.2893e-16 12.044 1.8188 -0.051249 0
602.54 78293 4086 1894.2 172.87 0.10009 1.0526e-15 11.264 1.8189 -0.050638 0
603.54 78697 4085.1 1894.2 161.88 0.098357 3.1127e-16 10.544 1.8189 -0.050027 0
604.54 79095 4084.2 1894.2 151.73 0.096626 -4.8626e-17 9.8796 1.8189 -0.049416 0
605.54 79485 4083.3 1894.2 142.35 0.094893 1.7335e-15 9.2651 1.8189 -0.048805 0
606.54 79869 4082.4 1894.2 133.67 0.09316 -4.2837e-17 8.697 1.8189 -0.048195 0
607.54 80245 4081.6 1894.2 125.64 0.091426 7.4485e-16 8.1713 1.8189 -0.047584 0
608.54 80614 4080.7 1894.2 118.2 0.089692 1.1932e-15 7.6847 1.8189 -0.046973 0
609.54 80976 4079.9 1894.2 111.3 0.087957 -3.5669e-17 7.234 1.8189 -0.046362 0
610.54 81331 4079.1 1894.2 104.91 0.086221 6.22e-16 6.8164 1.819 -0.045752 0
611.54 81679 4078.3 1894.2 98.989 0.084485 7.9307e-16 6.4292 1.819 -0.045141 0
612.54 82019 4077.5 1894.2 93.49 0.082748 5.5427e-16 6.07 1.819 -0.044531 0
613.54 82353 4076.8 1894.2 88.386 0.08101 -2.1244e-16 5.7367 1.819 -0.043921 0
614.54 82679 4076.1 1894.2 83.644 0.079272 2.1444e-16 5.4272 1.819 -0.04331 0
615.54 82998 4075.3 1894.2 79.238 0.077533 8.8877e-17 5.1396 1.819 -0.0427 0
616.54 83310 4074.6 1894.2 75.142 0.075794 5.5385e-16 4.8724 1.819 -0.04209 0
617.54 83615 4074 1894.2 71.331 0.074054 7.7723e-16 4.6239 1.819 -0.041479 0
618.54 83913 4073.3 1894.2 67.786 0.072314 3.2585e-17 4.3927 1.819 -0.040869 0
619.54 84204 4072.6 1894.2 64.485 0.070573 6.3547e-16 4.1776 1.8191 -0.040259 0
620.54 84487 4072 1894.2 61.411 0.068832 -2.2632e-16 3.9772 1.8191 -0.039649 0
621.54 84764 4071.4 1894.2 58.549 0.06709 2.8145e-17 3.7908 1.8191 -0.039039 0
622.54 85033 4070.8 1763.3 0 0.065348 -0 0 1.8191 -0.038429 0
623.54 85296 4070.2 1763.3 0 0.063605 0 0 1.8191 -0.03782 0
624.54 85551 4069.6 1763.3 0 0.061862 0 0 1.8191 -0.03721 0
625.54 85799 4069.1 1763.3 0 0.060119 0 0 1.8191 -0.0366 0
626.54 86040 4068.6 1763.3 0 0.058375 -0 0 1.8191 -0.03599 0
627.54 86274 4068 1763.3 0 0.05663 0 0 1.8191 -0.03538 0
628.54 86500 4067.5 1763.3 0 0.054885 -0 0 1.8191 -0.034771 0
629.54 86720 4067.1 1763.3 0 0.05314 0 0 1.8191 -0.034161 0
630.54 86932 4066.6 1763.3 0 0.051395 -0 0 1.8191 -0.033552 0
631.54 87138 4066.1 1763.3 0 0.049649 -0 0 1.8191 -0.032942 0
632.54 87336 4065.7 1763.3 0 0.047902 0 0 1.8192 -0.032332 0
633.54 87527 4065.3 1763.3 0 0.046156 -0 0 1.8192 -0.031723 0
634.54 87711 4064.9 1763.3 0 0.044409 0 0 1.8192 -0.031113 0
635.54 87888 4064.5 1763.3 0 0.042662 0 0 1.8192 -0.030504 0
636.54 88058 4064.2 1763.3 0 0.040914 -0 0 1.8192 -0.029895 0
637.54 88220 4063.8 1763.3 0 0.039167 0 0 1.8192 -0.029285 0
638.54 88376 4063.5 1763.3 0 0.037419 0 0 1.8192 -0.028676 0
639.54 88524 4063.2 1763.3 0 0.03567 0 0 1.8192 -0.028067 0
640.54 88666 4062.9 1763.3 0 0.033922 -0 0 1.8192 -0.027457 0
641.54 88800 4062.6 1763.3 0 0.032173 0 0 1.8192 -0.026848 0
642.54 88927 4062.3 1763.3 0 0.030424 0 0 1.8192 -0.026239 0
643.54 89047 4062.1 1763.3 0 0.028675 0 0 1.8192 -0.025629 0
644.54 89160 4061.8 1763.3 0 0.026925 0 0 1.8192 -0.02502 0
645.54 89266 4061.6 1763.3 0 0.025176 0 0 1.8192 -0.024411 0
646.54 89365 4061.4 1763.3 0 0.023426 -0 0 1.8192 -0.023802 0
647.54 89456 4061.2 1763.3 0 0.021676 0 0 1.8192 -0.023193 0
648.54 89541 4061.1 1763.3 0 0.019926 -0 0 1.8192 -0.022583 0
649.54 89618 4060.9 1763.3 0 0.018176 0 0 1.8192 -0.021974 0
650.54 89688 4060.8 1763.3 0 0.016426 0 0 1.8192 -0.021365 0
651.54 89751 4060.7 1763.3 0 0.014676 0 0 1.8192 -0.020756 0
652.54 89807 4060.6 1763.3 0 0.012925 0 0 1.8192 -0.020147 0
653.54 89856 4060.5 1763.3 0 0.011175 -0 0 1.8192 -0.019538 0
654.54 89898 4060.4 1763.3 0 0.0094245 0 0 1.8192 -0.018928 0
655.54 89933 4060.4 1763.3 0 0.0076739 -0 0 1.8192 -0.018319 0
656.54 89960 4060.4 1763.3 0 0.0059233 0 0 1.8192 -0.01771 0
657.54 89981 4060.4 1763.3 0 0.0041727 -0 0 1.8192 -0.017101 0
658.54 89994 4060.4 1763.3 0 0.0024221 0 0 1.8192 -0.016492 0
659.54 90001 4060.4 1763.3 0 0.00067147 0 0 1.8192 -0.015883 0
660.54 90000 4060.4 1763.3 0 0 0 0 1.8192 -0.015274 0
