time (s) altitude (m) longitude (rad) latitude (rad) velocity (m/s) trajectory angle (rad) heading angle (rad) angle of attack (rad) bank angle (rad) fuel mass (kg) Third Stage (flag)
124.63 26586 2.3944 -0.20896 1613.1 0.051064 0.42444 0.00044729 0.86374 1562 1
129.01 26901 2.3955 -0.20849 1623.3 0.038385 0.43834 0.013244 0.8292 1552.8 1
138.17 27334 2.3976 -0.20746 1648 0.020731 0.47089 0.018717 0.68878 1533 1
149.63 27587 2.4003 -0.20607 1682 0.0078372 0.50551 0.024119 0.53181 1507.2 1
160.3 27712 2.4028 -0.20465 1718.1 0.0076444 0.53881 0.031861 0.53267 1480.4 1
167.34 27814 2.4045 -0.20366 1743.7 0.0081048 0.56352 0.026403 0.65077 1461.5 1
169.11 27837 2.4049 -0.2034 1750.5 0.0066718 0.56995 0.034847 0.66553 1456.7 1
169.95 27847 2.4051 -0.20327 1753.7 0.0068612 0.57355 0.035517 0.66955 1454.3 1
171.78 27870 2.4055 -0.203 1761 0.0074944 0.58179 0.038225 0.68754 1449 1
174.34 27907 2.4061 -0.20261 1771.3 0.0089246 0.59424 0.042238 0.71756 1441.3 1
177.22 27958 2.4068 -0.20215 1783.2 0.011005 0.60959 0.045224 0.75448 1432.3 1
180 28018 2.4074 -0.2017 1794.7 0.0129 0.62523 0.045843 0.78898 1423.6 1
182.24 28072 2.408 -0.20133 1804 0.014114 0.63823 0.04614 0.81444 1416.6 1
183.61 28108 2.4083 -0.2011 1809.6 0.014748 0.64631 0.046345 0.82517 1412.2 1
183.94 28117 2.4084 -0.20104 1811 0.014893 0.64829 0.046381 0.82663 1411.2 1
184.77 28140 2.4085 -0.2009 1814.5 0.015248 0.65325 0.046435 0.83078 1408.6 1
186.61 28192 2.409 -0.20058 1822.1 0.015938 0.66426 0.046733 0.84725 1402.7 1
189.17 28268 2.4096 -0.20013 1832.8 0.016649 0.67985 0.047294 0.8712 1394.6 1
192.05 28358 2.4102 -0.1996 1845 0.017119 0.6978 0.047897 0.89586 1385.5 1
194.83 28446 2.4108 -0.19908 1856.7 0.017255 0.71529 0.047967 0.91215 1376.7 1
197.07 28518 2.4113 -0.19865 1866.2 0.017155 0.72937 0.047495 0.91916 1369.6 1
198.43 28562 2.4116 -0.19838 1872 0.017011 0.73789 0.047142 0.92052 1365.2 1
198.77 28572 2.4117 -0.19831 1873.4 0.016971 0.73996 0.047093 0.92075 1364.2 1
199.6 28599 2.4119 -0.19815 1876.9 0.016859 0.74512 0.046881 0.92106 1361.5 1
201.44 28656 2.4123 -0.19778 1884.7 0.016543 0.75635 0.045974 0.92016 1355.8 1
204 28735 2.4128 -0.19726 1895.5 0.015972 0.7716 0.044904 0.91386 1347.8 1
206.88 28821 2.4135 -0.19666 1907.7 0.01531 0.78833 0.044116 0.90086 1338.8 1
209.65 28901 2.4141 -0.19606 1919.5 0.014767 0.80396 0.043491 0.88556 1330.2 1
211.89 28963 2.4145 -0.19558 1929.1 0.014407 0.81626 0.042932 0.87384 1323.3 1
213.26 29001 2.4148 -0.19527 1934.9 0.014209 0.82362 0.042684 0.86893 1319 1
213.59 29010 2.4149 -0.1952 1936.3 0.014162 0.82541 0.042648 0.86835 1318 1
214.43 29033 2.4151 -0.19501 1939.9 0.014045 0.82986 0.042493 0.86645 1315.4 1
216.27 29083 2.4154 -0.1946 1947.7 0.013789 0.83954 0.041889 0.85729 1309.8 1
218.82 29151 2.416 -0.19402 1958.6 0.013482 0.85264 0.041137 0.84114 1301.9 1
221.71 29227 2.4166 -0.19334 1971 0.013241 0.86692 0.040304 0.82146 1293.1 1
224.48 29299 2.4171 -0.19269 1982.8 0.013099 0.88016 0.039482 0.80416 1284.6 1
226.72 29357 2.4176 -0.19215 1992.4 0.013018 0.89052 0.038869 0.79263 1277.8 1
228.09 29392 2.4178 -0.19182 1998.3 0.012976 0.89673 0.038652 0.78826 1273.7 1
228.42 29401 2.4179 -0.19174 1999.7 0.012967 0.89823 0.038617 0.78772 1272.7 1
229.26 29423 2.4181 -0.19153 2003.2 0.012941 0.90198 0.038467 0.78606 1270.1 1
231.1 29470 2.4184 -0.19108 2011.1 0.012875 0.91014 0.037968 0.77846 1264.6 1
233.65 29536 2.4189 -0.19044 2022 0.012794 0.9212 0.03741 0.76584 1256.8 1
236.54 29611 2.4195 -0.18971 2034.4 0.012754 0.93333 0.036926 0.75143 1248.1 1
239.31 29683 2.42 -0.18899 2046.2 0.012777 0.94466 0.036615 0.73955 1239.8 1
241.55 29742 2.4204 -0.18841 2055.8 0.012828 0.95362 0.036339 0.73189 1233.1 1
242.92 29778 2.4207 -0.18805 2061.6 0.012859 0.95901 0.036177 0.72898 1228.9 1
243.25 29787 2.4208 -0.18796 2063 0.012866 0.96032 0.036141 0.72857 1227.9 1
244.08 29809 2.4209 -0.18774 2066.5 0.012879 0.96358 0.035984 0.72737 1225.4 1
245.92 29858 2.4213 -0.18725 2074.4 0.012851 0.97064 0.034935 0.72221 1219.9 1
248.48 29926 2.4217 -0.18657 2085.2 0.012609 0.9801 0.033463 0.71369 1212.4 1
251.36 30001 2.4223 -0.18578 2097.5 0.012224 0.99041 0.033098 0.70406 1203.8 1
254.14 30071 2.4228 -0.18502 2109.2 0.011891 1.0001 0.032894 0.69611 1195.7 1
256.38 30127 2.4232 -0.18439 2118.6 0.011624 1.0078 0.032736 0.69086 1189 1
257.75 30161 2.4234 -0.18401 2124.3 0.011469 1.0125 0.032704 0.68881 1185 1
258.08 30169 2.4235 -0.18391 2125.6 0.01143 1.0136 0.03269 0.68853 1184 1
258.91 30189 2.4236 -0.18368 2129.1 0.011332 1.0164 0.032621 0.68763 1181.6 1
260.75 30233 2.424 -0.18316 2136.6 0.011112 1.0226 0.032461 0.6834 1176.2 1
263.31 30293 2.4244 -0.18243 2146.8 0.010822 1.031 0.032364 0.67556 1168.7 1
266.19 30359 2.4249 -0.18159 2158.2 0.010549 1.0403 0.032309 0.66552 1160.2 1
268.97 30422 2.4254 -0.18078 2168.8 0.010346 1.0491 0.03224 0.65604 1152 1
271.21 30472 2.4258 -0.18012 2177.2 0.010205 1.0561 0.032022 0.64919 1145.5 1
272.57 30502 2.426 -0.17971 2182.3 0.010114 1.0603 0.031892 0.64626 1141.5 1
272.91 30509 2.4261 -0.17962 2183.5 0.010091 1.0613 0.031866 0.64584 1140.5 1
273.74 30528 2.4262 -0.17937 2186.6 0.010031 1.0638 0.031725 0.64449 1138.1 1
275.58 30568 2.4265 -0.17882 2193.2 0.0098694 1.0693 0.031263 0.63853 1132.7 1
278.14 30623 2.4269 -0.17804 2202.4 0.0096 1.0768 0.030685 0.62776 1125.3 1
281.02 30683 2.4274 -0.17717 2212.5 0.0092447 1.0849 0.02997 0.6146 1116.9 1
283.79 30738 2.4279 -0.17632 2222 0.0088546 1.0924 0.029463 0.60311 1108.9 1
286.03 30782 2.4282 -0.17562 2229.6 0.0085317 1.0984 0.029259 0.5956 1102.4 1
287.4 30807 2.4285 -0.1752 2234.2 0.0083388 1.1019 0.029258 0.59274 1098.5 1
287.73 30814 2.4285 -0.17509 2235.3 0.0082935 1.1028 0.029258 0.59238 1097.5 1
288.57 30829 2.4286 -0.17483 2238 0.0081785 1.105 0.029222 0.59118 1095.1 1
290.41 30862 2.4289 -0.17426 2244.1 0.0079372 1.1097 0.029289 0.58568 1089.8 1
292.96 30907 2.4293 -0.17345 2252.3 0.0076825 1.1162 0.029604 0.57652 1082.5 1
295.85 30956 2.4298 -0.17254 2261.5 0.0075058 1.1235 0.029699 0.56675 1074.1 1
298.62 31003 2.4302 -0.17165 2270.1 0.0073607 1.1303 0.029363 0.55987 1066.1 1
300.86 31040 2.4306 -0.17093 2277 0.0071814 1.1357 0.028676 0.5563 1059.7 1
302.23 31062 2.4308 -0.17049 2281.1 0.007013 1.1389 0.028146 0.55519 1055.8 1
302.56 31068 2.4308 -0.17038 2282.1 0.0069647 1.1397 0.028031 0.55504 1054.8 1
306.95 31132 2.4315 -0.16896 2295.1 0.0060119 1.1496 0.026962 0.54851 1042.4 1
316.11 31252 2.4328 -0.16593 2321.3 0.0057359 1.1714 0.032394 0.56645 1015.9 1
327.56 31425 2.4344 -0.16205 2352.5 0.0070542 1.2003 0.030746 0.56652 982.38 1
338.24 31597 2.4358 -0.15836 2379.2 0.0060664 1.2238 0.027441 0.51381 951.83 1
345.28 31686 2.4367 -0.15588 2395.5 0.004683 1.2375 0.024372 0.51618 932 1
347.05 31705 2.4369 -0.15526 2399.6 0.0038759 1.2409 0.02555 0.5178 927.09 1
351.43 31744 2.4374 -0.1537 2409 0.0035859 1.2499 0.030996 0.52665 914.59 1
360.59 31833 2.4385 -0.1504 2427.5 0.0044413 1.2712 0.032564 0.58827 888.01 1
372.05 31956 2.4397 -0.14621 2450.1 0.0041316 1.3005 0.033805 0.64375 854.73 1
382.72 32062 2.4408 -0.14225 2470.9 0.0042126 1.3298 0.035653 0.6664 823.5 1
389.76 32138 2.4414 -0.1396 2484.1 0.004178 1.35 0.036024 0.70674 802.88 1
391.53 32155 2.4416 -0.13892 2487.4 0.0040401 1.3553 0.036793 0.71205 797.69 1
392.78 32168 2.4417 -0.13845 2489.6 0.0039926 1.359 0.036539 0.71353 794.02 1
395.54 32195 2.4419 -0.1374 2494.7 0.0038324 1.3673 0.036551 0.71904 785.94 1
399.37 32230 2.4422 -0.13593 2501.6 0.0036613 1.3789 0.0374 0.72631 774.69 1
403.7 32269 2.4425 -0.13427 2509.3 0.0035902 1.3924 0.038252 0.73539 761.95 1
407.86 32307 2.4428 -0.13266 2516.6 0.0036512 1.4056 0.039243 0.74527 749.67 1
411.22 32338 2.443 -0.13135 2522.4 0.0036608 1.4164 0.038414 0.75217 739.75 1
413.27 32357 2.4431 -0.13056 2525.9 0.0035398 1.423 0.038129 0.75424 733.72 1
413.77 32361 2.4432 -0.13036 2526.8 0.0035165 1.4245 0.038112 0.75444 732.25 1
415.02 32372 2.4432 -0.12987 2528.9 0.0034399 1.4285 0.038026 0.75481 728.58 1
417.78 32396 2.4434 -0.12879 2533.6 0.003247 1.4373 0.037805 0.75547 720.49 1
421.62 32426 2.4436 -0.12728 2540.1 0.0029985 1.4494 0.038247 0.75604 709.26 1
425.94 32459 2.4438 -0.12558 2547.3 0.002935 1.4634 0.039312 0.7597 696.53 1
430.1 32490 2.4439 -0.12393 2554.2 0.0029557 1.4769 0.039137 0.76549 684.27 1
433.46 32515 2.4441 -0.12259 2559.7 0.0028631 1.4879 0.038768 0.76836 674.38 1
435.51 32530 2.4441 -0.12177 2563.1 0.0028007 1.4945 0.038914 0.76828 668.36 1
436.01 32533 2.4441 -0.12157 2563.9 0.0027896 1.4962 0.038927 0.76818 666.89 1
442.23 32577 2.4443 -0.11909 2573.9 0.0026983 1.5163 0.038596 0.76221 648.63 1
454.54 32662 2.4445 -0.11412 2593.2 0.0027147 1.555 0.037532 0.74398 612.63 1
468.18 32763 2.4444 -0.10858 2613.8 0.0029456 1.597 0.03729 0.74633 572.91 1
477.96 32837 2.4443 -0.10458 2628.1 0.0026909 1.6271 0.036371 0.76445 544.59 1
480.5 32854 2.4442 -0.10354 2631.8 0.0024151 1.6349 0.035908 0.7639 537.27 1
486.72 32890 2.444 -0.10099 2640.6 0.0021503 1.6537 0.036342 0.73312 519.36 1
499.02 32981 2.4435 -0.095922 2657.6 0.0036096 1.6893 0.036353 0.69378 483.9 1
512.67 33131 2.4427 -0.090294 2675.5 0.0040839 1.7282 0.034041 0.7436 445.1 1
522.44 33215 2.442 -0.086261 2687.8 0.0019968 1.7545 0.029098 0.67229 418.06 1
524.98 33226 2.4418 -0.085213 2691 0.0015218 1.7602 0.01723 0.62578 411.17 1
528.23 33226 2.4416 -0.083872 2694.9 -0.0012337 1.7655 0.016909 0.57895 402.86 1
535.25 33180 2.441 -0.080974 2703.7 -0.0025029 1.7773 0.03118 0.45469 384.08 1
544.61 33232 2.4401 -0.077103 2714.7 0.0097459 1.7941 0.053032 0.30009 356.53 1
554.48 33911 2.4392 -0.073032 2716.4 0.04469 1.8075 0.091312 0.11821 325.28 1
562.88 35392 2.4383 -0.069583 2705.6 0.085461 1.8127 0.11281 0.045115 300.08 1
568.16 36761 2.4378 -0.067432 2696.9 0.10471 1.8141 0.11182 0.028859 287.37 1
569.47 37133 2.4377 -0.066902 2694.7 0.1084 1.8143 0.10528 0 284.64 1
569.47 37133 2.4377 -0.066902 2694.7 0.1084 1.8143 0.10528 0 284.64 0
571.16 37648 2.4375 -0.066218 2679.6 0.11848 1.8154 0.099936 0.14328 284.57 0
574.89 38899 2.4371 -0.064728 2651.5 0.13217 1.8236 0.085152 0.48015 284.56 0
580.07 40744 2.4366 -0.062688 2621.6 0.13647 1.841 0.084874 0.90279 284.51 0
585.92 42761 2.4359 -0.060424 2592.3 0.12652 1.8649 0.10824 1.4692 284.5 0
591.54 44460 2.4352 -0.058283 2567.1 0.10766 1.8885 0.12459 1.5688 284.47 0
596.08 45623 2.4347 -0.056576 2548.6 0.093249 1.9054 0.1409 1.4914 284.48 0
598.86 46249 2.4343 -0.055544 2538 0.084112 1.9157 0.14762 1.5668 284.48 0
599.53 46391 2.4342 -0.055294 2535.5 0.081812 1.918 0.14965 1.47 284.48 0
601.22 46729 2.434 -0.054669 2529.4 0.076282 1.9238 0.15315 1.5502 284.48 0
604.95 47386 2.4335 -0.053301 2516.8 0.063402 1.9363 0.16377 1.566 284.48 0
610.13 48093 2.4327 -0.051418 2500.8 0.0454 1.9531 0.17191 1.5648 284.48 0
615.98 48605 2.4318 -0.04932 2485 0.024804 1.9709 0.17275 1.5651 284.48 0
621.61 48813 2.431 -0.047328 2471.6 0.0049427 1.9871 0.17113 1.5611 284.48 0
626.15 48778 2.4303 -0.045736 2461.8 -0.011243 1.9998 0.16828 1.5597 284.48 0
628.92 48668 2.4298 -0.044772 2456.2 -0.02099 2.0075 0.16563 1.5155 284.48 0
629.6 48631 2.4297 -0.044538 2454.9 -0.023304 2.0094 0.16559 1.5238 284.48 0
631.29 48522 2.4294 -0.043953 2451.6 -0.029243 2.0141 0.16638 1.546 284.48 0
635.02 48195 2.4288 -0.042674 2444.4 -0.042545 2.0249 0.16926 1.5577 284.48 0
640.2 47540 2.4279 -0.040913 2434.4 -0.061156 2.0411 0.17136 1.5582 284.48 0
646.05 46522 2.4269 -0.038955 2422.6 -0.08225 2.0615 0.1718 1.5574 284.48 0
651.67 45269 2.4259 -0.037107 2410.1 -0.10253 2.0843 0.17133 1.5532 284.48 0
656.22 44062 2.4251 -0.035642 2398.3 -0.11884 2.106 0.16915 1.5422 284.48 0
658.99 43244 2.4245 -0.034762 2390.1 -0.12841 2.121 0.16723 1.4978 284.48 0
659.66 43035 2.4244 -0.03455 2387.9 -0.1306 2.1249 0.16713 1.4921 284.48 0
661.36 42499 2.4241 -0.034021 2382.4 -0.13618 2.1351 0.16826 1.5107 284.45 0
665.08 41241 2.4233 -0.032876 2367.6 -0.14885 2.1613 0.1717 1.5263 284.46 0
670.27 39328 2.4222 -0.031337 2341.3 -0.16549 2.2075 0.17338 1.4805 284.4 0
676.11 36996 2.4209 -0.029702 2298.9 -0.17821 2.278 0.17372 1.3851 284.38 0
681.74 34716 2.4196 -0.028269 2239.6 -0.17838 2.3713 0.17321 1.2949 284.32 0
686.28 32982 2.4184 -0.027247 2174.9 -0.16724 2.4678 0.16591 1.2462 284.29 0
689.05 32021 2.4177 -0.026697 2129.4 -0.15585 2.5344 0.15666 1.2185 284.23 0
689.73 31800 2.4175 -0.026572 2118 -0.15257 2.5512 0.15517 1.2156 284.21 0
691.42 31274 2.4171 -0.026276 2088.4 -0.1439 2.5949 0.15145 1.2153 284.14 0
695.15 30252 2.416 -0.025711 2021.4 -0.12359 2.6956 0.13902 1.2181 284.07 0
700.33 29130 2.4145 -0.025131 1929.4 -0.096627 2.8418 0.1261 1.2489 284.08 0
706.18 28208 2.4129 -0.024768 1828.2 -0.072417 3.0169 0.12067 1.2968 283.85 0
711.8 27579 2.4113 -0.024713 1727.1 -0.053478 3.199 0.12232 1.3123 284.08 0
716.35 27228 2.4101 -0.024873 1664.8 -0.037544 3.3501 0.12109 1.2882 281.31 0
719.12 27081 2.4094 -0.025052 1650 -0.026393 3.4389 0.12016 1.2608 276.11 0
719.8 27053 2.4093 -0.025105 1646.7 -0.023265 3.4605 0.11981 1.2547 274.8 0
721.2 27006 2.4089 -0.025227 1646.3 -0.016874 3.5045 0.11922 1.2465 271.06 0
724.31 26958 2.4082 -0.025547 1658.7 -0.0012303 3.5985 0.11692 1.2061 260.64 0
728.63 27052 2.4072 -0.026106 1672.9 0.029447 3.7245 0.1125 1.0958 246.41 0
733.5 27488 2.4062 -0.026877 1693.5 0.079241 3.8469 0.10782 0.91977 229.84 0
738.19 28342 2.4053 -0.027727 1708.6 0.13561 3.9425 0.10917 0.81057 215.14 0
741.98 29362 2.4046 -0.028468 1718.3 0.17908 4.0067 0.11338 0.75075 204.35 0
744.29 30117 2.4042 -0.028939 1720.5 0.20347 4.0402 0.11525 0.71675 198.74 0
744.85 30316 2.4041 -0.029056 1721.2 0.2089 4.0477 0.11547 0.71128 197.43 0
746.26 30835 2.4039 -0.029349 1721.6 0.22176 4.0654 0.11629 0.69888 194.43 0
749.37 32077 2.4034 -0.030007 1721.4 0.24581 4.099 0.11919 0.66904 188.52 0
753.68 33974 2.4028 -0.030936 1716 0.2687 4.1352 0.11865 0.65325 182.4 0
758.56 36240 2.4021 -0.031997 1708.4 0.2784 4.1634 0.10882 0.67168 177.46 0
763.25 38429 2.4015 -0.033024 1691.9 0.27614 4.1825 0.094932 0.70501 175.53 0
767.03 40145 2.401 -0.033853 1671.8 0.26892 4.194 0.084623 0.71481 175.76 0
769.34 41157 2.4007 -0.034357 1663 0.26225 4.1992 0.080024 0.71779 175.6 0
769.9 41399 2.4007 -0.03448 1660.4 0.26052 4.2004 0.079416 0.71692 175.65 0
771.31 41995 2.4005 -0.034788 1654.9 0.25586 4.2031 0.07767 0.71668 175.65 0
774.42 43264 2.4001 -0.035465 1643.7 0.24444 4.208 0.072143 0.71434 175.65 0
778.74 44915 2.3996 -0.036404 1629.9 0.22656 4.2133 0.067254 0.70185 175.65 0
783.61 46608 2.399 -0.037463 1616.4 0.20454 4.2177 0.065659 0.68548 175.65 0
788.3 48059 2.3985 -0.038481 1605 0.18216 4.2212 0.068221 0.67214 175.65 0
792.09 49102 2.3981 -0.039301 1596.8 0.16349 4.2236 0.070625 0.66324 175.65 0
794.4 49680 2.3978 -0.039802 1592.3 0.15186 4.2249 0.071747 0.66035 175.65 0
794.96 49815 2.3977 -0.039924 1591.2 0.14901 4.2252 0.071808 0.65977 175.65 0
796.37 50139 2.3976 -0.040229 1588.7 0.14181 4.226 0.072123 0.65755 175.65 0
799.48 50797 2.3972 -0.040902 1583.4 0.12577 4.2276 0.073753 0.64861 175.65 0
803.79 51577 2.3967 -0.041837 1577.1 0.10316 4.2296 0.076884 0.63628 175.65 0
808.67 52268 2.3962 -0.042892 1571.2 0.077312 4.2317 0.080954 0.62521 175.65 0
813.36 52744 2.3956 -0.043906 1566.8 0.052236 4.2337 0.084427 0.61864 175.65 0
817.14 52994 2.3952 -0.044724 1564.1 0.031865 4.2352 0.086466 0.61618 175.65 0
819.45 53086 2.395 -0.045224 1562.8 0.0194 4.2362 0.087086 0.61614 175.65 0
820.01 53102 2.3949 -0.045346 1562.5 0.016357 4.2364 0.087145 0.61588 175.65 0
821.42 53130 2.3947 -0.045651 1561.9 0.0087386 4.237 0.087341 0.61357 175.65 0
824.53 53131 2.3944 -0.046322 1561 -0.0080482 4.2382 0.088412 0.60367 175.65 0
828.85 52999 2.3939 -0.047256 1560.5 -0.031323 4.24 0.090289 0.59031 175.65 0
833.72 52661 2.3934 -0.048311 1561 -0.057406 4.2421 0.092238 0.57967 175.65 0
838.41 52150 2.3929 -0.049325 1562.5 -0.082212 4.2442 0.093371 0.57541 175.65 0
842.2 51606 2.3924 -0.050145 1564.4 -0.10199 4.2461 0.093704 0.57664 175.65 0
844.51 51216 2.3922 -0.050645 1565.9 -0.11393 4.2473 0.093689 0.57834 175.65 0
845.07 51115 2.3921 -0.050767 1566.3 -0.11682 4.2476 0.093679 0.57804 175.65 0
846.48 50849 2.392 -0.051072 1567.3 -0.12403 4.2484 0.093659 0.57505 175.65 0
849.59 50209 2.3916 -0.051745 1569.9 -0.1397 4.2501 0.093534 0.56327 175.65 0
853.9 49192 2.3912 -0.052682 1573.9 -0.16094 4.2529 0.092793 0.54802 175.65 0
858.78 47872 2.3907 -0.05374 1579.1 -0.18399 4.2563 0.090917 0.53671 175.65 0
863.46 46438 2.3902 -0.054759 1584.6 -0.20504 4.2601 0.0883 0.53166 175.65 0
867.25 45167 2.3898 -0.055583 1589.2 -0.22107 4.2637 0.086147 0.5323 175.65 0
869.56 44345 2.3895 -0.056086 1592 -0.23031 4.2662 0.085253 0.53403 175.65 0
870.12 44139 2.3895 -0.056209 1592.7 -0.23249 4.2669 0.085151 0.53388 175.65 0
871.82 43510 2.3893 -0.056578 1594.7 -0.23885 4.2689 0.084627 0.52902 175.65 0
875.54 42063 2.3889 -0.057393 1598.9 -0.25172 4.2739 0.082041 0.51082 175.64 0
880.73 39934 2.3884 -0.058528 1603.7 -0.26647 4.2823 0.077733 0.4917 175.66 0
886.57 37406 2.3878 -0.059814 1606.9 -0.27723 4.2946 0.074649 0.47196 175.62 0
892.2 34923 2.3872 -0.061058 1604.2 -0.27785 4.3107 0.075784 0.44535 175.73 0
896.74 32953 2.3868 -0.062069 1601.8 -0.26824 4.3278 0.079665 0.42192 174.93 0
899.51 31798 2.3866 -0.062691 1605.8 -0.257 4.3402 0.082173 0.41409 173.02 0
900.19 31524 2.3865 -0.062844 1607.4 -0.25349 4.3436 0.082483 0.41246 172.38 0
901.88 30854 2.3864 -0.06323 1612.3 -0.24329 4.3525 0.083715 0.40192 170.47 0
905.61 29484 2.3861 -0.064093 1628.9 -0.21169 4.3744 0.089609 0.36725 164.41 0
910.79 27973 2.3856 -0.065335 1654.3 -0.13983 4.4121 0.097435 0.33696 152.77 0
916.64 27146 2.3852 -0.066799 1686.6 -0.02614 4.4615 0.097132 0.31109 135.06 0
922.26 27450 2.3849 -0.068256 1718.3 0.087833 4.5064 0.089327 0.29164 115.93 0
926.81 28449 2.3847 -0.069453 1741.4 0.16398 4.5363 0.084625 0.28798 101.28 0
929.58 29331 2.3845 -0.070187 1752.1 0.20121 4.5519 0.082799 0.29076 93.405 0
930.26 29572 2.3845 -0.070366 1754.4 0.20904 4.5554 0.082664 0.29086 91.633 0
931.95 30216 2.3844 -0.070814 1759 0.22703 4.5635 0.082267 0.28674 87.494 0
935.67 31798 2.3843 -0.071801 1766.3 0.25723 4.5783 0.079671 0.28641 79.637 0
940.86 34244 2.3841 -0.073169 1769.5 0.27957 4.5932 0.075249 0.29014 71.662 0
946.71 37135 2.3839 -0.074708 1762.3 0.28477 4.6038 0.07004 0.29369 66.484 0
952.33 39879 2.3838 -0.076178 1742.2 0.27775 4.6104 0.065331 0.30103 65.111 0
956.87 41997 2.3837 -0.077354 1723.4 0.26646 4.6142 0.063275 0.31062 65.12 0
959.65 43232 2.3836 -0.078068 1713.5 0.25773 4.616 0.062373 0.32464 65.052 0
960.32 43526 2.3836 -0.078242 1711.1 0.25544 4.6164 0.06227 0.32521 65.058 0
962.01 44248 2.3835 -0.078676 1705.4 0.24947 4.6174 0.061941 0.3211 65.047 0
965.74 45769 2.3834 -0.07963 1693.7 0.23526 4.6191 0.061544 0.30986 65.037 0
970.92 47716 2.3833 -0.080952 1679.2 0.21373 4.6209 0.063438 0.2912 65.034 0
976.77 49667 2.3832 -0.082439 1665 0.18771 4.6225 0.067144 0.27682 65.033 0
982.4 51288 2.3831 -0.083864 1653.3 0.16142 4.6237 0.071466 0.28435 65.033 0
986.94 52412 2.383 -0.085013 1645.2 0.13947 4.6246 0.07397 0.30819 65.032 0
989.71 53014 2.3829 -0.085713 1640.8 0.1258 4.6252 0.074736 0.32679 65.033 0
990.39 53152 2.3829 -0.085884 1639.8 0.12244 4.6253 0.074785 0.32758 65.033 0
992.08 53479 2.3828 -0.086311 1637.4 0.11399 4.6256 0.074949 0.32157 65.033 0
995.81 54115 2.3828 -0.087251 1632.6 0.095166 4.6263 0.075883 0.29909 65.033 0
1001 54806 2.3827 -0.088556 1627.2 0.068667 4.6271 0.077828 0.27616 65.033 0
1006.8 55315 2.3825 -0.090028 1622.9 0.038452 4.6279 0.08046 0.2696 65.033 0
1012.5 55533 2.3824 -0.091441 1620.3 0.0092322 4.6288 0.083021 0.28456 65.033 0
1017 55514 2.3823 -0.092583 1619.4 -0.014401 4.6295 0.085022 0.31326 65.033 0
1019.8 55417 2.3823 -0.093279 1619.3 -0.028802 4.63 0.085857 0.33059 65.033 0
1020.5 55384 2.3822 -0.093448 1619.4 -0.03231 4.6302 0.085944 0.33112 65.033 0
1022.1 55283 2.3822 -0.093873 1619.6 -0.041076 4.6305 0.086262 0.32344 65.033 0
1025.9 54977 2.3821 -0.094808 1620.5 -0.060293 4.6312 0.088095 0.29083 65.033 0
1031.1 54360 2.382 -0.096108 1622.8 -0.086673 4.6321 0.091856 0.25031 65.033 0
1036.9 53400 2.3819 -0.097575 1626.7 -0.11576 4.6333 0.097004 0.22741 65.033 0
1042.5 52218 2.3818 -0.098985 1631.5 -0.14281 4.6345 0.10203 0.23061 65.033 0
1047.1 51084 2.3817 -0.10012 1636.2 -0.1638 4.6357 0.10563 0.25297 65.033 0
1049.8 50316 2.3817 -0.10082 1639.3 -0.17616 4.6367 0.10703 0.26822 65.033 0
1050.5 50120 2.3816 -0.10099 1640 -0.17912 4.6369 0.1072 0.26836 65.033 0
1052.2 49615 2.3816 -0.10141 1642 -0.1864 4.6376 0.10788 0.25748 65.033 0
1055.9 48433 2.3815 -0.10235 1646.5 -0.20175 4.639 0.11133 0.21286 65.033 0
1061.1 46637 2.3814 -0.10365 1652.7 -0.22099 4.641 0.1171 0.16355 65.033 0
1067 44427 2.3813 -0.10511 1658.9 -0.23873 4.6434 0.12225 0.1379 65.033 0
1072.6 42161 2.3812 -0.10652 1663 -0.25028 4.6462 0.12405 0.13094 65.033 0
1077.1 40270 2.3812 -0.10766 1664.1 -0.25437 4.6493 0.12368 0.14377 65.033 0
1079.9 39110 2.3811 -0.10836 1663.3 -0.25396 4.6519 0.1232 0.15994 65.033 0
1080.6 38827 2.3811 -0.10852 1662.9 -0.25348 4.6526 0.12316 0.16022 65.033 0
1082.3 38125 2.3811 -0.10895 1661.5 -0.25149 4.6545 0.12316 0.14762 65.031 0
1086 36609 2.381 -0.10988 1655.9 -0.24268 4.6586 0.12285 0.11303 65.049 0
1091.2 34641 2.381 -0.11118 1645.3 -0.21959 4.6643 0.12185 0.097267 64.531 0
1097 32729 2.3809 -0.11265 1642.6 -0.17832 4.6716 0.12136 0.089878 60.895 0
1102.7 31333 2.3809 -0.11408 1652.3 -0.12109 4.6795 0.12171 0.080362 53.507 0
1107.2 30637 2.3808 -0.11525 1662.1 -0.062198 4.6864 0.12141 0.08127 45.75 0
1110 30439 2.3808 -0.11597 1667.2 -0.022625 4.6913 0.12086 0.095233 40.626 0
1110.7 30419 2.3808 -0.11615 1668 -0.01273 4.6927 0.1208 0.096714 39.384 0
1112.3 30418 2.3808 -0.11659 1669.2 0.0123 4.6959 0.1206 0.088407 36.373 0
1116.1 30659 2.3808 -0.11756 1675.3 0.065261 4.7021 0.11807 0.081991 29.081 0
1121.3 31509 2.3808 -0.11891 1680.2 0.12801 4.7101 0.10857 0.09282 19.82 0
1127.1 33008 2.3808 -0.12043 1684.1 0.17345 4.7177 0.092466 0.098359 11.112 0
1132.7 34748 2.3808 -0.12189 1684.4 0.19258 4.723 0.076448 0.11122 5.0295 0
1137.3 36226 2.3808 -0.12306 1680.3 0.19507 4.7263 0.065256 0.12378 1.8627 0
1140 37123 2.3808 -0.12377 1673.2 0.193 4.7281 0.060973 0.14121 0.97389 0
1140.7 37340 2.3808 -0.12394 1671.8 0.19213 4.7285 0.060432 0.14311 0.74789 0
1142.4 37876 2.3808 -0.12438 1666.7 0.18968 4.7295 0.058878 0.13695 0.43914 0
1146.1 39022 2.3808 -0.12532 1653.9 0.18232 4.7313 0.0547 0.13135 0.22211 0
1151.3 40512 2.3809 -0.12663 1637.7 0.16825 4.7333 0.053156 0.12849 0.092499 0
1157.2 42021 2.3809 -0.1281 1621.5 0.14922 4.735 0.057392 0.12402 0.046368 0
1162.8 43282 2.3809 -0.1295 1608.1 0.12924 4.7366 0.066007 0.1335 0.0034064 0
1167.3 44160 2.381 -0.13063 1598.2 0.1123 4.7379 0.070634 0.15355 0.010635 0
1170.1 44633 2.381 -0.13131 1592.9 0.10149 4.7388 0.072019 0.17899 0.00052059 0
1170.8 44740 2.381 -0.13148 1591.6 0.098819 4.739 0.072078 0.18064 0.0037246 0
1172.2 44955 2.381 -0.13183 1589.1 0.093164 4.7395 0.072409 0.17383 0.003198 0
1175.3 45383 2.381 -0.13259 1583.9 0.080463 4.7404 0.073737 0.15279 0.0022325 0
1179.6 45871 2.381 -0.13366 1577.5 0.062486 4.7414 0.079209 0.13041 0.0013997 0
1184.5 46273 2.3811 -0.13485 1571.1 0.042235 4.7425 0.089853 0.11629 0.00085683 0
1189.2 46513 2.3811 -0.13599 1565.8 0.023036 4.7436 0.099117 0.12165 0.00069832 0
1193 46604 2.3811 -0.13692 1562 0.0076974 4.7446 0.10474 0.1462 0.00068922 0
1195.3 46616 2.3812 -0.13748 1560 -0.0016062 4.7454 0.10643 0.1663 0.00068747 0
1195.8 46613 2.3812 -0.13761 1559.5 -0.0038758 4.7456 0.10664 0.16714 0.00068685 0
1197.2 46599 2.3812 -0.13796 1558.4 -0.0095438 4.746 0.10738 0.15835 0.00068614 0
1200.4 46523 2.3812 -0.13871 1556.2 -0.02191 4.747 0.11087 0.12662 0.00068348 0
1204.7 46320 2.3812 -0.13975 1553.6 -0.038653 4.7481 0.11654 0.095228 0.00067875 0
1209.5 45959 2.3813 -0.14093 1551.1 -0.056735 4.7492 0.12241 0.080561 0.00067284 0
1214.2 45487 2.3813 -0.14206 1549.1 -0.073139 4.7502 0.12643 0.085794 0.00066757 0
1218 45022 2.3814 -0.14297 1547.6 -0.085601 4.7514 0.12839 0.11111 0.00066412 0
1220.3 44704 2.3814 -0.14353 1546.8 -0.092831 4.7522 0.12894 0.13135 0.00066285 0
1220.9 44622 2.3814 -0.14366 1546.5 -0.09455 4.7525 0.129 0.13211 0.0006627 0
1222.3 44412 2.3814 -0.144 1546 -0.098763 4.7531 0.12932 0.1225 0.00066222 0
1225.4 43918 2.3814 -0.14474 1544.8 -0.10751 4.7542 0.13068 0.088661 0.00065996 0
1229.7 43166 2.3815 -0.14577 1543 -0.11829 4.7555 0.13167 0.061101 0.00065579 0
1234.6 42240 2.3815 -0.14694 1540.4 -0.12837 4.7567 0.13095 0.052054 0.00065047 0
1239.3 41290 2.3816 -0.14805 1537.4 -0.13574 4.758 0.12927 0.052377 0.00064563 0
1243.1 40490 2.3816 -0.14895 1534.3 -0.13977 4.7593 0.12802 0.070797 0.00064242 0
1245.4 39994 2.3816 -0.14949 1532 -0.14127 4.7604 0.12752 0.090104 0.00064122 0
1245.9 39873 2.3816 -0.14963 1531.4 -0.14151 4.7607 0.12749 0.09084 0.00064108 0
1247.4 39568 2.3817 -0.14996 1529.8 -0.14188 4.7615 0.12749 0.080328 0.00064062 0
1250.5 38897 2.3817 -0.15069 1525.7 -0.1414 4.7629 0.12762 0.049239 0.00063843 0
1254.8 37981 2.3818 -0.15171 1518.5 -0.13756 4.7642 0.12771 0.033906 0.00063439 0
1259.7 37000 2.3818 -0.15284 1508 -0.12842 4.7657 0.12787 0.032313 0.00062918 0
1264.3 36144 2.3819 -0.15393 1495.2 -0.1145 4.7672 0.12789 0.027923 0.00062442 0
1268.1 35539 2.3819 -0.15481 1482.8 -0.099668 4.7686 0.12735 0.038235 0.00062124 0
1270.4 35217 2.382 -0.15534 1474.4 -0.089205 4.7699 0.1269 0.056939 0.00062005 0
1271 35144 2.382 -0.15547 1472.2 -0.086506 4.7703 0.12684 0.057867 0.0006199 0
1272.4 34972 2.382 -0.15579 1466.7 -0.079484 4.7712 0.12677 0.046976 0.00061944 0
1275.5 34649 2.382 -0.15649 1453.7 -0.062829 4.7725 0.12623 0.020965 0.00061724 0
1279.8 34335 2.3821 -0.15746 1434.2 -0.037881 4.7734 0.12431 0.013839 0.00061313 0
1284.7 34172 2.3822 -0.15854 1411 -0.0091315 4.7745 0.12125 0.014855 0.00060782 0
1289.4 34200 2.3822 -0.15957 1388 0.017286 4.7755 0.11842 0.017794 0.00060294 0
1293.2 34342 2.3823 -0.16038 1369.5 0.036781 4.7766 0.11652 0.032276 0.00059967 0
1295.5 34476 2.3823 -0.16087 1358.2 0.047614 4.7778 0.11573 0.053802 0.00059845 0
1296.1 34513 2.3823 -0.16099 1355.5 0.050123 4.7782 0.11566 0.055301 0.0005983 0
1297.5 34615 2.3823 -0.16129 1348.7 0.056195 4.779 0.1155 0.046004 0.00059782 0
1300.6 34875 2.3824 -0.16193 1334 0.068359 4.7803 0.1147 0.027746 0.00059553 0
1304.9 35307 2.3824 -0.16282 1314.1 0.082167 4.7815 0.11371 0.02738 0.00059124 0
1309.8 35867 2.3825 -0.16381 1292.7 0.093266 4.783 0.1131 0.030167 0.00058569 0
1314.5 36448 2.3826 -0.16474 1273.2 0.099542 4.7844 0.11277 0.038042 0.00058058 0
1318.2 36930 2.3826 -0.16548 1258.3 0.10158 4.7858 0.11246 0.05114 0.00057715 0
1320.5 37224 2.3827 -0.16593 1249.6 0.10156 4.7868 0.1123 0.063268 0.00057586 0
1321.1 37296 2.3827 -0.16604 1247.5 0.10142 4.7871 0.11231 0.061206 0.00057571 0
1329.6 38322 2.3828 -0.16765 1218.3 0.093894 4.7894 0.11452 0.021837 0.0005752 0
1348.2 39975 2.3831 -0.1711 1166.3 0.049889 4.7907 0.11855 0.0056712 0.00057278 0
1374.1 40142 2.3834 -0.17569 1118.2 -0.041983 4.7924 0.12082 0.0062883 0.00056824 0
1403.4 37345 2.3838 -0.18066 1076.7 -0.12064 4.7937 0.13033 -0.0029179 0.00056237 0
1431.5 33862 2.3842 -0.1852 1002.8 -0.09934 4.7933 0.12696 -0.010143 0.00055695 0
1454.2 32389 2.3845 -0.18857 899.07 -0.035927 4.7899 0.11667 -0.016854 0.00055331 0
1468.1 32096 2.3846 -0.19043 825.12 -0.018941 4.7889 0.10622 0.0093636 0.00055194 0
1471.4 32042 2.3847 -0.19086 807.21 -0.019701 4.7897 0.10318 0.07718 0.00055178 0
1473.6 32007 2.3847 -0.19112 796.13 -0.021291 4.7914 0.10264 0.057584 0.00055124 0
1478.2 31920 2.3847 -0.19169 772.08 -0.02719 4.7935 0.099988 0.02124 0.00054866 0
1484.7 31755 2.3848 -0.19245 740.13 -0.041372 4.7948 0.094688 0.016821 0.00054384 0
1492 31477 2.3849 -0.19327 706.83 -0.065351 4.7964 0.088908 0.01847 0.00053758 0
1499 31091 2.3849 -0.19403 677.38 -0.094384 4.7983 0.086092 0.030614 0.00053181 0
1504.7 30686 2.385 -0.19461 654.86 -0.12009 4.801 0.085798 0.059858 0.00052793 0
1508.2 30398 2.385 -0.19496 641.49 -0.13618 4.8039 0.086071 0.10295 0.00052648 0
1509 30324 2.385 -0.19504 638.26 -0.14012 4.8049 0.086128 0.10593 0.0005263 0
1511.1 30130 2.385 -0.19525 630.23 -0.14993 4.8072 0.08637 0.086794 0.00052573 0
1515.8 29666 2.3851 -0.19569 612.6 -0.17088 4.8107 0.087855 0.044324 0.00052298 0
1522.3 28952 2.3852 -0.19629 587.65 -0.19713 4.8135 0.092108 0.02383 0.00051783 0
1529.6 28080 2.3852 -0.19692 557.53 -0.22014 4.8157 0.099403 0.011488 0.00051116 0
1536.6 27219 2.3853 -0.1975 525.74 -0.23393 4.8173 0.10739 0.012549 0.00050501 0
1542.3 26535 2.3853 -0.19794 498.48 -0.23933 4.8202 0.11306 0.041516 0.00050087 0
1545.8 26130 2.3854 -0.1982 481.62 -0.24071 4.8245 0.11527 0.085225 0.00049932 0
1546.6 26033 2.3854 -0.19826 477.51 -0.24091 4.8261 0.11557 0.08767 0.00049913 0
1548.7 25795 2.3854 -0.19841 467.31 -0.24112 4.8297 0.11675 0.066056 0.00049852 0
1553.4 25288 2.3854 -0.19873 444.98 -0.23932 4.8337 0.12217 0.011616 0.00049558 0
1559.9 24638 2.3855 -0.19915 414.43 -0.23083 4.8332 0.1307 -0.01592 0.00049009 0
1567.2 23995 2.3855 -0.19959 381.41 -0.21372 4.8298 0.13829 -0.024402 0.00048298 0
1574.2 23474 2.3856 -0.19998 352.21 -0.19309 4.825 0.14161 -0.021814 0.00047641 0
1579.9 23118 2.3856 -0.20028 331.2 -0.17735 4.824 0.14176 0.011732 0.000472 0
1583.3 22924 2.3856 -0.20045 319.64 -0.16946 4.8279 0.14138 0.059234 0.00047034 0
1584.2 22879 2.3856 -0.20049 316.97 -0.16783 4.8298 0.1414 0.061961 0.00047014 0
1586.3 22770 2.3856 -0.2006 310.5 -0.16393 4.8335 0.14179 0.039281 0.00046949 0
1591 22545 2.3857 -0.20081 297.2 -0.15628 4.8351 0.1432 -0.017519 0.00046636 0
1597.4 22262 2.3857 -0.2011 280.83 -0.15003 4.828 0.14329 -0.041093 0.0004605 0
1604.8 21962 2.3857 -0.20141 265.71 -0.15589 4.8179 0.13922 -0.041247 0.0004529 0
1611.8 21661 2.3858 -0.20169 255.13 -0.17872 4.8096 0.1325 -0.026492 0.0004459 0
1617.5 21388 2.3858 -0.20191 249.53 -0.20716 4.8088 0.12726 0.021107 0.00044119 0
1620.9 21204 2.3858 -0.20204 247.24 -0.22627 4.8144 0.12537 0.075172 0.00043942 0
1621.8 21157 2.3858 -0.20207 246.79 -0.23088 4.8168 0.12525 0.078173 0.0004392 0
1623.9 21035 2.3858 -0.20215 245.77 -0.24168 4.8219 0.12513 0.05491 0.00043851 0
1628.5 20751 2.3858 -0.20232 244.02 -0.26168 4.826 0.12445 -0.0037113 0.00043516 0
1635 20328 2.3859 -0.20256 242.21 -0.2802 4.8213 0.12312 -0.030291 0.00042891 0
1642.3 19832 2.3859 -0.20282 240.25 -0.28859 4.8127 0.12051 -0.033614 0.0004208 0
1649.4 19353 2.3859 -0.20307 237.91 -0.28706 4.8046 0.11713 -0.02087 0.00041331 0
1655 18975 2.3859 -0.20327 235.51 -0.2812 4.8049 0.11438 0.02732 0.00040828 0
1658.5 18751 2.3859 -0.20339 233.75 -0.27607 4.813 0.11331 0.081425 0.00040639 0
1659.4 18698 2.3859 -0.20342 233.27 -0.27465 4.8164 0.11321 0.084491 0.00040615 0
1661.5 18565 2.386 -0.2035 232 -0.27042 4.8234 0.11311 0.060473 0.00040542 0
1666.1 18284 2.386 -0.20366 228.7 -0.25842 4.8292 0.11284 -0.0041321 0.00040184 0
1672.6 17923 2.386 -0.20388 223.12 -0.23956 4.8222 0.11199 -0.036408 0.00039514 0
1679.9 17556 2.386 -0.20412 215.96 -0.22239 4.8092 0.1102 -0.04167 0.00038646 0
1686.9 17234 2.386 -0.20435 208.99 -0.21503 4.7971 0.10807 -0.027798 0.00037845 0
1692.6 16984 2.3861 -0.20453 203.8 -0.21672 4.7961 0.10632 0.025219 0.00037306 0
1696.1 16832 2.3861 -0.20464 200.93 -0.22076 4.8047 0.10561 0.081407 0.00037103 0
1696.9 16794 2.3861 -0.20466 200.27 -0.22204 4.8083 0.10554 0.084564 0.00037078 0
1699 16701 2.3861 -0.20473 198.67 -0.22523 4.8159 0.10547 0.060451 0.00036999 0
1703.7 16493 2.3861 -0.20487 195.41 -0.23204 4.8218 0.10527 -0.006285 0.00036615 0
1710.2 16199 2.3861 -0.20505 191.4 -0.24144 4.8134 0.10459 -0.03904 0.00035896 0
1717.5 15861 2.3861 -0.20526 187.57 -0.25202 4.799 0.10316 -0.041295 0.00034964 0
1724.5 15529 2.3862 -0.20546 184.46 -0.26111 4.7866 0.10144 -0.023956 0.00034102 0
1730.2 15257 2.3862 -0.20562 182.22 -0.26704 4.7872 0.099974 0.033235 0.00033523 0
1733.7 15090 2.3862 -0.20571 180.92 -0.26992 4.7985 0.099384 0.090206 0.00033304 0
1734.5 15049 2.3862 -0.20574 180.61 -0.27053 4.803 0.099333 0.093418 0.00033278 0
1736.6 14947 2.3862 -0.20579 179.8 -0.2714 4.8126 0.099264 0.069026 0.00033192 0
1741.3 14724 2.3862 -0.20592 177.89 -0.27052 4.8211 0.098989 -0.00076783 0.00032778 0
1747.8 14421 2.3862 -0.20609 174.86 -0.2662 4.8128 0.098223 -0.037005 0.00032003 0
1755.1 14090 2.3862 -0.20628 171.08 -0.26243 4.7968 0.096688 -0.041088 0.00030996 0
1762.1 13782 2.3862 -0.20646 167.45 -0.26313 4.7826 0.094831 -0.024525 0.00030066 0
1767.8 13535 2.3863 -0.2066 164.75 -0.26715 4.7833 0.093322 0.034566 0.00029439 0
1771.3 13384 2.3863 -0.20669 163.25 -0.27071 4.7962 0.092746 0.0922 0.00029203 0
1772.1 13347 2.3863 -0.20671 162.9 -0.27167 4.8012 0.092689 0.095209 0.00029174 0
1774.2 13255 2.3863 -0.20676 162.03 -0.27363 4.8119 0.092559 0.07033 0.00029082 0
1778.9 13051 2.3863 -0.20687 160.16 -0.27626 4.8215 0.092041 -0.00059048 0.00028632 0
1785.4 12769 2.3863 -0.20703 157.59 -0.27853 4.8121 0.090995 -0.0383 0.0002779 0
1792.7 12453 2.3863 -0.2072 154.78 -0.28166 4.7941 0.089394 -0.041991 0.00026695 0
1799.7 12151 2.3863 -0.20736 152.22 -0.28548 4.7783 0.087764 -0.024281 0.00025683 0
1805.4 11908 2.3863 -0.20749 150.26 -0.28862 4.7796 0.086582 0.037176 0.00025 0
1808.8 11760 2.3863 -0.20757 149.09 -0.29041 4.7945 0.086182 0.094729 0.00024742 0
1809.7 11724 2.3863 -0.20759 148.8 -0.29085 4.8002 0.086142 0.097855 0.0002471 0
1811.8 11634 2.3863 -0.20763 148.07 -0.2914 4.8125 0.086024 0.073302 0.00024609 0
1816.5 11437 2.3864 -0.20774 146.39 -0.29079 4.8237 0.08554 0.00060566 0.00024116 0
1822.9 11168 2.3864 -0.20788 143.87 -0.28916 4.8134 0.084675 -0.03843 0.00023192 0
1830.2 10871 2.3864 -0.20803 140.98 -0.2901 4.7935 0.083546 -0.04204 0.0002199 0
1837.3 10588 2.3864 -0.20818 138.47 -0.29489 4.7762 0.082601 -0.023544 0.00020875 0
1843 10359 2.3864 -0.2083 136.74 -0.30017 4.7784 0.082011 0.040402 0.00020122 0
1846.4 10219 2.3864 -0.20837 135.79 -0.30346 4.7955 0.081847 0.098439 0.00019837 0
1847.3 10184 2.3864 -0.20838 135.57 -0.30435 4.8019 0.081826 0.10159 0.00019802 0
1849.4 10098 2.3864 -0.20843 135.03 -0.30603 4.8159 0.081746 0.077503 0.00019689 0
1854 9908.9 2.3864 -0.20852 133.85 -0.30775 4.8295 0.081449 0.0043876 0.00019142 0
1860.5 9647.6 2.3864 -0.20865 132.16 -0.30827 4.8199 0.080915 -0.035476 0.00018112 0
1867.8 9356.3 2.3865 -0.20879 130.18 -0.309 4.7997 0.080188 -0.039345 0.00016769 0
1874.9 9079.6 2.3865 -0.20893 128.24 -0.30986 4.7825 0.079637 -0.019222 0.0001552 0
1880.5 8858.7 2.3865 -0.20903 126.66 -0.31052 4.7877 0.07941 0.04928 0.00014674 0
1884 8725 2.3865 -0.2091 125.7 -0.31131 4.809 0.079404 0.10759 0.00014353 0
1884.8 8692.4 2.3865 -0.20911 125.46 -0.31168 4.8165 0.0794 0.11089 0.00014314 0
1887 8611.2 2.3865 -0.20915 124.89 -0.31224 4.8334 0.079363 0.088361 0.00014185 0
1891.6 8433.3 2.3865 -0.20924 123.6 -0.31209 4.8524 0.079308 0.015743 0.00013561 0
1898.1 8189.8 2.3865 -0.20936 121.74 -0.3108 4.8474 0.07943 -0.025254 0.00012382 0
1905.4 7920.4 2.3865 -0.20949 119.56 -0.30992 4.8325 0.079688 -0.023499 0.00010837 0
1912.4 7666.4 2.3865 -0.20961 117.47 -0.30981 4.8269 0.07988 0.010672 9.392e-05 0
1918.1 7464 2.3866 -0.20971 115.87 -0.3115 4.8474 0.079898 0.077364 8.4055e-05 0
1921.6 7341.1 2.3866 -0.20977 114.97 -0.3138 4.8761 0.079897 0.11457 8.028e-05 0
1922.4 7311.1 2.3866 -0.20978 114.77 -0.31451 4.8846 0.079896 0.11216 7.9812e-05 0
1930.9 7008.7 2.3866 -0.20992 112.85 -0.31323 4.9105 0.081115 -0.022044 7.8356e-05 0
1949.5 6388.3 2.3866 -0.21023 108.12 -0.33358 4.8241 0.074325 -0.049693 7.0668e-05 0
1975.4 5146.1 2.3867 -0.21065 123.44 -0.51525 4.7937 0.027484 0.0044485 5.6357e-05 0
2004.7 3274.9 2.3867 -0.21117 132.19 -0.46994 4.777 0.021473 -0.016931 3.7189e-05 0
2032.8 1810.6 2.3868 -0.21167 117.26 -0.41984 4.7775 0.01868 0.01262 1.8811e-05 0
2055.5 700.12 2.3868 -0.21204 112.96 -0.43605 4.7856 0.024582 0.011326 5.5814e-06 0
2069.4 177.27 2.3868 -0.21226 92.07 -0.22892 4.9457 0.06045 0.25611 4.6038e-08 0
2072.8 129.34 2.3868 -0.2123 84.653 -0.20061 5.0827 0.060424 0.32256 0 0
