time (s) altitude (m) velocity (m/s) mass (kg) dynamic pressure (Pa)trajectory angle (rad) Lift (N)Drag (N)heading angle (rad) latitude (rad) angle of attack (rad) 
774.19 35716 2648.9 3300 25784 0.10714 30423 10604 1.8166 -0.197 0.28009
774.31 35750 2649.9 3267 25670 0.10739 30407 10619 1.8166 -0.197 0.28082
774.56 35820 2651.9 3267 25431 0.10793 30373 10650 1.8166 -0.197 0.28236
774.87 35909 2654.5 3267 25134 0.10859 30330 10689 1.8166 -0.197 0.28433
775.15 35992 2656.9 3267 24858 0.10921 30289 10724 1.8166 -0.197 0.28618
775.34 36047 2658.5 3267 24677 0.10962 30261 10746 1.8166 -0.197 0.28742
775.39 36061 2658.8 3267 24631 0.10973 30254 10752 1.8166 -0.197 0.28773
775.51 36096 2659.8 3267 24519 0.10998 30235 10765 1.8166 -0.197 0.2885
775.76 36168 2661.9 3266.8 24285 0.11052 30195 10792 1.8166 -0.197 0.29012
776.07 36259 2664.4 3265.9 23993 0.11119 30140 10824 1.8166 -0.197 0.29215
776.35 36344 2666.8 3264.3 23723 0.11181 30087 10851 1.8167 -0.197 0.29405
776.54 36401 2668.4 3262.9 23546 0.11222 30051 10869 1.8167 -0.197 0.29532
776.59 36415 2668.8 3262.5 23502 0.11232 30042 10874 1.8167 -0.197 0.29564
776.71 36451 2669.8 3261.6 23392 0.11258 30020 10885 1.8167 -0.197 0.29645
776.96 36525 2671.8 3259.3 23162 0.11312 29978 10910 1.8167 -0.197 0.29817
777.27 36619 2674.4 3255.5 22876 0.11379 29929 10943 1.8167 -0.197 0.30039
777.55 36706 2676.7 3251.1 22611 0.11442 29883 10973 1.8167 -0.197 0.30249
777.74 36765 2678.3 3247.8 22437 0.11483 29852 10993 1.8167 -0.197 0.30389
777.79 36779 2678.7 3247 22394 0.11494 29843 10998 1.8167 -0.197 0.30424
777.91 36816 2679.7 3245 22286 0.11519 29823 11009 1.8167 -0.197 0.30512
778.16 36892 2681.7 3241.2 22061 0.11574 29779 11033 1.8167 -0.197 0.30696
778.47 36988 2684.3 3236.7 21782 0.11641 29714 11056 1.8167 -0.197 0.30923
778.75 37078 2686.7 3232.4 21523 0.11704 29623 11062 1.8167 -0.197 0.31115
778.94 37138 2688.2 3229.6 21354 0.11745 29533 11050 1.8167 -0.197 0.31221
778.99 37153 2688.6 3228.9 21311 0.11755 29503 11043 1.8167 -0.197 0.31242
779.11 37190 2689.6 3227.2 21207 0.1178 29430 11026 1.8167 -0.197 0.31296
779.36 37268 2691.7 3223.5 20988 0.11833 29206 10954 1.8167 -0.197 0.31355
779.67 37367 2694.3 3218.9 20716 0.11897 28865 10832 1.8167 -0.197 0.31384
779.95 37459 2696.7 3214.7 20465 0.11957 28519 10702 1.8167 -0.197 0.31387
780.14 37520 2698.3 3211.9 20300 0.11996 28291 10616 1.8167 -0.197 0.31388
780.19 37536 2698.7 3211.2 20259 0.12006 28234 10595 1.8167 -0.197 0.31388
780.31 37574 2699.7 3209.4 20157 0.1203 28092 10542 1.8167 -0.197 0.31388
780.56 37655 2701.8 3205.7 19945 0.1208 27795 10430 1.8168 -0.197 0.31388
780.87 37756 2704.4 3201.2 19681 0.12142 27427 10292 1.8168 -0.197 0.31387
781.16 37850 2706.9 3196.9 19437 0.12199 27086 10164 1.8168 -0.19699 0.31386
781.35 37913 2708.5 3194.1 19277 0.12236 26863 10080 1.8168 -0.19699 0.31386
781.39 37929 2708.9 3193.4 19237 0.12245 26807 10059 1.8168 -0.19699 0.31385
781.51 37968 2710 3191.6 19139 0.12267 26669 10007 1.8168 -0.19698 0.31385
781.76 38050 2712.1 3188 18933 0.12313 26383 9898.9 1.8168 -0.19697 0.31384
782.07 38153 2714.8 3183.4 18679 0.12369 26028 9765.6 1.8168 -0.19688 0.31384
782.36 38250 2717.4 3179.1 18444 0.12419 25700 9642.6 1.8168 -0.19676 0.31384
782.55 38314 2719.1 3176.3 18291 0.12452 25486 9562.1 1.8168 -0.19666 0.31383
782.59 38330 2719.5 3175.6 18252 0.1246 25433 9541.9 1.8168 -0.19663 0.31383
782.71 38370 2720.6 3173.9 18157 0.1248 25300 9492.1 1.8168 -0.19657 0.31383
782.96 38454 2722.8 3170.2 17960 0.12521 25025 9388.6 1.8168 -0.19646 0.31383
783.27 38559 2725.6 3165.6 17715 0.12573 24683 9260.3 1.8168 -0.19633 0.31382
783.56 38658 2728.2 3161.4 17489 0.12619 24368 9141.9 1.8168 -0.19622 0.31382
783.75 38723 2729.9 3158.6 17341 0.1265 24162 9064.3 1.8168 -0.19614 0.31381
783.79 38740 2730.3 3157.8 17304 0.12657 24110 9044.8 1.8168 -0.19612 0.31381
784.81 39094 2739.8 3142.8 16528 0.12811 23028 8638.2 1.8169 -0.1957 0.3138
786.63 39737 2757 3115.9 15214 0.13055 21205 7954.4 1.8169 -0.19495 0.31387
788.17 40296 2772.1 3093.1 14167 0.13235 19792 7432.3 1.8169 -0.19431 0.31437
788.59 40452 2776.3 3086.8 13889 0.1328 19413 7292.1 1.817 -0.19414 0.31447
789.61 40829 2786.6 3071.7 13242 0.13383 18530 6964.8 1.817 -0.19371 0.31471
791.43 41510 2805.3 3044.8 12155 0.1354 16989 6380.2 1.817 -0.19295 0.31445
792.97 42098 2821.6 3022 11297 0.13651 15774 5919.3 1.8171 -0.1923 0.31423
793.39 42261 2826.2 3015.7 11070 0.13679 15453 5797.4 1.8171 -0.19212 0.31416
794.41 42656 2837.3 3000.6 10544 0.13738 14735 5531.9 1.8171 -0.19169 0.3144
796.23 43366 2857.4 2973.7 9664.9 0.13826 13522 5079.1 1.8172 -0.19091 0.31463
797.77 43976 2874.9 2950.9 8974.9 0.13884 12568 4722.4 1.8172 -0.19025 0.3148
798.2 44145 2879.8 2944.6 8793 0.13898 12301 4619.3 1.8172 -0.19007 0.31459
799.22 44553 2891.6 2929.5 8371.7 0.13926 11794 4447.5 1.8172 -0.18963 0.31608
801.03 45286 2912.9 2902.7 7669.9 0.13968 10979 4179.4 1.8173 -0.18884 0.31952
802.57 45913 2931.3 2879.8 7120.5 0.13994 10217 3894.4 1.8173 -0.18817 0.32004
803 46087 2936.5 2873.5 6975.9 0.13999 9997 3807.4 1.8173 -0.18798 0.31976
804.02 46506 2948.9 2858.5 6641.2 0.1401 9611.4 3681.2 1.8173 -0.18753 0.32191
805.83 47257 2971.3 2831.6 6100.5 0.14022 8945.1 3451 1.8174 -0.18673 0.3248
807.37 47899 2990.7 2808.8 5699.2 0.14025 8291 3182.5 1.8174 -0.18604 0.32302
807.8 48077 2996.1 2802.5 5592.8 0.14024 8124.2 3115.3 1.8174 -0.18585 0.32269
808.82 48505 3009.1 2787.4 5345 0.1402 7813.2 3005.9 1.8175 -0.18539 0.32407
810.63 49271 3032.6 2760.5 4928.5 0.14009 7233.2 2787.4 1.8175 -0.18457 0.32495
812.17 49925 3052.9 2737.7 4598.9 0.13992 6673.8 2553.8 1.8176 -0.18387 0.32242
812.6 50106 3058.6 2731.4 4511.6 0.13986 6529.6 2494.3 1.8176 -0.18368 0.32183
813.62 50542 3072.3 2716.3 4308.6 0.1397 6258 2394.6 1.8176 -0.18321 0.32259
815.43 51321 3097 2689.4 3981.1 0.13937 5759.7 2197.1 1.8176 -0.18237 0.3217
816.97 51985 3118.3 2666.6 3735.1 0.13903 5320.9 2009.4 1.8177 -0.18166 0.31829
817.4 52169 3124.2 2660.3 3669.4 0.13893 5215.5 1966.4 1.8177 -0.18146 0.3178
818.42 52610 3138.6 2645.2 3515.8 0.13867 5008.7 1889.9 1.8177 -0.18098 0.31828
820.23 53400 3164.4 2618.4 3255.1 0.13819 4617.5 1735.8 1.8177 -0.18013 0.31731
821.77 54073 3186.7 2595.5 3046.6 0.13774 4273.5 1593.9 1.8178 -0.17939 0.31487
822.2 54259 3192.9 2589.2 2991 0.13761 4182.5 1556.5 1.8178 -0.17919 0.3142
823.22 54706 3207.9 2574.2 2861.2 0.13728 4005.6 1490.7 1.8178 -0.1787 0.31442
825.04 55505 3234.9 2547.3 2641.5 0.1367 3694.6 1372.5 1.8179 -0.17783 0.31419
826.58 56185 3258.1 2524.5 2466.1 0.1362 3449.1 1279.9 1.8179 -0.17708 0.31414
827 56373 3264.6 2518.2 2419.4 0.13606 3382.6 1254.7 1.8179 -0.17687 0.31405
828.02 56825 3280.2 2503.1 2310.5 0.13573 3232.1 1198.3 1.8179 -0.17638 0.31415
829.84 57633 3308.3 2476.2 2126.5 0.13514 2976.2 1102.4 1.818 -0.17548 0.31422
831.38 58321 3332.4 2453.4 1980.1 0.13463 2772.7 1026.2 1.818 -0.17472 0.3143
831.8 58511 3339.2 2447.1 1941.2 0.1345 2713 1002.8 1.818 -0.17451 0.31387
832.82 58968 3355.4 2432 1850.4 0.13417 2591.5 958.24 1.818 -0.174 0.3143
834.64 59785 3384.6 2405.1 1697.4 0.13359 2364.3 870.85 1.8181 -0.17308 0.31305
836.18 60480 3409.7 2382.3 1576 0.13308 2151.3 784.39 1.8181 -0.1723 0.30861
836.6 60673 3416.7 2376 1543.8 0.13294 2097 762.63 1.8181 -0.17208 0.30754
837.62 61135 3433.6 2360.9 1468.8 0.13258 1985.1 719.73 1.8181 -0.17156 0.30644
839.44 61961 3464.1 2334.1 1342.7 0.13194 1767.2 633.45 1.8182 -0.17063 0.30086
840.98 62664 3490.4 2311.2 1243 0.13135 1589.9 562.51 1.8182 -0.16983 0.29501
841.4 62858 3497.7 2304.9 1216.6 0.13118 1547.3 546.05 1.8182 -0.1696 0.29387
842.35 63292 3514.1 2290.9 1159.5 0.13081 1466.5 516.4 1.8182 -0.16911 0.29275
844.33 64200 3548.8 2261.7 1047.5 0.13001 1281 443.86 1.8183 -0.16806 0.28614
846.8 65340 3593.1 2225.1 920.51 0.12896 1091.5 372.65 1.8183 -0.16675 0.28031
849.1 66407 3635.1 2190.9 814.12 0.128 957.97 326.37 1.8184 -0.1655 0.27888
850.62 67113 3663.3 2168.5 749.81 0.12738 864.68 292.86 1.8184 -0.16467 0.27498
851.01 67291 3670.5 2162.8 734.33 0.12722 843.43 285.35 1.8184 -0.16446 0.27421
851.24 67401 3674.9 2159.3 724.88 0.12713 830.12 280.6 1.8184 -0.16433 0.27365
851.74 67631 3684.2 2152 705.46 0.12692 802.93 270.92 1.8184 -0.16406 0.27248
852.35 67920 3695.9 2142.8 681.8 0.12667 770.5 259.45 1.8184 -0.16372 0.27115
852.93 68189 3706.9 2134.3 660.36 0.12644 742.07 249.49 1.8184 -0.1634 0.27009
853.31 68366 3714.1 2128.7 646.55 0.12628 723.98 243.17 1.8184 -0.16319 0.26944
853.41 68411 3716 2127.3 643.11 0.12625 719.37 241.55 1.8184 -0.16314 0.26924
853.64 68522 3720.5 2123.8 634.66 0.12615 707.75 237.43 1.8184 -0.16301 0.26867
854.14 68753 3730 2116.4 617.31 0.12594 680.96 227.62 1.8184 -0.16273 0.26667
854.75 69043 3741.9 2107.3 596.19 0.12568 643.14 213.29 1.8185 -0.16239 0.26261
855.33 69314 3753.1 2098.8 577.06 0.12543 603.36 197.77 1.8185 -0.16207 0.25708
855.71 69492 3760.6 2093.1 564.74 0.12526 575.38 186.69 1.8185 -0.16185 0.25262
855.81 69537 3762.4 2091.7 561.68 0.12522 568.28 183.87 1.8185 -0.1618 0.25144
856.04 69648 3767.1 2088.2 554.16 0.12511 551.05 177.03 1.8185 -0.16167 0.24855
856.54 69880 3776.8 2080.9 538.72 0.12485 513.66 162.59 1.8185 -0.16139 0.24154
857.16 70171 3789.1 2071.7 519.96 0.12451 464.79 144.8 1.8185 -0.16104 0.23087
857.73 70442 3800.7 2063.2 502.99 0.12416 416.79 127.21 1.8185 -0.16071 0.21918
858.11 70621 3808.3 2057.6 492.07 0.12391 384.63 115.39 1.8185 -0.1605 0.21076
858.21 70666 3810.3 2056.2 489.36 0.12384 377.07 112.73 1.8185 -0.16044 0.20871
858.44 70777 3815 2052.7 482.7 0.12368 360.13 107.31 1.8185 -0.16031 0.20396
858.94 71010 3825.1 2045.4 469.05 0.12332 329.8 97.594 1.8185 -0.16003 0.19561
859.56 71301 3837.8 2036.2 452 0.12283 295.65 86.633 1.8185 -0.15967 0.18608
860.13 71572 3849.7 2027.7 436.65 0.12235 264.09 76.494 1.8185 -0.15934 0.1765
860.51 71750 3857.6 2022.1 426.8 0.12202 243.87 70.565 1.8186 -0.15912 0.1695
860.61 71795 3859.5 2020.6 424.36 0.12194 238.71 69.116 1.8186 -0.15907 0.16758
860.81 71892 3863.9 2017.6 419.11 0.12175 228.45 66.232 1.8186 -0.15895 0.16381
861.29 72115 3873.8 2010.5 407.31 0.12131 206.43 60.04 1.8186 -0.15867 0.15554
862 72449 3888.9 2000 390.18 0.1206 175.41 51.313 1.8186 -0.15826 0.14317
862.92 72875 3908.3 1986.5 369.35 0.11963 141.82 42.956 1.8186 -0.15773 0.12731
863.97 73367 3931 1970.8 346.61 0.11842 107.8 34.862 1.8186 -0.15711 0.10886
865.11 73895 3955.8 1954 323.66 0.11701 78.405 28.696 1.8186 -0.15644 0.088977
866.27 74427 3981.2 1936.9 301.98 0.11546 53.003 23.505 1.8186 -0.15575 0.068799
867.37 74932 4005.8 1920.5 282.68 0.11386 33.685 20.486 1.8187 -0.15509 0.0495
868.36 75381 4028.1 1905.8 266.5 0.11234 18.558 18.169 1.8187 -0.1545 0.0322
869.18 75750 4046.7 1893.7 253.89 0.11103 9.789 16.991 1.8187 -0.154 0.017907
869.78 76018 4060.4 1884.8 245.08 0.11002 3.9247 16.177 1.8187 -0.15364 0.0074485
870.13 76171 4068.3 1879.7 240.16 0.10943 1.8024 15.766 1.8187 -0.15343 0.0034907
870.21 76208 4070.2 1878.5 239.01 0.10929 1.9915e-15 15.62 1.8187 -0.15338 0
870.21 76208 4070.2 1878.5 239.01 0.10929 1.9915e-15 15.62 1.8187 -0.15338 0
871.21 76652 4069.2 1878.5 222.73 0.10755 1.3562e-15 14.55 1.8187 -0.15277 0
872.21 77085 4068.2 1878.5 207.84 0.1058 -4.6625e-16 13.573 1.8187 -0.15217 0
873.21 77511 4067.2 1878.5 194.12 0.10406 3.7326e-16 12.672 1.8187 -0.15156 0
874.21 77930 4066.2 1878.5 181.46 0.10232 -1.1631e-15 11.841 1.8188 -0.15095 0
875.21 78342 4065.3 1878.5 169.78 0.10057 1.0338e-15 11.074 1.8188 -0.15034 0
876.21 78746 4064.3 1878.5 158.99 0.098825 9.6808e-16 10.366 1.8188 -0.14973 0
877.21 79144 4063.4 1878.5 149.02 0.097078 -3.343e-16 9.7128 1.8188 -0.14913 0
878.21 79534 4062.5 1878.5 139.8 0.095331 1.1201e-15 9.1087 1.8188 -0.14852 0
879.21 79917 4061.7 1878.5 131.28 0.093583 -2.9449e-16 8.5501 1.8188 -0.14791 0
880.21 80293 4060.8 1878.5 123.39 0.091834 2.3725e-16 8.0334 1.8188 -0.1473 0
881.21 80662 4060 1878.5 116.08 0.090085 -3.7201e-17 7.5551 1.8188 -0.1467 0
882.21 81023 4059.1 1878.5 109.32 0.088335 -3.5032e-17 7.1121 1.8188 -0.14609 0
883.21 81378 4058.3 1878.5 103.04 0.086584 -2.4766e-16 6.7017 1.8189 -0.14548 0
884.21 81725 4057.5 1878.5 97.224 0.084833 -2.3368e-16 6.3212 1.8189 -0.14487 0
885.21 82066 4056.8 1878.5 91.827 0.083081 -2.9428e-17 5.9682 1.8189 -0.14427 0
886.21 82399 4056 1878.5 86.816 0.081329 8.7639e-16 5.6407 1.8189 -0.14366 0
887.21 82725 4055.3 1878.5 82.161 0.079576 1.4482e-16 5.3365 1.8189 -0.14305 0
888.21 83043 4054.6 1878.5 77.837 0.077822 7.8575e-16 5.054 1.8189 -0.14244 0
889.21 83355 4053.9 1878.5 73.816 0.076068 5.914e-16 4.7915 1.8189 -0.14184 0
890.21 83659 4053.2 1878.5 70.077 0.074313 7.8602e-17 4.5474 1.8189 -0.14123 0
891.21 83957 4052.5 1878.5 66.598 0.072558 6.2961e-16 4.3203 1.8189 -0.14062 0
892.21 84247 4051.8 1878.5 63.359 0.070802 2.0305e-16 4.1089 1.8189 -0.14002 0
893.21 84530 4051.2 1878.5 60.343 0.069046 2.5623e-16 3.9122 1.8189 -0.13941 0
894.21 84806 4050.6 1878.5 57.532 0.067289 5.0703e-16 3.7289 1.819 -0.1388 0
895.21 85075 4050 1747.6 0 0.065532 0 0 1.819 -0.1382 0
896.21 85336 4049.4 1747.6 0 0.063774 0 0 1.819 -0.13759 0
897.21 85591 4048.8 1747.6 0 0.062016 0 0 1.819 -0.13698 0
898.21 85838 4048.3 1747.6 0 0.060257 0 0 1.819 -0.13637 0
899.21 86079 4047.7 1747.6 0 0.058498 0 0 1.819 -0.13577 0
900.21 86312 4047.2 1747.6 0 0.056739 0 0 1.819 -0.13516 0
901.21 86538 4046.7 1747.6 0 0.054979 0 0 1.819 -0.13456 0
902.21 86756 4046.2 1747.6 0 0.053219 0 0 1.819 -0.13395 0
903.21 86968 4045.8 1747.6 0 0.051458 0 0 1.819 -0.13334 0
904.21 87173 4045.3 1747.6 0 0.049697 0 0 1.819 -0.13274 0
905.21 87370 4044.9 1747.6 0 0.047936 0 0 1.819 -0.13213 0
906.21 87560 4044.5 1747.6 0 0.046174 0 0 1.819 -0.13152 0
907.21 87743 4044.1 1747.6 0 0.044412 0 0 1.819 -0.13092 0
908.21 87919 4043.7 1747.6 0 0.04265 0 0 1.819 -0.13031 0
909.21 88088 4043.3 1747.6 0 0.040887 0 0 1.819 -0.1297 0
910.21 88250 4043 1747.6 0 0.039124 -0 0 1.8191 -0.1291 0
911.21 88404 4042.7 1747.6 0 0.037361 -0 0 1.8191 -0.12849 0
912.21 88552 4042.3 1747.6 0 0.035598 -0 0 1.8191 -0.12789 0
913.21 88692 4042 1747.6 0 0.033834 0 0 1.8191 -0.12728 0
914.21 88825 4041.8 1747.6 0 0.03207 0 0 1.8191 -0.12667 0
915.21 88951 4041.5 1747.6 0 0.030306 -0 0 1.8191 -0.12607 0
916.21 89070 4041.2 1747.6 0 0.028542 0 0 1.8191 -0.12546 0
917.21 89182 4041 1747.6 0 0.026777 0 0 1.8191 -0.12485 0
918.21 89287 4040.8 1747.6 0 0.025012 -0 0 1.8191 -0.12425 0
919.21 89384 4040.6 1747.6 0 0.023248 0 0 1.8191 -0.12364 0
920.21 89474 4040.4 1747.6 0 0.021483 -0 0 1.8191 -0.12304 0
921.21 89558 4040.3 1747.6 0 0.019717 -0 0 1.8191 -0.12243 0
922.21 89634 4040.1 1747.6 0 0.017952 -0 0 1.8191 -0.12182 0
923.21 89703 4040 1747.6 0 0.016187 -0 0 1.8191 -0.12122 0
924.21 89765 4039.9 1747.6 0 0.014421 0 0 1.8191 -0.12061 0
925.21 89819 4039.8 1747.6 0 0.012656 -0 0 1.8191 -0.12001 0
926.21 89867 4039.7 1747.6 0 0.01089 0 0 1.8191 -0.1194 0
927.21 89907 4039.6 1747.6 0 0.0091246 -0 0 1.8191 -0.11879 0
928.21 89941 4039.6 1747.6 0 0.0073589 0 0 1.8191 -0.11819 0
929.21 89967 4039.6 1747.6 0 0.0055932 -0 0 1.8191 -0.11758 0
930.21 89986 4039.6 1747.6 0 0.0038274 -0 0 1.8191 -0.11698 0
931.21 89998 4039.6 1747.6 0 0.0020617 0 0 1.8191 -0.11637 0
932.21 90002 4039.6 1747.6 0 0.00029591 0 0 1.8191 -0.11576 0
933.21 90000 4039.6 1747.6 0 0 0 0 1.8191 -0.11516 0
