time (s) altitude (m) velocity (m/s) mass (kg)trajectory angle (rad) angle of attack (rad) heading angle (rad) latitude (rad)
0 150 30 29370 1.5691 0 1.6944 -0.21673 2.3889
2.643 241.3 39.161 28989 1.5637 -0.0045433 1.7878 -0.21673 2.3889
7.3503 465.9 56.508 28311 1.5335 -0.0086776 1.8044 -0.21673 2.3889
11.344 722.3 72.304 27736 1.4879 -0.0075651 1.8233 -0.21673 2.3889
12.447 804.2 76.853 27578 1.4727 -0.0068297 1.8204 -0.21673 2.3889
15.09 1020.5 88.099 27197 1.4319 -0.0044482 1.8231 -0.21673 2.3889
19.797 1477.1 109.44 26520 1.3501 0.0019813 1.8264 -0.21671 2.3889
23.791 1937.1 129.01 25945 1.2799 0.0089339 1.8284 -0.2167 2.3889
24.894 2076 134.67 25786 1.2615 0.010788 1.8289 -0.21669 2.3889
27.537 2430 148.7 25406 1.2202 0.015313 1.8299 -0.21667 2.3889
32.244 3136.5 175.22 24729 1.1613 0.022168 1.8316 -0.21663 2.3889
36.238 3816.8 199.29 24155 1.1298 0.026312 1.8328 -0.21658 2.3889
37.341 4018.7 206.2 23996 1.1244 0.027252 1.8331 -0.21657 2.3889
39.984 4529.4 223.22 23616 1.1177 0.029219 1.8339 -0.21653 2.3889
44.691 5542.3 255.2 22939 1.125 0.029276 1.8353 -0.21645 2.3889
48.685 6516.4 283.66 22365 1.1406 0.024381 1.8365 -0.21639 2.3888
49.788 6805 291.61 22207 1.1441 0.022323 1.8369 -0.21637 2.3888
52.431 7527.6 308.48 21827 1.1433 0.016577 1.8377 -0.21632 2.3888
57.138 8897.9 334.99 21151 1.109 0.0036166 1.8392 -0.21622 2.3888
61.132 10117 357.65 20577 1.0483 -0.0076956 1.8403 -0.21612 2.3888
62.235 10460 364.57 20418 1.0278 -0.010199 1.8405 -0.21609 2.3888
64.878 11291 382.47 20038 0.97431 -0.015897 1.8412 -0.21601 2.3887
69.585 12793 420.02 19362 0.87022 -0.023123 1.8421 -0.21584 2.3887
73.579 14079 457.99 18788 0.77968 -0.027626 1.8428 -0.21566 2.3886
74.682 14434 469.48 18629 0.75497 -0.02912 1.843 -0.2156 2.3886
77.325 15282 498.95 18249 0.69628 -0.03286 1.8433 -0.21546 2.3886
82.032 16774 558.68 17572 0.59469 -0.041728 1.8439 -0.21516 2.3885
86.026 18006 617.9 16997 0.51306 -0.050846 1.8444 -0.21486 2.3884
87.129 18338 635.87 16839 0.49166 -0.053253 1.8445 -0.21476 2.3884
89.772 19122 681.95 16458 0.44318 -0.058716 1.8447 -0.21453 2.3883
94.479 20465 774.63 15781 0.36743 -0.064785 1.8451 -0.21406 2.3882
98.473 21551 863.05 15206 0.31215 -0.065122 1.8454 -0.21359 2.388
99.576 21841 888.81 15047 0.29772 -0.064602 1.8455 -0.21345 2.388
102.22 22515 952.77 14666 0.26398 -0.062566 1.8456 -0.2131 2.3879
106.93 23618 1073.2 13988 0.20472 -0.054942 1.8459 -0.2124 2.3877
110.92 24423 1182.1 13412 0.15571 -0.044909 1.846 -0.21174 2.3875
112.02 24619 1213.4 13253 0.14284 -0.04203 1.8461 -0.21154 2.3874
114.67 25041 1291.1 12872 0.11338 -0.034894 1.8462 -0.21105 2.3873
119.37 25616 1437.9 12194 0.069155 -0.020717 1.8463 -0.21008 2.387
123.37 25950 1569.6 11618 0.044763 -0.0064389 1.8464 -0.20918 2.3868
124.47 26025 1606.9 11459 0.040927 -0.0022041 1.8464 -0.20892 2.3867
