time (s) altitude (m) longitude (rad) latitude (rad) velocity (m/s) trajectory angle (rad) heading angle (rad) angle of attack (rad) bank angle (rad) fuel mass (kg) 
124.47 26025 2.3867 -0.20892 1606.9 0.040927 1.8464 -0.0022041 1562
142.93 26733 2.3854 -0.20439 1656.4 0.018995 1.8467 0.022125 1519.5
175.8 29686 2.383 -0.196 1738.8 0.097307 1.8474 0.078893 1434.4
203.69 35857 2.3809 -0.18876 1724.4 0.14547 1.8483 0.093786 1393.9
211.39 37720 2.3803 -0.1868 1695.4 0.12091 1.8485 0.084165 1398.6
229.84 40492 2.379 -0.18217 1665.7 0.055302 1.849 0.074793 1398.6
262.72 39541 2.3766 -0.17402 1657.2 -0.089763 1.8493 0.056789 1398.6
290.61 33133 2.3746 -0.16712 1668.2 -0.17783 1.8491 0.059389 1398.6
298.31 30801 2.374 -0.16523 1667.5 -0.1852 1.849 0.06268 1398.6
316.76 26276 2.3727 -0.16053 1757.6 -0.090351 1.8488 0.065001 1341.3
349.63 28372 2.3701 -0.15147 1919.6 0.14037 1.8492 0.046416 1203.1
377.52 37171 2.3677 -0.14344 1934.9 0.13483 1.8501 0.02775 1153.6
385.22 38685 2.3671 -0.14124 1913.1 0.10867 1.8503 0.029536 1157.5
403.68 41302 2.3656 -0.136 1891.3 0.039592 1.8506 0.034691 1158.6
436.55 39721 2.3629 -0.12675 1879.2 -0.085133 1.8508 0.059673 1153.5
464.44 33560 2.3606 -0.1189 1909.6 -0.13474 1.8505 0.072481 1188.4
472.14 31590 2.36 -0.11671 1933.1 -0.12695 1.8504 0.068641 1220.9
490.6 28278 2.3584 -0.11127 2013.4 -0.052969 1.8503 0.053257 1160.5
523.47 29127 2.3555 -0.10096 2168.5 0.060608 1.8505 0.018757 1032.3
551.36 32883 2.3528 -0.091719 2242.3 0.03301 1.8509 0.013797 959.7
559.06 33125 2.3521 -0.089127 2252.3 0.024819 1.851 0.015852 945.95
577.52 33600 2.3502 -0.082857 2280.6 -0.0013561 1.851 0.01982 912.47
610.39 32208 2.347 -0.071476 2339.9 -0.029348 1.8511 0.022833 844.5
638.28 30495 2.3441 -0.06157 2399 -0.015507 1.851 0.025332 763.91
645.98 30313 2.3433 -0.058788 2415 -0.0033533 1.851 0.028258 736.87
664.43 30889 2.3414 -0.052058 2444.6 0.025686 1.8511 0.024471 672.8
697.31 33283 2.3379 -0.039927 2473.9 0.023454 1.8513 0.01072 584.17
725.2 33590 2.3349 -0.029539 2495.5 -0.02038 1.8514 0.008795 530.25
732.9 33033 2.334 -0.026653 2504.5 -0.028714 1.8513 -0.0036486 513.47
751.35 30974 2.332 -0.019681 2535.8 -0.044691 1.8512 0.016854 463.51
784.22 31250 2.3284 -0.007084 2568.3 0.065696 1.8513 0.05865 334.19
812.11 39344 2.3254 0.0035401 2524.9 0.14743 1.8517 0.040604 266.16
819.81 42198 2.3245 0.0063977 2503.9 0.11786 1.8519 0.02809 274.3
838.27 46438 2.3226 0.013248 2479.2 0.064947 1.8521 0.011686 274.3
871.14 47222 2.319 0.025396 2469.8 -0.047064 1.8521 -0.010247 274.3
899.03 40824 2.3161 0.035687 2483.8 -0.13546 1.8517 0.0096841 274.3
906.73 38046 2.3153 0.038524 2488.8 -0.15539 1.8516 0.022267 274.3
925.19 30880 2.3133 0.045387 2518.8 -0.12869 1.8511 0.051075 233.92
958.06 30871 2.3097 0.057758 2518.2 0.14685 1.8511 0.092214 74.065
985.95 47399 2.3068 0.067868 2413.7 0.29572 1.852 0.082488 0.64441
993.65 52622 2.306 0.070475 2394.2 0.24949 1.8523 0.069402 7.9293
