time (s) altitude (m) velocity (m/s) mass (kg)trajectory angle (rad) angle of attack (rad) heading angle (rad) latitude (rad)
0 90 30 29388 1.5691 0 0.02322 -0.2123 2.3868
0.17531 95.311 30.593 29363 1.569 -0.00049631 0.046558 -0.2123 2.3868
0.5616 107.38 31.905 29307 1.5687 -0.0015815 0.093716 -0.2123 2.3868
1.0987 125.01 33.745 29230 1.568 -0.0030422 0.14527 -0.2123 2.3868
1.7048 146.1 35.842 29142 1.5666 -0.0045885 0.18466 -0.2123 2.3868
2.2877 167.58 37.878 29058 1.5647 -0.0059582 0.20943 -0.2123 2.3868
2.7585 185.81 39.538 28991 1.5628 -0.0069788 0.22338 -0.2123 2.3868
3.0458 197.31 40.557 28949 1.5614 -0.0075677 0.2301 -0.2123 2.3868
3.1158 200.16 40.806 28939 1.5611 -0.0077083 0.23156 -0.2123 2.3868
3.2911 207.37 41.432 28914 1.5602 -0.0080571 0.23498 -0.2123 2.3868
3.6774 223.64 42.815 28858 1.558 -0.0087945 0.24143 -0.2123 2.3868
4.2146 247.15 44.755 28781 1.5545 -0.0097315 0.24848 -0.2123 2.3868
4.8207 274.94 46.964 28694 1.55 -0.010657 0.25452 -0.2123 2.3868
5.4035 302.93 49.109 28610 1.545 -0.011412 0.25898 -0.2123 2.3868
5.8744 326.46 50.857 28542 1.5406 -0.011929 0.2619 -0.2123 2.3868
6.1616 341.21 51.931 28501 1.5378 -0.012207 0.26344 -0.2123 2.3868
6.2317 344.86 52.193 28490 1.5371 -0.012272 0.26379 -0.2123 2.3868
6.407 354.06 52.851 28465 1.5352 -0.01243 0.26463 -0.2123 2.3868
6.7933 374.74 54.309 28410 1.531 -0.012746 0.26632 -0.2123 2.3868
7.3304 404.43 56.351 28332 1.5247 -0.013094 0.26833 -0.2123 2.3868
7.9365 439.25 58.677 28245 1.517 -0.013355 0.27023 -0.2123 2.3868
8.5194 474.05 60.936 28161 1.509 -0.01347 0.27177 -0.2123 2.3868
8.9902 503.11 62.778 28093 1.5022 -0.013471 0.27285 -0.2123 2.3868
9.2775 521.26 63.909 28052 1.4979 -0.013435 0.27345 -0.2123 2.3868
9.3475 525.73 64.186 28042 1.4968 -0.013423 0.27359 -0.2123 2.3868
9.5228 537.02 64.88 28017 1.4941 -0.013391 0.27393 -0.2123 2.3868
9.9091 562.29 66.416 27961 1.488 -0.013287 0.27462 -0.2123 2.3868
10.446 598.41 68.57 27884 1.4791 -0.013055 0.27549 -0.2123 2.3868
11.052 640.51 71.029 27796 1.4686 -0.012665 0.27635 -0.2123 2.3868
11.635 682.36 73.418 27712 1.458 -0.012158 0.27709 -0.2123 2.3868
12.106 717.15 75.369 27645 1.4491 -0.011661 0.27762 -0.2123 2.3868
12.393 738.81 76.568 27603 1.4436 -0.011323 0.27793 -0.2123 2.3868
12.463 744.13 76.861 27593 1.4423 -0.011239 0.278 -0.2123 2.3868
12.697 762.06 77.843 27560 1.4377 -0.010949 0.27823 -0.2123 2.3868
13.212 802.33 80.022 27485 1.4274 -0.010251 0.27871 -0.2123 2.3868
13.928 860.07 83.089 27382 1.4126 -0.0091179 0.27931 -0.2123 2.3868
14.736 927.68 86.603 27266 1.3954 -0.0076039 0.27991 -0.2123 2.3868
15.514 995.15 90.036 27154 1.3784 -0.0059108 0.28042 -0.2123 2.3868
16.141 1051.4 92.847 27064 1.3644 -0.0043859 0.28079 -0.2123 2.3868
16.524 1086.5 94.578 27009 1.3559 -0.0033937 0.28101 -0.2123 2.3868
16.618 1095.2 95.002 26995 1.3538 -0.0031477 0.28106 -0.2123 2.3868
16.852 1117 96.066 26962 1.3485 -0.0025259 0.28118 -0.2123 2.3868
17.367 1165.7 98.426 26887 1.3368 -0.0011075 0.28144 -0.2123 2.3868
18.083 1235.3 101.75 26784 1.3207 0.00099724 0.28178 -0.2123 2.3868
18.891 1316.3 105.58 26668 1.3028 0.0035519 0.28213 -0.2123 2.3868
19.668 1396.6 109.31 26556 1.2858 0.0061611 0.28244 -0.21229 2.3869
20.296 1463.3 112.37 26466 1.2723 0.0083399 0.28268 -0.21229 2.3869
20.679 1504.7 114.26 26411 1.2642 0.0096873 0.28282 -0.21229 2.3869
20.772 1514.9 114.73 26397 1.2623 0.010016 0.28285 -0.21229 2.3869
21.006 1540.5 115.89 26364 1.2575 0.01084 0.28293 -0.21229 2.3869
21.521 1597.9 118.47 26290 1.247 0.012657 0.2831 -0.21229 2.3869
22.237 1679.3 122.1 26186 1.2329 0.015166 0.28333 -0.21229 2.3869
23.045 1773.7 126.26 26070 1.2177 0.017924 0.28357 -0.21229 2.3869
23.823 1867 130.32 25958 1.204 0.020456 0.2838 -0.21229 2.3869
24.45 1944.2 133.64 25868 1.1934 0.0224 0.28397 -0.21229 2.3869
24.833 1992.1 135.69 25813 1.1873 0.023547 0.28407 -0.21229 2.3869
24.927 2003.9 136.19 25799 1.1858 0.023824 0.2841 -0.21228 2.3869
25.837 2120.6 141.12 25668 1.1722 0.026409 0.28433 -0.21228 2.3869
27.803 2384.5 151.99 25386 1.1471 0.030862 0.2848 -0.21228 2.3869
30.427 2763.6 167 25008 1.122 0.034097 0.28537 -0.21227 2.3869
33.19 3197.6 183.43 24611 1.1043 0.034699 0.28593 -0.21226 2.387
35.545 3597.5 197.97 24272 1.0951 0.034117 0.28637 -0.21225 2.387
37.025 3863.9 207.35 24059 1.0918 0.033824 0.28664 -0.21225 2.387
37.39 3931.5 209.69 24007 1.0914 0.033749 0.28671 -0.21224 2.387
37.565 3964.2 210.82 23982 1.0912 0.033728 0.28674 -0.21224 2.387
37.952 4036.8 213.32 23926 1.0909 0.033687 0.28681 -0.21224 2.387
38.489 4139.3 216.82 23849 1.0907 0.033653 0.28691 -0.21224 2.387
39.095 4256.9 220.79 23762 1.0909 0.03365 0.28702 -0.21224 2.3871
39.678 4372.1 224.65 23678 1.0915 0.033686 0.28712 -0.21223 2.3871
40.149 4466.6 227.78 23610 1.0922 0.033739 0.2872 -0.21223 2.3871
40.436 4525 229.7 23569 1.0928 0.033779 0.28725 -0.21223 2.3871
40.506 4539.3 230.17 23559 1.0929 0.033789 0.28726 -0.21223 2.3871
40.681 4575.2 231.35 23534 1.0934 0.033816 0.28729 -0.21223 2.3871
41.068 4655 233.96 23478 1.0944 0.03388 0.28736 -0.21223 2.3871
41.605 4767.6 237.61 23401 1.0961 0.033976 0.28746 -0.21222 2.3871
42.211 4896.9 241.76 23314 1.0985 0.034079 0.28756 -0.21222 2.3871
42.794 5023.5 245.78 23230 1.1012 0.034151 0.28766 -0.21222 2.3871
43.264 5127.5 249.06 23162 1.1036 0.034178 0.28775 -0.21222 2.3871
43.552 5191.6 251.07 23121 1.1053 0.034182 0.2878 -0.21221 2.3871
43.622 5207.4 251.56 23111 1.1057 0.034181 0.28781 -0.21221 2.3871
43.797 5246.9 252.79 23086 1.1067 0.034179 0.28784 -0.21221 2.3871
44.183 5334.7 255.51 23030 1.1092 0.034157 0.28791 -0.21221 2.3871
44.72 5458.6 259.32 22953 1.1128 0.034059 0.288 -0.21221 2.3871
45.327 5600.9 263.66 22866 1.1172 0.033827 0.28811 -0.21221 2.3872
45.909 5740.3 267.86 22782 1.1217 0.033471 0.28821 -0.2122 2.3872
46.38 5854.8 271.27 22714 1.1255 0.033085 0.28829 -0.2122 2.3872
46.668 5925.4 273.36 22673 1.1279 0.032808 0.28834 -0.2122 2.3872
46.738 5942.7 273.87 22663 1.1285 0.032737 0.28835 -0.2122 2.3872
46.913 5986.2 275.15 22638 1.1299 0.032554 0.28839 -0.2122 2.3872
47.299 6082.9 277.98 22582 1.1332 0.032111 0.28845 -0.2122 2.3872
47.836 6219.3 281.93 22505 1.1378 0.031391 0.28855 -0.21219 2.3872
48.442 6375.8 286.35 22418 1.1429 0.03043 0.28866 -0.21219 2.3872
49.025 6528.9 290.49 22334 1.1473 0.029354 0.28876 -0.21219 2.3872
49.496 6654.4 293.72 22267 1.1505 0.028378 0.28885 -0.21218 2.3872
49.783 6731.7 295.64 22225 1.1523 0.027737 0.2889 -0.21218 2.3872
49.853 6750.6 296.11 22215 1.1527 0.027577 0.28891 -0.21218 2.3872
50.764 6999.7 301.97 22084 1.1571 0.0253 0.28908 -0.21218 2.3873
52.73 7554.5 313.65 21802 1.1605 0.019102 0.28944 -0.21217 2.3873
55.354 8325.2 327.81 21425 1.1493 0.0080162 0.28991 -0.21215 2.3873
58.117 9164.1 342.33 21028 1.1162 -0.0048754 0.29038 -0.21213 2.3874
60.471 9894.5 355.67 20689 1.0739 -0.013661 0.29075 -0.21212 2.3875
61.951 10359 364.8 20477 1.0431 -0.017687 0.29097 -0.2121 2.3875
62.317 10474 367.13 20424 1.035 -0.018577 0.29102 -0.2121 2.3875
62.457 10519 368.04 20404 1.0319 -0.018893 0.29104 -0.2121 2.3875
62.766 10616 370.05 20360 1.025 -0.019568 0.29108 -0.2121 2.3875
63.196 10752 372.89 20298 1.0153 -0.020444 0.29114 -0.21209 2.3875
63.681 10906 376.16 20228 1.0041 -0.021344 0.29121 -0.21209 2.3876
64.147 11054 379.36 20161 0.99326 -0.022121 0.29127 -0.21209 2.3876
64.524 11174 381.99 20107 0.98438 -0.022688 0.29132 -0.21208 2.3876
64.753 11247 383.62 20074 0.97894 -0.023009 0.29135 -0.21208 2.3876
64.809 11265 384.02 20066 0.97761 -0.023086 0.29136 -0.21208 2.3876
64.95 11310 385.02 20046 0.97427 -0.023276 0.29137 -0.21208 2.3876
65.259 11408 387.26 20001 0.96688 -0.023674 0.29141 -0.21207 2.3876
65.688 11545 390.42 19940 0.95657 -0.024171 0.29147 -0.21207 2.3876
66.173 11700 394.06 19870 0.94487 -0.024654 0.29153 -0.21207 2.3876
66.64 11849 397.64 19803 0.9336 -0.025039 0.29159 -0.21206 2.3877
67.016 11969 400.57 19749 0.92448 -0.0253 0.29163 -0.21206 2.3877
67.246 12043 402.39 19716 0.91891 -0.025441 0.29166 -0.21205 2.3877
67.302 12061 402.84 19708 0.91755 -0.025474 0.29167 -0.21205 2.3877
67.442 12106 403.96 19688 0.91416 -0.025556 0.29168 -0.21205 2.3877
67.751 12205 406.45 19643 0.90668 -0.025723 0.29172 -0.21205 2.3877
68.181 12342 409.96 19581 0.89631 -0.025918 0.29177 -0.21204 2.3877
68.666 12497 414.01 19512 0.88463 -0.026084 0.29183 -0.21204 2.3877
69.132 12647 417.98 19445 0.87346 -0.026196 0.29188 -0.21203 2.3878
69.509 12768 421.24 19391 0.86448 -0.02626 0.29192 -0.21203 2.3878
69.739 12841 423.26 19358 0.85903 -0.026292 0.29195 -0.21202 2.3878
69.795 12859 423.75 19349 0.8577 -0.0263 0.29195 -0.21202 2.3878
69.935 12904 424.99 19329 0.85438 -0.026318 0.29197 -0.21202 2.3878
70.244 13003 427.75 19285 0.8471 -0.026355 0.292 -0.21202 2.3878
70.674 13141 431.65 19223 0.83703 -0.026397 0.29205 -0.21201 2.3878
71.159 13296 436.13 19153 0.82576 -0.026439 0.2921 -0.21201 2.3878
71.625 13446 440.52 19086 0.81502 -0.026483 0.29215 -0.212 2.3879
72.002 13567 444.12 19032 0.80641 -0.026525 0.29219 -0.212 2.3879
72.231 13640 446.35 18999 0.80119 -0.026555 0.29222 -0.21199 2.3879
72.287 13658 446.9 18991 0.79992 -0.026563 0.29222 -0.21199 2.3879
72.428 13703 448.27 18971 0.79675 -0.026583 0.29224 -0.21199 2.3879
72.737 13802 451.31 18927 0.7898 -0.02663 0.29227 -0.21198 2.3879
73.166 13940 455.61 18865 0.7802 -0.026716 0.29231 -0.21198 2.3879
73.651 14095 460.54 18795 0.76948 -0.026848 0.29236 -0.21197 2.388
74.118 14245 465.37 18728 0.75926 -0.027019 0.29241 -0.21196 2.388
74.494 14365 469.34 18674 0.75108 -0.027188 0.29245 -0.21196 2.388
74.724 14439 471.78 18641 0.74612 -0.027302 0.29247 -0.21195 2.388
74.78 14457 472.38 18633 0.74491 -0.027331 0.29248 -0.21195 2.388
75.691 14748 482.29 18502 0.72548 -0.027903 0.29256 -0.21194 2.3881
77.656 15377 504.81 18219 0.68444 -0.030334 0.29275 -0.21191 2.3882
80.281 16212 537.32 17842 0.63043 -0.036235 0.29299 -0.21186 2.3883
83.044 17080 574.82 17444 0.57307 -0.045647 0.29324 -0.2118 2.3885
85.398 17807 609.9 17106 0.52366 -0.055065 0.29344 -0.21175 2.3887
86.878 18254 633.66 16893 0.49304 -0.06027 0.29356 -0.21171 2.3888
87.244 18364 639.73 16840 0.48563 -0.061422 0.29359 -0.2117 2.3889
88.154 18634 655.25 16709 0.46748 -0.064165 0.29367 -0.21168 2.389
90.12 19207 690.57 16426 0.43001 -0.068986 0.29383 -0.21162 2.3891
92.744 19950 741.45 16048 0.38393 -0.072885 0.29404 -0.21154 2.3894
95.507 20702 799.35 15651 0.33994 -0.0743 0.29425 -0.21145 2.3897
97.861 21317 851.94 15312 0.30543 -0.073555 0.29444 -0.21137 2.39
99.341 21691 886.42 15098 0.28485 -0.072179 0.29455 -0.21131 2.3902
99.707 21782 895.1 15046 0.27987 -0.071701 0.29458 -0.2113 2.3902
99.882 21825 899.28 15020 0.2775 -0.071469 0.29459 -0.21129 2.3903
100.27 21920 908.55 14965 0.2723 -0.070937 0.29462 -0.21128 2.3903
100.81 22050 921.54 14887 0.26512 -0.070136 0.29467 -0.21126 2.3904
101.41 22196 936.35 14800 0.2571 -0.069128 0.29471 -0.21123 2.3905
101.99 22333 950.73 14716 0.24944 -0.068048 0.29476 -0.21121 2.3905
102.47 22443 962.44 14648 0.24329 -0.067098 0.2948 -0.21119 2.3906
102.75 22510 969.63 14607 0.23955 -0.066489 0.29482 -0.21118 2.3907
102.82 22526 971.39 14597 0.23864 -0.066339 0.29482 -0.21117 2.3907
103 22566 975.79 14572 0.23637 -0.06596 0.29484 -0.21116 2.3907
103.38 22654 985.54 14516 0.23137 -0.0651 0.29487 -0.21115 2.3907
103.92 22774 999.18 14439 0.22444 -0.06383 0.29491 -0.21112 2.3908
104.53 22908 1014.7 14351 0.21665 -0.062283 0.29496 -0.2111 2.3909
105.11 23033 1029.7 14267 0.20919 -0.06068 0.295 -0.21107 2.391
105.58 23133 1042 14199 0.20319 -0.059314 0.29504 -0.21105 2.3911
105.87 23193 1049.5 14158 0.19955 -0.058456 0.29506 -0.21104 2.3911
105.94 23208 1051.3 14148 0.19866 -0.058245 0.29507 -0.21103 2.3911
106.11 23244 1055.9 14123 0.19644 -0.057716 0.29508 -0.21102 2.3912
106.5 23323 1066 14067 0.19157 -0.056534 0.29511 -0.21101 2.3912
107.04 23431 1080.2 13990 0.18483 -0.054845 0.29515 -0.21098 2.3913
107.64 23550 1096.4 13902 0.17729 -0.052881 0.2952 -0.21095 2.3914
108.23 23661 1112.1 13818 0.17011 -0.050958 0.29525 -0.21092 2.3915
108.7 23749 1124.8 13751 0.16437 -0.0494 0.29528 -0.2109 2.3916
108.98 23801 1132.6 13709 0.1609 -0.048451 0.29531 -0.21088 2.3916
109.05 23814 1134.5 13699 0.16006 -0.04822 0.29531 -0.21088 2.3916
109.23 23845 1139.3 13674 0.15796 -0.047643 0.29533 -0.21087 2.3917
109.62 23914 1150 13618 0.15335 -0.046378 0.29536 -0.21085 2.3917
110.15 24007 1164.8 13541 0.14702 -0.044653 0.2954 -0.21082 2.3918
110.76 24109 1181.8 13453 0.13999 -0.042778 0.29545 -0.21079 2.3919
111.34 24203 1198.3 13369 0.13334 -0.041062 0.29549 -0.21076 2.392
111.81 24277 1211.7 13301 0.12804 -0.039736 0.29553 -0.21073 2.3921
112.1 24321 1220 13260 0.12484 -0.03895 0.29555 -0.21072 2.3922
112.17 24332 1222 13250 0.12406 -0.038759 0.29556 -0.21071 2.3922
112.35 24358 1227 13225 0.12213 -0.038285 0.29557 -0.2107 2.3922
112.73 24415 1238.3 13169 0.1179 -0.037256 0.29561 -0.21068 2.3923
113.27 24492 1254 13092 0.1121 -0.03588 0.29565 -0.21065 2.3924
113.88 24575 1271.9 13004 0.10567 -0.034407 0.2957 -0.21062 2.3925
114.46 24652 1289.3 12920 0.099593 -0.033056 0.29574 -0.21058 2.3926
114.93 24711 1303.5 12852 0.094771 -0.03199 0.29578 -0.21056 2.3927
115.22 24746 1312.2 12811 0.091868 -0.031344 0.29581 -0.21054 2.3928
115.29 24754 1314.3 12801 0.091164 -0.031186 0.29581 -0.21054 2.3928
115.46 24775 1319.7 12776 0.089412 -0.030791 0.29583 -0.21052 2.3928
115.85 24820 1331.5 12720 0.085592 -0.029916 0.29586 -0.2105 2.3929
116.38 24879 1348.1 12642 0.080385 -0.028668 0.2959 -0.21047 2.393
116.99 24943 1366.9 12555 0.074668 -0.027179 0.29595 -0.21043 2.3932
117.57 25001 1385.2 12471 0.069353 -0.025638 0.296 -0.21039 2.3933
118.04 25045 1400.1 12403 0.06521 -0.024307 0.29604 -0.21037 2.3934
118.33 25071 1409.2 12362 0.062755 -0.02346 0.29606 -0.21035 2.3934
118.4 25077 1411.4 12352 0.062165 -0.023251 0.29607 -0.21034 2.3935
118.58 25092 1417 12326 0.060704 -0.022723 0.29608 -0.21033 2.3935
118.96 25125 1429.3 12271 0.057568 -0.021527 0.29611 -0.21031 2.3936
119.5 25167 1446.5 12193 0.05341 -0.019767 0.29616 -0.21027 2.3937
120.11 25212 1466.1 12106 0.049034 -0.017641 0.29621 -0.21023 2.3938
120.69 25253 1484.9 12022 0.045182 -0.015451 0.29626 -0.21019 2.394
121.16 25284 1500.2 11954 0.042355 -0.013582 0.2963 -0.21016 2.3941
121.45 25302 1509.6 11913 0.040766 -0.012401 0.29632 -0.21014 2.3941
121.52 25306 1511.9 11902 0.040395 -0.01211 0.29633 -0.21013 2.3941
121.69 25317 1517.6 11877 0.039496 -0.011377 0.29634 -0.21012 2.3942
122.08 25339 1530.3 11821 0.037661 -0.0097275 0.29638 -0.2101 2.3943
122.62 25369 1548 11744 0.035379 -0.0073421 0.29642 -0.21006 2.3944
123.22 25402 1568.1 11657 0.033133 -0.0045237 0.29647 -0.21001 2.3945
123.81 25431 1587.7 11573 0.031327 -0.0016995 0.29652 -0.20997 2.3947
124.28 25454 1603.6 11505 0.030119 0.00063454 0.29656 -0.20994 2.3948
124.56 25468 1613.4 11463 0.029498 0.0020697 0.29659 -0.20992 2.3949
124.63 25471 1615.8 11453 0.029358 0.0024194 0.2966 -0.20991 2.3949
