9  0.00   0.070  0.000  0.070  0.000 
9  2.00   0.070  0.081  0.072  0.079 
9  4.00   0.070  0.202  0.083  0.197 
9  6.00   0.069  0.341  0.105  0.332 
9  8.00   0.069  0.492  0.137  0.478 
9  10.00  0.069  0.665  0.183  0.643 
9  12.00  0.068  0.871  0.248  0.838 
9  14.00  0.068  1.100  0.332  1.051 
9  16.00  0.067  1.351  0.437  1.280 
9  18.00  0.067  1.621  0.564  1.521 
9  20.00  0.066  1.910  0.715  1.772 
10 0.00   0.067  0.000  0.067  0.000
10 2.00   0.067  0.081  0.070  0.079
10 4.00   0.067  0.202  0.081  0.197
10 6.00   0.067  0.336  0.102  0.327
10 8.00   0.067  0.487  0.134  0.473
10 10.00  0.066  0.665  0.181  0.643
10 12.00  0.066  0.871  0.246  0.839
10 14.00  0.065  1.101  0.330  1.052
10 16.00  0.065  1.351  0.435  1.281
10 18.00  0.064  1.622  0.562  1.522
10 20.00  0.064  1.911  0.713  1.774
11 0.00   0.065  0.000  0.065  0.000
11 2.00   0.065  0.081  0.067  0.079
11 4.00   0.065  0.202  0.079  0.197
11 6.00   0.064  0.333  0.099  0.324
11 8.00   0.064  0.483  0.131  0.469
11 10.00  0.064  0.665  0.178  0.644
11 12.00  0.064  0.872  0.243  0.839
11 14.00  0.063  1.101  0.328  1.053
11 16.00  0.063  1.351  0.433  1.282
11 18.00  0.062  1.622  0.560  1.523
11 20.00  0.061  1.911  0.711  1.775
12 0.00   0.061  0.000  0.061  0.000
12 2.00   0.061  0.082  0.064  0.080
12 4.00   0.061  0.201  0.075  0.196
12 6.00   0.061  0.329  0.095  0.321
12 8.00   0.061  0.482  0.127  0.468
12 10.00  0.061  0.665  0.175  0.644
12 12.00  0.060  0.872  0.240  0.840
12 14.00  0.060  1.101  0.325  1.054
12 16.00  0.060  1.352  0.430  1.283
12 18.00  0.059  1.622  0.558  1.525
12 20.00  0.059  1.912  0.709  1.776
13 0.00   0.057  0.000  0.057  0.000
13 2.00   0.056  0.083  0.059  0.081
13 4.00   0.056  0.198  0.070  0.194
13 6.00   0.056  0.327  0.090  0.319
13 8.00   0.056  0.482  0.123  0.469
13 10.00  0.056  0.665  0.171  0.645
13 12.00  0.056  0.872  0.236  0.841
13 14.00  0.055  1.101  0.320  1.055
13 16.00  0.055  1.352  0.426  1.285
13 18.00  0.055  1.623  0.553  1.526
13 20.00  0.054  1.912  0.705  1.778
14 0.00   0.058  0.000  0.058  0.000
14 2.00   0.058  0.083  0.061  0.081
14 4.00   0.058  0.196  0.071  0.192
14 6.00   0.058  0.325  0.091  0.317
14 8.00   0.058  0.482  0.124  0.469
14 10.00  0.057  0.665  0.172  0.645
14 12.00  0.057  0.872  0.237  0.841
14 14.00  0.057  1.102  0.322  1.055
14 16.00  0.056  1.352  0.427  1.284
14 18.00  0.056  1.623  0.555  1.526
14 20.00  0.055  1.912  0.706  1.778
15 0.00   0.061  0.000  0.061  0.000
15 2.00   0.061  0.083  0.063  0.081
15 4.00   0.061  0.195  0.074  0.191
15 6.00   0.060  0.323  0.094  0.315
15 8.00   0.060  0.482  0.127  0.469
15 10.00  0.060  0.665  0.175  0.645
15 12.00  0.060  0.872  0.240  0.841
15 14.00  0.059  1.102  0.324  1.055
15 16.00  0.059  1.352  0.429  1.284
15 18.00  0.058  1.623  0.557  1.526
15 20.00  0.058  1.912  0.708  1.777
16 0.00   0.063  0.000  0.063  0.000
16 2.00   0.063  0.084  0.066  0.082
16 4.00   0.063  0.194  0.076  0.189
16 6.00   0.063  0.323  0.096  0.315
16 8.00   0.063  0.482  0.129  0.469
16 10.00  0.062  0.666  0.177  0.645
16 12.00  0.062  0.872  0.242  0.841
16 14.00  0.061  1.102  0.326  1.054
16 16.00  0.061  1.353  0.431  1.283
16 18.00  0.060  1.623  0.559  1.525
16 20.00  0.060  1.912  0.710  1.777
17 0.00   0.066  0.000  0.066  0.000
17 2.00   0.066  0.085  0.069  0.082
17 4.00   0.066  0.193  0.079  0.188
17 6.00   0.066  0.323  0.099  0.314
17 8.00   0.065  0.482  0.132  0.468
17 10.00  0.065  0.666  0.180  0.644
17 12.00  0.065  0.873  0.245  0.840
17 14.00  0.064  1.102  0.329  1.054
17 16.00  0.064  1.353  0.434  1.283
17 18.00  0.063  1.623  0.562  1.524
17 20.00  0.062  1.913  0.713  1.776