time (s) altitude (m) velocity (m/s) mass (kg)trajectory angle (rad) angle of attack (rad) heading angle (rad) latitude (rad)
0 90 30 29388 1.5691 0 -0.2352 -0.2123 2.3868
0.4411 103.56 31.496 29325 1.569 -0.00023366 -0.18749 -0.2123 2.3868
1.2267 129.36 34.188 29211 1.5688 -0.00056676 -0.10981 -0.2123 2.3868
1.8933 152.92 36.5 29115 1.5685 -0.00074413 -0.052903 -0.2123 2.3868
2.0773 159.7 37.143 29089 1.5684 -0.00078151 -0.038647 -0.2123 2.3868
2.5184 176.42 38.692 29025 1.5682 -0.00085805 -0.0069112 -0.2123 2.3868
3.304 207.91 41.479 28912 1.5677 -0.00094717 0.04201 -0.2123 2.3868
3.9706 236.35 43.871 28816 1.5673 -0.00099214 0.077045 -0.2123 2.3868
4.1546 244.49 44.536 28790 1.5672 -0.0010062 0.085831 -0.2123 2.3868
4.5957 264.49 46.138 28726 1.5669 -0.0010381 0.1055 -0.2123 2.3868
5.3814 301.86 49.02 28613 1.5664 -0.0011254 0.1363 -0.2123 2.3868
6.0479 335.36 51.492 28517 1.5658 -0.0012469 0.15881 -0.2123 2.3868
6.232 344.9 52.179 28491 1.5657 -0.0012877 0.1645 -0.2123 2.3868
6.6731 368.28 53.834 28427 1.5653 -0.0013929 0.17734 -0.2123 2.3868
7.4587 411.74 56.808 28314 1.5646 -0.0016395 0.1976 -0.2123 2.3868
8.1252 450.45 59.36 28218 1.5639 -0.0019172 0.21246 -0.2123 2.3868
8.3093 461.44 60.068 28192 1.5636 -0.0020007 0.21623 -0.2123 2.3868
8.6033 479.27 61.205 28149 1.5633 -0.0021378 0.22196 -0.2123 2.3868
9.1271 511.86 63.242 28074 1.5626 -0.0023965 0.23136 -0.2123 2.3868
9.5715 540.35 64.982 28010 1.5619 -0.0026319 0.23858 -0.2123 2.3868
9.6941 548.35 65.465 27992 1.5617 -0.0026984 0.24046 -0.2123 2.3868
9.9882 567.77 66.624 27950 1.5613 -0.0028599 0.24478 -0.2123 2.3868
10.512 603.21 68.703 27874 1.5603 -0.0031592 0.25185 -0.2123 2.3868
10.956 634.13 70.479 27810 1.5595 -0.0034258 0.25728 -0.2123 2.3868
11.079 642.81 70.972 27793 1.5592 -0.0035006 0.25869 -0.2123 2.3868
11.373 663.85 72.155 27750 1.5586 -0.0036817 0.26193 -0.2123 2.3868
11.897 702.19 74.276 27675 1.5574 -0.0040139 0.26724 -0.2123 2.3868
12.341 735.6 76.087 27611 1.5563 -0.0043069 0.27131 -0.2123 2.3868
12.464 744.96 76.589 27593 1.556 -0.0043889 0.27237 -0.2123 2.3868
13.078 792.76 79.115 27505 1.5543 -0.0048108 0.27728 -0.2123 2.3868
14.362 897.73 84.468 27320 1.5501 -0.0058309 0.28576 -0.2123 2.3868
15.966 1038.7 91.297 27089 1.5433 -0.0074007 0.29369 -0.2123 2.3868
17.462 1180 97.805 26874 1.5354 -0.0089637 0.29913 -0.2123 2.3868
18.448 1278.5 102.17 26732 1.5292 -0.009927 0.30196 -0.2123 2.3868
18.696 1304 103.28 26696 1.5275 -0.010156 0.30259 -0.2123 2.3868
19.31 1368.2 106.04 26608 1.5231 -0.010706 0.30405 -0.2123 2.3868
20.594 1507.9 111.89 26423 1.5129 -0.011656 0.30663 -0.2123 2.3868
22.198 1693 119.36 26192 1.4985 -0.012263 0.30918 -0.2123 2.3868
23.694 1876.2 126.46 25977 1.4835 -0.012149 0.31106 -0.2123 2.3868
24.68 2002.6 131.21 25835 1.473 -0.011731 0.31211 -0.2123 2.3868
24.928 2035.2 132.42 25800 1.4703 -0.011596 0.31235 -0.2123 2.3868
25.589 2123.4 135.66 25704 1.463 -0.011193 0.31297 -0.2123 2.3868
26.768 2285.6 141.49 25535 1.4497 -0.010217 0.31395 -0.2123 2.3868
27.768 2428.4 146.5 25391 1.4382 -0.0091071 0.31469 -0.2123 2.3868
28.044 2468.7 147.89 25351 1.435 -0.0087742 0.31488 -0.2123 2.3868
28.705 2566.7 151.25 25256 1.4275 -0.0079356 0.31532 -0.2123 2.3868
29.884 2746.4 157.3 25087 1.4142 -0.0062876 0.31604 -0.21229 2.3869
30.884 2904.2 162.5 24943 1.4032 -0.0047708 0.3166 -0.21229 2.3869
31.16 2948.6 163.95 24903 1.4002 -0.0043536 0.31675 -0.21229 2.3869
32.483 3166.7 170.96 24713 1.3866 -0.0024419 0.31742 -0.21229 2.3869
34.84 3576.7 183.76 24374 1.3643 -0.0003936 0.31848 -0.21229 2.3869
36.84 3946.5 194.99 24086 1.3466 -0.00013969 0.31928 -0.21228 2.3869
37.392 4052.3 198.15 24007 1.3417 -0.00014388 0.31949 -0.21228 2.3869
38.263 4222.3 203.19 23882 1.334 -0.00011978 0.3198 -0.21228 2.3869
39.987 4570.7 213.35 23634 1.3189 -1.7443e-05 0.3204 -0.21228 2.3869
41.898 4975.4 224.91 23359 1.3024 -3.1442e-05 0.32101 -0.21227 2.3869
43.268 5277.5 233.36 23162 1.2905 -0.00012434 0.32142 -0.21227 2.3869
43.624 5357.6 235.57 23111 1.2875 -0.00012307 0.32152 -0.21226 2.3869
44.495 5556.7 241.03 22986 1.2799 -0.00010327 0.32177 -0.21226 2.387
46.219 5962.8 251.96 22738 1.265 -1.1694e-05 0.32223 -0.21226 2.387
48.13 6432 264.22 22463 1.2483 -5.2138e-05 0.32272 -0.21225 2.387
49.5 6780.2 273.03 22266 1.2359 -0.00014853 0.32305 -0.21224 2.387
49.856 6872.3 275.32 22215 1.2326 -0.00013482 0.32314 -0.21224 2.387
51.179 7220.5 283.82 22025 1.2202 -9.4717e-06 0.32344 -0.21223 2.387
53.536 7862.5 298.74 21686 1.1962 -0.0007802 0.32396 -0.21222 2.3871
55.535 8427.3 311.05 21399 1.1718 -0.0034471 0.32436 -0.21221 2.3871
56.088 8586.1 314.39 21320 1.1641 -0.0045163 0.32447 -0.21221 2.3871
56.749 8777.9 318.39 21225 1.1543 -0.0059511 0.3246 -0.2122 2.3871
57.928 9123.4 325.54 21055 1.135 -0.0089347 0.32482 -0.21219 2.3872
58.928 9420 331.7 20912 1.1169 -0.011813 0.32499 -0.21219 2.3872
59.204 9502.4 333.42 20872 1.1117 -0.012613 0.32504 -0.21219 2.3872
59.865 9700.8 337.6 20777 1.0986 -0.014498 0.32515 -0.21218 2.3872
61.044 10057 345.23 20608 1.0738 -0.01754 0.32535 -0.21217 2.3872
62.043 10361 351.92 20464 1.0515 -0.019699 0.3255 -0.21216 2.3873
62.32 10446 353.8 20424 1.0451 -0.020237 0.32555 -0.21216 2.3873
62.981 10649 358.38 20329 1.0297 -0.021434 0.32565 -0.21215 2.3873
64.16 11012 366.77 20160 1.0014 -0.023149 0.32582 -0.21214 2.3873
65.159 11321 374.16 20016 0.97695 -0.024148 0.32596 -0.21213 2.3873
65.436 11407 376.26 19976 0.97015 -0.024373 0.32599 -0.21213 2.3874
66.097 11612 381.36 19881 0.95379 -0.024825 0.32608 -0.21212 2.3874
67.276 11979 390.79 19712 0.92463 -0.025271 0.32623 -0.21211 2.3874
68.275 12292 399.12 19568 0.90005 -0.025291 0.32636 -0.2121 2.3874
68.551 12378 401.48 19529 0.89332 -0.025269 0.32639 -0.21209 2.3875
69.213 12585 407.24 19433 0.8773 -0.025172 0.32647 -0.21209 2.3875
70.392 12955 417.84 19264 0.84923 -0.024889 0.32661 -0.21207 2.3875
71.391 13268 427.21 19120 0.82596 -0.024619 0.32673 -0.21206 2.3876
71.667 13355 429.86 19081 0.81962 -0.024564 0.32676 -0.21205 2.3876
72.329 13563 436.32 18985 0.8046 -0.024446 0.32683 -0.21204 2.3876
73.508 13934 448.2 18816 0.77842 -0.024473 0.32696 -0.21202 2.3877
74.507 14248 458.68 18672 0.7567 -0.024825 0.32706 -0.21201 2.3877
74.783 14335 461.64 18633 0.75078 -0.024972 0.32709 -0.212 2.3877
75.666 14613 471.28 18506 0.73204 -0.025573 0.32718 -0.21199 2.3878
77.237 15108 489.18 18280 0.69924 -0.027402 0.32734 -0.21196 2.3879
78.57 15528 505.11 18088 0.67176 -0.02983 0.32747 -0.21193 2.3879
78.938 15643 509.63 18035 0.66419 -0.030612 0.32751 -0.21192 2.388
79.82 15920 520.69 17908 0.64605 -0.032695 0.32759 -0.21191 2.388
81.392 16411 541.17 17682 0.61361 -0.037219 0.32774 -0.21187 2.3881
82.725 16825 559.38 17491 0.58582 -0.041904 0.32786 -0.21184 2.3882
83.093 16939 564.56 17438 0.57808 -0.043289 0.32789 -0.21183 2.3882
83.975 17210 577.24 17311 0.55947 -0.04674 0.32797 -0.21181 2.3883
85.546 17688 600.86 17085 0.5262 -0.052964 0.32811 -0.21177 2.3884
86.879 18087 622.05 16893 0.49825 -0.057816 0.32822 -0.21174 2.3885
87.247 18197 628.09 16840 0.49064 -0.059001 0.32825 -0.21173 2.3886
87.828 18368 637.8 16756 0.47877 -0.060845 0.3283 -0.21171 2.3886
88.977 18703 657.66 16591 0.45583 -0.064129 0.3284 -0.21168 2.3887
90.252 19069 680.67 16407 0.43139 -0.067111 0.3285 -0.21164 2.3888
91.165 19327 697.79 16276 0.41457 -0.068865 0.32858 -0.21161 2.3889
91.402 19394 702.33 16242 0.41029 -0.069266 0.3286 -0.2116 2.3889
92.284 19639 719.5 16115 0.39473 -0.070645 0.32867 -0.21157 2.389
93.855 20069 751.23 15889 0.36828 -0.072382 0.3288 -0.21152 2.3892
95.189 20426 779.28 15697 0.34701 -0.073145 0.3289 -0.21147 2.3893
95.557 20523 787.2 15644 0.34132 -0.07329 0.32893 -0.21145 2.3894
96.439 20754 806.48 15517 0.32793 -0.073528 0.329 -0.21142 2.3895
98.01 21157 841.85 15291 0.30493 -0.073504 0.32912 -0.21136 2.3897
99.343 21490 872.83 15099 0.2861 -0.072937 0.32923 -0.2113 2.3898
99.711 21580 881.53 15046 0.281 -0.072703 0.32926 -0.21129 2.3899
100.58 21791 902.39 14920 0.26904 -0.072009 0.32933 -0.21125 2.39
102.31 22196 944.66 14672 0.24581 -0.069782 0.32946 -0.21117 2.3902
104.22 22624 992.94 14396 0.22054 -0.065736 0.32961 -0.21108 2.3905
105.59 22914 1028.3 14199 0.20269 -0.061871 0.32972 -0.21101 2.3907
105.94 22987 1037.6 14148 0.19808 -0.060725 0.32975 -0.21099 2.3908
106.6 23121 1055 14053 0.18957 -0.058519 0.3298 -0.21096 2.3909
107.78 23349 1086.4 13883 0.17461 -0.05422 0.32989 -0.2109 2.3911
108.78 23533 1113.3 13739 0.16219 -0.05028 0.32997 -0.21084 2.3912
109.06 23583 1120.9 13699 0.15883 -0.049193 0.32999 -0.21083 2.3913
109.72 23698 1139 13604 0.15086 -0.046615 0.33005 -0.21079 2.3914
110.9 23893 1171.8 13434 0.13707 -0.042357 0.33014 -0.21072 2.3916
111.9 24049 1200.2 13290 0.12577 -0.039193 0.33022 -0.21066 2.3918
112.18 24090 1208.2 13250 0.12271 -0.038382 0.33024 -0.21064 2.3918
112.84 24185 1227.3 13154 0.11549 -0.036535 0.33029 -0.2106 2.3919
114.02 24345 1262 12985 0.10296 -0.033686 0.33039 -0.21053 2.3921
115.02 24470 1292 12841 0.092641 -0.031717 0.33047 -0.21046 2.3923
115.29 24502 1300.4 12801 0.089839 -0.031212 0.33049 -0.21045 2.3924
115.95 24577 1320.6 12705 0.083211 -0.030038 0.33054 -0.2104 2.3925
117.13 24699 1357.1 12535 0.071754 -0.027823 0.33064 -0.21032 2.3928
118.13 24791 1388.6 12391 0.06249 -0.025584 0.33072 -0.21025 2.393
118.41 24815 1397.3 12352 0.060028 -0.02488 0.33074 -0.21023 2.393
119.02 24864 1416.9 12263 0.054729 -0.023243 0.33079 -0.21019 2.3932
120.3 24956 1458.2 12078 0.044568 -0.019263 0.3309 -0.2101 2.3934
121.91 25049 1510.5 11847 0.034291 -0.013147 0.33103 -0.20998 2.3938
123.41 25119 1560 11631 0.027523 -0.0063302 0.33116 -0.20986 2.3941
124.39 25160 1593.2 11489 0.024435 -0.0012956 0.33124 -0.20978 2.3944
124.64 25169 1601.6 11453 0.023837 -1.4698e-09 0.33127 -0.20976 2.3944
