time (s) altitude (m) velocity (m/s) mass (kg) dynamic pressure (Pa)trajectory angle (rad) Lift (N)Drag (N)heading angle (rad) latitude (rad) angle of attack (rad) 
506.78 35855 2745.1 3300 27104 0.10635 29517 9966.2 1.8153 -0.092517 0.26479
507.45 36049 2750.8 3290.2 26412 0.10766 29609 10103 1.8153 -0.092243 0.27013
508.76 36442 2761.9 3270.8 25067 0.11029 29451 10213 1.8153 -0.091699 0.27912
510.21 36891 2774.3 3249.3 23614 0.11321 29135 10349 1.8153 -0.091094 0.28844
511.25 37221 2783.2 3233.8 22601 0.1153 28868 10421 1.8154 -0.090658 0.29532
511.52 37308 2785.5 3229.8 22342 0.11585 28579 10323 1.8154 -0.090545 0.29562
512.19 37523 2791.2 3220 21715 0.11716 28529 10428 1.8154 -0.090267 0.30111
513.5 37956 2802.3 3200.6 20501 0.11981 28401 10615 1.8154 -0.089716 0.31243
514.95 38450 2814.8 3179.1 19206 0.12263 26554 9915.8 1.8154 -0.089103 0.31198
515.99 38812 2824.2 3163.7 18315 0.12442 25050 9312.6 1.8155 -0.088662 0.30963
516.26 38907 2826.6 3159.7 18089 0.12487 24701 9176.5 1.8155 -0.088547 0.30928
517.59 39378 2838.8 3140.1 17011 0.12691 23415 8726.9 1.8155 -0.087983 0.311
520.21 40338 2864 3101.2 15029 0.13036 20579 7652 1.8156 -0.086861 0.30986
523.12 41438 2893.4 3058.2 13065 0.13325 17743 6572.3 1.8156 -0.085606 0.30806
525.2 42247 2915.3 3027.3 11803 0.13486 16297 6076.3 1.8157 -0.084699 0.31164
525.74 42460 2921.1 3019.3 11494 0.13524 15797 5878.2 1.8157 -0.084462 0.31063
527.07 42984 2935.5 2999.7 10769 0.13604 14811 5511.8 1.8157 -0.08388 0.31077
529.69 44039 2964.8 2960.9 9461.3 0.13729 13146 4911.3 1.8158 -0.082721 0.31301
532.6 45230 2998.5 2917.8 8191.3 0.13821 11369 4243.6 1.8158 -0.081423 0.31275
534.68 46095 3023.4 2887 7387.6 0.13855 10168 3780.4 1.8159 -0.080484 0.31089
535.22 46321 3030 2879 7192.2 0.1386 9890.1 3675.6 1.8159 -0.080238 0.31071
537.23 47167 3054.9 2849.2 6521.8 0.1387 9039.1 3369.2 1.8159 -0.079322 0.31241
540.82 48692 3100.3 2796.1 5541 0.13859 7755.1 2899.8 1.816 -0.07767 0.31451
543.86 50002 3140.2 2751.1 4818.3 0.13825 6713.8 2502.2 1.8161 -0.07625 0.31351
544.7 50366 3151.4 2738.7 4635 0.13811 6461 2407.6 1.8161 -0.075855 0.31359
546.71 51242 3178.6 2708.9 4232.3 0.13774 5949.8 2225.6 1.8161 -0.074902 0.31539
550.3 52814 3228.4 2655.8 3631.3 0.13696 5065.3 1882.3 1.8162 -0.073184 0.31364
553.34 54160 3271.9 2610.7 3178.1 0.13615 4396.2 1624.7 1.8163 -0.071705 0.31174
554.18 54534 3284.1 2598.3 3061.6 0.13591 4220.2 1556.4 1.8163 -0.071293 0.31095
556.19 55431 3313.8 2568.5 2796.7 0.1353 3833.7 1408.5 1.8163 -0.0703 0.3097
559.78 57040 3368 2515.4 2372.2 0.13408 3147.2 1136.3 1.8164 -0.068509 0.30264
562.82 58413 3415.4 2470.4 2056 0.13289 2634.5 933.13 1.8165 -0.066967 0.29539
563.66 58793 3428.8 2458 1975.3 0.13254 2501 879.96 1.8165 -0.066537 0.29296
565.67 59706 3461.1 2428.2 1792.9 0.13167 2241.2 782.06 1.8165 -0.0655 0.29037
569.26 61339 3520.2 2375.1 1503.4 0.13007 1818.2 624.87 1.8166 -0.063629 0.28397
572.3 62731 3571.7 2330.1 1290.2 0.12867 1527.5 519.96 1.8166 -0.062017 0.27998
573.14 63116 3586.2 2317.6 1236.1 0.12828 1454.4 493.88 1.8167 -0.061567 0.2788
575.15 64040 3621.2 2287.8 1114.3 0.12737 1304.5 442.84 1.8167 -0.060483 0.27784
578.74 65694 3685.2 2234.8 922.72 0.12578 1042.7 350.5 1.8168 -0.058525 0.27111
581.78 67103 3741 2189.7 783.03 0.12438 836.61 276.02 1.8168 -0.056837 0.26086
582.62 67493 3756.7 2177.3 747.84 0.12398 784.92 257.35 1.8168 -0.056366 0.25773
583.94 68109 3781.6 2157.7 695.1 0.12335 721.26 235.69 1.8169 -0.05562 0.25575
586.56 69331 3831.9 2118.9 600.08 0.12209 585.45 186.91 1.8169 -0.054128 0.24544
589.47 70689 3889.3 2075.8 508.17 0.12046 399.44 120.06 1.817 -0.05245 0.21155
591.55 71662 3931.6 2045 449.27 0.11892 264.66 76.371 1.817 -0.051233 0.17332
592.1 71914 3942.8 2037 434.94 0.11846 238.91 69.13 1.817 -0.050914 0.16472
593.42 72531 3970.4 2017.4 401.73 0.11722 178.98 52.274 1.817 -0.050131 0.14229
596.04 73742 4026.3 1978.5 343.25 0.11434 91.433 31.667 1.8171 -0.048563 0.096343
598.95 75066 4090 1935.5 288.59 0.11046 31.268 20.544 1.8171 -0.046799 0.045839
601.03 75997 4136.8 1904.6 255.21 0.10724 5.1485 16.822 1.8171 -0.045518 0.009383
601.58 76236 4149.1 1896.6 247.25 0.10634 -7.9237e-17 16.094 1.8171 -0.045182 0
601.58 76236 4149.1 1896.6 247.25 0.10634 -7.9237e-17 16.094 1.8171 -0.045182 0
602.58 76677 4148.1 1896.6 230.54 0.10465 1.884e-15 15 1.8172 -0.044562 0
603.58 77107 4147.2 1896.6 215.25 0.10297 -6.8981e-17 13.999 1.8172 -0.043941 0
604.58 77529 4146.2 1896.6 201.15 0.10128 2.0306e-15 13.077 1.8172 -0.043321 0
605.58 77945 4145.3 1896.6 188.13 0.099593 1.5072e-15 12.226 1.8172 -0.042701 0
606.58 78354 4144.4 1896.6 176.11 0.097904 1.0441e-15 11.44 1.8172 -0.04208 0
607.58 78755 4143.5 1896.6 165 0.096215 -3.9658e-16 10.714 1.8172 -0.04146 0
608.58 79150 4142.6 1896.6 154.73 0.094525 1.1405e-15 10.043 1.8172 -0.04084 0
609.58 79537 4141.7 1896.6 145.22 0.092834 1.0704e-15 9.4231 1.8173 -0.04022 0
610.58 79918 4140.8 1896.6 136.43 0.091142 -4.1536e-16 8.8493 1.8173 -0.0396 0
611.58 80291 4140 1896.6 128.29 0.08945 -4.728e-16 8.3182 1.8173 -0.03898 0
612.58 80657 4139.2 1896.6 120.75 0.087758 1.0641e-15 7.8263 1.8173 -0.03836 0
613.58 81016 4138.4 1896.6 113.76 0.086065 -4.1924e-16 7.3705 1.8173 -0.037741 0
614.58 81369 4137.6 1896.6 107.27 0.084371 -5.5003e-16 6.9478 1.8173 -0.037121 0
615.58 81714 4136.8 1896.6 101.25 0.082677 -3.0827e-16 6.5559 1.8173 -0.036501 0
616.58 82052 4136.1 1896.6 95.669 0.080982 3.909e-16 6.1921 1.8173 -0.035882 0
617.58 82383 4135.4 1896.6 90.482 0.079286 4.1683e-16 5.8544 1.8173 -0.035262 0
618.58 82707 4134.6 1896.6 85.661 0.07759 3.9462e-16 5.5406 1.8174 -0.034643 0
619.58 83024 4133.9 1896.6 81.179 0.075894 -3.2194e-16 5.249 1.8174 -0.034023 0
620.58 83334 4133.2 1896.6 77.011 0.074197 -4.6274e-18 4.9779 1.8174 -0.033404 0
621.58 83637 4132.6 1896.6 73.132 0.072499 5.5735e-16 4.7257 1.8174 -0.032785 0
622.58 83933 4131.9 1896.6 69.521 0.070801 0 4.491 1.8174 -0.032166 0
623.58 84221 4131.3 1896.6 66.158 0.069103 0 4.2724 1.8174 -0.031546 0
624.58 84503 4130.7 1896.6 63.024 0.067404 0 4.0689 1.8174 -0.030927 0
625.58 84778 4130.1 1896.6 60.106 0.065704 0 3.8793 1.8174 -0.030308 0
626.58 85045 4129.5 1765.7 0 0.064004 0 0 1.8174 -0.029689 0
627.58 85306 4128.9 1765.7 0 0.062304 0 0 1.8174 -0.02907 0
628.58 85560 4128.4 1765.7 0 0.060603 0 0 1.8175 -0.028451 0
629.58 85806 4127.8 1765.7 0 0.058902 0 0 1.8175 -0.027832 0
630.58 86046 4127.3 1765.7 0 0.0572 0 0 1.8175 -0.027214 0
631.58 86278 4126.8 1765.7 0 0.055499 0 0 1.8175 -0.026595 0
632.58 86503 4126.3 1765.7 0 0.053796 0 0 1.8175 -0.025976 0
633.58 86722 4125.8 1765.7 0 0.052094 0 0 1.8175 -0.025357 0
634.58 86933 4125.4 1765.7 0 0.050391 0 0 1.8175 -0.024739 0
635.58 87137 4124.9 1765.7 0 0.048687 0 0 1.8175 -0.02412 0
636.58 87335 4124.5 1765.7 0 0.046984 0 0 1.8175 -0.023501 0
637.58 87525 4124.1 1765.7 0 0.04528 0 0 1.8175 -0.022883 0
638.58 87708 4123.7 1765.7 0 0.043575 0 0 1.8175 -0.022264 0
639.58 87884 4123.3 1765.7 0 0.041871 0 0 1.8175 -0.021646 0
640.58 88053 4123 1765.7 0 0.040166 0 0 1.8175 -0.021027 0
641.58 88215 4122.6 1765.7 0 0.038461 0 0 1.8175 -0.020409 0
642.58 88370 4122.3 1765.7 0 0.036756 0 0 1.8175 -0.01979 0
643.58 88518 4122 1765.7 0 0.03505 0 0 1.8176 -0.019172 0
644.58 88659 4121.7 1765.7 0 0.033344 0 0 1.8176 -0.018553 0
645.58 88793 4121.4 1765.7 0 0.031638 0 0 1.8176 -0.017935 0
646.58 88920 4121.2 1765.7 0 0.029932 0 0 1.8176 -0.017317 0
647.58 89040 4120.9 1765.7 0 0.028226 0 0 1.8176 -0.016698 0
648.58 89152 4120.7 1765.7 0 0.026519 0 0 1.8176 -0.01608 0
649.58 89258 4120.5 1765.7 0 0.024812 0 0 1.8176 -0.015462 0
650.58 89357 4120.3 1765.7 0 0.023105 0 0 1.8176 -0.014843 0
651.58 89449 4120.1 1765.7 0 0.021398 0 0 1.8176 -0.014225 0
652.58 89533 4120 1765.7 0 0.019691 0 0 1.8176 -0.013607 0
653.58 89611 4119.8 1765.7 0 0.017984 0 0 1.8176 -0.012988 0
654.58 89681 4119.7 1765.7 0 0.016277 0 0 1.8176 -0.01237 0
655.58 89745 4119.6 1765.7 0 0.014569 0 0 1.8176 -0.011752 0
656.58 89801 4119.5 1765.7 0 0.012862 0 0 1.8176 -0.011134 0
657.58 89851 4119.4 1765.7 0 0.011154 0 0 1.8176 -0.010515 0
658.58 89893 4119.3 1765.7 0 0.0094463 0 0 1.8176 -0.0098971 0
659.58 89929 4119.3 1765.7 0 0.0077386 0 0 1.8176 -0.0092789 0
660.58 89957 4119.3 1765.7 0 0.0060309 0 0 1.8176 -0.0086607 0
661.58 89978 4119.2 1765.7 0 0.0043231 0 0 1.8176 -0.0080424 0
662.58 89993 4119.2 1765.7 0 0.0026153 0 0 1.8176 -0.0074242 0
663.58 90000 4119.3 1765.7 0 0.00090757 0 0 1.8176 -0.006806 0
664.58 90000 4119.3 1765.7 0 0 0 0 1.8176 -0.0061877 0
