.2 -20  -0.1028722 0.073428938  -0.021689
.2 20	0.18112749 0.075168866	0.011487
.5 -20 -0.089378742 0.064080272 -0.01980
.5 -10 -0.022548655 0.044855159 -0.01087
.5  10  0.099838702 0.053622668 0.003369
.5  20  0.18679238  0.065263551 0.014597
1.1 -20 -0.11088891 0.099570465 -0.03015
1.1 20  0.15202923  0.10640974  0.019238
1.1 30  0.19939588  0.14019559  0.026510
3  -20  0.022535008 0.059157382 -0.007874
3  -10  0.029810748 0.053472557 -0.007060
3   10  0.054513535 0.053425504 -0.002084
3   20  0.068648076 0.059855208 0.000835
9  -20 -0.009110487 0.013266327 -0.005189
9  -10  0.002788526 0.008227878 -0.00263
9   10  0.015494234 0.008471464 -0.00011
9   20  0.030202253 0.014565745 0.002955
9   30  0.056598912 0.033562802 0.008601