5 0 0.0226503 0.0064736 0.000974396
5 2 0.0516925 0.0090356 0.001195511
5 4 0.0797928 0.0137761 0.001152775
5 6 0.1096835 0.0206509 0.000958006  
5 8 0.1352740 0.0296671 0.000576920  
5 10 0.158714 0.0404103 -0.00157883  
7 0 0.0172041 0.0052989 0.000611197
7 2 0.0422228 0.0076457 0.000450489
7 4 0.0668625 0.0119129 0.00022376
7 6 0.0903233 0.0179454 -0.00023756
7 8 0.1136250 0.0258001 -0.00075540
7 10 0.137571 0.0356759 -0.00123058
9 0 0.0143040 0.0047016 0.000308466
9 2 0.0355647 0.0067401 -0.00010174
9 4 0.0573549 0.0105055 -0.00047770
9 6 0.0800624 0.0161536 -0.00081728
9 8 0.1024491 0.0236490 -0.00126189
9 10 0.125309 0.0330229 -0.00172664