-0.13	1.78	33000	0.034907	2575	128.33
-0.13	1.78	33000	0.034907	2625	135.98
-0.13	1.78	33000	0.034907	2675	143.93
-0.13	1.78	33000	0.034907	2725	151.69
-0.13	1.78	33000	0.043633	2575	130.3
-0.13	1.78	33000	0.043633	2625	138.09
-0.13	1.78	33000	0.043633	2675	145.77
-0.13	1.78	33000	0.043633	2725	153.56
-0.13	1.78	33000	0.05236	2575	132.66
-0.13	1.78	33000	0.05236	2625	139.91
-0.13	1.78	33000	0.05236	2675	147.51
-0.13	1.78	33000	0.05236	2725	156.26
-0.13	1.78	33000	0.061087	2575	134.28
-0.13	1.78	33000	0.061087	2625	142.23
-0.13	1.78	33000	0.061087	2675	150.03
-0.13	1.78	33000	0.061087	2725	157.82
-0.13	1.78	33000	0.069813	2575	136.62
-0.13	1.78	33000	0.069813	2625	144.01
-0.13	1.78	33000	0.069813	2675	152.21
-0.13	1.78	33000	0.069813	2725	160.16
-0.13	1.78	33500	0.034907	2575	128.76
-0.13	1.78	33500	0.034907	2625	136.63
-0.13	1.78	33500	0.034907	2675	144.54
-0.13	1.78	33500	0.034907	2725	152.34
-0.13	1.78	33500	0.043633	2575	131.08
-0.13	1.78	33500	0.043633	2625	138.6
-0.13	1.78	33500	0.043633	2675	146.35
-0.13	1.78	33500	0.043633	2725	152.77
-0.13	1.78	33500	0.05236	2575	132.8
-0.13	1.78	33500	0.05236	2625	140.4
-0.13	1.78	33500	0.05236	2675	148.61
-0.13	1.78	33500	0.05236	2725	156.59
-0.13	1.78	33500	0.061087	2575	134.56
-0.13	1.78	33500	0.061087	2625	142.55
-0.13	1.78	33500	0.061087	2675	150.69
-0.13	1.78	33500	0.061087	2725	158.46
-0.13	1.78	33500	0.069813	2575	136.72
-0.13	1.78	33500	0.069813	2625	144.62
-0.13	1.78	33500	0.069813	2675	152.72
-0.13	1.78	33500	0.069813	2725	160.74
-0.13	1.78	34000	0.034907	2575	129.43
-0.13	1.78	34000	0.034907	2625	136.85
-0.13	1.78	34000	0.034907	2675	144.74
-0.13	1.78	34000	0.034907	2725	152.99
-0.13	1.78	34000	0.043633	2575	131.01
-0.13	1.78	34000	0.043633	2625	138.81
-0.13	1.78	34000	0.043633	2675	146.43
-0.13	1.78	34000	0.043633	2725	154.63
-0.13	1.78	34000	0.05236	2575	132.29
-0.13	1.78	34000	0.05236	2625	140.8
-0.13	1.78	34000	0.05236	2675	148.78
-0.13	1.78	34000	0.05236	2725	156.98
-0.13	1.78	34000	0.061087	2575	134.78
-0.13	1.78	34000	0.061087	2625	142.72
-0.13	1.78	34000	0.061087	2675	151
-0.13	1.78	34000	0.061087	2725	159
-0.13	1.78	34000	0.069813	2575	136.82
-0.13	1.78	34000	0.069813	2625	144.67
-0.13	1.78	34000	0.069813	2675	152.84
-0.13	1.78	34000	0.069813	2725	161.15
-0.13	1.78	34500	0.034907	2575	129.26
-0.13	1.78	34500	0.034907	2625	136.94
-0.13	1.78	34500	0.034907	2675	145.22
-0.13	1.78	34500	0.034907	2725	153.13
-0.13	1.78	34500	0.043633	2575	131.36
-0.13	1.78	34500	0.043633	2625	136.47
-0.13	1.78	34500	0.043633	2675	146.8
-0.13	1.78	34500	0.043633	2725	154.9
-0.13	1.78	34500	0.05236	2575	133.14
-0.13	1.78	34500	0.05236	2625	140.71
-0.13	1.78	34500	0.05236	2675	149.06
-0.13	1.78	34500	0.05236	2725	157.12
-0.13	1.78	34500	0.061087	2575	135.25
-0.13	1.78	34500	0.061087	2625	142.8
-0.13	1.78	34500	0.061087	2675	151.08
-0.13	1.78	34500	0.061087	2725	159.56
-0.13	1.78	34500	0.069813	2575	137.07
-0.13	1.78	34500	0.069813	2625	145.21
-0.13	1.78	34500	0.069813	2675	152.92
-0.13	1.78	34500	0.069813	2725	161.59
-0.13	1.78	35000	0.034907	2575	129.17
-0.13	1.78	35000	0.034907	2625	136.92
-0.13	1.78	35000	0.034907	2675	145.01
-0.13	1.78	35000	0.034907	2725	153.37
-0.13	1.78	35000	0.043633	2575	131.08
-0.13	1.78	35000	0.043633	2625	138.88
-0.13	1.78	35000	0.043633	2675	147.24
-0.13	1.78	35000	0.043633	2725	155.38
-0.13	1.78	35000	0.05236	2575	133.06
-0.13	1.78	35000	0.05236	2625	140.54
-0.13	1.78	35000	0.05236	2675	149.18
-0.13	1.78	35000	0.05236	2725	157.6
-0.13	1.78	35000	0.061087	2575	134.87
-0.13	1.78	35000	0.061087	2625	142.81
-0.13	1.78	35000	0.061087	2675	150.6
-0.13	1.78	35000	0.061087	2725	159.58
-0.13	1.78	35000	0.069813	2575	136.94
-0.13	1.78	35000	0.069813	2625	145
-0.13	1.78	35000	0.069813	2675	153.13
-0.13	1.78	35000	0.069813	2725	161.67
-0.13	1.78	33000	0.034907	2600	132.37
-0.13	1.78	33000	0.034907	2650	139.92
-0.13	1.78	33000	0.034907	2700	147.5
-0.13	1.78	33000	0.034907	2750	155.38
-0.13	1.78	33000	0.043633	2600	134.12
-0.13	1.78	33000	0.043633	2650	141.41
-0.13	1.78	33000	0.043633	2700	149.05
-0.13	1.78	33000	0.043633	2750	158.04
-0.13	1.78	33000	0.05236	2600	136.42
-0.13	1.78	33000	0.05236	2650	143.44
-0.13	1.78	33000	0.05236	2700	152.19
-0.13	1.78	33000	0.05236	2750	160.02
-0.13	1.78	33000	0.061087	2600	138.06
-0.13	1.78	33000	0.061087	2650	146.17
-0.13	1.78	33000	0.061087	2700	154.28
-0.13	1.78	33000	0.061087	2750	162.1
-0.13	1.78	33000	0.069813	2600	140.22
-0.13	1.78	33000	0.069813	2650	147.74
-0.13	1.78	33000	0.069813	2700	155.75
-0.13	1.78	33000	0.069813	2750	164.8
-0.13	1.78	33500	0.034907	2600	132.66
-0.13	1.78	33500	0.034907	2650	140.15
-0.13	1.78	33500	0.034907	2700	147.97
-0.13	1.78	33500	0.034907	2750	156.02
-0.13	1.78	33500	0.043633	2600	134.99
-0.13	1.78	33500	0.043633	2650	142.52
-0.13	1.78	33500	0.043633	2700	150.24
-0.13	1.78	33500	0.043633	2750	157.7
-0.13	1.78	33500	0.05236	2600	136.54
-0.13	1.78	33500	0.05236	2650	144.49
-0.13	1.78	33500	0.05236	2700	152.4
-0.13	1.78	33500	0.05236	2750	160.73
-0.13	1.78	33500	0.061087	2600	138.6
-0.13	1.78	33500	0.061087	2650	146.7
-0.13	1.78	33500	0.061087	2700	154.74
-0.13	1.78	33500	0.061087	2750	162.54
-0.13	1.78	33500	0.069813	2600	140.81
-0.13	1.78	33500	0.069813	2650	148.79
-0.13	1.78	33500	0.069813	2700	156.6
-0.13	1.78	33500	0.069813	2750	164.94
-0.13	1.78	34000	0.034907	2600	132.83
-0.13	1.78	34000	0.034907	2650	141.01
-0.13	1.78	34000	0.034907	2700	148.67
-0.13	1.78	34000	0.034907	2750	156.9
-0.13	1.78	34000	0.043633	2600	134.88
-0.13	1.78	34000	0.043633	2650	142.4
-0.13	1.78	34000	0.043633	2700	150.75
-0.13	1.78	34000	0.043633	2750	158.88
-0.13	1.78	34000	0.05236	2600	136.77
-0.13	1.78	34000	0.05236	2650	144.61
-0.13	1.78	34000	0.05236	2700	152.67
-0.13	1.78	34000	0.05236	2750	161.28
-0.13	1.78	34000	0.061087	2600	138.78
-0.13	1.78	34000	0.061087	2650	146.83
-0.13	1.78	34000	0.061087	2700	154.82
-0.13	1.78	34000	0.061087	2750	162.85
-0.13	1.78	34000	0.069813	2600	140.82
-0.13	1.78	34000	0.069813	2650	148.82
-0.13	1.78	34000	0.069813	2700	156.98
-0.13	1.78	34000	0.069813	2750	165.34
-0.13	1.78	34500	0.034907	2600	133.31
-0.13	1.78	34500	0.034907	2650	140.8
-0.13	1.78	34500	0.034907	2700	149.15
-0.13	1.78	34500	0.034907	2750	157.26
-0.13	1.78	34500	0.043633	2600	135.09
-0.13	1.78	34500	0.043633	2650	143.24
-0.13	1.78	34500	0.043633	2700	151.28
-0.13	1.78	34500	0.043633	2750	159.29
-0.13	1.78	34500	0.05236	2600	137.27
-0.13	1.78	34500	0.05236	2650	144.87
-0.13	1.78	34500	0.05236	2700	152.69
-0.13	1.78	34500	0.05236	2750	161.37
-0.13	1.78	34500	0.061087	2600	138.89
-0.13	1.78	34500	0.061087	2650	147.26
-0.13	1.78	34500	0.061087	2700	155.32
-0.13	1.78	34500	0.061087	2750	163.37
-0.13	1.78	34500	0.069813	2600	141.03
-0.13	1.78	34500	0.069813	2650	149.23
-0.13	1.78	34500	0.069813	2700	157.59
-0.13	1.78	34500	0.069813	2750	165.84
-0.13	1.78	35000	0.034907	2600	132.88
-0.13	1.78	35000	0.034907	2650	141.19
-0.13	1.78	35000	0.034907	2700	148.83
-0.13	1.78	35000	0.034907	2750	157.25
-0.13	1.78	35000	0.043633	2600	134.7
-0.13	1.78	35000	0.043633	2650	142.99
-0.13	1.78	35000	0.043633	2700	151.11
-0.13	1.78	35000	0.043633	2750	159.24
-0.13	1.78	35000	0.05236	2600	136.78
-0.13	1.78	35000	0.05236	2650	144.98
-0.13	1.78	35000	0.05236	2700	153.08
-0.13	1.78	35000	0.05236	2750	161.2
-0.13	1.78	35000	0.061087	2600	138.13
-0.13	1.78	35000	0.061087	2650	147.04
-0.13	1.78	35000	0.061087	2700	155.36
-0.13	1.78	35000	0.061087	2750	164
-0.13	1.78	35000	0.069813	2600	140.79
-0.13	1.78	35000	0.069813	2650	149.16
-0.13	1.78	35000	0.069813	2700	157.29
-0.13	1.78	35000	0.069813	2750	165.53
-0.13	1.78	33000	0.034907	2775	159.36
-0.13	1.78	33000	0.034907	2800	163.21
-0.13	1.78	33000	0.034907	2825	167.32
-0.13	1.78	33000	0.034907	2850	170.23
-0.13	1.78	33000	0.034907	2875	175.13
-0.13	1.78	33000	0.034907	2900	179.62
-0.13	1.78	33000	0.034907	2925	183.33
-0.13	1.78	33000	0.043633	2775	161.81
-0.13	1.78	33000	0.043633	2800	165.9
-0.13	1.78	33000	0.043633	2825	169.76
-0.13	1.78	33000	0.043633	2850	173.69
-0.13	1.78	33000	0.043633	2875	178.16
-0.13	1.78	33000	0.043633	2900	182.56
-0.13	1.78	33000	0.043633	2925	186.71
-0.13	1.78	33000	0.05236	2775	164.37
-0.13	1.78	33000	0.05236	2800	168.07
-0.13	1.78	33000	0.05236	2825	172.7
-0.13	1.78	33000	0.05236	2850	176.52
-0.13	1.78	33000	0.05236	2875	180.83
-0.13	1.78	33000	0.05236	2900	184.98
-0.13	1.78	33000	0.05236	2925	189.13
-0.13	1.78	33000	0.061087	2775	166.31
-0.13	1.78	33000	0.061087	2800	170.94
-0.13	1.78	33000	0.061087	2825	174.86
-0.13	1.78	33000	0.061087	2850	178.66
-0.13	1.78	33000	0.061087	2875	183.31
-0.13	1.78	33000	0.061087	2900	187.75
-0.13	1.78	33000	0.061087	2925	191.83
-0.13	1.78	33000	0.069813	2775	168.64
-0.13	1.78	33000	0.069813	2800	173.04
-0.13	1.78	33000	0.069813	2825	177.12
-0.13	1.78	33000	0.069813	2850	181.11
-0.13	1.78	33000	0.069813	2875	185.71
-0.13	1.78	33000	0.069813	2900	190.28
-0.13	1.78	33000	0.069813	2925	194.41
-0.13	1.78	33500	0.034907	2775	160.02
-0.13	1.78	33500	0.034907	2800	164.23
-0.13	1.78	33500	0.034907	2825	168.46
-0.13	1.78	33500	0.034907	2850	172.04
-0.13	1.78	33500	0.034907	2875	176.6
-0.13	1.78	33500	0.034907	2900	180.63
-0.13	1.78	33500	0.034907	2925	183.99
-0.13	1.78	33500	0.043633	2775	162.34
-0.13	1.78	33500	0.043633	2800	166.38
-0.13	1.78	33500	0.043633	2825	169.4
-0.13	1.78	33500	0.043633	2850	175.01
-0.13	1.78	33500	0.043633	2875	178.63
-0.13	1.78	33500	0.043633	2900	182.24
-0.13	1.78	33500	0.043633	2925	187.57
-0.13	1.78	33500	0.05236	2775	164.4
-0.13	1.78	33500	0.05236	2800	168.85
-0.13	1.78	33500	0.05236	2825	172.93
-0.13	1.78	33500	0.05236	2850	177.16
-0.13	1.78	33500	0.05236	2875	181.64
-0.13	1.78	33500	0.05236	2900	185.91
-0.13	1.78	33500	0.05236	2925	189.74
-0.13	1.78	33500	0.061087	2775	167.04
-0.13	1.78	33500	0.061087	2800	171.21
-0.13	1.78	33500	0.061087	2825	175.28
-0.13	1.78	33500	0.061087	2850	178.89
-0.13	1.78	33500	0.061087	2875	183.93
-0.13	1.78	33500	0.061087	2900	188.28
-0.13	1.78	33500	0.061087	2925	192.51
-0.13	1.78	33500	0.069813	2775	168.99
-0.13	1.78	33500	0.069813	2800	173.39
-0.13	1.78	33500	0.069813	2825	177.73
-0.13	1.78	33500	0.069813	2850	181.65
-0.13	1.78	33500	0.069813	2875	186.43
-0.13	1.78	33500	0.069813	2900	190.87
-0.13	1.78	33500	0.069813	2925	195.01
-0.13	1.78	34000	0.034907	2775	160.45
-0.13	1.78	34000	0.034907	2800	164.61
-0.13	1.78	34000	0.034907	2825	168.98
-0.13	1.78	34000	0.034907	2850	172.92
-0.13	1.78	34000	0.034907	2875	175.13
-0.13	1.78	34000	0.034907	2900	181.24
-0.13	1.78	34000	0.034907	2925	185.63
-0.13	1.78	34000	0.043633	2775	162.31
-0.13	1.78	34000	0.043633	2800	167.05
-0.13	1.78	34000	0.043633	2825	171.05
-0.13	1.78	34000	0.043633	2850	175.54
-0.13	1.78	34000	0.043633	2875	179.14
-0.13	1.78	34000	0.043633	2900	183.94
-0.13	1.78	34000	0.043633	2925	188.22
-0.13	1.78	34000	0.05236	2775	164.76
-0.13	1.78	34000	0.05236	2800	169.27
-0.13	1.78	34000	0.05236	2825	173.69
-0.13	1.78	34000	0.05236	2850	177.66
-0.13	1.78	34000	0.05236	2875	181.96
-0.13	1.78	34000	0.05236	2900	186.51
-0.13	1.78	34000	0.05236	2925	190.29
-0.13	1.78	34000	0.061087	2775	167.58
-0.13	1.78	34000	0.061087	2800	171.79
-0.13	1.78	34000	0.061087	2825	175.43
-0.13	1.78	34000	0.061087	2850	180.06
-0.13	1.78	34000	0.061087	2875	184.4
-0.13	1.78	34000	0.061087	2900	188.34
-0.13	1.78	34000	0.061087	2925	192.9
-0.13	1.78	34000	0.069813	2775	169.75
-0.13	1.78	34000	0.069813	2800	173.63
-0.13	1.78	34000	0.069813	2825	178.04
-0.13	1.78	34000	0.069813	2850	181.19
-0.13	1.78	34000	0.069813	2875	186.69
-0.13	1.78	34000	0.069813	2900	190.74
-0.13	1.78	34000	0.069813	2925	195.67
-0.13	1.78	34500	0.034907	2775	161.1
-0.13	1.78	34500	0.034907	2800	165.43
-0.13	1.78	34500	0.034907	2825	169.44
-0.13	1.78	34500	0.034907	2850	173.47
-0.13	1.78	34500	0.034907	2875	177.72
-0.13	1.78	34500	0.034907	2900	182.12
-0.13	1.78	34500	0.034907	2925	185.76
-0.13	1.78	34500	0.043633	2775	162.98
-0.13	1.78	34500	0.043633	2800	167.51
-0.13	1.78	34500	0.043633	2825	171.49
-0.13	1.78	34500	0.043633	2850	176.04
-0.13	1.78	34500	0.043633	2875	180.08
-0.13	1.78	34500	0.043633	2900	184.33
-0.13	1.78	34500	0.043633	2925	189.14
-0.13	1.78	34500	0.05236	2775	165.59
-0.13	1.78	34500	0.05236	2800	169.68
-0.13	1.78	34500	0.05236	2825	174.04
-0.13	1.78	34500	0.05236	2850	178
-0.13	1.78	34500	0.05236	2875	182.42
-0.13	1.78	34500	0.05236	2900	186.68
-0.13	1.78	34500	0.05236	2925	190.61
-0.13	1.78	34500	0.061087	2775	167.89
-0.13	1.78	34500	0.061087	2800	172.02
-0.13	1.78	34500	0.061087	2825	176.4
-0.13	1.78	34500	0.061087	2850	180.6
-0.13	1.78	34500	0.061087	2875	185
-0.13	1.78	34500	0.061087	2900	189.08
-0.13	1.78	34500	0.061087	2925	193.43
-0.13	1.78	34500	0.069813	2775	169.92
-0.13	1.78	34500	0.069813	2800	174.24
-0.13	1.78	34500	0.069813	2825	178.71
-0.13	1.78	34500	0.069813	2850	182.85
-0.13	1.78	34500	0.069813	2875	187.4
-0.13	1.78	34500	0.069813	2900	191.41
-0.13	1.78	34500	0.069813	2925	196.19
-0.13	1.78	35000	0.034907	2775	161.3
-0.13	1.78	35000	0.034907	2800	165.53
-0.13	1.78	35000	0.034907	2825	169.41
-0.13	1.78	35000	0.034907	2850	172.64
-0.13	1.78	35000	0.034907	2875	178.16
-0.13	1.78	35000	0.034907	2900	182.48
-0.13	1.78	35000	0.034907	2925	186.81
-0.13	1.78	35000	0.043633	2775	163.49
-0.13	1.78	35000	0.043633	2800	167.54
-0.13	1.78	35000	0.043633	2825	171.72
-0.13	1.78	35000	0.043633	2850	176.17
-0.13	1.78	35000	0.043633	2875	180.63
-0.13	1.78	35000	0.043633	2900	184.78
-0.13	1.78	35000	0.043633	2925	189.28
-0.13	1.78	35000	0.05236	2775	165.78
-0.13	1.78	35000	0.05236	2800	169.85
-0.13	1.78	35000	0.05236	2825	174.16
-0.13	1.78	35000	0.05236	2850	178.54
-0.13	1.78	35000	0.05236	2875	182.74
-0.13	1.78	35000	0.05236	2900	187.1
-0.13	1.78	35000	0.05236	2925	191.34
-0.13	1.78	35000	0.061087	2775	168.1
-0.13	1.78	35000	0.061087	2800	172.36
-0.13	1.78	35000	0.061087	2825	176.54
-0.13	1.78	35000	0.061087	2850	180.73
-0.13	1.78	35000	0.061087	2875	185.34
-0.13	1.78	35000	0.061087	2900	189.36
-0.13	1.78	35000	0.061087	2925	193.93
-0.13	1.78	35000	0.069813	2775	170.39
-0.13	1.78	35000	0.069813	2800	174.43
-0.13	1.78	35000	0.069813	2825	178.83
-0.13	1.78	35000	0.069813	2850	183.21
-0.13	1.78	35000	0.069813	2875	187.37
-0.13	1.78	35000	0.069813	2900	192.22
-0.13	1.78	35000	0.069813	2925	195.96
-0.13	1.78	35500	0.034907	2575	128.96
-0.13	1.78	35500	0.034907	2600	131.84
-0.13	1.78	35500	0.034907	2625	136.79
-0.13	1.78	35500	0.034907	2650	140.56
-0.13	1.78	35500	0.034907	2675	144.22
-0.13	1.78	35500	0.034907	2700	148.68
-0.13	1.78	35500	0.034907	2725	153.08
-0.13	1.78	35500	0.034907	2750	157.12
-0.13	1.78	35500	0.034907	2775	161.49
-0.13	1.78	35500	0.034907	2800	165.63
-0.13	1.78	35500	0.034907	2825	169.83
-0.13	1.78	35500	0.034907	2850	173.37
-0.13	1.78	35500	0.034907	2875	178.13
-0.13	1.78	35500	0.034907	2900	182.78
-0.13	1.78	35500	0.034907	2925	187.31
-0.13	1.78	35500	0.043633	2575	130.77
-0.13	1.78	35500	0.043633	2600	134.74
-0.13	1.78	35500	0.043633	2625	138.61
-0.13	1.78	35500	0.043633	2650	142.88
-0.13	1.78	35500	0.043633	2675	146.86
-0.13	1.78	35500	0.043633	2700	151.23
-0.13	1.78	35500	0.043633	2725	155.13
-0.13	1.78	35500	0.043633	2750	158.95
-0.13	1.78	35500	0.043633	2775	163.48
-0.13	1.78	35500	0.043633	2800	167.69
-0.13	1.78	35500	0.043633	2825	171.85
-0.13	1.78	35500	0.043633	2850	176.5
-0.13	1.78	35500	0.043633	2875	180.75
-0.13	1.78	35500	0.043633	2900	184.95
-0.13	1.78	35500	0.043633	2925	189.59
-0.13	1.78	35500	0.05236	2575	132.78
-0.13	1.78	35500	0.05236	2600	137
-0.13	1.78	35500	0.05236	2625	140.75
-0.13	1.78	35500	0.05236	2650	144.35
-0.13	1.78	35500	0.05236	2675	148.86
-0.13	1.78	35500	0.05236	2700	153.13
-0.13	1.78	35500	0.05236	2725	157.31
-0.13	1.78	35500	0.05236	2750	161.51
-0.13	1.78	35500	0.05236	2775	165.61
-0.13	1.78	35500	0.05236	2800	169.84
-0.13	1.78	35500	0.05236	2825	174.25
-0.13	1.78	35500	0.05236	2850	178.55
-0.13	1.78	35500	0.05236	2875	183.04
-0.13	1.78	35500	0.05236	2900	187.08
-0.13	1.78	35500	0.05236	2925	191.74
-0.13	1.78	35500	0.061087	2575	134.56
-0.13	1.78	35500	0.061087	2600	138.8
-0.13	1.78	35500	0.061087	2625	143.02
-0.13	1.78	35500	0.061087	2650	147.08
-0.13	1.78	35500	0.061087	2675	150.99
-0.13	1.78	35500	0.061087	2700	155.38
-0.13	1.78	35500	0.061087	2725	159.29
-0.13	1.78	35500	0.061087	2750	163.28
-0.13	1.78	35500	0.061087	2775	168.01
-0.13	1.78	35500	0.061087	2800	172.6
-0.13	1.78	35500	0.061087	2825	176.53
-0.13	1.78	35500	0.061087	2850	180.69
-0.13	1.78	35500	0.061087	2875	185.38
-0.13	1.78	35500	0.061087	2900	189.38
-0.13	1.78	35500	0.061087	2925	194.18
-0.13	1.78	35500	0.069813	2575	136.64
-0.13	1.78	35500	0.069813	2600	141.08
-0.13	1.78	35500	0.069813	2625	145
-0.13	1.78	35500	0.069813	2650	149.04
-0.13	1.78	35500	0.069813	2675	153.42
-0.13	1.78	35500	0.069813	2700	157.54
-0.13	1.78	35500	0.069813	2725	160.81
-0.13	1.78	35500	0.069813	2750	165.87
-0.13	1.78	35500	0.069813	2775	170.42
-0.13	1.78	35500	0.069813	2800	174.7
-0.13	1.78	35500	0.069813	2825	179.16
-0.13	1.78	35500	0.069813	2850	183.06
-0.13	1.78	35500	0.069813	2875	187.87
-0.13	1.78	35500	0.069813	2900	192.13
-0.13	1.78	35500	0.069813	2925	196.59
-0.13	1.78	36000	0.034907	2575	128.43
-0.13	1.78	36000	0.034907	2600	132.59
-0.13	1.78	36000	0.034907	2625	136.38
-0.13	1.78	36000	0.034907	2650	140.47
-0.13	1.78	36000	0.034907	2675	144.78
-0.13	1.78	36000	0.034907	2700	148.33
-0.13	1.78	36000	0.034907	2725	153
-0.13	1.78	36000	0.034907	2750	156.86
-0.13	1.78	36000	0.034907	2775	161
-0.13	1.78	36000	0.034907	2800	165.35
-0.13	1.78	36000	0.034907	2825	169.72
-0.13	1.78	36000	0.034907	2850	173.75
-0.13	1.78	36000	0.034907	2875	178.17
-0.13	1.78	36000	0.034907	2900	182.84
-0.13	1.78	36000	0.034907	2925	187.2
-0.13	1.78	36000	0.043633	2575	130.57
-0.13	1.78	36000	0.043633	2600	134.57
-0.13	1.78	36000	0.043633	2625	138.73
-0.13	1.78	36000	0.043633	2650	142.47
-0.13	1.78	36000	0.043633	2675	146.73
-0.13	1.78	36000	0.043633	2700	150.82
-0.13	1.78	36000	0.043633	2725	154.91
-0.13	1.78	36000	0.043633	2750	159.41
-0.13	1.78	36000	0.043633	2775	163.33
-0.13	1.78	36000	0.043633	2800	167.78
-0.13	1.78	36000	0.043633	2825	172.08
-0.13	1.78	36000	0.043633	2850	176.2
-0.13	1.78	36000	0.043633	2875	180.49
-0.13	1.78	36000	0.043633	2900	184.84
-0.13	1.78	36000	0.043633	2925	189.47
-0.13	1.78	36000	0.05236	2575	132.79
-0.13	1.78	36000	0.05236	2600	136.57
-0.13	1.78	36000	0.05236	2625	140.59
-0.13	1.78	36000	0.05236	2650	144.83
-0.13	1.78	36000	0.05236	2675	149.32
-0.13	1.78	36000	0.05236	2700	153.04
-0.13	1.78	36000	0.05236	2725	157
-0.13	1.78	36000	0.05236	2750	161.25
-0.13	1.78	36000	0.05236	2775	165.63
-0.13	1.78	36000	0.05236	2800	169.81
-0.13	1.78	36000	0.05236	2825	174.37
-0.13	1.78	36000	0.05236	2850	178.8
-0.13	1.78	36000	0.05236	2875	183.02
-0.13	1.78	36000	0.05236	2900	187.54
-0.13	1.78	36000	0.05236	2925	191.77
-0.13	1.78	36000	0.061087	2575	134.8
-0.13	1.78	36000	0.061087	2600	138.78
-0.13	1.78	36000	0.061087	2625	142.8
-0.13	1.78	36000	0.061087	2650	146.96
-0.13	1.78	36000	0.061087	2675	150.82
-0.13	1.78	36000	0.061087	2700	155.01
-0.13	1.78	36000	0.061087	2725	159.53
-0.13	1.78	36000	0.061087	2750	163.64
-0.13	1.78	36000	0.061087	2775	167.41
-0.13	1.78	36000	0.061087	2800	172.26
-0.13	1.78	36000	0.061087	2825	176.06
-0.13	1.78	36000	0.061087	2850	180.95
-0.13	1.78	36000	0.061087	2875	185.22
-0.13	1.78	36000	0.061087	2900	189.84
-0.13	1.78	36000	0.061087	2925	194.39
-0.13	1.78	36000	0.069813	2575	136.95
-0.13	1.78	36000	0.069813	2600	141.02
-0.13	1.78	36000	0.069813	2625	144.84
-0.13	1.78	36000	0.069813	2650	149.21
-0.13	1.78	36000	0.069813	2675	153.24
-0.13	1.78	36000	0.069813	2700	157.33
-0.13	1.78	36000	0.069813	2725	161.71
-0.13	1.78	36000	0.069813	2750	166.01
-0.13	1.78	36000	0.069813	2775	169.91
-0.13	1.78	36000	0.069813	2800	174.29
-0.13	1.78	36000	0.069813	2825	178.88
-0.13	1.78	36000	0.069813	2850	183.27
-0.13	1.78	36000	0.069813	2875	188.08
-0.13	1.78	36000	0.069813	2900	192.4
-0.13	1.78	36000	0.069813	2925	196.95
-0.13	1.78	36500	0.034907	2575	128.24
-0.13	1.78	36500	0.034907	2600	132.55
-0.13	1.78	36500	0.034907	2625	136.53
-0.13	1.78	36500	0.034907	2650	140.35
-0.13	1.78	36500	0.034907	2675	144.57
-0.13	1.78	36500	0.034907	2700	148.39
-0.13	1.78	36500	0.034907	2725	152.89
-0.13	1.78	36500	0.034907	2750	156.57
-0.13	1.78	36500	0.034907	2775	161.12
-0.13	1.78	36500	0.034907	2800	165.26
-0.13	1.78	36500	0.034907	2825	169.34
-0.13	1.78	36500	0.034907	2850	174.11
-0.13	1.78	36500	0.034907	2875	177.77
-0.13	1.78	36500	0.034907	2900	182.54
-0.13	1.78	36500	0.034907	2925	186.53
-0.13	1.78	36500	0.043633	2575	130.49
-0.13	1.78	36500	0.043633	2600	134.14
-0.13	1.78	36500	0.043633	2625	138.43
-0.13	1.78	36500	0.043633	2650	142.48
-0.13	1.78	36500	0.043633	2675	146.02
-0.13	1.78	36500	0.043633	2700	150.71
-0.13	1.78	36500	0.043633	2725	154.78
-0.13	1.78	36500	0.043633	2750	159.03
-0.13	1.78	36500	0.043633	2775	163.23
-0.13	1.78	36500	0.043633	2800	167.14
-0.13	1.78	36500	0.043633	2825	171.65
-0.13	1.78	36500	0.043633	2850	175.68
-0.13	1.78	36500	0.043633	2875	180.15
-0.13	1.78	36500	0.043633	2900	184.82
-0.13	1.78	36500	0.043633	2925	189.09
-0.13	1.78	36500	0.05236	2575	132.55
-0.13	1.78	36500	0.05236	2600	136.61
-0.13	1.78	36500	0.05236	2625	140.58
-0.13	1.78	36500	0.05236	2650	144.66
-0.13	1.78	36500	0.05236	2675	148.83
-0.13	1.78	36500	0.05236	2700	152.89
-0.13	1.78	36500	0.05236	2725	157.14
-0.13	1.78	36500	0.05236	2750	161.33
-0.13	1.78	36500	0.05236	2775	165.55
-0.13	1.78	36500	0.05236	2800	169.72
-0.13	1.78	36500	0.05236	2825	174.24
-0.13	1.78	36500	0.05236	2850	178.2
-0.13	1.78	36500	0.05236	2875	182.86
-0.13	1.78	36500	0.05236	2900	187.24
-0.13	1.78	36500	0.05236	2925	191.68
-0.13	1.78	36500	0.061087	2575	134.64
-0.13	1.78	36500	0.061087	2600	138.51
-0.13	1.78	36500	0.061087	2625	142.8
-0.13	1.78	36500	0.061087	2650	146.88
-0.13	1.78	36500	0.061087	2675	151.04
-0.13	1.78	36500	0.061087	2700	155.3
-0.13	1.78	36500	0.061087	2725	159.47
-0.13	1.78	36500	0.061087	2750	163.63
-0.13	1.78	36500	0.061087	2775	168.01
-0.13	1.78	36500	0.061087	2800	172.31
-0.13	1.78	36500	0.061087	2825	176.47
-0.13	1.78	36500	0.061087	2850	180.86
-0.13	1.78	36500	0.061087	2875	185.36
-0.13	1.78	36500	0.061087	2900	188.96
-0.13	1.78	36500	0.061087	2925	194.21
-0.13	1.78	36500	0.069813	2575	136.79
-0.13	1.78	36500	0.069813	2600	140.85
-0.13	1.78	36500	0.069813	2625	145.06
-0.13	1.78	36500	0.069813	2650	148.94
-0.13	1.78	36500	0.069813	2675	153.3
-0.13	1.78	36500	0.069813	2700	157.53
-0.13	1.78	36500	0.069813	2725	161.11
-0.13	1.78	36500	0.069813	2750	165.76
-0.13	1.78	36500	0.069813	2775	170.15
-0.13	1.78	36500	0.069813	2800	174.68
-0.13	1.78	36500	0.069813	2825	178.79
-0.13	1.78	36500	0.069813	2850	183.62
-0.13	1.78	36500	0.069813	2875	187.78
-0.13	1.78	36500	0.069813	2900	192.21
-0.13	1.78	36500	0.069813	2925	196.63
-0.13	1.78	37000	0.034907	2575	128.2
-0.13	1.78	37000	0.034907	2600	131.73
-0.13	1.78	37000	0.034907	2625	136.21
-0.13	1.78	37000	0.034907	2650	140.32
-0.13	1.78	37000	0.034907	2675	143.84
-0.13	1.78	37000	0.034907	2700	148.4
-0.13	1.78	37000	0.034907	2725	151.77
-0.13	1.78	37000	0.034907	2750	156.73
-0.13	1.78	37000	0.034907	2775	160.44
-0.13	1.78	37000	0.034907	2800	165.09
-0.13	1.78	37000	0.034907	2825	169.03
-0.13	1.78	37000	0.034907	2850	173.41
-0.13	1.78	37000	0.034907	2875	177.33
-0.13	1.78	37000	0.034907	2900	182.31
-0.13	1.78	37000	0.034907	2925	186.71
-0.13	1.78	37000	0.043633	2575	130.35
-0.13	1.78	37000	0.043633	2600	134.34
-0.13	1.78	37000	0.043633	2625	138.47
-0.13	1.78	37000	0.043633	2650	142.45
-0.13	1.78	37000	0.043633	2675	146.34
-0.13	1.78	37000	0.043633	2700	150.56
-0.13	1.78	37000	0.043633	2725	154.32
-0.13	1.78	37000	0.043633	2750	159.05
-0.13	1.78	37000	0.043633	2775	163.08
-0.13	1.78	37000	0.043633	2800	167.3
-0.13	1.78	37000	0.043633	2825	171.13
-0.13	1.78	37000	0.043633	2850	176.04
-0.13	1.78	37000	0.043633	2875	180.28
-0.13	1.78	37000	0.043633	2900	184.74
-0.13	1.78	37000	0.043633	2925	189.32
-0.13	1.78	37000	0.05236	2575	132.41
-0.13	1.78	37000	0.05236	2600	136.41
-0.13	1.78	37000	0.05236	2625	140.52
-0.13	1.78	37000	0.05236	2650	144.5
-0.13	1.78	37000	0.05236	2675	148.74
-0.13	1.78	37000	0.05236	2700	152.75
-0.13	1.78	37000	0.05236	2725	156.97
-0.13	1.78	37000	0.05236	2750	161.22
-0.13	1.78	37000	0.05236	2775	165.29
-0.13	1.78	37000	0.05236	2800	169.71
-0.13	1.78	37000	0.05236	2825	173.97
-0.13	1.78	37000	0.05236	2850	178.51
-0.13	1.78	37000	0.05236	2875	182.95
-0.13	1.78	37000	0.05236	2900	187.44
-0.13	1.78	37000	0.05236	2925	191.73
-0.13	1.78	37000	0.061087	2575	134.58
-0.13	1.78	37000	0.061087	2600	138.57
-0.13	1.78	37000	0.061087	2625	143.13
-0.13	1.78	37000	0.061087	2650	146.81
-0.13	1.78	37000	0.061087	2675	150.97
-0.13	1.78	37000	0.061087	2700	155
-0.13	1.78	37000	0.061087	2725	159.38
-0.13	1.78	37000	0.061087	2750	163.59
-0.13	1.78	37000	0.061087	2775	167.9
-0.13	1.78	37000	0.061087	2800	171.87
-0.13	1.78	37000	0.061087	2825	176.43
-0.13	1.78	37000	0.061087	2850	180.77
-0.13	1.78	37000	0.061087	2875	185.17
-0.13	1.78	37000	0.061087	2900	189.67
-0.13	1.78	37000	0.061087	2925	194.36
-0.13	1.78	37000	0.069813	2575	136.72
-0.13	1.78	37000	0.069813	2600	140.8
-0.13	1.78	37000	0.069813	2625	144.97
-0.13	1.78	37000	0.069813	2650	149.14
-0.13	1.78	37000	0.069813	2675	153.31
-0.13	1.78	37000	0.069813	2700	157.5
-0.13	1.78	37000	0.069813	2725	161.62
-0.13	1.78	37000	0.069813	2750	165.95
-0.13	1.78	37000	0.069813	2775	170.23
-0.13	1.78	37000	0.069813	2800	174.62
-0.13	1.78	37000	0.069813	2825	178.63
-0.13	1.78	37000	0.069813	2850	183.32
-0.13	1.78	37000	0.069813	2875	187.46
-0.13	1.78	37000	0.069813	2900	192.35
-0.13	1.78	37000	0.069813	2925	196.84
-0.13	1.78	37500	0.034907	2575	127.79
-0.13	1.78	37500	0.034907	2600	131.96
-0.13	1.78	37500	0.034907	2625	135.96
-0.13	1.78	37500	0.034907	2650	140.08
-0.13	1.78	37500	0.034907	2675	144.06
-0.13	1.78	37500	0.034907	2700	148.06
-0.13	1.78	37500	0.034907	2725	152.17
-0.13	1.78	37500	0.034907	2750	156.1
-0.13	1.78	37500	0.034907	2775	160.42
-0.13	1.78	37500	0.034907	2800	164.86
-0.13	1.78	37500	0.034907	2825	168.86
-0.13	1.78	37500	0.034907	2850	173.04
-0.13	1.78	37500	0.034907	2875	177.95
-0.13	1.78	37500	0.034907	2900	181.78
-0.13	1.78	37500	0.034907	2925	186.78
-0.13	1.78	37500	0.043633	2575	129.97
-0.13	1.78	37500	0.043633	2600	134.21
-0.13	1.78	37500	0.043633	2625	138.19
-0.13	1.78	37500	0.043633	2650	141.16
-0.13	1.78	37500	0.043633	2675	146.32
-0.13	1.78	37500	0.043633	2700	150.19
-0.13	1.78	37500	0.043633	2725	154.56
-0.13	1.78	37500	0.043633	2750	158.86
-0.13	1.78	37500	0.043633	2775	162.95
-0.13	1.78	37500	0.043633	2800	167.15
-0.13	1.78	37500	0.043633	2825	171.51
-0.13	1.78	37500	0.043633	2850	175.56
-0.13	1.78	37500	0.043633	2875	180.24
-0.13	1.78	37500	0.043633	2900	184.54
-0.13	1.78	37500	0.043633	2925	189.15
-0.13	1.78	37500	0.05236	2575	132.2
-0.13	1.78	37500	0.05236	2600	136.22
-0.13	1.78	37500	0.05236	2625	140.33
-0.13	1.78	37500	0.05236	2650	144.38
-0.13	1.78	37500	0.05236	2675	148.51
-0.13	1.78	37500	0.05236	2700	152.68
-0.13	1.78	37500	0.05236	2725	156.92
-0.13	1.78	37500	0.05236	2750	160.78
-0.13	1.78	37500	0.05236	2775	165.45
-0.13	1.78	37500	0.05236	2800	169.69
-0.13	1.78	37500	0.05236	2825	174.18
-0.13	1.78	37500	0.05236	2850	178.36
-0.13	1.78	37500	0.05236	2875	182.79
-0.13	1.78	37500	0.05236	2900	187.34
-0.13	1.78	37500	0.05236	2925	191.78
-0.13	1.78	37500	0.061087	2575	134.37
-0.13	1.78	37500	0.061087	2600	138.52
-0.13	1.78	37500	0.061087	2625	142.47
-0.13	1.78	37500	0.061087	2650	146.82
-0.13	1.78	37500	0.061087	2675	150.81
-0.13	1.78	37500	0.061087	2700	154.16
-0.13	1.78	37500	0.061087	2725	159.01
-0.13	1.78	37500	0.061087	2750	163.7
-0.13	1.78	37500	0.061087	2775	167.79
-0.13	1.78	37500	0.061087	2800	172.07
-0.13	1.78	37500	0.061087	2825	176.46
-0.13	1.78	37500	0.061087	2850	181.02
-0.13	1.78	37500	0.061087	2875	185.32
-0.13	1.78	37500	0.061087	2900	189.69
-0.13	1.78	37500	0.061087	2925	194.23
-0.13	1.78	37500	0.069813	2575	136.57
-0.13	1.78	37500	0.069813	2600	140.76
-0.13	1.78	37500	0.069813	2625	144.92
-0.13	1.78	37500	0.069813	2650	149.1
-0.13	1.78	37500	0.069813	2675	152.75
-0.13	1.78	37500	0.069813	2700	157.33
-0.13	1.78	37500	0.069813	2725	161.69
-0.13	1.78	37500	0.069813	2750	166.01
-0.13	1.78	37500	0.069813	2775	170.19
-0.13	1.78	37500	0.069813	2800	174.33
-0.13	1.78	37500	0.069813	2825	178.43
-0.13	1.78	37500	0.069813	2850	183.32
-0.13	1.78	37500	0.069813	2875	187.69
-0.13	1.78	37500	0.069813	2900	192.34
-0.13	1.78	37500	0.069813	2925	196.92
-0.13	1.78	38000	0.034907	2575	127.65
-0.13	1.78	38000	0.034907	2600	131.31
-0.13	1.78	38000	0.034907	2625	135.61
-0.13	1.78	38000	0.034907	2650	139.86
-0.13	1.78	38000	0.034907	2675	143.78
-0.13	1.78	38000	0.034907	2700	147.86
-0.13	1.78	38000	0.034907	2725	152.04
-0.13	1.78	38000	0.034907	2750	156.3
-0.13	1.78	38000	0.034907	2775	160.26
-0.13	1.78	38000	0.034907	2800	164.69
-0.13	1.78	38000	0.034907	2825	169.01
-0.13	1.78	38000	0.034907	2850	173.07
-0.13	1.78	38000	0.034907	2875	177.53
-0.13	1.78	38000	0.034907	2900	182.02
-0.13	1.78	38000	0.034907	2925	186.58
-0.13	1.78	38000	0.043633	2575	129.72
-0.13	1.78	38000	0.043633	2600	133.64
-0.13	1.78	38000	0.043633	2625	137.88
-0.13	1.78	38000	0.043633	2650	141.49
-0.13	1.78	38000	0.043633	2675	145.74
-0.13	1.78	38000	0.043633	2700	150.17
-0.13	1.78	38000	0.043633	2725	154.33
-0.13	1.78	38000	0.043633	2750	158.21
-0.13	1.78	38000	0.043633	2775	162.88
-0.13	1.78	38000	0.043633	2800	167.06
-0.13	1.78	38000	0.043633	2825	171.37
-0.13	1.78	38000	0.043633	2850	175.69
-0.13	1.78	38000	0.043633	2875	180.03
-0.13	1.78	38000	0.043633	2900	184.37
-0.13	1.78	38000	0.043633	2925	189.1
-0.13	1.78	38000	0.05236	2575	131.93
-0.13	1.78	38000	0.05236	2600	136.04
-0.13	1.78	38000	0.05236	2625	140.13
-0.13	1.78	38000	0.05236	2650	144.26
-0.13	1.78	38000	0.05236	2675	148.23
-0.13	1.78	38000	0.05236	2700	152.62
-0.13	1.78	38000	0.05236	2725	156.43
-0.13	1.78	38000	0.05236	2750	161
-0.13	1.78	38000	0.05236	2775	165.35
-0.13	1.78	38000	0.05236	2800	169.56
-0.13	1.78	38000	0.05236	2825	173.95
-0.13	1.78	38000	0.05236	2850	178.29
-0.13	1.78	38000	0.05236	2875	182.75
-0.13	1.78	38000	0.05236	2900	186.95
-0.13	1.78	38000	0.05236	2925	191.68
-0.13	1.78	38000	0.061087	2575	134.23
-0.13	1.78	38000	0.061087	2600	138.36
-0.13	1.78	38000	0.061087	2625	142.45
-0.13	1.78	38000	0.061087	2650	146.63
-0.13	1.78	38000	0.061087	2675	150.74
-0.13	1.78	38000	0.061087	2700	155.04
-0.13	1.78	38000	0.061087	2725	159.18
-0.13	1.78	38000	0.061087	2750	163.55
-0.13	1.78	38000	0.061087	2775	167.34
-0.13	1.78	38000	0.061087	2800	171.95
-0.13	1.78	38000	0.061087	2825	176.26
-0.13	1.78	38000	0.061087	2850	180.71
-0.13	1.78	38000	0.061087	2875	185.33
-0.13	1.78	38000	0.061087	2900	189.79
-0.13	1.78	38000	0.061087	2925	194.3
-0.13	1.78	38000	0.069813	2575	136.51
-0.13	1.78	38000	0.069813	2600	140.72
-0.13	1.78	38000	0.069813	2625	144.71
-0.13	1.78	38000	0.069813	2650	148.94
-0.13	1.78	38000	0.069813	2675	153.25
-0.13	1.78	38000	0.069813	2700	157.29
-0.13	1.78	38000	0.069813	2725	161.47
-0.13	1.78	38000	0.069813	2750	165.94
-0.13	1.78	38000	0.069813	2775	170.35
-0.13	1.78	38000	0.069813	2800	174.71
-0.13	1.78	38000	0.069813	2825	178.8
-0.13	1.78	38000	0.069813	2850	183.34
-0.13	1.78	38000	0.069813	2875	188.02
-0.13	1.78	38000	0.069813	2900	192.4
-0.13	1.78	38000	0.069813	2925	196.83
-0.13	1.78	33000	0.07854	2575	138.19
-0.13	1.78	33000	0.07854	2600	142.16
-0.13	1.78	33000	0.07854	2625	146.43
-0.13	1.78	33000	0.07854	2650	150.26
-0.13	1.78	33000	0.07854	2675	154.53
-0.13	1.78	33000	0.07854	2700	158.34
-0.13	1.78	33000	0.07854	2725	162.17
-0.13	1.78	33000	0.07854	2750	165.72
-0.13	1.78	33000	0.07854	2775	171.27
-0.13	1.78	33000	0.07854	2800	175.06
-0.13	1.78	33000	0.07854	2825	179.72
-0.13	1.78	33000	0.07854	2850	183.82
-0.13	1.78	33000	0.07854	2875	187.75
-0.13	1.78	33000	0.07854	2900	192.5
-0.13	1.78	33000	0.07854	2925	197.07
-0.13	1.78	33000	0.087266	2575	140.4
-0.13	1.78	33000	0.087266	2600	144.33
-0.13	1.78	33000	0.087266	2625	148.03
-0.13	1.78	33000	0.087266	2650	152.38
-0.13	1.78	33000	0.087266	2675	156.46
-0.13	1.78	33000	0.087266	2700	160.77
-0.13	1.78	33000	0.087266	2725	164.84
-0.13	1.78	33000	0.087266	2750	168.79
-0.13	1.78	33000	0.087266	2775	173.4
-0.13	1.78	33000	0.087266	2800	177.65
-0.13	1.78	33000	0.087266	2825	181.72
-0.13	1.78	33000	0.087266	2850	186.2
-0.13	1.78	33000	0.087266	2875	190.79
-0.13	1.78	33000	0.087266	2900	195.08
-0.13	1.78	33000	0.087266	2925	199.53
-0.13	1.78	33000	0.095993	2575	142.46
-0.13	1.78	33000	0.095993	2600	146.57
-0.13	1.78	33000	0.095993	2625	150.41
-0.13	1.78	33000	0.095993	2650	154.34
-0.13	1.78	33000	0.095993	2675	158.65
-0.13	1.78	33000	0.095993	2700	162.98
-0.13	1.78	33000	0.095993	2725	167.15
-0.13	1.78	33000	0.095993	2750	171.18
-0.13	1.78	33000	0.095993	2775	175.6
-0.13	1.78	33000	0.095993	2800	179.86
-0.13	1.78	33000	0.095993	2825	184.66
-0.13	1.78	33000	0.095993	2850	188.87
-0.13	1.78	33000	0.095993	2875	193.31
-0.13	1.78	33000	0.095993	2900	197.75
-0.13	1.78	33000	0.095993	2925	202.04
-0.13	1.78	33000	0.10472	2575	144.19
-0.13	1.78	33000	0.10472	2600	148.63
-0.13	1.78	33000	0.10472	2625	152.56
-0.13	1.78	33000	0.10472	2650	156.75
-0.13	1.78	33000	0.10472	2675	160.92
-0.13	1.78	33000	0.10472	2700	165.08
-0.13	1.78	33000	0.10472	2725	169.38
-0.13	1.78	33000	0.10472	2750	173.48
-0.13	1.78	33000	0.10472	2775	178
-0.13	1.78	33000	0.10472	2800	182.55
-0.13	1.78	33000	0.10472	2825	186.76
-0.13	1.78	33000	0.10472	2850	190.96
-0.13	1.78	33000	0.10472	2875	195.72
-0.13	1.78	33000	0.10472	2900	200.21
-0.13	1.78	33000	0.10472	2925	204.54
-0.13	1.78	33500	0.07854	2575	138.74
-0.13	1.78	33500	0.07854	2600	142.84
-0.13	1.78	33500	0.07854	2625	146.97
-0.13	1.78	33500	0.07854	2650	150.77
-0.13	1.78	33500	0.07854	2675	154.98
-0.13	1.78	33500	0.07854	2700	159.02
-0.13	1.78	33500	0.07854	2725	162.66
-0.13	1.78	33500	0.07854	2750	166.99
-0.13	1.78	33500	0.07854	2775	171.32
-0.13	1.78	33500	0.07854	2800	175.79
-0.13	1.78	33500	0.07854	2825	180.24
-0.13	1.78	33500	0.07854	2850	184.64
-0.13	1.78	33500	0.07854	2875	188.46
-0.13	1.78	33500	0.07854	2900	193.4
-0.13	1.78	33500	0.07854	2925	197.61
-0.13	1.78	33500	0.087266	2575	140.77
-0.13	1.78	33500	0.087266	2600	144.83
-0.13	1.78	33500	0.087266	2625	148.67
-0.13	1.78	33500	0.087266	2650	152.77
-0.13	1.78	33500	0.087266	2675	156.93
-0.13	1.78	33500	0.087266	2700	160.82
-0.13	1.78	33500	0.087266	2725	165.04
-0.13	1.78	33500	0.087266	2750	169.4
-0.13	1.78	33500	0.087266	2775	173.81
-0.13	1.78	33500	0.087266	2800	177.94
-0.13	1.78	33500	0.087266	2825	182.59
-0.13	1.78	33500	0.087266	2850	186.83
-0.13	1.78	33500	0.087266	2875	191.22
-0.13	1.78	33500	0.087266	2900	195.38
-0.13	1.78	33500	0.087266	2925	200.08
-0.13	1.78	33500	0.095993	2575	142.64
-0.13	1.78	33500	0.095993	2600	146.87
-0.13	1.78	33500	0.095993	2625	150.67
-0.13	1.78	33500	0.095993	2650	154.64
-0.13	1.78	33500	0.095993	2675	159.11
-0.13	1.78	33500	0.095993	2700	163.21
-0.13	1.78	33500	0.095993	2725	167.39
-0.13	1.78	33500	0.095993	2750	171.68
-0.13	1.78	33500	0.095993	2775	176.06
-0.13	1.78	33500	0.095993	2800	180.28
-0.13	1.78	33500	0.095993	2825	184.68
-0.13	1.78	33500	0.095993	2850	189.51
-0.13	1.78	33500	0.095993	2875	193.39
-0.13	1.78	33500	0.095993	2900	196.42
-0.13	1.78	33500	0.095993	2925	202.82
-0.13	1.78	33500	0.10472	2575	144.91
-0.13	1.78	33500	0.10472	2600	148.79
-0.13	1.78	33500	0.10472	2625	152.99
-0.13	1.78	33500	0.10472	2650	156.75
-0.13	1.78	33500	0.10472	2675	161.16
-0.13	1.78	33500	0.10472	2700	165.41
-0.13	1.78	33500	0.10472	2725	167.81
-0.13	1.78	33500	0.10472	2750	174.08
-0.13	1.78	33500	0.10472	2775	177.94
-0.13	1.78	33500	0.10472	2800	182.84
-0.13	1.78	33500	0.10472	2825	187.18
-0.13	1.78	33500	0.10472	2850	191.59
-0.13	1.78	33500	0.10472	2875	195.61
-0.13	1.78	33500	0.10472	2900	200.42
-0.13	1.78	33500	0.10472	2925	205.38
-0.13	1.78	34000	0.07854	2575	138.86
-0.13	1.78	34000	0.07854	2600	143.21
-0.13	1.78	34000	0.07854	2625	146.86
-0.13	1.78	34000	0.07854	2650	150.91
-0.13	1.78	34000	0.07854	2675	155.24
-0.13	1.78	34000	0.07854	2700	159.33
-0.13	1.78	34000	0.07854	2725	163.19
-0.13	1.78	34000	0.07854	2750	167.76
-0.13	1.78	34000	0.07854	2775	171.91
-0.13	1.78	34000	0.07854	2800	175.45
-0.13	1.78	34000	0.07854	2825	180.47
-0.13	1.78	34000	0.07854	2850	184.91
-0.13	1.78	34000	0.07854	2875	188.93
-0.13	1.78	34000	0.07854	2900	193.42
-0.13	1.78	34000	0.07854	2925	197.95
-0.13	1.78	34000	0.087266	2575	141.05
-0.13	1.78	34000	0.087266	2600	145.1
-0.13	1.78	34000	0.087266	2625	148.91
-0.13	1.78	34000	0.087266	2650	153.08
-0.13	1.78	34000	0.087266	2675	157.49
-0.13	1.78	34000	0.087266	2700	161.34
-0.13	1.78	34000	0.087266	2725	165.7
-0.13	1.78	34000	0.087266	2750	170.02
-0.13	1.78	34000	0.087266	2775	173.88
-0.13	1.78	34000	0.087266	2800	178.57
-0.13	1.78	34000	0.087266	2825	182.99
-0.13	1.78	34000	0.087266	2850	187.24
-0.13	1.78	34000	0.087266	2875	191.57
-0.13	1.78	34000	0.087266	2900	196.34
-0.13	1.78	34000	0.087266	2925	200.39
-0.13	1.78	34000	0.095993	2575	143.02
-0.13	1.78	34000	0.095993	2600	147.18
-0.13	1.78	34000	0.095993	2625	151.31
-0.13	1.78	34000	0.095993	2650	155.43
-0.13	1.78	34000	0.095993	2675	158.69
-0.13	1.78	34000	0.095993	2700	163.71
-0.13	1.78	34000	0.095993	2725	167.75
-0.13	1.78	34000	0.095993	2750	172.17
-0.13	1.78	34000	0.095993	2775	176.42
-0.13	1.78	34000	0.095993	2800	180.58
-0.13	1.78	34000	0.095993	2825	185.29
-0.13	1.78	34000	0.095993	2850	189.66
-0.13	1.78	34000	0.095993	2875	194.32
-0.13	1.78	34000	0.095993	2900	198.73
-0.13	1.78	34000	0.095993	2925	203.41
-0.13	1.78	34000	0.10472	2575	145.15
-0.13	1.78	34000	0.10472	2600	149.19
-0.13	1.78	34000	0.10472	2625	152.76
-0.13	1.78	34000	0.10472	2650	157.61
-0.13	1.78	34000	0.10472	2675	161.61
-0.13	1.78	34000	0.10472	2700	165.48
-0.13	1.78	34000	0.10472	2725	169.8
-0.13	1.78	34000	0.10472	2750	174.67
-0.13	1.78	34000	0.10472	2775	178.94
-0.13	1.78	34000	0.10472	2800	182.72
-0.13	1.78	34000	0.10472	2825	187.74
-0.13	1.78	34000	0.10472	2850	192.02
-0.13	1.78	34000	0.10472	2875	196.06
-0.13	1.78	34000	0.10472	2900	201.03
-0.13	1.78	34000	0.10472	2925	205.62
-0.13	1.78	34500	0.07854	2575	139.02
-0.13	1.78	34500	0.07854	2600	143.02
-0.13	1.78	34500	0.07854	2625	146.67
-0.13	1.78	34500	0.07854	2650	151.34
-0.13	1.78	34500	0.07854	2675	155.53
-0.13	1.78	34500	0.07854	2700	159.39
-0.13	1.78	34500	0.07854	2725	163.69
-0.13	1.78	34500	0.07854	2750	167.98
-0.13	1.78	34500	0.07854	2775	171.82
-0.13	1.78	34500	0.07854	2800	176.6
-0.13	1.78	34500	0.07854	2825	180.04
-0.13	1.78	34500	0.07854	2850	185.15
-0.13	1.78	34500	0.07854	2875	189.57
-0.13	1.78	34500	0.07854	2900	193.9
-0.13	1.78	34500	0.07854	2925	198.48
-0.13	1.78	34500	0.087266	2575	140.92
-0.13	1.78	34500	0.087266	2600	144.83
-0.13	1.78	34500	0.087266	2625	149.28
-0.13	1.78	34500	0.087266	2650	153.27
-0.13	1.78	34500	0.087266	2675	157.33
-0.13	1.78	34500	0.087266	2700	161.85
-0.13	1.78	34500	0.087266	2725	165.89
-0.13	1.78	34500	0.087266	2750	170.34
-0.13	1.78	34500	0.087266	2775	174.63
-0.13	1.78	34500	0.087266	2800	178.74
-0.13	1.78	34500	0.087266	2825	182.95
-0.13	1.78	34500	0.087266	2850	187.27
-0.13	1.78	34500	0.087266	2875	192.23
-0.13	1.78	34500	0.087266	2900	196.63
-0.13	1.78	34500	0.087266	2925	200.95
-0.13	1.78	34500	0.095993	2575	143.04
-0.13	1.78	34500	0.095993	2600	146.7
-0.13	1.78	34500	0.095993	2625	151.41
-0.13	1.78	34500	0.095993	2650	155.56
-0.13	1.78	34500	0.095993	2675	159.7
-0.13	1.78	34500	0.095993	2700	163.93
-0.13	1.78	34500	0.095993	2725	168.17
-0.13	1.78	34500	0.095993	2750	172.61
-0.13	1.78	34500	0.095993	2775	176.69
-0.13	1.78	34500	0.095993	2800	181.24
-0.13	1.78	34500	0.095993	2825	185.35
-0.13	1.78	34500	0.095993	2850	189.99
-0.13	1.78	34500	0.095993	2875	194.68
-0.13	1.78	34500	0.095993	2900	198.8
-0.13	1.78	34500	0.095993	2925	203.68
-0.13	1.78	34500	0.10472	2575	144.82
-0.13	1.78	34500	0.10472	2600	149.33
-0.13	1.78	34500	0.10472	2625	153.51
-0.13	1.78	34500	0.10472	2650	157.44
-0.13	1.78	34500	0.10472	2675	161.83
-0.13	1.78	34500	0.10472	2700	166.1
-0.13	1.78	34500	0.10472	2725	170.38
-0.13	1.78	34500	0.10472	2750	174.68
-0.13	1.78	34500	0.10472	2775	179.15
-0.13	1.78	34500	0.10472	2800	183.43
-0.13	1.78	34500	0.10472	2825	188
-0.13	1.78	34500	0.10472	2850	191.96
-0.13	1.78	34500	0.10472	2875	196.93
-0.13	1.78	34500	0.10472	2900	201.64
-0.13	1.78	34500	0.10472	2925	206.16
-0.13	1.78	35000	0.07854	2575	139.06
-0.13	1.78	35000	0.07854	2600	143.11
-0.13	1.78	35000	0.07854	2625	147.53
-0.13	1.78	35000	0.07854	2650	151.24
-0.13	1.78	35000	0.07854	2675	153.93
-0.13	1.78	35000	0.07854	2700	159.55
-0.13	1.78	35000	0.07854	2725	163.9
-0.13	1.78	35000	0.07854	2750	168.36
-0.13	1.78	35000	0.07854	2775	172.67
-0.13	1.78	35000	0.07854	2800	176.86
-0.13	1.78	35000	0.07854	2825	181.22
-0.13	1.78	35000	0.07854	2850	185.47
-0.13	1.78	35000	0.07854	2875	189.8
-0.13	1.78	35000	0.07854	2900	194.63
-0.13	1.78	35000	0.07854	2925	197.32
-0.13	1.78	35000	0.087266	2575	141.14
-0.13	1.78	35000	0.087266	2600	145.16
-0.13	1.78	35000	0.087266	2625	149.44
-0.13	1.78	35000	0.087266	2650	153.6
-0.13	1.78	35000	0.087266	2675	157.7
-0.13	1.78	35000	0.087266	2700	162.09
-0.13	1.78	35000	0.087266	2725	165.94
-0.13	1.78	35000	0.087266	2750	170.54
-0.13	1.78	35000	0.087266	2775	174.33
-0.13	1.78	35000	0.087266	2800	178.74
-0.13	1.78	35000	0.087266	2825	183.44
-0.13	1.78	35000	0.087266	2850	187.95
-0.13	1.78	35000	0.087266	2875	192.39
-0.13	1.78	35000	0.087266	2900	197
-0.13	1.78	35000	0.087266	2925	201.16
-0.13	1.78	35000	0.095993	2575	143.3
-0.13	1.78	35000	0.095993	2600	146.65
-0.13	1.78	35000	0.095993	2625	151.45
-0.13	1.78	35000	0.095993	2650	155.52
-0.13	1.78	35000	0.095993	2675	159.95
-0.13	1.78	35000	0.095993	2700	164.2
-0.13	1.78	35000	0.095993	2725	168.37
-0.13	1.78	35000	0.095993	2750	172.91
-0.13	1.78	35000	0.095993	2775	176.99
-0.13	1.78	35000	0.095993	2800	181.31
-0.13	1.78	35000	0.095993	2825	185.92
-0.13	1.78	35000	0.095993	2850	190.23
-0.13	1.78	35000	0.095993	2875	194.76
-0.13	1.78	35000	0.095993	2900	198.9
-0.13	1.78	35000	0.095993	2925	204.05
-0.13	1.78	35000	0.10472	2575	145.07
-0.13	1.78	35000	0.10472	2600	149.37
-0.13	1.78	35000	0.10472	2625	153.67
-0.13	1.78	35000	0.10472	2650	157.93
-0.13	1.78	35000	0.10472	2675	162.19
-0.13	1.78	35000	0.10472	2700	166.37
-0.13	1.78	35000	0.10472	2725	170.55
-0.13	1.78	35000	0.10472	2750	174.52
-0.13	1.78	35000	0.10472	2775	179.53
-0.13	1.78	35000	0.10472	2800	183.71
-0.13	1.78	35000	0.10472	2825	188.21
-0.13	1.78	35000	0.10472	2850	192.73
-0.13	1.78	35000	0.10472	2875	197.31
-0.13	1.78	35000	0.10472	2900	201.59
-0.13	1.78	35000	0.10472	2925	206.31
-0.13	1.78	35500	0.07854	2575	139.16
-0.13	1.78	35500	0.07854	2600	142.94
-0.13	1.78	35500	0.07854	2625	147.08
-0.13	1.78	35500	0.07854	2650	151.41
-0.13	1.78	35500	0.07854	2675	155.28
-0.13	1.78	35500	0.07854	2700	159.77
-0.13	1.78	35500	0.07854	2725	163.84
-0.13	1.78	35500	0.07854	2750	168.27
-0.13	1.78	35500	0.07854	2775	172.72
-0.13	1.78	35500	0.07854	2800	176.94
-0.13	1.78	35500	0.07854	2825	181.48
-0.13	1.78	35500	0.07854	2850	185.51
-0.13	1.78	35500	0.07854	2875	190.37
-0.13	1.78	35500	0.07854	2900	194.71
-0.13	1.78	35500	0.07854	2925	199.2
-0.13	1.78	35500	0.087266	2575	140.96
-0.13	1.78	35500	0.087266	2600	144.73
-0.13	1.78	35500	0.087266	2625	149.03
-0.13	1.78	35500	0.087266	2650	153.43
-0.13	1.78	35500	0.087266	2675	157.65
-0.13	1.78	35500	0.087266	2700	162.25
-0.13	1.78	35500	0.087266	2725	165.94
-0.13	1.78	35500	0.087266	2750	170.6
-0.13	1.78	35500	0.087266	2775	175.06
-0.13	1.78	35500	0.087266	2800	179.47
-0.13	1.78	35500	0.087266	2825	183.61
-0.13	1.78	35500	0.087266	2850	188.37
-0.13	1.78	35500	0.087266	2875	192.63
-0.13	1.78	35500	0.087266	2900	197.2
-0.13	1.78	35500	0.087266	2925	201.49
-0.13	1.78	35500	0.095993	2575	143.24
-0.13	1.78	35500	0.095993	2600	147.35
-0.13	1.78	35500	0.095993	2625	151.38
-0.13	1.78	35500	0.095993	2650	155.73
-0.13	1.78	35500	0.095993	2675	159.95
-0.13	1.78	35500	0.095993	2700	164.25
-0.13	1.78	35500	0.095993	2725	168.67
-0.13	1.78	35500	0.095993	2750	172.7
-0.13	1.78	35500	0.095993	2775	177.3
-0.13	1.78	35500	0.095993	2800	181.71
-0.13	1.78	35500	0.095993	2825	186.14
-0.13	1.78	35500	0.095993	2850	190.58
-0.13	1.78	35500	0.095993	2875	195.12
-0.13	1.78	35500	0.095993	2900	199.73
-0.13	1.78	35500	0.095993	2925	204.12
-0.13	1.78	35500	0.10472	2575	145.12
-0.13	1.78	35500	0.10472	2600	149.28
-0.13	1.78	35500	0.10472	2625	153.66
-0.13	1.78	35500	0.10472	2650	157.54
-0.13	1.78	35500	0.10472	2675	162.25
-0.13	1.78	35500	0.10472	2700	166.54
-0.13	1.78	35500	0.10472	2725	170.85
-0.13	1.78	35500	0.10472	2750	175.35
-0.13	1.78	35500	0.10472	2775	179.66
-0.13	1.78	35500	0.10472	2800	183.93
-0.13	1.78	35500	0.10472	2825	187.76
-0.13	1.78	35500	0.10472	2850	192.61
-0.13	1.78	35500	0.10472	2875	197.59
-0.13	1.78	35500	0.10472	2900	202.19
-0.13	1.78	35500	0.10472	2925	206.67
-0.13	1.78	36000	0.07854	2575	138.86
-0.13	1.78	36000	0.07854	2600	143.03
-0.13	1.78	36000	0.07854	2625	147.28
-0.13	1.78	36000	0.07854	2650	151.33
-0.13	1.78	36000	0.07854	2675	155.54
-0.13	1.78	36000	0.07854	2700	159.74
-0.13	1.78	36000	0.07854	2725	164.01
-0.13	1.78	36000	0.07854	2750	167.95
-0.13	1.78	36000	0.07854	2775	172.58
-0.13	1.78	36000	0.07854	2800	177.11
-0.13	1.78	36000	0.07854	2825	181.02
-0.13	1.78	36000	0.07854	2850	185.86
-0.13	1.78	36000	0.07854	2875	190.34
-0.13	1.78	36000	0.07854	2900	195.01
-0.13	1.78	36000	0.07854	2925	199.57
-0.13	1.78	36000	0.087266	2575	141.22
-0.13	1.78	36000	0.087266	2600	145.33
-0.13	1.78	36000	0.087266	2625	149.49
-0.13	1.78	36000	0.087266	2650	153.1
-0.13	1.78	36000	0.087266	2675	157.94
-0.13	1.78	36000	0.087266	2700	162.14
-0.13	1.78	36000	0.087266	2725	165.8
-0.13	1.78	36000	0.087266	2750	170.52
-0.13	1.78	36000	0.087266	2775	175.1
-0.13	1.78	36000	0.087266	2800	179.22
-0.13	1.78	36000	0.087266	2825	183.7
-0.13	1.78	36000	0.087266	2850	188.24
-0.13	1.78	36000	0.087266	2875	192.86
-0.13	1.78	36000	0.087266	2900	197.56
-0.13	1.78	36000	0.087266	2925	202.07
-0.13	1.78	36000	0.095993	2575	143.13
-0.13	1.78	36000	0.095993	2600	147.34
-0.13	1.78	36000	0.095993	2625	150.33
-0.13	1.78	36000	0.095993	2650	155.72
-0.13	1.78	36000	0.095993	2675	159.62
-0.13	1.78	36000	0.095993	2700	164.23
-0.13	1.78	36000	0.095993	2725	168.71
-0.13	1.78	36000	0.095993	2750	173.23
-0.13	1.78	36000	0.095993	2775	177.4
-0.13	1.78	36000	0.095993	2800	181.71
-0.13	1.78	36000	0.095993	2825	186.16
-0.13	1.78	36000	0.095993	2850	190.8
-0.13	1.78	36000	0.095993	2875	195.2
-0.13	1.78	36000	0.095993	2900	199.74
-0.13	1.78	36000	0.095993	2925	204.48
-0.13	1.78	36000	0.10472	2575	145.44
-0.13	1.78	36000	0.10472	2600	149.58
-0.13	1.78	36000	0.10472	2625	153.54
-0.13	1.78	36000	0.10472	2650	158.07
-0.13	1.78	36000	0.10472	2675	162.41
-0.13	1.78	36000	0.10472	2700	166.4
-0.13	1.78	36000	0.10472	2725	170.82
-0.13	1.78	36000	0.10472	2750	175.39
-0.13	1.78	36000	0.10472	2775	179.8
-0.13	1.78	36000	0.10472	2800	184.23
-0.13	1.78	36000	0.10472	2825	188.69
-0.13	1.78	36000	0.10472	2850	193.21
-0.13	1.78	36000	0.10472	2875	197.54
-0.13	1.78	36000	0.10472	2900	202.29
-0.13	1.78	36000	0.10472	2925	206.65
-0.13	1.78	36500	0.07854	2575	139.07
-0.13	1.78	36500	0.07854	2600	142.98
-0.13	1.78	36500	0.07854	2625	147.33
-0.13	1.78	36500	0.07854	2650	151.5
-0.13	1.78	36500	0.07854	2675	155.63
-0.13	1.78	36500	0.07854	2700	159.79
-0.13	1.78	36500	0.07854	2725	163.87
-0.13	1.78	36500	0.07854	2750	168.14
-0.13	1.78	36500	0.07854	2775	172.52
-0.13	1.78	36500	0.07854	2800	176.98
-0.13	1.78	36500	0.07854	2825	181.32
-0.13	1.78	36500	0.07854	2850	186.04
-0.13	1.78	36500	0.07854	2875	190.05
-0.13	1.78	36500	0.07854	2900	194.8
-0.13	1.78	36500	0.07854	2925	198.71
-0.13	1.78	36500	0.087266	2575	141.27
-0.13	1.78	36500	0.087266	2600	145.22
-0.13	1.78	36500	0.087266	2625	149.1
-0.13	1.78	36500	0.087266	2650	153.14
-0.13	1.78	36500	0.087266	2675	157.82
-0.13	1.78	36500	0.087266	2700	162.03
-0.13	1.78	36500	0.087266	2725	166.21
-0.13	1.78	36500	0.087266	2750	170.1
-0.13	1.78	36500	0.087266	2775	174.89
-0.13	1.78	36500	0.087266	2800	179.37
-0.13	1.78	36500	0.087266	2825	183.76
-0.13	1.78	36500	0.087266	2850	188.13
-0.13	1.78	36500	0.087266	2875	193.05
-0.13	1.78	36500	0.087266	2900	197.4
-0.13	1.78	36500	0.087266	2925	202.14
-0.13	1.78	36500	0.095993	2575	143.47
-0.13	1.78	36500	0.095993	2600	147.51
-0.13	1.78	36500	0.095993	2625	151.61
-0.13	1.78	36500	0.095993	2650	155.71
-0.13	1.78	36500	0.095993	2675	160.06
-0.13	1.78	36500	0.095993	2700	163.89
-0.13	1.78	36500	0.095993	2725	168.36
-0.13	1.78	36500	0.095993	2750	172.89
-0.13	1.78	36500	0.095993	2775	177.57
-0.13	1.78	36500	0.095993	2800	181.5
-0.13	1.78	36500	0.095993	2825	186.14
-0.13	1.78	36500	0.095993	2850	190.76
-0.13	1.78	36500	0.095993	2875	195.34
-0.13	1.78	36500	0.095993	2900	200.12
-0.13	1.78	36500	0.095993	2925	204.69
-0.13	1.78	36500	0.10472	2575	145.6
-0.13	1.78	36500	0.10472	2600	149.5
-0.13	1.78	36500	0.10472	2625	153.74
-0.13	1.78	36500	0.10472	2650	158.2
-0.13	1.78	36500	0.10472	2675	162.39
-0.13	1.78	36500	0.10472	2700	166.85
-0.13	1.78	36500	0.10472	2725	170.99
-0.13	1.78	36500	0.10472	2750	175.49
-0.13	1.78	36500	0.10472	2775	179.8
-0.13	1.78	36500	0.10472	2800	184.32
-0.13	1.78	36500	0.10472	2825	188.89
-0.13	1.78	36500	0.10472	2850	193.23
-0.13	1.78	36500	0.10472	2875	198.05
-0.13	1.78	36500	0.10472	2900	202.4
-0.13	1.78	36500	0.10472	2925	206.82
-0.13	1.78	37000	0.07854	2575	138.97
-0.13	1.78	37000	0.07854	2600	143.06
-0.13	1.78	37000	0.07854	2625	147.23
-0.13	1.78	37000	0.07854	2650	151.35
-0.13	1.78	37000	0.07854	2675	155.63
-0.13	1.78	37000	0.07854	2700	159.84
-0.13	1.78	37000	0.07854	2725	164.16
-0.13	1.78	37000	0.07854	2750	168.23
-0.13	1.78	37000	0.07854	2775	172.75
-0.13	1.78	37000	0.07854	2800	177.05
-0.13	1.78	37000	0.07854	2825	181.54
-0.13	1.78	37000	0.07854	2850	185.83
-0.13	1.78	37000	0.07854	2875	190.29
-0.13	1.78	37000	0.07854	2900	195.07
-0.13	1.78	37000	0.07854	2925	199.54
-0.13	1.78	37000	0.087266	2575	140.96
-0.13	1.78	37000	0.087266	2600	145.49
-0.13	1.78	37000	0.087266	2625	149.54
-0.13	1.78	37000	0.087266	2650	153.63
-0.13	1.78	37000	0.087266	2675	157.88
-0.13	1.78	37000	0.087266	2700	162.26
-0.13	1.78	37000	0.087266	2725	166.45
-0.13	1.78	37000	0.087266	2750	170.63
-0.13	1.78	37000	0.087266	2775	175.22
-0.13	1.78	37000	0.087266	2800	179.58
-0.13	1.78	37000	0.087266	2825	183.81
-0.13	1.78	37000	0.087266	2850	188.24
-0.13	1.78	37000	0.087266	2875	193.02
-0.13	1.78	37000	0.087266	2900	197.57
-0.13	1.78	37000	0.087266	2925	202.18
-0.13	1.78	37000	0.095993	2575	143.51
-0.13	1.78	37000	0.095993	2600	147.61
-0.13	1.78	37000	0.095993	2625	151.79
-0.13	1.78	37000	0.095993	2650	155.72
-0.13	1.78	37000	0.095993	2675	160.31
-0.13	1.78	37000	0.095993	2700	164.42
-0.13	1.78	37000	0.095993	2725	168.85
-0.13	1.78	37000	0.095993	2750	173.22
-0.13	1.78	37000	0.095993	2775	176.94
-0.13	1.78	37000	0.095993	2800	181.71
-0.13	1.78	37000	0.095993	2825	186.13
-0.13	1.78	37000	0.095993	2850	190.96
-0.13	1.78	37000	0.095993	2875	195.6
-0.13	1.78	37000	0.095993	2900	200.15
-0.13	1.78	37000	0.095993	2925	204.71
-0.13	1.78	37000	0.10472	2575	145.69
-0.13	1.78	37000	0.10472	2600	149.66
-0.13	1.78	37000	0.10472	2625	154.06
-0.13	1.78	37000	0.10472	2650	158.18
-0.13	1.78	37000	0.10472	2675	162.51
-0.13	1.78	37000	0.10472	2700	166.99
-0.13	1.78	37000	0.10472	2725	171.05
-0.13	1.78	37000	0.10472	2750	175.34
-0.13	1.78	37000	0.10472	2775	179.77
-0.13	1.78	37000	0.10472	2800	184.19
-0.13	1.78	37000	0.10472	2825	188.85
-0.13	1.78	37000	0.10472	2850	193.49
-0.13	1.78	37000	0.10472	2875	198.02
-0.13	1.78	37000	0.10472	2900	202.72
-0.13	1.78	37000	0.10472	2925	207.38
-0.13	1.78	37500	0.07854	2575	138.63
-0.13	1.78	37500	0.07854	2600	143.15
-0.13	1.78	37500	0.07854	2625	147.29
-0.13	1.78	37500	0.07854	2650	151.41
-0.13	1.78	37500	0.07854	2675	155.58
-0.13	1.78	37500	0.07854	2700	159.76
-0.13	1.78	37500	0.07854	2725	164.14
-0.13	1.78	37500	0.07854	2750	168.41
-0.13	1.78	37500	0.07854	2775	172.78
-0.13	1.78	37500	0.07854	2800	176.82
-0.13	1.78	37500	0.07854	2825	181.55
-0.13	1.78	37500	0.07854	2850	185.98
-0.13	1.78	37500	0.07854	2875	190.37
-0.13	1.78	37500	0.07854	2900	194.73
-0.13	1.78	37500	0.07854	2925	199.63
-0.13	1.78	37500	0.087266	2575	141.24
-0.13	1.78	37500	0.087266	2600	145.42
-0.13	1.78	37500	0.087266	2625	149.77
-0.13	1.78	37500	0.087266	2650	153.74
-0.13	1.78	37500	0.087266	2675	158.05
-0.13	1.78	37500	0.087266	2700	162.17
-0.13	1.78	37500	0.087266	2725	166.63
-0.13	1.78	37500	0.087266	2750	170.88
-0.13	1.78	37500	0.087266	2775	175.32
-0.13	1.78	37500	0.087266	2800	179.71
-0.13	1.78	37500	0.087266	2825	181.63
-0.13	1.78	37500	0.087266	2850	188.44
-0.13	1.78	37500	0.087266	2875	192.93
-0.13	1.78	37500	0.087266	2900	197.73
-0.13	1.78	37500	0.087266	2925	202.36
-0.13	1.78	37500	0.095993	2575	143.63
-0.13	1.78	37500	0.095993	2600	147.6
-0.13	1.78	37500	0.095993	2625	151.75
-0.13	1.78	37500	0.095993	2650	156.28
-0.13	1.78	37500	0.095993	2675	160.37
-0.13	1.78	37500	0.095993	2700	164.77
-0.13	1.78	37500	0.095993	2725	168.9
-0.13	1.78	37500	0.095993	2750	173.22
-0.13	1.78	37500	0.095993	2775	177.64
-0.13	1.78	37500	0.095993	2800	181.99
-0.13	1.78	37500	0.095993	2825	186.19
-0.13	1.78	37500	0.095993	2850	190.95
-0.13	1.78	37500	0.095993	2875	195.82
-0.13	1.78	37500	0.095993	2900	200.16
-0.13	1.78	37500	0.095993	2925	204.94
-0.13	1.78	37500	0.10472	2575	145.81
-0.13	1.78	37500	0.10472	2600	150.02
-0.13	1.78	37500	0.10472	2625	154.26
-0.13	1.78	37500	0.10472	2650	158.45
-0.13	1.78	37500	0.10472	2675	162.7
-0.13	1.78	37500	0.10472	2700	167.14
-0.13	1.78	37500	0.10472	2725	171.52
-0.13	1.78	37500	0.10472	2750	175.22
-0.13	1.78	37500	0.10472	2775	180.14
-0.13	1.78	37500	0.10472	2800	184.58
-0.13	1.78	37500	0.10472	2825	188.66
-0.13	1.78	37500	0.10472	2850	193.69
-0.13	1.78	37500	0.10472	2875	197.97
-0.13	1.78	37500	0.10472	2900	202.84
-0.13	1.78	37500	0.10472	2925	207.29
-0.13	1.78	38000	0.07854	2575	139.04
-0.13	1.78	38000	0.07854	2600	143.05
-0.13	1.78	38000	0.07854	2625	147.27
-0.13	1.78	38000	0.07854	2650	151.45
-0.13	1.78	38000	0.07854	2675	155.46
-0.13	1.78	38000	0.07854	2700	160.01
-0.13	1.78	38000	0.07854	2725	164.16
-0.13	1.78	38000	0.07854	2750	168.47
-0.13	1.78	38000	0.07854	2775	172.86
-0.13	1.78	38000	0.07854	2800	177.15
-0.13	1.78	38000	0.07854	2825	181.74
-0.13	1.78	38000	0.07854	2850	186.05
-0.13	1.78	38000	0.07854	2875	190.54
-0.13	1.78	38000	0.07854	2900	194.6
-0.13	1.78	38000	0.07854	2925	199.59
-0.13	1.78	38000	0.087266	2575	141.34
-0.13	1.78	38000	0.087266	2600	145.46
-0.13	1.78	38000	0.087266	2625	149.65
-0.13	1.78	38000	0.087266	2650	153.84
-0.13	1.78	38000	0.087266	2675	158.1
-0.13	1.78	38000	0.087266	2700	162.16
-0.13	1.78	38000	0.087266	2725	166.71
-0.13	1.78	38000	0.087266	2750	170.99
-0.13	1.78	38000	0.087266	2775	175.33
-0.13	1.78	38000	0.087266	2800	179.54
-0.13	1.78	38000	0.087266	2825	184.45
-0.13	1.78	38000	0.087266	2850	188.77
-0.13	1.78	38000	0.087266	2875	193.16
-0.13	1.78	38000	0.087266	2900	197.66
-0.13	1.78	38000	0.087266	2925	202.27
-0.13	1.78	38000	0.095993	2575	143.62
-0.13	1.78	38000	0.095993	2600	147.8
-0.13	1.78	38000	0.095993	2625	151.87
-0.13	1.78	38000	0.095993	2650	156.31
-0.13	1.78	38000	0.095993	2675	160.39
-0.13	1.78	38000	0.095993	2700	164.8
-0.13	1.78	38000	0.095993	2725	169.08
-0.13	1.78	38000	0.095993	2750	173.51
-0.13	1.78	38000	0.095993	2775	177.89
-0.13	1.78	38000	0.095993	2800	182.03
-0.13	1.78	38000	0.095993	2825	186.66
-0.13	1.78	38000	0.095993	2850	191.42
-0.13	1.78	38000	0.095993	2875	195.55
-0.13	1.78	38000	0.095993	2900	200.29
-0.13	1.78	38000	0.095993	2925	205.02
-0.13	1.78	38000	0.10472	2575	146
-0.13	1.78	38000	0.10472	2600	150.21
-0.13	1.78	38000	0.10472	2625	154.33
-0.13	1.78	38000	0.10472	2650	158.45
-0.13	1.78	38000	0.10472	2675	162.89
-0.13	1.78	38000	0.10472	2700	167.32
-0.13	1.78	38000	0.10472	2725	171.51
-0.13	1.78	38000	0.10472	2750	175.72
-0.13	1.78	38000	0.10472	2775	180.21
-0.13	1.78	38000	0.10472	2800	184.79
-0.13	1.78	38000	0.10472	2825	189.26
-0.13	1.78	38000	0.10472	2850	193.73
-0.13	1.78	38000	0.10472	2875	198.21
-0.13	1.78	38000	0.10472	2900	202.76
-0.13	1.78	38000	0.10472	2925	207.32
-0.13	1.78	33000	0.034907	2950	187.66
-0.13	1.78	33000	0.034907	2975	191.97
-0.13	1.78	33000	0.043633	2950	190.78
-0.13	1.78	33000	0.043633	2975	195.4
-0.13	1.78	33000	0.05236	2950	193.54
-0.13	1.78	33000	0.05236	2975	197.89
-0.13	1.78	33000	0.061087	2950	195.87
-0.13	1.78	33000	0.061087	2975	200.77
-0.13	1.78	33000	0.069813	2950	199.2
-0.13	1.78	33000	0.069813	2975	203.18
-0.13	1.78	33000	0.07854	2950	201.68
-0.13	1.78	33000	0.07854	2975	205.83
-0.13	1.78	33000	0.087266	2950	203.85
-0.13	1.78	33000	0.087266	2975	208.83
-0.13	1.78	33000	0.095993	2950	206.76
-0.13	1.78	33000	0.095993	2975	211.27
-0.13	1.78	33000	0.10472	2950	209.2
-0.13	1.78	33000	0.10472	2975	213.98
-0.13	1.78	33500	0.034907	2950	188.73
-0.13	1.78	33500	0.034907	2975	193.48
-0.13	1.78	33500	0.043633	2950	191.13
-0.13	1.78	33500	0.043633	2975	196.33
-0.13	1.78	33500	0.05236	2950	194.35
-0.13	1.78	33500	0.05236	2975	198.33
-0.13	1.78	33500	0.061087	2950	197.11
-0.13	1.78	33500	0.061087	2975	201.65
-0.13	1.78	33500	0.069813	2950	199.52
-0.13	1.78	33500	0.069813	2975	203.96
-0.13	1.78	33500	0.07854	2950	202.22
-0.13	1.78	33500	0.07854	2975	206.95
-0.13	1.78	33500	0.087266	2950	204.59
-0.13	1.78	33500	0.087266	2975	209.27
-0.13	1.78	33500	0.095993	2950	207.23
-0.13	1.78	33500	0.095993	2975	211.52
-0.13	1.78	33500	0.10472	2950	209.2
-0.13	1.78	33500	0.10472	2975	214.45
-0.13	1.78	34000	0.034907	2950	189.95
-0.13	1.78	34000	0.034907	2975	194.07
-0.13	1.78	34000	0.043633	2950	191.09
-0.13	1.78	34000	0.043633	2975	196.38
-0.13	1.78	34000	0.05236	2950	194.99
-0.13	1.78	34000	0.05236	2975	199.16
-0.13	1.78	34000	0.061087	2950	197.35
-0.13	1.78	34000	0.061087	2975	201.99
-0.13	1.78	34000	0.069813	2950	200.33
-0.13	1.78	34000	0.069813	2975	204.5
-0.13	1.78	34000	0.07854	2950	202.9
-0.13	1.78	34000	0.07854	2975	206.95
-0.13	1.78	34000	0.087266	2950	205.27
-0.13	1.78	34000	0.087266	2975	209.69
-0.13	1.78	34000	0.095993	2950	207.71
-0.13	1.78	34000	0.095993	2975	212.12
-0.13	1.78	34000	0.10472	2950	210.33
-0.13	1.78	34000	0.10472	2975	214.9
-0.13	1.78	34500	0.034907	2950	189.65
-0.13	1.78	34500	0.034907	2975	194.88
-0.13	1.78	34500	0.043633	2950	193.06
-0.13	1.78	34500	0.043633	2975	197.18
-0.13	1.78	34500	0.05236	2950	195.6
-0.13	1.78	34500	0.05236	2975	200.07
-0.13	1.78	34500	0.061087	2950	198.12
-0.13	1.78	34500	0.061087	2975	202.21
-0.13	1.78	34500	0.069813	2950	200.18
-0.13	1.78	34500	0.069813	2975	205.15
-0.13	1.78	34500	0.07854	2950	202.92
-0.13	1.78	34500	0.07854	2975	206.59
-0.13	1.78	34500	0.087266	2950	205.68
-0.13	1.78	34500	0.087266	2975	210.53
-0.13	1.78	34500	0.095993	2950	208.28
-0.13	1.78	34500	0.095993	2975	212.96
-0.13	1.78	34500	0.10472	2950	210.81
-0.13	1.78	34500	0.10472	2975	215.51
-0.13	1.78	35000	0.034907	2950	190.69
-0.13	1.78	35000	0.034907	2975	195.53
-0.13	1.78	35000	0.043633	2950	193.15
-0.13	1.78	35000	0.043633	2975	197.77
-0.13	1.78	35000	0.05236	2950	195.96
-0.13	1.78	35000	0.05236	2975	200.29
-0.13	1.78	35000	0.061087	2950	198.64
-0.13	1.78	35000	0.061087	2975	202.98
-0.13	1.78	35000	0.069813	2950	200.76
-0.13	1.78	35000	0.069813	2975	205.34
-0.13	1.78	35000	0.07854	2950	203.26
-0.13	1.78	35000	0.07854	2975	208.18
-0.13	1.78	35000	0.087266	2950	205.89
-0.13	1.78	35000	0.087266	2975	210.61
-0.13	1.78	35000	0.095993	2950	208.45
-0.13	1.78	35000	0.095993	2975	212.95
-0.13	1.78	35000	0.10472	2950	210.95
-0.13	1.78	35000	0.10472	2975	215.8
-0.13	1.78	35500	0.034907	2950	190.85
-0.13	1.78	35500	0.034907	2975	195.58
-0.13	1.78	35500	0.043633	2950	193.88
-0.13	1.78	35500	0.043633	2975	198.3
-0.13	1.78	35500	0.05236	2950	196.33
-0.13	1.78	35500	0.05236	2975	200.9
-0.13	1.78	35500	0.061087	2950	198.88
-0.13	1.78	35500	0.061087	2975	203.23
-0.13	1.78	35500	0.069813	2950	201.36
-0.13	1.78	35500	0.069813	2975	205.96
-0.13	1.78	35500	0.07854	2950	203.64
-0.13	1.78	35500	0.07854	2975	208.35
-0.13	1.78	35500	0.087266	2950	206.36
-0.13	1.78	35500	0.087266	2975	211.06
-0.13	1.78	35500	0.095993	2950	208.96
-0.13	1.78	35500	0.095993	2975	213.68
-0.13	1.78	35500	0.10472	2950	211.44
-0.13	1.78	35500	0.10472	2975	215.97
-0.13	1.78	36000	0.034907	2950	191.34
-0.13	1.78	36000	0.034907	2975	196.24
-0.13	1.78	36000	0.043633	2950	194.03
-0.13	1.78	36000	0.043633	2975	197.88
-0.13	1.78	36000	0.05236	2950	196.33
-0.13	1.78	36000	0.05236	2975	200.87
-0.13	1.78	36000	0.061087	2950	198.85
-0.13	1.78	36000	0.061087	2975	203.43
-0.13	1.78	36000	0.069813	2950	201.48
-0.13	1.78	36000	0.069813	2975	206.03
-0.13	1.78	36000	0.07854	2950	204.17
-0.13	1.78	36000	0.07854	2975	208.27
-0.13	1.78	36000	0.087266	2950	206.61
-0.13	1.78	36000	0.087266	2975	211.15
-0.13	1.78	36000	0.095993	2950	208.71
-0.13	1.78	36000	0.095993	2975	213.83
-0.13	1.78	36000	0.10472	2950	211.8
-0.13	1.78	36000	0.10472	2975	216.35
-0.13	1.78	36500	0.034907	2950	191.11
-0.13	1.78	36500	0.034907	2975	196.28
-0.13	1.78	36500	0.043633	2950	193.61
-0.13	1.78	36500	0.043633	2975	198.24
-0.13	1.78	36500	0.05236	2950	195.48
-0.13	1.78	36500	0.05236	2975	201.23
-0.13	1.78	36500	0.061087	2950	199.11
-0.13	1.78	36500	0.061087	2975	203.48
-0.13	1.78	36500	0.069813	2950	201.49
-0.13	1.78	36500	0.069813	2975	205.97
-0.13	1.78	36500	0.07854	2950	204.1
-0.13	1.78	36500	0.07854	2975	208.83
-0.13	1.78	36500	0.087266	2950	206.73
-0.13	1.78	36500	0.087266	2975	211.5
-0.13	1.78	36500	0.095993	2950	209.16
-0.13	1.78	36500	0.095993	2975	213.88
-0.13	1.78	36500	0.10472	2950	211.9
-0.13	1.78	36500	0.10472	2975	216.45
-0.13	1.78	37000	0.034907	2950	191.48
-0.13	1.78	37000	0.034907	2975	195.89
-0.13	1.78	37000	0.043633	2950	193.32
-0.13	1.78	37000	0.043633	2975	198.1
-0.13	1.78	37000	0.05236	2950	195.84
-0.13	1.78	37000	0.05236	2975	200.38
-0.13	1.78	37000	0.061087	2950	198.85
-0.13	1.78	37000	0.061087	2975	203.46
-0.13	1.78	37000	0.069813	2950	201.18
-0.13	1.78	37000	0.069813	2975	206.35
-0.13	1.78	37000	0.07854	2950	203.68
-0.13	1.78	37000	0.07854	2975	208.71
-0.13	1.78	37000	0.087266	2950	206.6
-0.13	1.78	37000	0.087266	2975	211.55
-0.13	1.78	37000	0.095993	2950	209.52
-0.13	1.78	37000	0.095993	2975	214.18
-0.13	1.78	37000	0.10472	2950	211.87
-0.13	1.78	37000	0.10472	2975	216.79
-0.13	1.78	37500	0.034907	2950	191.19
-0.13	1.78	37500	0.034907	2975	195.59
-0.13	1.78	37500	0.043633	2950	193.74
-0.13	1.78	37500	0.043633	2975	198.05
-0.13	1.78	37500	0.05236	2950	196.15
-0.13	1.78	37500	0.05236	2975	200.64
-0.13	1.78	37500	0.061087	2950	198.52
-0.13	1.78	37500	0.061087	2975	203.24
-0.13	1.78	37500	0.069813	2950	201.28
-0.13	1.78	37500	0.069813	2975	205.35
-0.13	1.78	37500	0.07854	2950	203.95
-0.13	1.78	37500	0.07854	2975	208.76
-0.13	1.78	37500	0.087266	2950	206.21
-0.13	1.78	37500	0.087266	2975	211.69
-0.13	1.78	37500	0.095993	2950	209.66
-0.13	1.78	37500	0.095993	2975	214.24
-0.13	1.78	37500	0.10472	2950	212.34
-0.13	1.78	37500	0.10472	2975	216.92
-0.13	1.78	38000	0.034907	2950	190.97
-0.13	1.78	38000	0.034907	2975	195.27
-0.13	1.78	38000	0.043633	2950	193.53
-0.13	1.78	38000	0.043633	2975	196.92
-0.13	1.78	38000	0.05236	2950	196.23
-0.13	1.78	38000	0.05236	2975	200.65
-0.13	1.78	38000	0.061087	2950	198.68
-0.13	1.78	38000	0.061087	2975	202.29
-0.13	1.78	38000	0.069813	2950	201.55
-0.13	1.78	38000	0.069813	2975	206
-0.13	1.78	38000	0.07854	2950	204.45
-0.13	1.78	38000	0.07854	2975	208.8
-0.13	1.78	38000	0.087266	2950	206.91
-0.13	1.78	38000	0.087266	2975	211.45
-0.13	1.78	38000	0.095993	2950	209.47
-0.13	1.78	38000	0.095993	2975	214.54
-0.13	1.78	38000	0.10472	2950	212.5
-0.13	1.78	38000	0.10472	2975	217.27
