time (s) altitude (m) velocity (m/s) mass (kg)trajectory angle (rad) angle of attack (rad) heading angle (rad) latitude (rad)
0 150 30 29387 1.5691 0 1.686 -0.21673 2.3889
2.6461 241.39 39.151 29006 1.5633 -0.005071 1.7798 -0.21673 2.3889
7.3589 466.16 56.484 28328 1.5299 -0.0096276 1.7935 -0.21673 2.3889
11.357 722.67 72.286 27752 1.4796 -0.0081428 1.8127 -0.21673 2.3889
12.461 804.57 76.843 27593 1.4629 -0.0072173 1.8094 -0.21673 2.3889
15.107 1020.8 88.12 27212 1.4183 -0.0043545 1.8119 -0.21673 2.3889
19.82 1476.8 109.59 26534 1.3299 0.0032029 1.8149 -0.21671 2.3889
23.819 1935.4 129.37 25959 1.2555 0.011324 1.8168 -0.21669 2.3889
24.923 2073.7 135.1 25800 1.2363 0.0135 1.8172 -0.21668 2.3889
27.569 2426.2 149.31 25419 1.1944 0.018826 1.8182 -0.21666 2.3889
32.282 3129.6 176.18 24741 1.1385 0.026924 1.8197 -0.21662 2.3889
36.28 3808.5 200.54 24166 1.1143 0.03166 1.8209 -0.21657 2.3889
37.384 4010.5 207.53 24008 1.1116 0.032657 1.8212 -0.21655 2.3889
40.03 4522.8 224.74 23627 1.1125 0.034769 1.822 -0.21652 2.3889
44.743 5545.8 257.13 22950 1.1371 0.034678 1.8234 -0.21644 2.3889
48.742 6537.3 285.71 22375 1.1684 0.028784 1.8247 -0.21637 2.3888
49.846 6832.2 293.56 22216 1.1758 0.026276 1.8251 -0.21636 2.3888
52.492 7571.1 310 21836 1.183 0.019454 1.826 -0.21631 2.3888
57.204 8975.6 335.6 21159 1.1591 0.004339 1.8277 -0.21622 2.3888
61.203 10230 357.66 20584 1.1036 -0.0087262 1.8289 -0.21613 2.3888
62.307 10584 364.42 20425 1.084 -0.01162 1.8292 -0.2161 2.3888
64.953 11445 382.03 20045 1.0322 -0.01817 1.8299 -0.21603 2.3888
69.666 13010 418.96 19368 0.92928 -0.026188 1.831 -0.21587 2.3887
73.664 14360 456.23 18793 0.83846 -0.030858 1.8318 -0.2157 2.3887
74.768 14735 467.53 18634 0.81358 -0.032434 1.8319 -0.21565 2.3886
77.414 15634 496.52 18254 0.7542 -0.036366 1.8324 -0.21551 2.3886
82.127 17230 555.53 17576 0.65056 -0.046096 1.833 -0.21523 2.3885
86.126 18563 614.37 17001 0.56665 -0.056515 1.8335 -0.21494 2.3885
87.23 18926 632.29 16842 0.54464 -0.059318 1.8336 -0.21485 2.3884
89.876 19786 678.27 16461 0.49477 -0.065735 1.8339 -0.21462 2.3884
94.588 21279 770.59 15782 0.41604 -0.072675 1.8343 -0.21416 2.3882
98.587 22504 858.5 15206 0.35801 -0.072277 1.8346 -0.2137 2.3881
99.691 22834 884.17 15047 0.34305 -0.071318 1.8347 -0.21357 2.3881
102.34 23609 947.98 14666 0.30843 -0.068144 1.8349 -0.21322 2.388
107.05 24912 1068.5 13987 0.2493 -0.058147 1.8352 -0.21253 2.3878
111.05 25913 1177.6 13410 0.20174 -0.046625 1.8354 -0.21187 2.3876
112.15 26168 1209 13251 0.18939 -0.043604 1.8354 -0.21168 2.3875
114.8 26743 1286.7 12869 0.1612 -0.036334 1.8355 -0.21118 2.3874
119.51 27626 1434.1 12190 0.11767 -0.024641 1.8357 -0.21023 2.3871
123.51 28240 1567.3 11613 0.089273 -0.015559 1.8358 -0.20933 2.3869
124.61 28390 1605.2 11453 0.083108 -0.012993 1.8359 -0.20906 2.3868
