time (s) altitude (m) longitude (rad) latitude (rad) velocity (m/s) trajectory angle (rad) heading angle (rad) angle of attack (rad) bank angle (rad) fuel mass (kg) 
124.61 28390 2.3868 -0.20906 1605.2 0.083108 1.8359 -0.012993 1562
137.06 29578 2.386 -0.20604 1618.8 0.037945 1.8361 0.011709 1545
159.24 29949 2.3845 -0.20058 1655.4 -0.011968 1.8365 0.023742 1513.7
178.05 29165 2.3831 -0.19582 1700.7 -0.035896 1.8367 0.032439 1481.3
183.25 28823 2.3828 -0.19449 1716.6 -0.035022 1.8367 0.038846 1470.3
195.7 28262 2.3819 -0.19122 1760.3 -0.015552 1.8369 0.043119 1438
217.88 28421 2.3802 -0.1852 1842.3 0.020339 1.8371 0.027904 1373.3
236.69 29271 2.3787 -0.17989 1904.7 0.020653 1.8374 0.020315 1322.2
241.88 29436 2.3783 -0.17839 1921.4 0.018855 1.8375 0.027518 1309
254.34 29928 2.3773 -0.17475 1960.8 0.020872 1.8377 0.026386 1276.7
276.51 30729 2.3754 -0.16809 2027.1 0.013792 1.8379 0.022783 1222.8
295.33 31074 2.3738 -0.16226 2082.8 0.0041769 1.8381 0.026415 1178.7
300.52 31107 2.3734 -0.16063 2098.8 0.0036837 1.8382 0.029174 1166.2
312.97 31222 2.3723 -0.15665 2136.3 0.0050268 1.8383 0.029788 1135.4
335.15 31492 2.3703 -0.14941 2197.2 0.0055518 1.8385 0.025801 1080.4
353.96 31658 2.3685 -0.14312 2242.6 0.0015343 1.8386 0.02414 1034.1
359.16 31664 2.368 -0.14136 2254.7 0.00067788 1.8387 0.023828 1021.1
371.61 31658 2.3669 -0.13711 2282.5 -0.0010093 1.8387 0.023792 989.69
393.78 31544 2.3647 -0.12941 2329 -0.0032703 1.8389 0.021001 931.92
412.6 31378 2.3629 -0.12276 2365.6 -0.004065 1.839 0.020565 880.6
417.79 31328 2.3624 -0.1209 2375.4 -0.0033021 1.839 0.022185 865.88
430.24 31341 2.3611 -0.11643 2397.3 0.0033911 1.839 0.024472 829.37
452.42 31624 2.3589 -0.10836 2430.5 0.0054119 1.8392 0.014016 766.14
471.23 31779 2.357 -0.10144 2454.7 0.00065969 1.8393 0.023732 714.39
476.43 31776 2.3565 -0.099519 2461.1 0.0052616 1.8393 0.0087272 699.12
488.88 31768 2.3552 -0.094891 2476.1 -0.004731 1.8393 0.01017 665.84
511.05 31323 2.3529 -0.086575 2505.2 -0.0087317 1.8394 0.016855 601.77
529.87 31049 2.3509 -0.079441 2530.7 -0.0015212 1.8394 0.01336 541.96
535.06 31050 2.3504 -0.077458 2537.3 -0.0014165 1.8394 0.013574 525.39
547.51 31066 2.349 -0.072686 2553 0.001764 1.8395 0.01268 485.02
569.69 31180 2.3467 -0.064115 2579.6 0.0018706 1.8395 0.0092874 413.84
588.5 31315 2.3446 -0.056777 2600.5 0.0048365 1.8396 0.017283 353.3
593.7 31396 2.3441 -0.054741 2605.8 0.010087 1.8396 0.01705 335.94
606.15 31860 2.3427 -0.049845 2616.5 0.019018 1.8396 0.019857 296.07
628.32 33317 2.3403 -0.041091 2628.8 0.026231 1.8397 0.015047 234.35
647.14 33988 2.3383 -0.033635 2638.8 -0.0081964 1.8398 -0.026877 195.96
652.33 33741 2.3377 -0.03157 2643.3 -0.030906 1.8398 -0.087185 187.68
664.78 31562 2.3363 -0.02661 2658.6 -0.074705 1.8397 0.020959 160.19
686.96 31435 2.3339 -0.017777 2632.4 0.10099 1.8397 0.11742 58.402
705.77 40569 2.3319 -0.010565 2526.5 0.2561 1.8402 0.10365 0.02806
710.97 43930 2.3314 -0.0086896 2510.2 0.23414 1.8404 0.12444 7.1651
