time (s) altitude (m) longitude (rad) latitude (rad) velocity (m/s) trajectory angle (rad) heading angle (rad) angle of attack (rad) bank angle (rad) fuel mass (kg) 
0 25390 2.5307 -0.264 1520 0.0021679 1.0152 0.020945 0.29575 1562
1.1339 25394 2.5309 -0.26377 1522.6 0.0025403 1.0175 0.020852 0.29504 1559.7
3.7115 25406 2.5312 -0.26325 1528.7 0.003372 1.0227 0.020326 0.29007 1554.3
7.5153 25429 2.5317 -0.26247 1538 0.0044752 1.03 0.019521 0.27831 1546.2
12.237 25466 2.5323 -0.26149 1550.1 0.0058202 1.0385 0.019052 0.26187 1536
17.493 25521 2.533 -0.26038 1564.3 0.007651 1.0475 0.019044 0.24726 1524.1
22.859 25595 2.5336 -0.25924 1579.6 0.0099935 1.0562 0.019144 0.24086 1511.6
27.9 25685 2.5343 -0.25815 1594.7 0.012481 1.0644 0.019188 0.24387 1499.5
32.206 25779 2.5348 -0.2572 1608.1 0.014689 1.0715 0.0192 0.25144 1488.8
35.43 25859 2.5352 -0.25649 1618.5 0.016329 1.077 0.019168 0.25749 1480.7
37.311 25911 2.5354 -0.25607 1624.7 0.017262 1.0802 0.019128 0.25978 1475.9
37.761 25923 2.5355 -0.25597 1626.2 0.017482 1.081 0.019105 0.25991 1474.7
38.374 25941 2.5356 -0.25583 1628.2 0.017777 1.082 0.019054 0.25981 1473.1
39.789 25983 2.5358 -0.25551 1633 0.018424 1.0844 0.018756 0.25893 1469.4
41.94 26049 2.536 -0.25502 1640.2 0.019257 1.088 0.018114 0.25657 1463.8
44.733 26139 2.5364 -0.25439 1649.8 0.020017 1.0924 0.017233 0.25281 1456.5
48.045 26251 2.5368 -0.25362 1661.4 0.020477 1.0975 0.016379 0.24861 1447.7
51.732 26377 2.5372 -0.25277 1674.5 0.020567 1.1029 0.015794 0.24556 1437.8
55.632 26511 2.5377 -0.25185 1688.7 0.02039 1.1084 0.015615 0.24518 1427.2
59.576 26647 2.5382 -0.25091 1703.5 0.020137 1.114 0.015797 0.24819 1416.2
63.391 26778 2.5386 -0.25 1718.2 0.019961 1.1194 0.0162 0.25406 1405.5
66.91 26899 2.5391 -0.24914 1732.1 0.019927 1.1246 0.01668 0.26128 1395.3
69.979 27005 2.5394 -0.24839 1744.4 0.020017 1.1292 0.017124 0.26794 1386.3
72.465 27093 2.5397 -0.24778 1754.6 0.020167 1.133 0.017435 0.2727 1379
74.258 27156 2.5399 -0.24733 1762.1 0.020301 1.1358 0.017563 0.27509 1373.6
75.28 27193 2.5401 -0.24707 1766.4 0.020378 1.1373 0.017583 0.27577 1370.5
75.523 27202 2.5401 -0.24701 1767.4 0.020396 1.1377 0.017577 0.27579 1369.7
76.337 27231 2.5402 -0.24681 1770.8 0.020449 1.139 0.01749 0.27559 1367.3
78.206 27299 2.5404 -0.24634 1778.5 0.020493 1.1418 0.017006 0.27421 1361.6
81.015 27401 2.5407 -0.24562 1790 0.02028 1.146 0.016098 0.2713 1353.2
84.601 27530 2.5412 -0.24471 1804.4 0.019527 1.151 0.015164 0.26816 1342.5
88.754 27672 2.5417 -0.24363 1821 0.018261 1.1567 0.014877 0.26737 1330.2
93.235 27816 2.5422 -0.24246 1839 0.016912 1.1627 0.015448 0.27161 1317
97.781 27954 2.5427 -0.24125 1857.3 0.01594 1.1691 0.016554 0.28202 1303.6
102.13 28081 2.5432 -0.24008 1874.9 0.015523 1.1755 0.017735 0.29712 1290.7
106.03 28195 2.5437 -0.23902 1890.8 0.015542 1.1817 0.018718 0.31326 1279.1
109.25 28291 2.544 -0.23814 1904 0.015791 1.1871 0.019449 0.32644 1269.4
111.61 28362 2.5443 -0.23748 1913.6 0.016073 1.1911 0.01985 0.33419 1262.4
112.96 28404 2.5445 -0.23711 1919.1 0.016256 1.1935 0.019984 0.33695 1258.3
113.28 28414 2.5445 -0.23702 1920.5 0.016301 1.1941 0.019989 0.33723 1257.4
113.82 28431 2.5446 -0.23687 1922.7 0.016374 1.195 0.019976 0.33754 1255.7
115.07 28471 2.5447 -0.23652 1927.7 0.016528 1.1972 0.01985 0.33883 1252
116.97 28532 2.5449 -0.23598 1935.5 0.016695 1.2005 0.01952 0.34115 1246.3
119.46 28613 2.5452 -0.23528 1945.5 0.016759 1.2048 0.019037 0.34491 1239
122.44 28710 2.5455 -0.23443 1957.5 0.016615 1.21 0.018583 0.3505 1230.2
125.78 28818 2.5459 -0.23347 1970.9 0.01623 1.2157 0.018295 0.35863 1220.3
129.37 28931 2.5463 -0.23243 1985.2 0.015641 1.2219 0.01827 0.3695 1209.8
133.07 29044 2.5467 -0.23134 1999.9 0.014987 1.2285 0.018693 0.38282 1199
136.74 29152 2.5471 -0.23026 2014.5 0.014436 1.2352 0.019391 0.39762 1188.3
140.22 29252 2.5475 -0.22922 2028.4 0.014042 1.2419 0.020072 0.41263 1178.2
143.4 29342 2.5478 -0.22826 2041.1 0.013763 1.2482 0.020543 0.42629 1168.9
146.14 29419 2.5481 -0.22743 2052.1 0.013538 1.2538 0.020807 0.4373 1160.9
148.35 29480 2.5483 -0.22676 2061 0.013348 1.2583 0.020933 0.44481 1154.4
149.93 29523 2.5485 -0.22627 2067.3 0.013197 1.2616 0.020945 0.44887 1149.8
150.83 29548 2.5486 -0.22599 2070.9 0.013104 1.2635 0.020936 0.45025 1147.2
151.05 29553 2.5486 -0.22593 2071.8 0.013081 1.264 0.020931 0.45042 1146.5
151.75 29572 2.5486 -0.22571 2074.6 0.013004 1.2654 0.020862 0.45113 1144.5
153.37 29616 2.5488 -0.22521 2081.1 0.01278 1.2688 0.020465 0.45421 1139.8
155.81 29680 2.549 -0.22445 2090.8 0.012265 1.2739 0.01966 0.46028 1132.7
158.97 29758 2.5494 -0.22346 2103.1 0.011271 1.2803 0.01873 0.46986 1123.6
162.67 29840 2.5497 -0.22229 2117.5 0.0097674 1.2878 0.018281 0.48268 1113
166.74 29917 2.5501 -0.22099 2133.1 0.0080384 1.2962 0.018789 0.49837 1101.3
170.96 29983 2.5505 -0.21963 2149 0.0065286 1.3053 0.020103 0.51593 1089.1
175.13 30036 2.5508 -0.21827 2164.5 0.0055337 1.3149 0.021719 0.5338 1076.8
179.04 30081 2.5512 -0.21699 2178.8 0.005095 1.3245 0.023219 0.54998 1065.2
182.49 30119 2.5515 -0.21584 2191.3 0.0050622 1.3333 0.024312 0.56325 1054.9
185.31 30151 2.5517 -0.2149 2201.4 0.005217 1.3408 0.024928 0.57229 1046.3
187.36 30175 2.5519 -0.21421 2208.6 0.0053937 1.3464 0.025163 0.57707 1040.1
188.53 30189 2.552 -0.21382 2212.7 0.0055072 1.3496 0.025209 0.57857 1036.5
188.81 30193 2.552 -0.21373 2213.7 0.0055351 1.3503 0.025208 0.57872 1035.7
189.76 30204 2.5521 -0.2134 2217 0.00563 1.353 0.025153 0.5795 1032.8
191.94 30232 2.5522 -0.21266 2224.5 0.0058185 1.3589 0.024885 0.58282 1026.1
195.2 30275 2.5525 -0.21156 2235.4 0.0059989 1.3677 0.024527 0.58783 1016.1
199.3 30331 2.5527 -0.21015 2248.8 0.0061295 1.3789 0.024428 0.59281 1003.5
203.97 30396 2.5531 -0.20853 2263.7 0.0063149 1.3916 0.024692 0.59607 989.19
208.89 30469 2.5534 -0.20681 2278.8 0.0066598 1.405 0.025057 0.59849 974.01
213.73 30545 2.5536 -0.2051 2293.2 0.0071007 1.4183 0.025255 0.60197 959.06
218.15 30619 2.5539 -0.20353 2305.8 0.0074879 1.4305 0.025308 0.60768 945.4
221.86 30685 2.5541 -0.2022 2316.1 0.0077479 1.4407 0.025362 0.61394 933.97
224.6 30734 2.5542 -0.20122 2323.4 0.0078993 1.4483 0.025437 0.61842 925.53
226.19 30764 2.5543 -0.20065 2327.6 0.0079736 1.4527 0.025476 0.62009 920.65
226.57 30771 2.5543 -0.20051 2328.6 0.0079903 1.4538 0.025472 0.62028 919.49
226.83 30776 2.5543 -0.20042 2329.3 0.0080014 1.4545 0.025471 0.62031 918.69
227.44 30787 2.5543 -0.20019 2330.9 0.0080257 1.4562 0.025436 0.62049 916.82
228.39 30805 2.5544 -0.19985 2333.3 0.0080561 1.4588 0.025353 0.62084 913.92
229.65 30828 2.5544 -0.19939 2336.5 0.0080802 1.4623 0.025202 0.62137 910.05
231.21 30858 2.5545 -0.19883 2340.5 0.0080784 1.4665 0.025001 0.62201 905.29
233.03 30892 2.5545 -0.19817 2345 0.0080362 1.4715 0.024797 0.62273 899.74
235.08 30931 2.5546 -0.19742 2350.1 0.0079351 1.477 0.024545 0.62347 893.5
237.33 30972 2.5547 -0.19659 2355.5 0.0077707 1.483 0.024405 0.62425 886.7
239.73 31016 2.5548 -0.19571 2361.2 0.0075595 1.4894 0.024364 0.62519 879.46
242.23 31060 2.5548 -0.19479 2367 0.0073111 1.4961 0.024328 0.62655 871.92
244.8 31103 2.5549 -0.19384 2372.9 0.0070199 1.5028 0.024274 0.62855 864.22
247.37 31145 2.555 -0.19289 2378.7 0.0066992 1.5096 0.024321 0.6312 856.5
249.91 31185 2.555 -0.19195 2384.3 0.006358 1.5163 0.024316 0.63442 848.9
252.37 31221 2.5551 -0.19103 2389.6 0.0060059 1.5228 0.024442 0.63813 841.56
254.7 31254 2.5551 -0.19016 2394.6 0.0056705 1.529 0.024568 0.64211 834.61
256.85 31282 2.5551 -0.18936 2399.2 0.0053451 1.5348 0.024596 0.64608 828.18
258.79 31306 2.5552 -0.18863 2403.2 0.0050312 1.54 0.024561 0.6497 822.39
260.49 31326 2.5552 -0.18799 2406.6 0.0047363 1.5445 0.024526 0.65268 817.35
261.9 31342 2.5552 -0.18746 2409.4 0.0044795 1.5483 0.024515 0.65484 813.14
263.01 31353 2.5552 -0.18705 2411.6 0.0042731 1.5513 0.02452 0.65618 809.85
263.79 31361 2.5552 -0.18675 2413.1 0.004127 1.5534 0.024521 0.65684 807.53
264.23 31366 2.5552 -0.18659 2414 0.0040441 1.5546 0.024521 0.65704 806.23
264.33 31367 2.5552 -0.18655 2414.2 0.0040248 1.5548 0.02452 0.65706 805.92
264.87 31372 2.5552 -0.18634 2415.2 0.0039228 1.5563 0.024495 0.65733 804.32
266.12 31383 2.5552 -0.18587 2417.6 0.0036796 1.5596 0.024392 0.65856 800.61
268.02 31399 2.5552 -0.18515 2421.2 0.0032877 1.5647 0.024286 0.6608 794.95
270.51 31418 2.5552 -0.18421 2425.8 0.0027583 1.5714 0.024289 0.66377 787.56
273.48 31435 2.5552 -0.18308 2431.2 0.0021382 1.5794 0.024448 0.66687 778.71
276.83 31450 2.5552 -0.18181 2437.2 0.0015047 1.5885 0.024774 0.66992 768.72
280.42 31461 2.5552 -0.18044 2443.6 0.00095149 1.5984 0.02528 0.67311 757.95
284.12 31467 2.5551 -0.17903 2450.2 0.00055447 1.6088 0.025839 0.67689 746.79
287.78 31471 2.5551 -0.17763 2456.8 0.00031254 1.6192 0.026193 0.68126 735.67
291.27 31473 2.555 -0.17629 2463 0.00015375 1.6293 0.026252 0.68609 725.03
294.44 31474 2.5549 -0.17507 2468.7 2.1564e-05 1.6386 0.02622 0.69092 715.3
297.19 31474 2.5548 -0.17401 2473.6 -8.0443e-05 1.6466 0.026281 0.69487 706.86
299.39 31473 2.5548 -0.17316 2477.6 -0.00013383 1.6531 0.026429 0.69738 700.04
300.98 31473 2.5547 -0.17255 2480.4 -0.00014778 1.6578 0.026521 0.69852 695.14
301.88 31472 2.5547 -0.17221 2482 -0.0001477 1.6605 0.026537 0.69882 692.35
302.09 31472 2.5547 -0.17212 2482.4 -0.00014691 1.6612 0.026533 0.69885 691.68
302.7 31472 2.5547 -0.17189 2483.5 -0.00014399 1.663 0.026509 0.69893 689.78
304.12 31472 2.5546 -0.17134 2486 -0.00013582 1.6672 0.026398 0.69911 685.38
306.27 31471 2.5545 -0.17051 2489.9 -0.00013428 1.6736 0.026002 0.69834 678.68
309.06 31470 2.5544 -0.16943 2494.8 -0.00025793 1.6818 0.024405 0.69436 669.99
312.37 31465 2.5543 -0.16814 2500.5 -0.00089633 1.6909 0.021075 0.6843 659.77
316.06 31451 2.5541 -0.16671 2506.7 -0.0023293 1.7001 0.017932 0.66602 648.53
319.96 31419 2.5539 -0.1652 2513.5 -0.0041814 1.7092 0.016612 0.63959 636.67
323.91 31369 2.5536 -0.16366 2520.5 -0.0058097 1.7179 0.016649 0.60753 624.59
327.72 31308 2.5534 -0.16218 2527.4 -0.0067537 1.7262 0.017796 0.57293 612.7
331.24 31248 2.5532 -0.1608 2533.7 -0.0065946 1.7339 0.020656 0.53874 601.47
334.31 31201 2.553 -0.1596 2539.2 -0.0051843 1.7409 0.024284 0.50784 591.38
336.79 31174 2.5528 -0.15863 2543.7 -0.0030474 1.7467 0.027261 0.48335 582.99
338.59 31165 2.5527 -0.15793 2546.8 -0.00096022 1.7509 0.029395 0.4673 576.84
339.61 31164 2.5526 -0.15753 2548.6 0.00041956 1.7534 0.030381 0.46058 573.29
339.85 31165 2.5526 -0.15744 2549 0.00076138 1.754 0.030546 0.45965 572.45
340.39 31166 2.5526 -0.15722 2549.9 0.0015362 1.7553 0.030902 0.45731 570.57
341.64 31174 2.5525 -0.15674 2552 0.0034569 1.7583 0.032372 0.44674 566.2
343.54 31199 2.5523 -0.15599 2555.1 0.0068149 1.7629 0.034921 0.42652 559.48
346.03 31258 2.5521 -0.15502 2559 0.012031 1.7689 0.038579 0.396 550.6
349 31378 2.5519 -0.15385 2563.3 0.0195 1.7759 0.043094 0.3573 539.9
352.35 31586 2.5516 -0.15254 2567.5 0.029336 1.7834 0.048313 0.31214 527.87
355.94 31911 2.5513 -0.15113 2571 0.041222 1.7906 0.053917 0.26378 515.14
359.64 32365 2.551 -0.14968 2573.4 0.054276 1.7969 0.059642 0.2147 502.51
363.3 32938 2.5506 -0.14825 2574.4 0.067292 1.8019 0.065154 0.16798 490.74
366.79 33595 2.5503 -0.14689 2574.1 0.079073 1.8054 0.069982 0.12513 480.4
369.97 34281 2.55 -0.14566 2573 0.088744 1.8077 0.073398 0.087442 471.82
372.71 34932 2.5497 -0.14459 2571.5 0.095796 1.8089 0.073966 0.055088 465.13
374.92 35487 2.5495 -0.14373 2570.1 0.10025 1.8094 0.072513 0.029408 460.26
376.5 35900 2.5494 -0.14312 2569 0.10272 1.8096 0.071257 0.011017 457.05
377.4 36138 2.5493 -0.14277 2568.4 0.10387 1.8097 0.070587 0.0018307 455.33
377.61 36195 2.5493 -0.14269 2568.3 0.10411 1.8097 0.070503 0 454.93
377.61 36195 2.5493 -0.14269 2568.3 0.10411 1.8097 0.070503 0 454.93
378.14 36336 2.5492 -0.14249 2566.6 0.10565 1.8097 0.069675 0.033848 454.11
379.37 36674 2.5491 -0.14201 2565.6 0.10866 1.8104 0.066587 0.13279 452
381.29 37217 2.5489 -0.14127 2559.9 0.11225 1.8126 0.061887 0.28758 449.54
383.87 37965 2.5487 -0.14028 2547.9 0.11472 1.8172 0.055851 0.49715 447.34
387.08 38899 2.5483 -0.13905 2535.5 0.11399 1.8248 0.053041 0.76111 445.31
390.89 39975 2.548 -0.13761 2520.9 0.10918 1.8356 0.0576 1.0581 443.81
395.26 41118 2.5475 -0.13597 2505.9 0.098932 1.8494 0.066542 1.3771 442.55
400.12 42227 2.547 -0.13416 2489.7 0.08355 1.865 0.076139 1.5103 441.63
405.42 43210 2.5463 -0.13221 2474.5 0.06581 1.8811 0.084977 1.5011 440.64
411.11 43998 2.5457 -0.13013 2459.6 0.046625 1.8975 0.091989 1.5032 439.74
417.11 44535 2.5449 -0.12797 2446.2 0.026296 1.914 0.096856 1.4874 438.74
423.35 44774 2.5441 -0.12574 2433.4 0.005043 1.9307 0.099875 1.486 437.8
429.77 44683 2.5432 -0.12347 2422.1 -0.016709 1.9478 0.10155 1.4668 436.76
436.28 44247 2.5423 -0.1212 2411.1 -0.038701 1.966 0.10249 1.4629 435.75
442.81 43469 2.5413 -0.11896 2400.6 -0.060331 1.9859 0.10302 1.4369 434.63
449.28 42372 2.5403 -0.11676 2389.1 -0.081195 2.0085 0.10349 1.4242 433.52
455.62 41001 2.5393 -0.11465 2376.1 -0.10027 2.035 0.10402 1.3785 432.3
461.75 39427 2.5382 -0.11265 2359.6 -0.11655 2.0667 0.10486 1.3398 431.1
467.6 37743 2.5372 -0.1108 2338.6 -0.1281 2.1052 0.10664 1.2629 429.84
473.11 36071 2.5361 -0.10912 2310.8 -0.13282 2.1516 0.10932 1.1968 428.64
478.2 34537 2.5351 -0.10763 2275.9 -0.12877 2.2058 0.11259 1.1111 427.39
482.82 33260 2.5341 -0.10636 2234.1 -0.11525 2.2657 0.1159 1.0492 426.17
486.91 32307 2.5331 -0.10531 2189 -0.094175 2.3271 0.11869 0.98531 424.89
490.43 31681 2.5323 -0.10447 2144.7 -0.069173 2.3848 0.12057 0.95114 423.67
493.33 31327 2.5316 -0.10383 2105.8 -0.045087 2.4345 0.12156 0.91565 422.44
495.58 31162 2.531 -0.10336 2075 -0.024758 2.4731 0.12194 0.90339 421.29
497.16 31105 2.5306 -0.10305 2053.9 -0.0105 2.4999 0.12207 0.88711 420.2
498.04 31093 2.5304 -0.10288 2042.5 -0.0024842 2.5145 0.12211 0.88805 419.35
498.25 31092 2.5303 -0.10285 2040 -0.0007106 2.5179 0.12212 0.88625 419.08
498.81 31094 2.5302 -0.10274 2032.9 0.0042603 2.5271 0.12218 0.88597 418.45
500.13 31121 2.5298 -0.1025 2015.7 0.016047 2.5489 0.12248 0.88511 417.41
502.19 31225 2.5293 -0.10215 1988.4 0.034234 2.5828 0.12312 0.88441 416.36
504.95 31475 2.5285 -0.10172 1952.8 0.057312 2.6269 0.12393 0.8845 415.22
508.39 31942 2.5276 -0.10124 1911 0.082827 2.6786 0.12463 0.88879 414.11
512.45 32675 2.5265 -0.10073 1866.5 0.10697 2.7339 0.12498 0.90058 412.96
517.1 33677 2.5253 -0.10024 1822.7 0.12574 2.7886 0.12469 0.92173 411.85
522.27 34901 2.5239 -0.099778 1782.2 0.13623 2.8396 0.12376 0.95159 410.73
527.89 36263 2.5224 -0.099356 1746.3 0.1373 2.8849 0.12215 0.98848 409.69
533.91 37652 2.5209 -0.09898 1715.6 0.12919 2.9239 0.11944 1.0286 408.63
540.23 38960 2.5192 -0.098648 1689.8 0.1132 2.9568 0.11502 1.0674 407.65
546.78 40085 2.5175 -0.098359 1668.8 0.090907 2.9842 0.10869 1.1011 406.64
553.47 40950 2.5158 -0.098109 1651.8 0.064104 3.0073 0.10095 1.1289 405.77
560.24 41499 2.5141 -0.097894 1639 0.034142 3.0268 0.092529 1.1527 404.79
566.98 41703 2.5124 -0.097714 1628.6 0.0027426 3.0447 0.083907 1.1749 404.35
573.61 41563 2.5107 -0.097566 1620.4 -0.029021 3.0618 0.076654 1.1935 404.36
580.06 41097 2.5091 -0.09745 1614.5 -0.060465 3.0782 0.071577 1.2095 404.36
586.23 40345 2.5075 -0.097365 1610.2 -0.090619 3.0947 0.068717 1.2237 404.34
592.06 39366 2.506 -0.09731 1606.9 -0.11867 3.1121 0.067315 1.2336 404.38
597.47 38228 2.5047 -0.097282 1604.8 -0.14421 3.13 0.066721 1.2371 403.85
602.38 37006 2.5035 -0.09728 1603.4 -0.16659 3.1485 0.066639 1.2312 402.73
606.75 35782 2.5024 -0.097298 1601.2 -0.18495 3.1684 0.066995 1.2102 401.64
610.51 34634 2.5015 -0.097332 1598.3 -0.19893 3.1888 0.067833 1.1702 400.4
613.61 33630 2.5007 -0.097375 1594.7 -0.20827 3.2085 0.069008 1.1177 399.24
616.02 32825 2.5001 -0.09742 1591 -0.21354 3.2259 0.070199 1.0671 398.15
617.71 32252 2.4997 -0.097457 1587.6 -0.21589 3.2394 0.071035 1.0337 397.34
618.66 31930 2.4995 -0.09748 1585.5 -0.21671 3.2474 0.071365 1.0212 396.83
618.88 31854 2.4994 -0.097486 1584.9 -0.21685 3.2493 0.071402 1.02 396.71
619.11 31776 2.4994 -0.097492 1584.4 -0.21698 3.2513 0.07144 1.0195 396.58
619.65 31593 2.4992 -0.097507 1583 -0.21723 3.2561 0.071512 1.0175 396.29
620.49 31307 2.499 -0.097531 1580.7 -0.21743 3.2639 0.071833 1.0134 395.8
621.63 30918 2.4988 -0.097566 1577.3 -0.21727 3.2752 0.072355 1.0057 395.13
623.06 30433 2.4984 -0.097614 1572.5 -0.21631 3.2902 0.073478 0.99191 394.2
624.78 29857 2.498 -0.097679 1565.5 -0.21362 3.3099 0.075305 0.96856 393.08
626.77 29203 2.4975 -0.097765 1560.7 -0.20879 3.3339 0.078372 0.93236 390.75
629.04 28484 2.497 -0.097876 1565.9 -0.19971 3.3635 0.082609 0.88492 386.86
631.55 27730 2.4964 -0.098021 1575.9 -0.18277 3.4012 0.087353 0.8349 382.07
634.32 26991 2.4958 -0.098208 1586.9 -0.15606 3.4475 0.091383 0.79906 375.68
637.31 26336 2.4951 -0.09845 1599.2 -0.11829 3.5046 0.094445 0.79725 367.71
640.51 25846 2.4943 -0.09876 1613.1 -0.072457 3.574 0.094307 0.848 357.76
643.91 25577 2.4936 -0.099152 1629.1 -0.026218 3.6573 0.091384 0.9584 346.2
647.49 25538 2.4928 -0.099642 1648.2 0.01019 3.7532 0.086694 1.1136 333.04
651.23 25673 2.492 -0.10024 1670.5 0.030371 3.8575 0.082428 1.2645 318.87
655.12 25899 2.4913 -0.10095 1696.5 0.036932 3.9643 0.078645 1.3439 303.65
659.12 26157 2.4906 -0.10177 1725.6 0.037956 4.0697 0.076016 1.3636 287.74
663.23 26425 2.49 -0.1027 1758.3 0.036542 4.1718 0.070767 1.3777 270.78
667.42 26683 2.4894 -0.10373 1794.9 0.032568 4.2663 0.06324 1.3863 253.46
671.67 26915 2.4889 -0.10484 1835.5 0.027532 4.3544 0.059283 1.3694 235.74
675.96 27128 2.4885 -0.10602 1876.1 0.027704 4.4358 0.053327 1.2255 218.31
680.27 27401 2.4882 -0.10726 1918 0.041946 4.5044 0.049717 0.95691 200.78
684.57 27868 2.488 -0.10854 1956.5 0.072786 4.5585 0.05474 0.66854 183.87
688.84 28666 2.4878 -0.10984 1987.6 0.11883 4.598 0.068683 0.43337 166.97
693.06 29882 2.4877 -0.11114 2002.3 0.1707 4.626 0.08063 0.33028 152.2
697.21 31491 2.4876 -0.11241 2014.6 0.21603 4.647 0.09086 0.30466 138.97
701.28 33386 2.4875 -0.11365 1996.6 0.25097 4.6638 0.088716 0.29948 132.86
705.22 35412 2.4875 -0.11482 1959 0.2719 4.6761 0.087176 0.30228 132.39
709.04 37444 2.4875 -0.11594 1935.6 0.28096 4.6846 0.08903 0.30804 130.84
712.7 39410 2.4874 -0.117 1913.4 0.28312 4.6907 0.091424 0.31618 130.15
716.2 41262 2.4874 -0.11799 1897.5 0.28061 4.6954 0.093995 0.32847 129.17
719.5 42977 2.4874 -0.11893 1882.3 0.27533 4.6989 0.095974 0.34567 128.76
722.6 44538 2.4874 -0.1198 1870.9 0.26825 4.7017 0.097509 0.36639 128.15
725.48 45941 2.4874 -0.12061 1859.9 0.26029 4.7039 0.098348 0.39077 127.92
728.12 47183 2.4874 -0.12135 1851.7 0.25198 4.7057 0.099005 0.41478 127.54
730.51 48268 2.4874 -0.12202 1843.8 0.24383 4.7072 0.099248 0.43854 127.43
732.64 49200 2.4874 -0.12261 1838 0.23611 4.7084 0.099494 0.45853 127.18
734.5 49986 2.4874 -0.12313 1832.4 0.2291 4.7094 0.099547 0.47505 127.13
736.08 50633 2.4874 -0.12357 1828.6 0.22295 4.7102 0.09965 0.48645 126.97
737.36 51147 2.4874 -0.12392 1824.9 0.21783 4.7108 0.099667 0.49385 126.95
738.35 51534 2.4874 -0.1242 1822.7 0.21382 4.7113 0.099716 0.49736 126.85
739.04 51798 2.4874 -0.12439 1820.8 0.21101 4.7116 0.099725 0.49875 126.85
739.42 51944 2.4874 -0.12449 1820 0.20943 4.7117 0.099739 0.49889 126.8
739.51 51978 2.4874 -0.12452 1819.8 0.20905 4.7118 0.099738 0.4989 126.81
740.62 52390 2.4874 -0.12483 1817.2 0.20447 4.7122 0.099858 0.49552 126.76
743.19 53312 2.4874 -0.12554 1811.3 0.19362 4.7131 0.10046 0.47911 126.64
747.15 54630 2.4874 -0.12663 1803.1 0.17644 4.7144 0.10163 0.45273 126.49
752.41 56181 2.4874 -0.12809 1793.4 0.15294 4.7157 0.10318 0.42932 126.32
758.84 57765 2.4874 -0.12986 1783.6 0.12335 4.717 0.10473 0.41737 126.15
766.27 59162 2.4874 -0.1319 1774.8 0.088234 4.7182 0.10597 0.41607 125.98
774.53 60162 2.4874 -0.13417 1768.3 0.04846 4.7195 0.10672 0.41874 125.82
783.42 60584 2.4874 -0.13661 1764.9 0.0052202 4.7208 0.10694 0.41959 125.67
792.7 60298 2.4874 -0.13916 1765.4 -0.040061 4.7222 0.10658 0.41441 125.52
802.16 59245 2.4875 -0.14175 1769.9 -0.085787 4.7237 0.1055 0.40218 125.34
811.56 57445 2.4875 -0.14433 1778.2 -0.13028 4.7256 0.10334 0.3844 125.14
820.68 54997 2.4875 -0.14683 1789.4 -0.17187 4.7277 0.099714 0.36446 124.9
829.28 52071 2.4876 -0.14919 1802.4 -0.20901 4.7303 0.094388 0.34679 124.59
837.15 48895 2.4876 -0.15136 1815.7 -0.24035 4.7334 0.087818 0.33331 124.2
844.1 45725 2.4877 -0.15327 1827.7 -0.26484 4.7371 0.081224 0.32702 123.71
849.96 42822 2.4877 -0.15488 1837.1 -0.28183 4.7414 0.076063 0.33148 123.13
854.59 40412 2.4877 -0.15615 1843 -0.29162 4.7462 0.07285 0.35122 122.5
857.86 38661 2.4878 -0.15705 1845.8 -0.29585 4.7509 0.071423 0.37373 121.88
859.71 37664 2.4878 -0.15756 1846.8 -0.29699 4.7542 0.070949 0.38494 121.37
860.15 37429 2.4878 -0.15768 1846.9 -0.29711 4.7551 0.07089 0.38557 121.22
860.41 37286 2.4878 -0.15775 1847 -0.29715 4.7556 0.070884 0.38541 121.12
861.03 36952 2.4878 -0.15792 1847.2 -0.29715 4.7569 0.070773 0.38373 120.88
862 36430 2.4878 -0.15819 1847 -0.2968 4.759 0.070619 0.37816 120.54
863.31 35724 2.4878 -0.15855 1846.9 -0.29568 4.7621 0.070226 0.36647 119.99
864.95 34843 2.4879 -0.159 1845 -0.29294 4.7663 0.069822 0.34774 119.45
866.92 33802 2.4879 -0.15955 1842.7 -0.28767 4.7718 0.069164 0.3225 118.6
869.21 32628 2.4879 -0.16018 1836 -0.27807 4.7787 0.068727 0.29283 117.93
871.79 31360 2.488 -0.16089 1827.9 -0.2624 4.7872 0.068273 0.26101 116.75
874.66 30065 2.4881 -0.16168 1810.3 -0.23771 4.7973 0.068543 0.2288 116.09
877.8 28827 2.4881 -0.16253 1791 -0.20179 4.8088 0.069263 0.19603 114.5
881.19 27768 2.4882 -0.16345 1752.2 -0.15072 4.8215 0.071387 0.16303 114.47
884.81 27014 2.4883 -0.16443 1749.7 -0.087502 4.8338 0.074275 0.13403 107.1
888.64 26664 2.4885 -0.16548 1790.6 -0.015623 4.8452 0.070132 0.11861 90.794
892.66 26823 2.4886 -0.1666 1828.5 0.057632 4.8561 0.062103 0.11848 73.957
896.84 27525 2.4888 -0.16779 1866.3 0.12213 4.8664 0.056269 0.12499 57.09
901.16 28732 2.489 -0.16903 1901.1 0.17225 4.8761 0.047174 0.14898 41.503
905.59 30317 2.4892 -0.17031 1896.9 0.20204 4.885 0.033357 0.1957 33.494
910.11 32074 2.4895 -0.17158 1855 0.21292 4.8924 0.021829 0.25363 33.404
914.69 33853 2.4897 -0.17285 1835.6 0.20997 4.8982 0.016408 0.30806 31.854
919.3 35573 2.49 -0.17411 1811.3 0.20127 4.903 0.016681 0.3504 31.635
923.92 37190 2.4902 -0.17537 1797.8 0.18865 4.9071 0.016823 0.38002 30.402
928.52 38676 2.4905 -0.17661 1780.5 0.17408 4.9107 0.019469 0.39745 30.028
933.07 40012 2.4907 -0.17782 1770.6 0.15812 4.9139 0.02478 0.40536 28.844
937.55 41194 2.491 -0.17902 1757.3 0.14206 4.9169 0.032064 0.40703 28.316
941.93 42218 2.4912 -0.18018 1749.7 0.12572 4.9197 0.039453 0.40583 27.272
946.18 43090 2.4914 -0.1813 1739.4 0.10981 4.9225 0.046719 0.40332 26.88
950.28 43815 2.4917 -0.18238 1733.9 0.094042 4.925 0.052988 0.40091 26.088
954.21 44402 2.4919 -0.18341 1726 0.07897 4.9275 0.058563 0.39957 25.846
957.94 44862 2.4921 -0.18439 1722.4 0.064328 4.9298 0.0632 0.39904 25.222
961.45 45209 2.4923 -0.18531 1716.5 0.050689 4.932 0.067467 0.40104 25.107
964.71 45457 2.4925 -0.18616 1714.1 0.037774 4.934 0.071135 0.40621 24.644
967.72 45621 2.4927 -0.18694 1709.8 0.026031 4.936 0.074517 0.41424 24.572
970.45 45717 2.4929 -0.18765 1708.6 0.015212 4.9378 0.077286 0.42382 24.174
972.89 45761 2.493 -0.18828 1705.5 0.005711 4.9395 0.079665 0.43383 24.114
975.02 45767 2.4932 -0.18883 1705 -0.0027051 4.941 0.081425 0.44279 23.784
976.83 45748 2.4933 -0.1893 1702.9 -0.0097069 4.9423 0.082802 0.44988 23.753
978.3 45716 2.4934 -0.18968 1702.8 -0.015514 4.9434 0.08366 0.45445 23.511
979.44 45682 2.4934 -0.18998 1701.4 -0.019881 4.9443 0.084234 0.45669 23.511
980.24 45653 2.4935 -0.19018 1701.6 -0.022986 4.9449 0.084468 0.45716 23.362
980.68 45635 2.4935 -0.19029 1700.9 -0.024663 4.9453 0.084574 0.45708 23.383
980.78 45631 2.4935 -0.19032 1701 -0.025075 4.9454 0.084574 0.45701 23.351
981.24 45610 2.4935 -0.19044 1700.8 -0.026848 4.9457 0.084662 0.45568 23.311
982.32 45557 2.4936 -0.19072 1700.3 -0.030987 4.9466 0.085145 0.44753 23.217
984 45460 2.4937 -0.19115 1699.5 -0.037386 4.9479 0.086236 0.42808 23.068
986.27 45300 2.4939 -0.19173 1698.6 -0.045858 4.9496 0.08818 0.3956 22.862
989.1 45055 2.494 -0.19246 1697.6 -0.056133 4.9517 0.091068 0.35317 22.595
992.46 44701 2.4942 -0.19332 1696.6 -0.0678 4.9541 0.094984 0.30621 22.264
996.32 44216 2.4945 -0.19431 1695.5 -0.08034 4.9567 0.09978 0.26076 21.865
1000.6 43582 2.4948 -0.19541 1694.2 -0.093045 4.9595 0.10524 0.22156 21.392
1005.4 42787 2.4951 -0.19662 1692.5 -0.1052 4.9625 0.1109 0.1887 20.764
1010.5 41835 2.4954 -0.19791 1690.2 -0.11556 4.9658 0.11614 0.16139 20.027
1015.9 40744 2.4958 -0.19928 1686.4 -0.12308 4.9694 0.12042 0.13758 19.063
1021.6 39552 2.4962 -0.20071 1680.8 -0.12635 4.9733 0.12362 0.11495 17.795
1027.4 38318 2.4966 -0.20219 1672.2 -0.12389 4.9772 0.12576 0.094124 16.193
1033.5 37120 2.497 -0.20368 1659.9 -0.1148 4.9812 0.12718 0.077403 13.972
1039.6 36038 2.4974 -0.20519 1651.3 -0.099164 4.985 0.12719 0.064114 10.521
1045.7 35146 2.4979 -0.2067 1657.7 -0.076417 4.9886 0.12435 0.0532 5.6014
1051.7 34524 2.4983 -0.20821 1646.2 -0.046241 4.992 0.12093 0.046629 1.5961
1057.7 34243 2.4987 -0.20966 1613.2 -0.010492 4.9954 0.11791 0.046061 0.16258
1063.5 34313 2.4991 -0.21105 1581.3 0.025688 4.9991 0.11537 0.052041 0.0025044
1069 34672 2.4995 -0.21235 1549 0.056465 5.003 0.11351 0.063433 0.0022949
1074.3 35226 2.4999 -0.21355 1521.2 0.08006 5.0071 0.1117 0.081237 0.0024876
1079.2 35883 2.5003 -0.21466 1496.1 0.096168 5.0116 0.10935 0.10446 0.0022149
1083.7 36564 2.5006 -0.21565 1475.7 0.10568 5.0162 0.10654 0.13246 0.0024487
1087.8 37212 2.5009 -0.21654 1458.1 0.10993 5.0209 0.10386 0.16656 0.0022504
1091.5 37790 2.5011 -0.21732 1444.4 0.11057 5.0255 0.10159 0.20636 0.0024306
1094.6 38279 2.5013 -0.21798 1432.9 0.10894 5.0298 0.09994 0.24788 0.0022658
1097.1 38671 2.5015 -0.21851 1424.5 0.10629 5.0337 0.098907 0.28369 0.0024177
1099.1 38965 2.5017 -0.21893 1417.9 0.10347 5.0369 0.098386 0.3083 0.0022822
1100.5 39165 2.5018 -0.21921 1413.7 0.10118 5.0391 0.098166 0.31992 0.002397
1101.2 39274 2.5018 -0.21937 1411.3 0.099774 5.0404 0.098113 0.32294 0.0023109
1101.4 39300 2.5018 -0.21941 1410.8 0.09944 5.0407 0.098108 0.32299 0.0023454
1102.1 39398 2.5019 -0.21956 1408.6 0.098089 5.0418 0.098091 0.32099 0.0023454
1103.8 39622 2.502 -0.2199 1403.8 0.094747 5.0443 0.098154 0.30798 0.0023452
1106.3 39952 2.5022 -0.22043 1396.6 0.089111 5.0479 0.09857 0.2801 0.0023446
1109.8 40359 2.5024 -0.22113 1387.6 0.080851 5.0519 0.099826 0.24376 0.0023434
1114 40802 2.5028 -0.22199 1377.3 0.069743 5.0561 0.1026 0.2097 0.0023413
1119 41234 2.5031 -0.223 1366.1 0.055761 5.0603 0.10665 0.18301 0.0023379
1124.7 41602 2.5036 -0.22413 1354.8 0.039051 5.0644 0.11089 0.1634 0.0023331
1131 41852 2.504 -0.22537 1343.6 0.019845 5.0685 0.11366 0.14828 0.0023267
1137.7 41937 2.5045 -0.22669 1333.1 -0.0015 5.0725 0.11461 0.13563 0.0023186
1144.9 41817 2.5051 -0.22807 1323.6 -0.024265 5.0764 0.11462 0.12386 0.0023088
1152.3 41469 2.5056 -0.22949 1315 -0.047273 5.0803 0.11466 0.11232 0.0022974
1159.8 40894 2.5062 -0.23092 1307.2 -0.068971 5.0841 0.11512 0.10059 0.0022849
1167.4 40120 2.5068 -0.23235 1299.6 -0.087643 5.088 0.11594 0.088595 0.0022714
1174.9 39201 2.5073 -0.23375 1291.5 -0.10162 5.0918 0.11691 0.07706 0.0022575
1182.1 38210 2.5079 -0.2351 1282.4 -0.10954 5.0955 0.11776 0.066998 0.0022436
1189.1 37229 2.5084 -0.23637 1271.5 -0.11072 5.0991 0.11828 0.060302 0.0022303
1195.6 36335 2.5089 -0.23756 1258.7 -0.10543 5.1027 0.11828 0.058026 0.0022181
1201.6 35581 2.5094 -0.23864 1244.3 -0.094992 5.1064 0.11766 0.061861 0.0022073
1207 34995 2.5098 -0.23959 1229.1 -0.081511 5.1104 0.11648 0.073019 0.0021983
1211.6 34571 2.5101 -0.2404 1214.2 -0.067306 5.1149 0.11501 0.097291 0.0021912
1215.5 34287 2.5104 -0.24107 1200.7 -0.054333 5.1201 0.11364 0.1348 0.0021861
1218.5 34110 2.5107 -0.24158 1189.5 -0.043863 5.1256 0.11267 0.17579 0.0021829
1220.6 34009 2.5108 -0.24194 1181.3 -0.036476 5.1303 0.11218 0.20185 0.0021813
1221.8 33960 2.5109 -0.24214 1176.6 -0.032333 5.1333 0.11204 0.21035 0.0021806
1222 33950 2.5109 -0.24218 1175.5 -0.031357 5.134 0.11203 0.21045 0.0021805
1222.9 33920 2.511 -0.24232 1172.1 -0.028422 5.1361 0.11203 0.20634 0.0021801
1224.8 33863 2.5112 -0.24265 1164.1 -0.021476 5.1406 0.11203 0.18223 0.0021785
1227.9 33806 2.5114 -0.24314 1151.4 -0.010512 5.1465 0.11208 0.13805 0.0021746
1231.9 33791 2.5117 -0.2438 1133.7 0.0040135 5.1523 0.11203 0.093649 0.0021673
1236.9 33859 2.5121 -0.24458 1111.4 0.020594 5.1571 0.11156 0.065731 0.0021561
1242.7 34043 2.5125 -0.24548 1084.9 0.03655 5.1612 0.11029 0.052676 0.0021402
1249.2 34345 2.513 -0.24647 1055.3 0.048446 5.1651 0.10801 0.048747 0.0021195
1256.4 34728 2.5136 -0.24752 1024.1 0.053003 5.1689 0.10467 0.051078 0.0020942
1264.1 35124 2.5141 -0.2486 992.87 0.048071 5.1729 0.10042 0.058164 0.0020645
1272.1 35447 2.5147 -0.24969 962.89 0.033191 5.1772 0.095668 0.067712 0.0020313
1280.3 35618 2.5152 -0.25077 935.2 0.0096251 5.1819 0.091251 0.077373 0.0019957
1288.5 35582 2.5158 -0.25183 910.23 -0.020033 5.1869 0.087957 0.085338 0.0019588
1296.6 35319 2.5163 -0.25284 887.9 -0.052532 5.1921 0.086056 0.090657 0.001922
1304.5 34847 2.5168 -0.25379 867.67 -0.084598 5.1975 0.085253 0.094293 0.0018868
1311.9 34215 2.5173 -0.25466 848.87 -0.11353 5.2031 0.085 0.097685 0.0018544
1318.8 33489 2.5178 -0.25545 830.85 -0.13749 5.2091 0.084841 0.10435 0.0018259
1325 32742 2.5181 -0.25614 813.33 -0.15575 5.2154 0.084636 0.11777 0.0018022
1330.4 32037 2.5185 -0.25673 796.42 -0.16847 5.2225 0.084444 0.14528 0.0017838
1334.9 31424 2.5188 -0.25721 780.79 -0.17676 5.2306 0.084377 0.1874 0.0017706
1338.5 30934 2.519 -0.25757 767.41 -0.18197 5.239 0.084435 0.23398 0.0017623
1341 30587 2.5191 -0.25782 757.32 -0.18501 5.2464 0.084527 0.26459 0.0017581
1342.4 30391 2.5192 -0.25796 751.41 -0.1865 5.251 0.084571 0.27501 0.0017566
1342.7 30345 2.5192 -0.258 749.99 -0.18682 5.2521 0.084576 0.27526 0.0017564
1343.4 30247 2.5193 -0.25807 746.9 -0.18748 5.2545 0.084587 0.27293 0.0017559
1345 30016 2.5194 -0.25823 739.52 -0.18875 5.2601 0.084646 0.25678 0.0017539
1347.6 29661 2.5195 -0.25847 727.51 -0.18993 5.2681 0.084798 0.21946 0.0017489
1351 29192 2.5197 -0.25879 710.37 -0.19004 5.2773 0.0851 0.16758 0.0017398
1355.3 28630 2.52 -0.25918 687.52 -0.18821 5.2861 0.085605 0.11656 0.0017257
1360.3 28003 2.5203 -0.25961 658.53 -0.1841 5.2937 0.08637 0.076974 0.0017057
1366 27343 2.5206 -0.26008 623.47 -0.17815 5.2998 0.087474 0.04948 0.0016796
1372.3 26682 2.5209 -0.26056 583.28 -0.17162 5.3045 0.089028 0.029762 0.0016473
1379 26041 2.5213 -0.26105 539.91 -0.16636 5.3077 0.09103 0.01514 0.001609
1386.1 25431 2.5216 -0.26152 496.09 -0.16448 5.3095 0.093185 0.0043118 0.0015656
1393.5 24849 2.5219 -0.26197 454.68 -0.16786 5.3101 0.094929 -0.0032144 0.0015179
1401.1 24283 2.5222 -0.26239 417.99 -0.17768 5.3097 0.095736 -0.0076502 0.0014674
1408.7 23721 2.5225 -0.26277 387.24 -0.19393 5.3089 0.09537 -0.0092524 0.0014154
1416.1 23153 2.5228 -0.26313 362.58 -0.21531 5.308 0.093843 -0.0079886 0.0013636
1423.4 22575 2.523 -0.26345 343.44 -0.23961 5.3075 0.091252 -0.00387 0.0013136
1430.4 21993 2.5232 -0.26374 328.89 -0.26441 5.3081 0.087778 0.0039643 0.001267
1436.9 21419 2.5234 -0.26401 317.91 -0.28763 5.3102 0.083747 0.015941 0.0012251
1442.9 20869 2.5235 -0.26424 309.59 -0.30801 5.3148 0.079635 0.034513 0.001189
1448.2 20359 2.5237 -0.26444 303.16 -0.32461 5.3225 0.075964 0.063064 0.0011595
1452.9 19906 2.5238 -0.26461 298.15 -0.33725 5.3343 0.073164 0.1071 0.0011368
1456.7 19523 2.5239 -0.26474 294.3 -0.34626 5.3503 0.071391 0.16121 0.0011208
1459.7 19222 2.524 -0.26485 291.38 -0.35209 5.3682 0.070488 0.21127 0.0011108
1461.9 19010 2.524 -0.26492 289.34 -0.35544 5.3839 0.070113 0.24077 0.0011057
1463 18890 2.5241 -0.26496 288.19 -0.35694 5.3936 0.070002 0.25014 0.0011038
1463.3 18862 2.5241 -0.26497 287.91 -0.35724 5.396 0.069988 0.25041 0.0011034
1463.9 18801 2.5241 -0.26499 287.31 -0.35782 5.4011 0.06994 0.24869 0.0011027
1465.3 18659 2.5241 -0.26503 285.9 -0.3587 5.4129 0.069672 0.23597 0.0011002
1467.5 18438 2.5242 -0.2651 283.67 -0.35882 5.4299 0.069049 0.20436 0.0010941
1470.5 18145 2.5243 -0.26519 280.6 -0.35679 5.4492 0.067997 0.15755 0.0010829
1474.2 17789 2.5244 -0.2653 276.68 -0.35157 5.4673 0.066553 0.10821 0.0010654
1478.5 17383 2.5245 -0.26543 271.89 -0.34285 5.482 0.064798 0.068919 0.0010405
1483.5 16942 2.5247 -0.26557 266.28 -0.331 5.493 0.062845 0.043676 0.0010075
1489 16481 2.5248 -0.26572 259.92 -0.31685 5.5013 0.060854 0.029387 0.00096614
1495 16016 2.525 -0.26588 252.89 -0.30131 5.508 0.059078 0.021743 0.00091648
1501.3 15558 2.5252 -0.26605 245.2 -0.28526 5.5139 0.057641 0.018705 0.00085906
1508 15118 2.5253 -0.26622 236.93 -0.27027 5.5199 0.056371 0.019958 0.0007947
1514.9 14700 2.5255 -0.26638 228.35 -0.25929 5.5274 0.054798 0.026331 0.00072467
1521.9 14302 2.5257 -0.26655 219.97 -0.25643 5.5378 0.052413 0.038744 0.0006504
1528.9 13913 2.5259 -0.2667 212.42 -0.26505 5.5532 0.04906 0.058263 0.00057368
1535.8 13520 2.526 -0.26684 206.11 -0.28549 5.5754 0.045215 0.085686 0.00049626
1542.6 13113 2.5262 -0.26698 201.11 -0.31387 5.6066 0.041926 0.12259 0.00042009
1549.1 12694 2.5264 -0.26709 197.2 -0.34203 5.6494 0.040651 0.16816 0.00034688
1555.3 12279 2.5265 -0.2672 193.86 -0.35846 5.7068 0.042643 0.21816 0.00027837
1561 11891 2.5267 -0.26728 190.16 -0.35477 5.7805 0.047677 0.26713 0.00021588
1566.3 11558 2.5268 -0.26734 185.28 -0.33317 5.869 0.054076 0.31324 0.00016065
1570.9 11291 2.5269 -0.26739 179.32 -0.30426 5.9665 0.06021 0.35592 0.00011334
1575 11087 2.527 -0.26742 173.14 -0.27798 6.0654 0.065059 0.39631 7.4525e-05
1578.3 10937 2.5271 -0.26743 167.65 -0.2601 6.1574 0.068186 0.4323 4.4177e-05
1580.9 10828 2.5272 -0.26744 163.41 -0.25156 6.2348 0.069731 0.45986 2.2214e-05
1582.7 10756 2.5272 -0.26744 160.54 -0.24911 6.2913 0.07025 0.47478 8.3571e-06
1583.7 10716 2.5273 -0.26744 159 -0.24908 6.3235 0.070346 0.47938 1.5848e-06
1584 10706 2.5273 -0.26744 158.64 -0.2492 6.3311 0.070349 0.47963 0
