time (s) altitude (m) longitude (rad) latitude (rad) velocity (m/s) trajectory angle (rad) heading angle (rad) angle of attack (rad) bank angle (rad) fuel mass (kg) 
0 25966 2.5307 -0.264 1520 -0.0073021 1 0.014431 -0.0069361 1562
2.0387 25941 2.531 -0.26359 1524.5 -0.0087738 1.0001 0.015723 -0.011431 1558.3
5.6697 25888 2.5315 -0.26286 1532.8 -0.0099998 1 0.018586 -0.015687 1551.4
8.7505 25840 2.5319 -0.26224 1540.3 -0.0099885 1 0.01864 -0.01018 1545.2
9.6011 25827 2.532 -0.26207 1542.4 -0.0099998 1 0.018246 -0.009683 1543.5
11.64 25796 2.5323 -0.26165 1547.7 -0.0099986 1 0.017782 -0.01284 1539.3
15.271 25739 2.5328 -0.26091 1557.3 -0.0099999 1 0.016796 -0.014379 1531.7
18.352 25691 2.5332 -0.26028 1566 -0.0099978 1 0.016118 -0.0096626 1525
19.202 25678 2.5333 -0.2601 1568.4 -0.0099807 1 0.015843 -0.0092243 1523.1
21.241 25646 2.5336 -0.25968 1574.5 -0.0099998 1 0.015223 -0.013062 1518.5
24.872 25589 2.5341 -0.25893 1585.7 -0.0097329 1 0.015732 -0.014496 1510.1
27.953 25544 2.5345 -0.25828 1595.8 -0.008485 1 0.017802 -0.0085725 1502.6
28.803 25533 2.5346 -0.2581 1598.6 -0.0078713 1 0.018076 -0.0080164 1500.5
30.842 25509 2.5349 -0.25767 1605.7 -0.0062226 1 0.018779 -0.011614 1495.3
34.473 25484 2.5354 -0.2569 1618.7 -0.0022965 1 0.020103 -0.012873 1485.6
37.554 25483 2.5359 -0.25625 1630.2 0.0017914 1 0.020317 -0.0079826 1477.1
38.404 25486 2.536 -0.25606 1633.5 0.0029556 1 0.020352 -0.0076401 1474.6
40.443 25501 2.5363 -0.25562 1641.4 0.0058343 1 0.020113 -0.011329 1468.8
44.074 25550 2.5368 -0.25484 1655.8 0.010748 1 0.018798 -0.01304 1458.1
47.155 25615 2.5373 -0.25416 1668.4 0.014266 1 0.016967 -0.0097187 1448.9
48.005 25636 2.5374 -0.25398 1671.9 0.015081 1 0.016453 -0.0097118 1446.3
50.044 25690 2.5377 -0.25353 1680.5 0.016788 1 0.015146 -0.013249 1440.1
53.675 25799 2.5382 -0.25272 1695.8 0.018533 1 0.011991 -0.014971 1429
56.756 25898 2.5387 -0.25203 1709.1 0.018856 1 0.010686 -0.012541 1419.4
57.606 25925 2.5388 -0.25184 1712.8 0.018896 1 0.010621 -0.01249 1416.8
59.645 25992 2.5391 -0.25138 1721.7 0.018991 1 0.010875 -0.015231 1410.3
63.276 26112 2.5397 -0.25055 1738.1 0.019288 1 0.01096 -0.015774 1398.7
66.357 26216 2.5401 -0.24985 1752.4 0.019373 1 0.010099 -0.013961 1388.6
67.207 26245 2.5403 -0.24965 1756.3 0.0193 1 0.01002 -0.013792 1385.8
69.246 26314 2.5406 -0.24918 1766 0.019147 1 0.0098455 -0.015944 1379
72.877 26436 2.5411 -0.24833 1783.2 0.018715 1 0.0094947 -0.016402 1366.8
75.958 26538 2.5416 -0.2476 1797.5 0.018309 1 0.0097749 -0.015268 1356.5
76.808 26566 2.5417 -0.2474 1801.5 0.018238 1 0.010037 -0.014529 1353.7
78.168 26610 2.542 -0.24708 1807.9 0.01817 1 0.010204 -0.01584 1349.1
80.588 26690 2.5423 -0.2465 1819.2 0.018115 1 0.01039 -0.016671 1341
82.642 26758 2.5427 -0.24601 1828.7 0.018073 1 0.010227 -0.015289 1334.1
83.209 26777 2.5428 -0.24587 1831.4 0.018047 1 0.010201 -0.015115 1332.2
84.568 26821 2.543 -0.24555 1837.7 0.017963 1 0.0098959 -0.016369 1327.6
86.989 26901 2.5434 -0.24496 1849 0.017608 1 0.0090884 -0.016937 1319.5
89.043 26967 2.5437 -0.24446 1858.5 0.017134 1 0.0088411 -0.015747 1312.7
89.61 26985 2.5438 -0.24432 1861.2 0.017002 1 0.0088445 -0.0155 1310.8
90.969 27028 2.544 -0.24399 1867.5 0.016666 1 0.0088311 -0.016612 1306.3
93.39 27102 2.5444 -0.24339 1878.8 0.016265 1 0.010166 -0.016831 1298.2
95.444 27165 2.5447 -0.24288 1888.5 0.016467 1 0.012472 -0.014417 1291.3
96.011 27183 2.5448 -0.24274 1891.1 0.016652 1 0.01293 -0.013903 1289.3
97.37 27227 2.5451 -0.2424 1897.6 0.017218 1 0.014191 -0.015694 1284.7
99.79 27309 2.5455 -0.2418 1909.2 0.018852 1 0.016253 -0.017432 1276.4
101.84 27387 2.5458 -0.24128 1918.9 0.020352 1 0.014686 -0.0092735 1269.3
102.41 27409 2.5459 -0.24114 1921.6 0.020614 1 0.013935 -0.0053331 1267.3
103.77 27464 2.5461 -0.24079 1928 0.021072 1.0001 0.012247 0.0097654 1262.7
106.19 27562 2.5465 -0.24018 1939.1 0.020811 1.0007 0.0077049 0.055652 1254.7
108.24 27643 2.5469 -0.23965 1948.4 0.019405 1.0014 0.0043254 0.089038 1248
108.81 27664 2.547 -0.23951 1950.9 0.018874 1.0017 0.0032578 0.099867 1246.2
110.17 27712 2.5472 -0.23916 1957 0.017269 1.0023 0.0011957 0.11875 1241.9
112.59 27786 2.5476 -0.23853 1967.9 0.013908 1.0036 0.0008399 0.16323 1234.4
114.65 27837 2.548 -0.238 1977.2 0.01158 1.005 0.0056378 0.19763 1227.9
115.21 27850 2.5481 -0.23785 1979.8 0.011214 1.0055 0.006215 0.20807 1226
117.25 27893 2.5484 -0.23731 1989.2 0.010185 1.0075 0.0097721 0.24365 1219.3
120.88 27966 2.549 -0.23635 2006.4 0.010497 1.0125 0.016113 0.30702 1207.1
123.96 28038 2.5495 -0.23553 2021.4 0.012831 1.0183 0.021466 0.36078 1196.4
124.81 28061 2.5497 -0.2353 2025.6 0.013789 1.0202 0.022929 0.37563 1193.3
126.85 28123 2.55 -0.23475 2035.7 0.016022 1.025 0.021308 0.4112 1186.1
130.48 28249 2.5507 -0.23376 2053.2 0.01743 1.0334 0.013703 0.47458 1173.5
133.56 28357 2.5512 -0.2329 2067.6 0.016128 1.0402 0.011688 0.52834 1163.2
134.41 28384 2.5513 -0.23266 2071.6 0.015747 1.0422 0.012606 0.54319 1160.3
136.45 28449 2.5517 -0.23209 2081.2 0.014691 1.0472 0.012079 0.57877 1153.5
140.08 28552 2.5523 -0.23106 2098.3 0.01239 1.0566 0.013459 0.64214 1141.3
143.17 28627 2.5528 -0.23018 2112.9 0.011163 1.0661 0.020235 0.6959 1130.8
144.02 28647 2.5529 -0.22993 2117 0.0112 1.0692 0.021238 0.71075 1127.8
146.05 28696 2.5532 -0.22934 2126.7 0.011306 1.0771 0.024681 0.74633 1120.6
149.69 28788 2.5538 -0.22827 2144.2 0.012554 1.0934 0.031474 0.8097 1107.3
152.77 28876 2.5543 -0.22734 2159 0.013943 1.1092 0.032644 0.86346 1095.9
153.62 28902 2.5544 -0.22709 2162.9 0.01413 1.1136 0.030394 0.87831 1092.7
155.66 28964 2.5547 -0.22647 2172.2 0.014038 1.124 0.030341 0.91441 1085.2
159.29 29071 2.5553 -0.22534 2188.2 0.012924 1.143 0.029983 0.9671 1071.9
162.37 29154 2.5557 -0.22438 2201.4 0.011355 1.1592 0.029773 0.97941 1060.7
163.22 29174 2.5558 -0.22411 2205 0.010914 1.1636 0.02982 0.97488 1057.6
165.26 29221 2.5561 -0.22346 2213.5 0.0099614 1.1742 0.02979 0.95725 1050.2
168.89 29297 2.5566 -0.2223 2228.3 0.0089922 1.1923 0.029556 0.89354 1037
171.97 29358 2.557 -0.2213 2240.5 0.0089445 1.2069 0.029354 0.8573 1025.8
172.82 29376 2.5571 -0.22102 2243.8 0.0089821 1.2109 0.029306 0.85415 1022.7
176.9 29459 2.5576 -0.21967 2259.3 0.0091205 1.2295 0.02848 0.85125 1007.9
184.16 29607 2.5585 -0.21723 2285.4 0.0086876 1.2617 0.0274 0.85959 981.7
190.32 29724 2.5591 -0.21511 2306.2 0.0078881 1.2883 0.026713 0.84557 959.61
192.02 29755 2.5593 -0.21452 2311.8 0.0077273 1.2954 0.026464 0.83419 953.53
194.06 29791 2.5595 -0.21381 2318.3 0.0075578 1.3038 0.026252 0.82938 946.25
197.69 29854 2.5598 -0.21254 2329.6 0.0072769 1.3185 0.025796 0.81871 933.33
200.77 29905 2.5601 -0.21145 2339 0.0070452 1.3307 0.025564 0.81528 922.39
201.62 29919 2.5602 -0.21115 2341.5 0.0069762 1.334 0.025511 0.8143 919.37
203.66 29952 2.5604 -0.21042 2347.5 0.0068172 1.342 0.025431 0.81175 912.14
207.29 30009 2.5607 -0.20912 2357.9 0.0065677 1.3561 0.025281 0.80532 899.29
210.37 30056 2.5609 -0.20801 2366.5 0.0063758 1.3679 0.025147 0.80373 888.4
211.22 30069 2.561 -0.2077 2368.9 0.0063166 1.3711 0.025141 0.80383 885.4
213.26 30099 2.5611 -0.20696 2374.4 0.0061863 1.3789 0.025285 0.80495 878.2
216.89 30152 2.5614 -0.20563 2384.1 0.0059871 1.3928 0.025779 0.81298 865.36
219.97 30195 2.5616 -0.2045 2392.2 0.0058034 1.4048 0.025907 0.82087 854.46
220.82 30207 2.5616 -0.20418 2394.3 0.0057363 1.4081 0.025916 0.82157 851.45
222.86 30235 2.5618 -0.20343 2399.5 0.005581 1.416 0.025907 0.82231 844.24
226.49 30282 2.562 -0.20208 2408.3 0.0052941 1.4301 0.02587 0.82214 831.41
229.57 30321 2.5621 -0.20093 2415.5 0.0050605 1.442 0.025906 0.82093 820.53
230.43 30331 2.5622 -0.20061 2417.5 0.0050021 1.4452 0.025933 0.82102 817.53
231.78 30347 2.5622 -0.2001 2420.5 0.0049117 1.4505 0.025987 0.8209 812.73
234.21 30376 2.5623 -0.19919 2425.8 0.004769 1.4598 0.026133 0.82127 804.19
236.26 30399 2.5624 -0.19842 2430.3 0.0046687 1.4677 0.026302 0.82221 796.93
236.83 30406 2.5624 -0.1982 2431.5 0.0046445 1.4699 0.026364 0.82242 794.93
238.19 30421 2.5625 -0.19769 2434.3 0.0045959 1.4751 0.0265 0.8232 790.13
240.61 30448 2.5626 -0.19677 2439.4 0.0045271 1.4845 0.026792 0.82726 781.57
242.66 30470 2.5627 -0.19599 2443.7 0.0044803 1.4926 0.027057 0.83097 774.3
243.23 30476 2.5627 -0.19578 2444.9 0.00447 1.4948 0.027143 0.83159 772.29
244.59 30491 2.5627 -0.19526 2447.7 0.0044535 1.5002 0.0273 0.83328 767.47
247.01 30518 2.5628 -0.19433 2452.7 0.0044304 1.5098 0.027546 0.8383 758.89
249.06 30540 2.5628 -0.19355 2456.9 0.0044063 1.518 0.02766 0.84104 751.61
249.63 30546 2.5628 -0.19333 2458.1 0.0043996 1.5202 0.027685 0.84142 749.6
250.99 30561 2.5629 -0.19281 2460.9 0.0043839 1.5257 0.027699 0.84192 744.78
253.41 30587 2.5629 -0.19188 2465.8 0.0043548 1.5353 0.027673 0.842 736.19
255.46 30609 2.5629 -0.19109 2470 0.0043289 1.5435 0.027608 0.84123 728.92
256.03 30615 2.5629 -0.19087 2471.2 0.0043217 1.5457 0.027586 0.84112 726.91
257.39 30629 2.5629 -0.19034 2474 0.0043025 1.5511 0.027527 0.84052 722.1
259.81 30655 2.5629 -0.18941 2478.9 0.0042671 1.5607 0.027401 0.8387 713.54
261.86 30677 2.563 -0.18861 2483 0.0042335 1.5687 0.027277 0.83778 706.28
262.43 30683 2.563 -0.18839 2484.2 0.0042221 1.5709 0.027233 0.83759 704.28
263.79 30697 2.563 -0.18786 2486.9 0.0041915 1.5762 0.027148 0.837 699.48
266.21 30722 2.5629 -0.18692 2491.7 0.0041317 1.5856 0.026975 0.83453 690.95
268.26 30743 2.5629 -0.18612 2495.8 0.0040798 1.5935 0.026818 0.83215 683.72
268.83 30749 2.5629 -0.1859 2496.9 0.0040651 1.5957 0.026775 0.83162 681.72
270.87 30769 2.5629 -0.18511 2500.9 0.0040172 1.6035 0.026637 0.8274 674.55
274.5 30806 2.5628 -0.18369 2507.9 0.0039864 1.6172 0.026411 0.81874 661.8
277.58 30836 2.5628 -0.18248 2513.8 0.0039756 1.6287 0.02627 0.82037 651
278.43 30845 2.5628 -0.18215 2515.4 0.0039576 1.6319 0.026185 0.82164 648.02
280.47 30865 2.5627 -0.18135 2519.3 0.0038862 1.6395 0.026115 0.82645 640.89
284.1 30900 2.5626 -0.17992 2526 0.0036678 1.653 0.025972 0.82822 628.2
287.18 30928 2.5625 -0.17871 2531.7 0.0035927 1.6643 0.025817 0.79928 617.44
288.03 30936 2.5625 -0.17837 2533.2 0.0036463 1.6673 0.02623 0.78557 614.47
290.07 30955 2.5624 -0.17757 2536.9 0.0039925 1.6746 0.025615 0.75945 607.34
293.7 30993 2.5622 -0.17614 2543.4 0.0039301 1.6857 0.018122 0.69176 594.93
296.78 31021 2.5621 -0.17492 2548.9 0.0031867 1.6934 0.017535 0.64103 584.68
297.63 31028 2.562 -0.17458 2550.4 0.0031583 1.6956 0.01849 0.62529 581.82
299.67 31044 2.5619 -0.17378 2554.1 0.0031426 1.7005 0.017803 0.59584 574.99
303.3 31074 2.5617 -0.17234 2560.4 0.0033889 1.7085 0.017692 0.53071 562.86
306.38 31103 2.5615 -0.17112 2565.8 0.0040217 1.7147 0.017793 0.47905 552.57
307.23 31112 2.5615 -0.17078 2567.2 0.0042469 1.7163 0.017807 0.46392 549.73
309.27 31136 2.5614 -0.16997 2570.7 0.0048781 1.72 0.017879 0.438 542.93
312.9 31188 2.5611 -0.16853 2576.8 0.0063059 1.7259 0.018029 0.3734 530.84
315.98 31244 2.5609 -0.1673 2581.8 0.0077661 1.7304 0.018146 0.34255 520.62
316.83 31261 2.5609 -0.16697 2583.2 0.0081777 1.7316 0.017797 0.34127 517.81
318.87 31306 2.5608 -0.16615 2586.4 0.0090925 1.7343 0.018001 0.34065 511.11
322.5 31400 2.5605 -0.16471 2592.1 0.010622 1.7394 0.017209 0.36546 499.25
325.59 31486 2.5603 -0.16348 2596.7 0.010643 1.7437 0.010168 0.41118 489.47
326.44 31509 2.5602 -0.16314 2598 0.010119 1.7447 0.0092632 0.42199 486.88
328.47 31559 2.5601 -0.16232 2601 0.0086404 1.7472 0.0056535 0.4467 480.71
332.11 31621 2.5598 -0.16087 2606.5 0.0042299 1.7512 0.00070608 0.5148 470.08
335.19 31637 2.5596 -0.15963 2611.2 -0.00032997 1.7547 0.001858 0.56347 461.19
336.04 31635 2.5595 -0.15929 2612.6 -0.0014603 1.7558 0.0037592 0.57758 458.71
338.08 31621 2.5594 -0.15847 2615.8 -0.0037056 1.7588 0.0073173 0.59118 452.64
341.71 31573 2.5591 -0.15702 2621.6 -0.0061079 1.7653 0.013655 0.57315 441.45
344.79 31521 2.5588 -0.15578 2626.5 -0.0062537 1.7714 0.019032 0.50802 431.54
345.64 31508 2.5588 -0.15544 2627.9 -0.0059322 1.7731 0.020516 0.497 428.74
347.68 31479 2.5586 -0.15462 2631.1 -0.0046021 1.7773 0.024074 0.46142 421.9
351.31 31454 2.5583 -0.15316 2636.7 -0.00010632 1.7849 0.030412 0.39805 409.33
354.39 31476 2.558 -0.15192 2641.2 0.0058273 1.7911 0.035788 0.34428 398.32
355.24 31492 2.5579 -0.15157 2642.3 0.0077983 1.7928 0.037273 0.32943 395.23
357.28 31548 2.5577 -0.15075 2645 0.013079 1.7967 0.040831 0.29385 387.78
360.91 31725 2.5574 -0.14929 2649.1 0.02426 1.8029 0.047168 0.23048 374.43
363.99 31967 2.5571 -0.14805 2651.7 0.035212 1.8073 0.052545 0.17671 363.15
364.84 32050 2.557 -0.14771 2652.3 0.038417 1.8083 0.05403 0.16187 360.07
366.88 32279 2.5568 -0.14689 2653.3 0.046311 1.8105 0.057588 0.12702 352.79
370.51 32795 2.5564 -0.14543 2654 0.060742 1.813 0.063925 0.060532 340.33
373.59 33341 2.5561 -0.14419 2653.5 0.072832 1.814 0.069302 0.032343 330.42
374.44 33509 2.556 -0.14385 2653.2 0.07607 1.8142 0.070787 0.040605 327.81
376.48 33940 2.5558 -0.14304 2652.1 0.083554 1.8147 0.074218 0.035567 321.8
380.11 34803 2.5555 -0.14158 2649.1 0.095873 1.8157 0.081148 0.036447 311.95
383.19 35621 2.5552 -0.14035 2645.8 0.10472 1.8163 0.082456 0.01965 304.54
384.04 35859 2.5551 -0.14002 2644.9 0.10672 1.8164 0.080153 0 302.68
384.04 35859 2.5551 -0.14002 2644.9 0.10672 1.8164 0.080153 0 302.68
386.61 36615 2.5548 -0.139 2642.7 0.11603 1.8184 0.071518 0.22387 297.65
391.18 38062 2.5544 -0.13719 2639.4 0.12233 1.8277 0.054076 0.62259 290.49
395.05 39300 2.5539 -0.13566 2636.8 0.1192 1.8376 0.050782 0.96088 285.82
396.12 39633 2.5538 -0.13523 2636 0.1176 1.8405 0.056577 1.0543 284.67
398.69 40411 2.5535 -0.13423 2624 0.11313 1.85 0.065531 1.2853 284.67
403.26 41687 2.553 -0.13245 2603.8 0.10025 1.8681 0.08148 1.5708 284.67
407.13 42628 2.5525 -0.13096 2587.6 0.086904 1.8834 0.095011 1.5708 284.67
408.2 42863 2.5524 -0.13055 2583.3 0.083417 1.8876 0.098747 1.5361 284.67
410.77 43387 2.5521 -0.12958 2573.2 0.074893 1.8977 0.1077 1.5708 284.67
415.34 44172 2.5515 -0.12786 2555.5 0.059272 1.9158 0.12365 1.5708 284.67
419.22 44692 2.5509 -0.12642 2540.7 0.045996 1.9314 0.13718 1.5708 284.67
420.29 44812 2.5508 -0.12602 2536.6 0.042284 1.9358 0.14092 1.5708 284.67
422.85 45058 2.5504 -0.12508 2527 0.033391 1.9464 0.1497 1.5708 284.67
427.42 45350 2.5497 -0.12342 2510 0.017438 1.966 0.16644 1.5708 284.67
431.3 45453 2.5491 -0.12203 2495.9 0.0037878 1.9833 0.17453 1.5708 284.67
432.37 45459 2.549 -0.12164 2492.2 1.4305e-06 1.9881 0.1732 1.5708 284.67
434.93 45430 2.5486 -0.12074 2483.3 -0.0091046 1.9996 0.17453 1.5708 284.67
439.5 45234 2.5478 -0.11914 2468 -0.025426 2.0204 0.17453 1.5708 284.67
443.38 44925 2.5471 -0.11781 2455.2 -0.039375 2.0385 0.17453 1.5708 284.67
444.45 44817 2.5469 -0.11745 2451.6 -0.043242 2.0437 0.17453 1.5708 284.67
447.01 44517 2.5465 -0.11658 2443.1 -0.052539 2.0564 0.17453 1.5708 284.67
451.58 43840 2.5457 -0.11506 2427.3 -0.069196 2.0804 0.17453 1.5708 284.67
455.46 43125 2.5449 -0.11379 2413.1 -0.083433 2.1028 0.17453 1.5708 284.67
456.53 42905 2.5447 -0.11345 2408.9 -0.087381 2.1094 0.17453 1.5707 284.67
459.09 42337 2.5442 -0.11263 2398.6 -0.096948 2.126 0.17453 1.5678 284.67
463.66 41195 2.5433 -0.11121 2378 -0.11221 2.1594 0.17453 1.4589 284.67
467.54 40121 2.5425 -0.11004 2357.6 -0.12146 2.192 0.17453 1.3654 284.67
468.61 39814 2.5423 -0.10972 2351.4 -0.12339 2.2019 0.17453 1.3382 284.67
471.18 39064 2.5417 -0.10898 2335.2 -0.12657 2.227 0.17453 1.286 284.67
475.74 37719 2.5407 -0.1077 2301.2 -0.12678 2.2777 0.17453 1.1929 284.67
479.62 36622 2.5397 -0.10668 2266.2 -0.12053 2.3271 0.17453 1.1277 284.67
480.69 36334 2.5395 -0.10641 2255.5 -0.11771 2.3419 0.17453 1.1069 284.67
483.26 35683 2.5388 -0.10578 2227.6 -0.10876 2.3792 0.17453 1.0766 284.67
487.83 34692 2.5377 -0.10474 2173.1 -0.087895 2.4493 0.16117 1.0323 284.67
491.7 34042 2.5366 -0.10395 2126.3 -0.068081 2.5087 0.14774 1.0119 284.67
492.77 33894 2.5364 -0.10374 2113.7 -0.062589 2.5249 0.14392 1.0081 284.67
496.62 33467 2.5353 -0.10304 2070.1 -0.043639 2.5815 0.13237 1.0051 284.67
503.47 33075 2.5334 -0.10198 1996.4 -0.013231 2.6807 0.12609 1.0297 284.67
509.29 33047 2.5318 -0.10125 1936.2 0.0074203 2.765 0.12434 1.0765 284.67
510.89 33077 2.5313 -0.10108 1920.4 0.011742 2.7879 0.12005 1.0925 284.67
514.74 33191 2.5302 -0.10071 1884.8 0.01887 2.841 0.11981 1.1371 284.67
521.6 33465 2.5283 -0.10022 1826 0.022096 2.9332 0.11644 1.225 284.67
527.41 33663 2.5267 -0.099933 1784.7 0.013763 3.002 0.089881 1.3012 284.67
529.02 33697 2.5262 -0.099875 1775.8 0.0092892 3.0173 0.086464 1.321 284.67
532.86 33720 2.5252 -0.099763 1755.3 -0.0029201 3.0536 0.07916 1.3676 284.67
539.72 33531 2.5233 -0.099657 1722.5 -0.029771 3.1158 0.076779 1.437 284.67
545.53 33108 2.5217 -0.099659 1695.6 -0.055755 3.1707 0.075482 1.4765 284.67
547.14 32947 2.5213 -0.099674 1688.3 -0.063339 3.1863 0.074404 1.4796 284.67
550.99 32479 2.5203 -0.099739 1670.6 -0.081696 3.2252 0.074028 1.4886 284.67
557.84 31371 2.5185 -0.099951 1637.3 -0.11369 3.3023 0.072425 1.4561 284.67
563.65 30192 2.5171 -0.10024 1605.5 -0.13592 3.3784 0.071212 1.3749 284.67
565.26 29837 2.5167 -0.10034 1595.8 -0.14046 3.4016 0.069327 1.3374 284.67
567.82 29257 2.5161 -0.10051 1577.6 -0.14538 3.4405 0.07063 1.2771 284.98
572.39 28214 2.5151 -0.10088 1569 -0.14383 3.5177 0.086502 1.1435 280.86
576.27 27375 2.5142 -0.10126 1589.6 -0.12919 3.5917 0.088947 1.0549 271.67
577.34 27160 2.514 -0.10137 1592.1 -0.12285 3.6138 0.087678 1.0328 269.38
579.91 26694 2.5134 -0.10168 1603.6 -0.10467 3.668 0.087662 1.0018 262.71
584.47 26069 2.5124 -0.1023 1627 -0.06351 3.7711 0.08518 0.97945 249.04
588.35 25788 2.5116 -0.10292 1650.3 -0.025022 3.8637 0.082542 1.0065 235.76
589.42 25753 2.5114 -0.10311 1657.3 -0.01475 3.89 0.081641 1.0195 231.85
591.99 25740 2.511 -0.10358 1675.1 0.0075871 3.9533 0.076812 1.0723 222.19
596.56 25908 2.5102 -0.1045 1710.4 0.032523 4.0634 0.067063 1.2211 204.39
600.43 26153 2.5096 -0.10536 1743.8 0.038175 4.1527 0.062247 1.3277 188.83
601.5 26223 2.5094 -0.10561 1753.6 0.038258 4.1767 0.06229 1.3283 184.43
604.07 26398 2.5091 -0.10623 1777.8 0.038974 4.2341 0.061967 1.3252 173.57
608.64 26720 2.5085 -0.1074 1822.4 0.03892 4.3279 0.052275 1.3271 154.36
612.51 26990 2.5082 -0.10844 1860.5 0.036295 4.3993 0.052287 1.3562 138.61
613.58 27062 2.5081 -0.10874 1871.2 0.035293 4.4197 0.051683 1.3911 134.18
616.15 27221 2.5079 -0.10947 1896.8 0.03157 4.4659 0.04904 1.3403 123.76
620.72 27523 2.5076 -0.11081 1942.3 0.041131 4.5373 0.046713 0.93314 105.37
624.59 27930 2.5074 -0.11198 1979.7 0.069126 4.582 0.04638 0.64013 90.045
625.66 28088 2.5074 -0.11231 1989.4 0.077658 4.5916 0.046252 0.55801 85.913
628.23 28543 2.5073 -0.1131 2011.7 0.099594 4.6108 0.045734 0.48039 76.334
632.8 29632 2.5071 -0.11454 2045.8 0.13472 4.6364 0.044011 0.3838 60.827
636.68 30799 2.5071 -0.11577 2068.4 0.15764 4.6515 0.041919 0.34013 49.626
637.75 31153 2.507 -0.11611 2073.7 0.16268 4.6549 0.040684 0.32903 46.874
640.31 32043 2.507 -0.11693 2084.5 0.17258 4.662 0.042328 0.31875 40.854
644.88 33759 2.5069 -0.11839 2094.3 0.18834 4.6735 0.06167 0.30927 31.672
648.76 35330 2.5069 -0.11964 2094.7 0.20084 4.6828 0.073012 0.30945 25.248
649.83 35781 2.5069 -0.11998 2094.7 0.20335 4.6851 0.077583 0.31028 23.729
652.39 36879 2.5069 -0.1208 2084.9 0.20902 4.6905 0.07089 0.31128 22.265
656.96 38869 2.5068 -0.12224 2056 0.21355 4.6983 0.070659 0.31119 22.945
660.84 40547 2.5068 -0.12345 2039.9 0.21196 4.7032 0.07357 0.30731 22.506
661.91 41005 2.5068 -0.12378 2034.5 0.2111 4.7044 0.071986 0.30796 22.674
664.47 42088 2.5068 -0.12458 2024.2 0.20768 4.7068 0.072834 0.3036 22.674
669.04 43950 2.5068 -0.12598 2007.9 0.19891 4.7103 0.0743 0.29633 22.674
672.92 45448 2.5068 -0.12717 1995.8 0.18937 4.7127 0.074959 0.29003 22.674
673.99 45847 2.5068 -0.1275 1992.7 0.18645 4.7132 0.075244 0.28885 22.674
679.12 47660 2.5068 -0.12906 1979.1 0.17117 4.7154 0.076244 0.27834 22.674
688.26 50455 2.5068 -0.13183 1959.2 0.14 4.7183 0.078078 0.26228 22.674
696.01 52352 2.5068 -0.13417 1945.9 0.11103 4.72 0.079829 0.24742 22.673
698.15 52796 2.5068 -0.13481 1942.7 0.10274 4.7204 0.080461 0.24853 22.673
703.28 53717 2.5068 -0.13635 1936.1 0.082523 4.7214 0.081536 0.23609 22.673
712.42 54848 2.5069 -0.13909 1927.2 0.045561 4.7228 0.084076 0.22293 22.673
720.17 55290 2.5069 -0.14141 1922.5 0.013712 4.7239 0.087821 0.2114 22.673
722.31 55328 2.5069 -0.14205 1921.6 0.0049027 4.7242 0.089756 0.21411 22.673
727.44 55273 2.5069 -0.14359 1920.1 -0.016073 4.725 0.099627 0.20221 22.673
736.58 54671 2.507 -0.14631 1919.3 -0.052309 4.7266 0.12255 0.19269 22.673
744.34 53673 2.507 -0.14863 1920.4 -0.081761 4.7282 0.1231 0.18357 22.673
746.48 53321 2.507 -0.14926 1921 -0.089761 4.7287 0.12274 0.1869 22.673
751.61 52345 2.507 -0.15079 1922.8 -0.10841 4.7298 0.12307 0.17677 22.673
760.74 50166 2.5071 -0.15351 1927.1 -0.1394 4.7323 0.12382 0.16978 22.673
768.5 47914 2.5071 -0.15581 1930.7 -0.16222 4.7348 0.12484 0.16281 22.673
770.64 47235 2.5071 -0.15644 1931.5 -0.16772 4.7357 0.12466 0.16508 22.673
775.77 45522 2.5072 -0.15797 1932.9 -0.17928 4.7379 0.12149 0.15794 22.673
784.91 42252 2.5073 -0.16067 1931 -0.19077 4.7433 0.1226 0.1523 22.673
792.66 39429 2.5073 -0.16296 1921.4 -0.18693 4.7498 0.11866 0.14706 22.673
794.8 38673 2.5074 -0.16359 1917 -0.18312 4.7519 0.10816 0.14634 22.673
799.93 36934 2.5074 -0.16509 1905.2 -0.17259 4.7573 0.093359 0.14263 22.673
809.07 34224 2.5076 -0.16775 1873.5 -0.1386 4.7688 0.084004 0.1369 22.673
816.82 32564 2.5077 -0.16997 1831.6 -0.088962 4.781 0.084564 0.13141 22.673
818.96 32252 2.5078 -0.17058 1817.3 -0.071582 4.7848 0.081968 0.13102 22.673
822.38 31896 2.5078 -0.17154 1790.8 -0.042994 4.7909 0.084793 0.12676 23.143
828.48 31741 2.508 -0.17323 1775.2 0.015425 4.8023 0.10477 0.12346 17.131
833.64 32115 2.5081 -0.17466 1797.6 0.064956 4.812 0.096901 0.12599 5.019
835.07 32299 2.5081 -0.17506 1798.8 0.076363 4.8144 0.091789 0.12947 2.684
838.49 32843 2.5083 -0.17601 1787.5 0.10005 4.8199 0.078539 0.13431 2.519e-06
844.58 34083 2.5084 -0.17766 1740.4 0.1288 4.8284 0.072179 0.14353 1.2456
849.75 35292 2.5086 -0.17903 1716.2 0.14148 4.8345 0.074496 0.14776 0.44186
851.18 35640 2.5087 -0.17941 1707.1 0.1442 4.836 0.067925 0.15185 0.74851
854.6 36483 2.5088 -0.1803 1691.1 0.14659 4.8392 0.070865 0.14991 0.73544
860.69 37975 2.509 -0.18186 1665.6 0.14518 4.8441 0.070689 0.14952 0.7955
865.86 39187 2.5092 -0.18317 1648 0.13766 4.8474 0.068945 0.14557 0.38352
867.29 39505 2.5092 -0.18353 1644 0.13449 4.8481 0.070275 0.1473 2.8842e-05
872.42 40585 2.5094 -0.18482 1628.8 0.12298 4.8506 0.067677 0.1394 3.1568e-06
881.56 42210 2.5097 -0.18709 1606.4 0.096352 4.8542 0.072721 0.12897 0
889.31 43253 2.51 -0.18899 1590.1 0.072412 4.857 0.099048 0.11775 0
891.45 43488 2.5101 -0.18952 1585.7 0.066322 4.8578 0.10562 0.1209 0
896.58 43966 2.5103 -0.19077 1575.8 0.05169 4.8597 0.11914 0.10869 0
905.72 44517 2.5106 -0.19297 1560.5 0.02495 4.8627 0.12319 0.098516 0
913.47 44674 2.5109 -0.19483 1550 0.00070625 4.8651 0.12178 0.089176 0
915.61 44665 2.511 -0.19534 1547.5 -0.0060745 4.8657 0.12468 0.0883 0
925.87 44317 2.5113 -0.19778 1536.8 -0.037727 4.8685 0.12549 0.078066 0
944.15 42547 2.512 -0.20207 1521.7 -0.086553 4.8738 0.12721 0.064838 0
959.66 40199 2.5127 -0.20566 1506.4 -0.11012 4.8789 0.12768 0.056802 0
963.94 39484 2.5128 -0.20665 1500.7 -0.11205 4.8805 0.12737 0.055737 0
969.07 38626 2.513 -0.20782 1492.4 -0.11113 4.8825 0.12723 0.053273 0
978.21 37186 2.5134 -0.20989 1473.1 -0.099631 4.8866 0.12638 0.051163 0
985.96 36161 2.5137 -0.21163 1451.3 -0.079788 4.8905 0.12532 0.049774 0
988.1 35925 2.5138 -0.2121 1444.4 -0.072783 4.8917 0.12492 0.050581 0
993.23 35457 2.514 -0.21323 1426.4 -0.05383 4.8945 0.12411 0.049304 0
1002.4 35007 2.5144 -0.21521 1390.3 -0.015311 4.8998 0.12242 0.049395 0
1010.1 35021 2.5147 -0.21684 1357.1 0.017574 4.9044 0.12103 0.049162 0
1012.3 35084 2.5148 -0.21728 1347.8 0.025989 4.9056 0.12056 0.050688 0
1017.4 35326 2.515 -0.21833 1325.5 0.044271 4.9085 0.11985 0.04899 0
1026.5 36008 2.5154 -0.22015 1287.1 0.068236 4.9132 0.11873 0.048462 0
1034.3 36739 2.5157 -0.22166 1256.6 0.078574 4.9166 0.11818 0.046352 0
1036.4 36951 2.5158 -0.22207 1248.6 0.079819 4.9175 0.11799 0.049978 0
1041.6 37461 2.516 -0.22303 1230.2 0.080056 4.9195 0.11796 0.044537 0
1050.7 38314 2.5164 -0.22472 1200.3 0.071967 4.9225 0.11806 0.042606 0
1058.4 38917 2.5167 -0.22613 1177.7 0.057982 4.9247 0.1185 0.038653 0
1060.6 39057 2.5168 -0.22651 1172 0.053203 4.9252 0.11861 0.045 0
1065.7 39337 2.517 -0.22742 1158.9 0.040397 4.9266 0.11908 0.036452 0
1074.9 39627 2.5173 -0.22902 1138 0.014088 4.9286 0.12009 0.034574 0
1082.6 39644 2.5176 -0.23035 1122.5 -0.010275 4.9303 0.12112 0.030492 0
1084.7 39611 2.5177 -0.23072 1118.5 -0.017124 4.9307 0.1214 0.0381 0
1089.9 39467 2.5179 -0.23159 1109.4 -0.033494 4.9319 0.12208 0.028619 0
1099 38988 2.5183 -0.23312 1094.2 -0.061352 4.9337 0.12337 0.027358 0
1106.8 38381 2.5186 -0.2344 1081.7 -0.082207 4.9354 0.12428 0.023757 0
1108.9 38185 2.5186 -0.23475 1078.2 -0.087307 4.9358 0.12447 0.031422 0
1114 37674 2.5188 -0.23558 1069.6 -0.098087 4.937 0.12494 0.022303 0
1123.2 36655 2.5192 -0.23705 1052.5 -0.11113 4.939 0.12546 0.021535 0
1130.9 35737 2.5195 -0.23827 1035.3 -0.11483 4.9408 0.12556 0.018458 0
1133.1 35484 2.5195 -0.23861 1029.9 -0.11453 4.9413 0.12548 0.025331 0
1138.2 34891 2.5197 -0.2394 1015.9 -0.11146 4.9426 0.12546 0.017358 0
1147.3 33927 2.5201 -0.24078 985.8 -0.097989 4.9448 0.12542 0.016848 0
1155.1 33254 2.5204 -0.24192 954.83 -0.080062 4.9468 0.12548 0.014067 0
1157.2 33097 2.5204 -0.24223 945.39 -0.074426 4.9473 0.12521 0.020792 0
1162.4 32775 2.5206 -0.24295 921.21 -0.060203 4.9486 0.1265 0.013265 0
1171.5 32377 2.5209 -0.2442 874.29 -0.038154 4.9506 0.11821 0.012975 0
1179.3 32153 2.5212 -0.2452 834.37 -0.0321 4.9521 0.097568 0.010047 0
1181.4 32095 2.5212 -0.24547 823.99 -0.033711 4.9524 0.093684 0.019359 0
1186.5 31943 2.5214 -0.2461 799.42 -0.039967 4.9534 0.089663 0.0092884 0
1195.7 31599 2.5217 -0.24718 756.82 -0.058461 4.9547 0.088176 0.009515 0
1203.4 31207 2.5219 -0.24805 721.4 -0.078881 4.9558 0.089157 0.0060493 0
1205.6 31082 2.522 -0.24828 711.7 -0.085074 4.956 0.088191 0.017919 0
1210.7 30748 2.5221 -0.24882 688.85 -0.10118 4.9569 0.088827 0.005428 0
1219.8 30040 2.5223 -0.24974 648.53 -0.1314 4.9579 0.091069 0.0059133 0
1227.6 29338 2.5225 -0.25047 613.97 -0.15635 4.959 0.095328 0.0029641 0
1229.7 29131 2.5226 -0.25067 604.22 -0.16274 4.9591 0.097773 0.014575 0
1234.9 28619 2.5227 -0.25112 579.55 -0.17524 4.96 0.10919 0.0018974 0
1244 27704 2.5229 -0.25188 530.65 -0.18518 4.9608 0.13903 0.0030949 0
1251.7 26975 2.523 -0.25247 487.08 -0.18556 4.9618 0.14678 -0.00058274 0
1253.9 26785 2.5231 -0.25262 475.56 -0.18605 4.9618 0.14763 0.011594 0
1257.3 26490 2.5231 -0.25286 457.5 -0.18635 4.9624 0.14971 0.0014623 0
1263.4 25992 2.5232 -0.25326 426.58 -0.18543 4.9628 0.15637 -5.1984e-05 0
1268.6 25600 2.5233 -0.25358 401.55 -0.18233 4.9633 0.16149 -8.8951e-05 0
1270 25498 2.5234 -0.25366 394.92 -0.18116 4.9633 0.16265 0.006626 0
1273.4 25261 2.5234 -0.25386 379.48 -0.17772 4.9638 0.16615 -0.00071502 0
1279.5 24876 2.5235 -0.25419 353.46 -0.16808 4.9639 0.17348 -0.0010392 0
1284.7 24588 2.5236 -0.25446 333.43 -0.15837 4.9642 0.17452 -0.0014749 0
1286.1 24514 2.5236 -0.25453 328.45 -0.15633 4.9642 0.17442 0.0069918 0
1289.5 24345 2.5236 -0.25469 317.19 -0.15188 4.9646 0.17453 -0.0017493 0
1295.6 24066 2.5237 -0.25497 299.65 -0.14713 4.9643 0.17453 -0.0032283 0
1300.8 23844 2.5238 -0.2552 286.97 -0.14687 4.9644 0.17453 -0.00045815 0
1302.2 23785 2.5238 -0.25526 283.79 -0.14747 4.9645 0.17434 0.008947 0
1305.6 23643 2.5238 -0.2554 276.67 -0.15017 4.965 0.17453 -0.002471 0
1311.7 23389 2.5239 -0.25565 265.67 -0.15896 4.9642 0.17453 -0.0057608 0
1316.9 23168 2.5239 -0.25585 257.84 -0.17004 4.9641 0.17453 0.0014805 0
1318.3 23105 2.524 -0.25591 255.91 -0.17354 4.9644 0.17436 0.011272 0
1321.7 22952 2.524 -0.25604 251.64 -0.18253 4.9651 0.17453 -0.0024814 0
1327.8 22665 2.524 -0.25626 245.19 -0.19924 4.964 0.17453 -0.0076276 0
1333 22408 2.5241 -0.25645 240.67 -0.2128 4.9637 0.17453 0.002854 0
1334.4 22335 2.5241 -0.2565 239.55 -0.21622 4.9641 0.17442 0.012741 0
1337.8 22157 2.5241 -0.25662 237.04 -0.22371 4.965 0.17453 -0.0024755 0
1343.9 21832 2.5242 -0.25683 232.99 -0.2336 4.9638 0.17453 -0.0068733 0
1349.1 21552 2.5242 -0.25701 229.75 -0.23813 4.9638 0.17453 0.0037198 0
1350.5 21475 2.5243 -0.25706 228.86 -0.23872 4.9642 0.17432 0.0093375 0
1355.7 21199 2.5243 -0.25723 225.56 -0.23821 4.9646 0.17453 -0.0059347 0
1364.8 20718 2.5244 -0.25753 219.72 -0.24192 4.9634 0.16224 -0.00082289 0
1372.6 20298 2.5244 -0.25777 216.71 -0.26617 4.9639 0.14317 -0.0053977 0
1374.7 20173 2.5245 -0.25784 216.64 -0.27717 4.9633 0.14086 0.013315 0
1379.8 19858 2.5245 -0.258 216.75 -0.29659 4.9645 0.13735 -0.0031269 0
1389 19256 2.5246 -0.25829 217.95 -0.31646 4.9638 0.12895 -0.0014508 0
1396.7 18726 2.5247 -0.25853 218.72 -0.31739 4.9641 0.12419 -0.0052578 0
1398.9 18580 2.5247 -0.2586 218.65 -0.31422 4.9635 0.12283 0.013398 0
1404 18240 2.5247 -0.25876 217.86 -0.30277 4.9647 0.12086 -0.0032487 0
1413.1 17675 2.5248 -0.25905 214.29 -0.27582 4.9637 0.1151 -0.0019326 0
1420.9 17244 2.5249 -0.25929 209.69 -0.25614 4.9638 0.11116 -0.0050612 0
1423 17132 2.5249 -0.25936 208.23 -0.25139 4.9631 0.11028 0.014707 0
1428.2 16874 2.5249 -0.25951 204.46 -0.24169 4.9646 0.109 -0.0033842 0
1437.3 16444 2.525 -0.25978 197.41 -0.23298 4.9631 0.10601 -0.0026359 0
1445 16095 2.525 -0.26001 191.76 -0.23517 4.9632 0.10448 -0.0036081 0
1447.2 15999 2.5251 -0.26007 190.31 -0.23646 4.9627 0.10405 0.016694 0
1452.3 15771 2.5251 -0.26021 186.99 -0.24073 4.9644 0.10371 -0.0032841 0
1461.5 15362 2.5252 -0.26046 181.71 -0.24929 4.9627 0.10257 -0.0031588 0
1469.2 15013 2.5252 -0.26066 177.8 -0.25679 4.9628 0.1014 -0.0022596 0
1471.3 14917 2.5252 -0.26072 176.8 -0.25865 4.9625 0.10107 0.017499 0
1476.5 14685 2.5253 -0.26085 174.46 -0.262 4.9645 0.10069 -0.0031676 0
1485.6 14274 2.5253 -0.26108 170.39 -0.26551 4.9622 0.099129 -0.0042261 0
1493.4 13929 2.5254 -0.26127 167.06 -0.2686 4.9624 0.097423 0.00034777 0
1495.5 13834 2.5254 -0.26132 166.17 -0.26959 4.9626 0.097026 0.027273 0
1498.9 13683 2.5254 -0.26141 164.75 -0.27064 4.9655 0.096722 0.00051927 0
1505 13416 2.5255 -0.26155 162.21 -0.27209 4.9615 0.095475 -0.017736 0
1510.2 13191 2.5255 -0.26167 160.12 -0.27408 4.9605 0.094357 0.018043 0
1511.6 13129 2.5255 -0.26171 159.55 -0.27465 4.963 0.094174 0.028589 0
1515 12982 2.5255 -0.26179 158.18 -0.27554 4.9662 0.093851 -0.00027216 0
1521.1 12721 2.5256 -0.26193 155.75 -0.27689 4.9614 0.092688 -0.018761 0
1526.3 12502 2.5256 -0.26204 153.73 -0.27876 4.9604 0.091725 0.019605 0
1527.7 12441 2.5256 -0.26207 153.18 -0.27926 4.9633 0.091562 0.029875 0
1531.1 12297 2.5256 -0.26215 151.85 -0.28005 4.9666 0.091265 -0.00090942 0
1537.2 12043 2.5256 -0.26228 149.5 -0.28141 4.961 0.090149 -0.020417 0
1542.4 11829 2.5257 -0.2624 147.56 -0.28353 4.9598 0.08918 0.021397 0
1543.8 11770 2.5257 -0.26243 147.04 -0.28415 4.9631 0.089017 0.03092 0
1547.7 11612 2.5257 -0.26251 145.64 -0.28537 4.9669 0.088613 -0.0014259 0
1554.5 11333 2.5257 -0.26265 143.18 -0.28766 4.9606 0.087342 -0.019021 0
1560.3 11097 2.5258 -0.26277 141.17 -0.29029 4.9595 0.086456 0.020469 0
1562 11032 2.5258 -0.26281 140.62 -0.29083 4.9631 0.086323 0.033214 0
1565.8 10878 2.5258 -0.26288 139.31 -0.2919 4.9675 0.086125 -0.00085254 0
1572.7 10604 2.5258 -0.26302 137.08 -0.29431 4.9604 0.085559 -0.021035 0
1578.5 10373 2.5259 -0.26314 135.32 -0.29716 4.9589 0.085121 0.022333 0
1580.1 10310 2.5259 -0.26317 134.85 -0.29787 4.963 0.085045 0.035264 0
1583.9 10158 2.5259 -0.26324 133.74 -0.29923 4.9679 0.084927 -0.00061629 0
1590.8 9888.6 2.5259 -0.26338 131.81 -0.30099 4.9601 0.084455 -0.022259 0
1596.6 9662.2 2.526 -0.26349 130.21 -0.30263 4.9585 0.083993 0.024142 0
1598.2 9599.9 2.526 -0.26352 129.78 -0.30307 4.9631 0.08392 0.037104 0
1602 9451.3 2.526 -0.26359 128.74 -0.30378 4.9685 0.083778 -0.0004181 0
1608.9 9188.8 2.526 -0.26372 126.9 -0.30482 4.9597 0.083299 -0.023764 0
1614.7 8968.3 2.5261 -0.26382 125.36 -0.30626 4.958 0.082882 0.026145 0
1616.3 8907.6 2.5261 -0.26385 124.95 -0.30666 4.9631 0.082816 0.039157 0
1620.2 8762.9 2.5261 -0.26392 123.95 -0.30741 4.969 0.082681 -0.00028853 0
1627 8507.2 2.5261 -0.26404 122.21 -0.30866 4.9594 0.082239 -0.025199 0
1632.8 8292.1 2.5261 -0.26414 120.77 -0.31028 4.9574 0.081863 0.027893 0
1634.4 8232.9 2.5261 -0.26417 120.39 -0.31071 4.9631 0.081802 0.040923 0
1638.3 8091.6 2.5262 -0.26424 119.46 -0.31152 4.9696 0.081666 -0.00010919 0
1645.1 7841.9 2.5262 -0.26436 117.85 -0.31278 4.9591 0.081242 -0.026711 0
1651 7631.8 2.5262 -0.26445 116.51 -0.31434 4.9568 0.080885 0.029688 0
1652.6 7574 2.5262 -0.26448 116.15 -0.31473 4.963 0.080825 0.042793 0
1656.4 7436 2.5262 -0.26455 115.3 -0.31546 4.97 0.080678 4.0963e-05 0
1663.3 7192 2.5263 -0.26466 113.79 -0.31672 4.9587 0.080198 -0.027733 0
1669.1 6986.6 2.5263 -0.26475 112.56 -0.31848 4.9564 0.079783 0.031498 0
1670.7 6930 2.5263 -0.26478 112.23 -0.31892 4.9632 0.079707 0.044643 0
1674.5 6794.9 2.5263 -0.26484 111.44 -0.31982 4.9708 0.079493 0.00043017 0
1681.4 6555.6 2.5264 -0.26495 110.09 -0.32153 4.9586 0.078853 -0.029161 0
1687.2 6353.8 2.5264 -0.26504 108.99 -0.32358 4.9558 0.0784 0.032421 0
1688.8 6298.2 2.5264 -0.26507 108.69 -0.32399 4.9631 0.078328 0.045647 0
1692.7 6165.3 2.5264 -0.26513 107.98 -0.32469 4.971 0.078137 -0.00016669 0
1699.5 5930.4 2.5264 -0.26523 106.7 -0.32537 4.9578 0.077702 -0.029836 0
1705.3 5732.8 2.5265 -0.26532 105.61 -0.32621 4.9553 0.077419 0.034968 0
1706.9 5678.5 2.5265 -0.26535 105.31 -0.32635 4.9633 0.077339 0.048449 0
1710.8 5549 2.5265 -0.26541 104.59 -0.32676 4.9727 0.077096 0.0032245 0
1717.6 5319.7 2.5265 -0.26551 103.35 -0.32896 4.9595 0.076073 -0.032991 0
1723.4 5125.3 2.5265 -0.26559 102.45 -0.33341 4.9531 0.074861 0.024333 0
1725 5071.4 2.5265 -0.26562 102.24 -0.33478 4.9595 0.074557 0.0413 0
1727.6 4985.1 2.5265 -0.26566 101.93 -0.33688 4.966 0.074068 0.0096758 0
1732.2 4830.6 2.5266 -0.26572 101.44 -0.34154 4.962 0.072224 -0.02081 0
1736.1 4698.1 2.5266 -0.26578 101.14 -0.34718 4.9603 0.07059 0.024676 0
1737.1 4661.2 2.5266 -0.26579 101.07 -0.34875 4.9644 0.070213 0.031114 0
1739.7 4572.2 2.5266 -0.26583 100.94 -0.35244 4.9683 0.068964 -0.0010909 0
1744.3 4411 2.5266 -0.2659 100.86 -0.36376 4.9606 0.0638 -0.026608 0
1748.1 4268.9 2.5266 -0.26595 101.08 -0.38075 4.958 0.058785 0.024703 0
1749.2 4228.4 2.5266 -0.26597 101.22 -0.38611 4.962 0.057689 0.031391 0
1751.8 4128.9 2.5266 -0.266 101.63 -0.3993 4.966 0.053867 0.00097558 0
1756.3 3939.4 2.5266 -0.26607 103.25 -0.43981 4.9605 0.039604 -0.023116 0
1760.2 3757.3 2.5267 -0.26612 106.56 -0.49349 4.959 0.029276 0.025122 0
1761.3 3702 2.5267 -0.26614 107.96 -0.5084 4.9623 0.027845 0.031629 0
1763.9 3561.3 2.5267 -0.26618 111.52 -0.53854 4.9659 0.024354 0.0020663 0
1768.4 3281.3 2.5267 -0.26624 118.9 -0.57969 4.9615 0.018422 -0.021943 0
1772.3 3019.1 2.5267 -0.2663 124.75 -0.59228 4.9605 0.018949 0.022548 0
1773.4 2944.2 2.5267 -0.26632 125.94 -0.58809 4.9637 0.01891 0.028827 0
1775.9 2764.7 2.5267 -0.26636 128.26 -0.57552 4.9671 0.018948 1.0972e-05 0
1780.5 2451.3 2.5267 -0.26644 130.19 -0.53973 4.9615 0.018794 -0.023136 0
1784.4 2199.3 2.5268 -0.2665 130.01 -0.50621 4.9594 0.018167 0.020845 0
1785.5 2132.4 2.5268 -0.26652 129.77 -0.49775 4.9627 0.018012 0.027041 0
1788 1976.7 2.5268 -0.26657 128.92 -0.47954 4.9657 0.017242 -0.00084922 0
1792.6 1712.9 2.5268 -0.26665 127 -0.45854 4.9604 0.015808 -0.02137 0
1796.5 1498.9 2.5268 -0.26671 125.21 -0.44882 4.9594 0.015732 0.024184 0
1797.5 1441 2.5268 -0.26673 124.68 -0.446 4.9628 0.015761 0.03001 0
1800.1 1304.4 2.5268 -0.26678 123.39 -0.44115 4.9665 0.015645 0.0033433 0
1804.7 1067.7 2.5269 -0.26685 121.05 -0.43463 4.9626 0.016112 -0.018574 0
1808.5 873.14 2.5269 -0.26692 118.92 -0.4277 4.9617 0.017181 0.02153 0
1809.6 820.63 2.5269 -0.26693 118.29 -0.42515 4.9648 0.017442 0.026324 0
1812.2 696.77 2.5269 -0.26698 116.81 -0.42117 4.9682 0.01754 0.0008367 0
1816.8 485.19 2.5269 -0.26705 113.3 -0.40131 4.9617 0.023367 -0.026148 0
1820.6 325.97 2.5269 -0.26711 107.57 -0.35101 4.9564 0.034498 0.0069448 0
1821.7 287.98 2.5269 -0.26713 105.27 -0.3309 4.9586 0.037192 0.012172 0
1824.3 207.47 2.5269 -0.26716 99.875 -0.29069 4.9591 0.043424 -0.007403 0
1828.8 96.804 2.527 -0.26723 90.304 -0.22661 4.9577 0.059403 0.013554 0
1832.7 27.142 2.527 -0.26728 82.9 -0.19721 4.9828 0.065198 0.10757 0
1833.8 10.018 2.527 -0.26729 81.106 -0.20092 4.999 0.065393 0.12207 0
