time (s) altitude (m) longitude (rad) latitude (rad) velocity (m/s) trajectory angle (rad) heading angle (rad) angle of attack (rad) bank angle (rad) fuel mass (kg) 
124.63 25805 2.3866 -0.2088 1619.6 0.022218 1.8507 -0.015194 1562
139.2 26001 2.3856 -0.20521 1665.8 0.0011759 1.8509 0.015537 1525.7
165.14 26380 2.3836 -0.19851 1775.4 0.01948 1.8513 0.011657 1444
187.16 27199 2.3818 -0.19248 1873.8 0.011387 1.8516 0.013778 1369
193.23 27247 2.3813 -0.19076 1900.7 0.015599 1.8517 0.011544 1348.9
207.8 27674 2.3801 -0.18653 1965.4 0.01476 1.8519 0.012851 1299.6
233.75 28414 2.3778 -0.17865 2082.5 0.013267 1.8522 0.012806 1211.6
255.76 28977 2.3757 -0.17161 2176.1 0.01043 1.8524 0.013657 1137.3
261.83 29108 2.3751 -0.16961 2198.4 0.01017 1.8524 0.010709 1116.7
276.4 29396 2.3737 -0.16475 2248.2 0.0079289 1.8526 0.014764 1067.8
302.35 29820 2.3711 -0.15585 2323.6 0.0066049 1.8528 0.013437 980.41
324.36 30122 2.3688 -0.14808 2375.9 0.0046169 1.8529 0.017142 906.79
330.43 30181 2.3682 -0.14591 2389.4 0.006776 1.8529 0.011371 886.07
345 30388 2.3666 -0.14066 2417.6 0.0048417 1.853 0.015319 837.87
370.95 30574 2.3638 -0.13116 2463.3 0.0017985 1.8532 0.013235 752.26
392.96 30754 2.3614 -0.12297 2497.9 0.0064871 1.8533 0.026042 678.1
399.03 30877 2.3608 -0.12068 2507.3 0.014984 1.8533 -0.022035 656.41
413.6 30910 2.3592 -0.11518 2528.2 -0.00094672 1.8533 0.02587 611.19
439.55 33123 2.3563 -0.10532 2541.9 0.078311 1.8536 0.086468 518.26
461.56 39056 2.3539 -0.097017 2504 0.1193 1.854 0.05131 477.31
467.64 40787 2.3532 -0.094766 2489.7 0.10108 1.8541 0.036159 481.71
482.2 43779 2.3516 -0.089379 2469.2 0.063906 1.8543 0.03596 481.71
508.15 45491 2.3488 -0.07984 2452.4 -0.01145 1.8545 0.035949 481.71
530.16 43117 2.3465 -0.071773 2452.8 -0.075845 1.8544 0.023116 481.71
536.24 41863 2.3458 -0.069549 2454.8 -0.093453 1.8543 0.0023335 481.71
550.8 37655 2.3443 -0.064235 2454.9 -0.1318 1.8541 0.044768 486.01
576.75 30610 2.3415 -0.05472 2470.3 -0.065065 1.8538 0.077978 431
598.76 30750 2.3391 -0.046531 2497.2 0.079016 1.8538 0.058583 322.95
604.84 32307 2.3385 -0.044263 2495.9 0.095128 1.8539 0.062761 303.64
619.4 36522 2.3369 -0.038863 2482.2 0.13192 1.8542 0.10703 266.31
645.35 44963 2.3341 -0.02939 2436.3 0.11779 1.8547 0.051242 244.39
667.36 49440 2.3318 -0.021452 2411 0.042367 1.855 0.057173 248.23
673.44 49857 2.3312 -0.019262 2407.6 0.026566 1.855 0.07393 247.07
688 50000 2.3296 -0.014026 2403.1 -0.018665 1.855 0.065454 247.07
713.95 46298 2.3269 -0.004713 2411.1 -0.099509 1.8548 0.038538 247.07
735.96 39307 2.3246 0.003186 2427.6 -0.16245 1.8544 0.014241 247.07
742.04 36803 2.324 0.005366 2431.9 -0.1778 1.8542 -0.047979 247.07
756.6 30541 2.3224 0.010638 2457.2 -0.14478 1.8539 0.089653 209.54
782.55 30495 2.3197 0.020119 2448.3 0.16115 1.8539 0.12717 64.529
804.56 43954 2.3174 0.027876 2362.8 0.29771 1.8546 0.072963 0.00036072
810.64 47905 2.3168 0.029896 2346 0.26384 1.8549 0.14172 6.1931
