time (s) altitude (m) velocity (m/s) mass (kg) dynamic pressure (Pa)trajectory angle (rad) Lift (N)Drag (N)heading angle (rad) latitude (rad) angle of attack (rad) 
810.64 47905 2346 3300 3504.4 0.26384 2339.3 722.95 1.8549 0.029896 0.19033
811.81 48621 2358.6 3282.6 3235.9 0.26128 2164.1 668.37 1.8549 0.030294 0.19054
813.9 49889 2381.3 3251.7 2810.8 0.25671 1880.8 580.18 1.855 0.031009 0.19057
815.67 50956 2400.9 3225.5 2496.7 0.25282 1663.7 512.58 1.8551 0.031622 0.18999
816.16 51250 2406.3 3218.2 2423.2 0.25175 1613.8 496.93 1.8551 0.031792 0.18989
817.33 51951 2419.5 3200.9 2257.5 0.24917 1502.3 462.02 1.8551 0.032202 0.18974
819.42 53192 2443.4 3170 1989.1 0.24459 1314.2 403.11 1.8552 0.032938 0.18873
821.19 54237 2463.9 3143.7 1785.8 0.24071 1169.8 357.95 1.8553 0.033568 0.18756
821.68 54524 2469.6 3136.5 1733.3 0.23964 1133.8 346.71 1.8553 0.033743 0.18735
822.85 55210 2483.5 3119.1 1613.5 0.23707 1051.9 321.17 1.8553 0.034165 0.18687
824.94 56423 2508.4 3088.2 1419.8 0.23253 912.43 277.64 1.8554 0.034922 0.18498
826.71 57443 2529.9 3062 1273.3 0.22868 808.41 245.23 1.8554 0.035571 0.18338
827.2 57723 2535.9 3054.7 1235.5 0.22762 782.79 237.27 1.8554 0.035751 0.1831
828.38 58392 2550.4 3037.4 1149.4 0.22508 724.16 219.07 1.8555 0.036185 0.18236
830.47 59576 2576.5 3006.4 1010.2 0.22059 623.84 187.88 1.8555 0.036964 0.17982
832.24 60570 2599 2980.2 905.1 0.21679 550.83 165.25 1.8556 0.037632 0.17798
832.73 60844 2605.3 2973 878.02 0.21575 532.98 159.74 1.8556 0.037818 0.17765
833.9 61496 2620.4 2955.6 816.3 0.21326 491.86 147.05 1.8557 0.038265 0.17672
835.99 62648 2647.7 2924.7 716.71 0.20884 421.77 125.48 1.8557 0.039067 0.17372
837.76 63617 2671.2 2898.4 641.64 0.20511 372.45 110.55 1.8558 0.039755 0.17173
838.25 63882 2677.7 2891.2 622.31 0.20409 360.32 106.87 1.8558 0.039946 0.17136
839.42 64517 2693.5 2873.8 578.27 0.20164 332.2 98.368 1.8558 0.040406 0.17023
841.51 65638 2722 2842.9 507.29 0.19731 283.98 83.878 1.8559 0.041232 0.16671
843.28 66579 2746.5 2816.7 453.85 0.19366 249.5 73.505 1.8559 0.041941 0.16444
843.77 66837 2753.4 2809.4 440.11 0.19266 241.07 70.963 1.8559 0.042138 0.16402
844.94 67453 2769.9 2792.1 408.8 0.19026 221.23 65.003 1.856 0.042612 0.16258
847.03 68541 2799.6 2761.2 358.4 0.18602 186.7 54.692 1.856 0.043463 0.15804
848.81 69454 2825.3 2734.9 320.49 0.18244 162.49 47.457 1.8561 0.044193 0.15495
849.29 69704 2832.4 2727.7 310.75 0.18145 156.64 45.705 1.8561 0.044396 0.1543
850.47 70302 2849.6 2710.3 288.57 0.1791 142.69 41.547 1.8561 0.044884 0.15217
852.56 71355 2880.7 2679.4 252.58 0.17491 116.74 33.883 1.8561 0.045762 0.14486
854.33 72239 2907.5 2653.2 225.17 0.17135 98.355 28.496 1.8562 0.046514 0.13904
854.82 72481 2914.9 2645.9 218.16 0.17037 94.147 27.321 1.8562 0.046723 0.1377
855.99 73058 2932.9 2628.6 202.27 0.16801 83.562 24.433 1.8562 0.047226 0.13299
858.08 74076 2965.4 2597.6 176.88 0.16373 60.08 18.37 1.8563 0.048131 0.11403
859.85 74926 2993.5 2571.4 157.99 0.15996 43.151 14.249 1.8563 0.048907 0.095735
860.34 75159 3001.3 2564.2 153.16 0.1589 39.517 13.412 1.8563 0.049122 0.091256
861.51 75713 3020.2 2546.8 142.23 0.15631 30.229 11.349 1.8563 0.049641 0.077798
863.6 76686 3054.3 2515.9 124.81 0.15144 10.519 8.1331 1.8564 0.050574 0.038158
865.37 77494 3083.8 2489.6 111.89 0.14699 2.2156 6.871 1.8564 0.051374 0.0093278
865.86 77715 3092 2482.4 108.6 0.14573 0 6.5651 1.8564 0.051596 0
865.86 77715 3092 2482.4 108.6 0.14573 0 6.5651 1.8564 0.051596 0
866.86 78164 3090.6 2482.4 100.97 0.1431 0 6.0948 1.8565 0.052052 0
867.86 78600 3089.3 2482.4 94.043 0.14048 0 5.6678 1.8565 0.052507 0
868.86 79029 3088 2482.4 87.678 0.13785 0 5.2763 1.8565 0.052962 0
869.86 79449 3086.7 2482.4 81.83 0.13522 0 4.9171 1.8565 0.053417 0
870.86 79861 3085.5 2482.4 76.453 0.13259 0 4.5874 1.8565 0.053872 0
871.86 80265 3084.3 2482.4 71.508 0.12995 0 4.2844 1.8566 0.054327 0
872.86 80660 3083.1 2482.4 66.955 0.12732 -6.5097e-16 4.0082 1.8566 0.054781 0
873.86 81048 3081.9 2482.4 62.762 0.12468 -2.347e-16 3.7609 1.8566 0.055236 0
874.86 81427 3080.8 2482.4 58.898 0.12204 -5.7264e-16 3.5327 1.8566 0.055691 0
875.86 81798 3079.6 2482.4 55.335 0.1194 -2.0692e-16 3.3222 1.8566 0.056145 0
876.86 82161 3078.5 2482.4 52.047 0.11676 -5.0603e-16 3.1277 1.8566 0.0566 0
877.86 82515 3077.5 2482.4 49.011 0.11411 -1.8327e-16 2.948 1.8567 0.057055 0
878.86 82861 3076.4 2482.4 46.208 0.11146 -1.7279e-16 2.7818 1.8567 0.057509 0
879.86 83199 3075.4 2482.4 43.616 0.10882 -6.524e-17 2.6282 1.8567 0.057964 0
880.86 83529 3074.4 2482.4 41.22 0.10617 9.2483e-17 2.4859 1.8567 0.058418 0
881.86 83851 3073.4 2482.4 39.002 0.10351 1.7502e-16 2.3542 1.8567 0.058872 0
882.86 84165 3072.5 2482.4 36.95 0.10086 -1.3817e-16 2.2321 1.8567 0.059327 0
883.86 84470 3071.6 2482.4 35.049 0.098206 7.8637e-17 2.119 1.8567 0.059781 0
884.86 84767 3070.7 2482.4 33.288 0.09555 3.4854e-16 2.0142 1.8567 0.060235 0
885.86 85056 3069.8 2351.5 0 0.092892 0 0 1.8568 0.06069 0
886.86 85336 3069 2351.5 0 0.090234 -0 0 1.8568 0.061144 0
887.86 85609 3068.2 2351.5 0 0.087573 -0 0 1.8568 0.061598 0
888.86 85873 3067.4 2351.5 0 0.084912 -0 0 1.8568 0.062052 0
889.86 86129 3066.6 2351.5 0 0.082249 0 0 1.8568 0.062506 0
890.86 86377 3065.9 2351.5 0 0.079585 -0 0 1.8568 0.06296 0
891.86 86617 3065.2 2351.5 0 0.076919 -0 0 1.8568 0.063414 0
892.86 86848 3064.5 2351.5 0 0.074253 -0 0 1.8568 0.063868 0
893.86 87071 3063.8 2351.5 0 0.071585 0 0 1.8569 0.064322 0
894.86 87286 3063.2 2351.5 0 0.068917 0 0 1.8569 0.064776 0
895.86 87493 3062.6 2351.5 0 0.066247 0 0 1.8569 0.06523 0
896.86 87692 3062 2351.5 0 0.063576 0 0 1.8569 0.065684 0
897.86 87882 3061.4 2351.5 0 0.060905 0 0 1.8569 0.066138 0
898.86 88064 3060.9 2351.5 0 0.058232 -0 0 1.8569 0.066592 0
899.86 88239 3060.4 2351.5 0 0.055559 -0 0 1.8569 0.067046 0
900.86 88404 3059.9 2351.5 0 0.052885 -0 0 1.8569 0.0675 0
901.86 88562 3059.4 2351.5 0 0.05021 0 0 1.8569 0.067953 0
902.86 88711 3059 2351.5 0 0.047534 0 0 1.8569 0.068407 0
903.86 88853 3058.6 2351.5 0 0.044858 0 0 1.8569 0.068861 0
904.86 88986 3058.2 2351.5 0 0.042181 0 0 1.8569 0.069315 0
905.86 89111 3057.9 2351.5 0 0.039503 0 0 1.8569 0.069768 0
906.86 89227 3057.5 2351.5 0 0.036825 0 0 1.8569 0.070222 0
907.86 89336 3057.2 2351.5 0 0.034146 -0 0 1.8569 0.070676 0
908.86 89436 3057 2351.5 0 0.031467 -0 0 1.8569 0.07113 0
909.86 89528 3056.7 2351.5 0 0.028787 -0 0 1.857 0.071583 0
910.86 89612 3056.5 2351.5 0 0.026107 0 0 1.857 0.072037 0
911.86 89688 3056.3 2351.5 0 0.023427 -0 0 1.857 0.072491 0
912.86 89755 3056.1 2351.5 0 0.020746 -0 0 1.857 0.072944 0
913.86 89814 3055.9 2351.5 0 0.018065 -0 0 1.857 0.073398 0
914.86 89866 3055.8 2351.5 0 0.015383 -0 0 1.857 0.073852 0
915.86 89908 3055.7 2351.5 0 0.012702 0 0 1.857 0.074305 0
916.86 89943 3055.6 2351.5 0 0.01002 0 0 1.857 0.074759 0
917.86 89970 3055.6 2351.5 0 0.0073383 -0 0 1.857 0.075213 0
918.86 89988 3055.6 2351.5 0 0.0046565 -0 0 1.857 0.075667 0
919.86 89998 3055.6 2351.5 0 0.0019745 0 0 1.857 0.07612 0
920.86 90000 3055.6 2351.5 0 0 0 0 1.857 0.076574 0
