time (s) altitude (m) velocity (m/s) mass (kg)trajectory angle (rad) angle of attack (rad) heading angle (rad) latitude (rad)
0 150 30 29388 1.5691 0 -0.42798 -0.21673 2.3889
2.6465 241.44 39.177 29007 1.5646 -0.0057049 -0.29452 -0.21674 2.3889
7.3601 466.49 56.553 28328 1.5322 -0.011983 -0.27159 -0.21674 2.3889
11.359 723.4 72.397 27752 1.4793 -0.012451 -0.2543 -0.21674 2.3889
12.464 805.44 76.968 27593 1.461 -0.01203 -0.25869 -0.21674 2.3889
15.11 1022.1 88.327 27212 1.411 -0.010107 -0.25764 -0.21674 2.3889
19.824 1478 110.01 26534 1.3078 -0.0011268 -0.2567 -0.21674 2.389
23.823 1934.8 130.08 25959 1.2214 0.0117 -0.25625 -0.21675 2.389
24.927 2072.2 135.95 25800 1.2008 0.015367 -0.25616 -0.21675 2.389
27.574 2422.2 150.46 25419 1.1578 0.023829 -0.25597 -0.21675 2.389
32.287 3121.2 177.87 24741 1.1092 0.033493 -0.25571 -0.21677 2.3891
36.286 3798.7 202.62 24166 1.0934 0.03488 -0.25553 -0.21678 2.3891
37.391 4000.8 209.71 24007 1.0918 0.034611 -0.25549 -0.21679 2.3891
40.037 4513.6 227.11 23627 1.0934 0.034564 -0.2554 -0.2168 2.3892
44.751 5537.7 259.86 22949 1.1172 0.034884 -0.25527 -0.21682 2.3893
48.75 6531 288.58 22374 1.1504 0.030292 -0.2552 -0.21684 2.3893
49.854 6826.5 296.33 22216 1.1584 0.027169 -0.25519 -0.21684 2.3894
52.501 7566.6 312.47 21835 1.1647 0.018272 -0.25517 -0.21685 2.3894
57.214 8966.9 337.82 21158 1.1282 -0.0027517 -0.25513 -0.21688 2.3895
61.213 10206 360.6 20583 1.0534 -0.018339 -0.25509 -0.2169 2.3896
62.318 10553 367.78 20425 1.0286 -0.020572 -0.25508 -0.21691 2.3896
64.964 11390 386.02 20044 0.96517 -0.025164 -0.25503 -0.21693 2.3897
69.678 12889 424.02 19367 0.84918 -0.02669 -0.25493 -0.21698 2.3899
73.677 14162 462.57 18792 0.7582 -0.025505 -0.25482 -0.21703 2.3901
74.781 14513 474.27 18633 0.73484 -0.026118 -0.25479 -0.21704 2.3901
77.428 15354 504.28 18252 0.6806 -0.028293 -0.25471 -0.21708 2.3903
82.141 16841 564.83 17574 0.58689 -0.039506 -0.25454 -0.21716 2.3906
86.14 18075 624.56 16999 0.50732 -0.054373 -0.25438 -0.21724 2.3909
87.245 18408 642.71 16840 0.48559 -0.058166 -0.25433 -0.21727 2.391
89.891 19191 689.38 16459 0.43595 -0.06669 -0.25421 -0.21733 2.3913
94.605 20522 783.08 15781 0.35653 -0.074647 -0.25398 -0.21745 2.3918
98.604 21581 872.21 15205 0.29779 -0.072964 -0.25376 -0.21758 2.3922
99.708 21861 898.23 15046 0.28271 -0.071638 -0.2537 -0.21761 2.3924
102.35 22505 962.78 14665 0.24772 -0.067015 -0.25354 -0.21771 2.3928
107.07 23543 1084.1 13986 0.18797 -0.053716 -0.25324 -0.21789 2.3935
111.07 24284 1193.5 13409 0.14062 -0.040506 -0.25296 -0.21807 2.3942
112.17 24463 1225.1 13250 0.1286 -0.037624 -0.25288 -0.21812 2.3944
114.82 24845 1303.3 12869 0.10103 -0.03113 -0.25268 -0.21825 2.3949
119.53 25356 1450.5 12189 0.059543 -0.019375 -0.2523 -0.2185 2.3959
123.53 25641 1582 11612 0.037088 -0.0049417 -0.25196 -0.21874 2.3969
124.64 25703 1619.4 11453 0.033953 0.00017978 -0.25186 -0.21881 2.3971
