time (s) altitude (m) velocity (m/s) mass (kg) dynamic pressure (Pa)trajectory angle (rad) Lift (N)Drag (N)heading angle (rad) latitude (rad) angle of attack (rad) 
566.44 34881 2719.3 3300 30939 0.096614 30118 9721.7 1.815 -0.10775 0.2455
568.5 35434 2737.3 3269.5 28763 0.10076 29824 9881.2 1.815 -0.1069 0.25609
572.17 36487 2769.3 3215.3 25028 0.10825 29338 10164 1.8151 -0.10538 0.27866
575.28 37450 2796.6 3169.2 22041 0.11462 28309 10243 1.8151 -0.10408 0.29644
576.14 37727 2804.2 3156.5 21250 0.11634 27726 10102 1.8152 -0.10372 0.29965
578.2 38411 2822.7 3126 19428 0.12022 25980 9566 1.8152 -0.10285 0.30479
581.86 39691 2857.5 3071.7 16456 0.12601 22027 8111.3 1.8153 -0.10128 0.30497
584.97 40831 2889.2 3025.7 14231 0.1296 18625 6788.6 1.8153 -0.099941 0.30025
585.83 41153 2898.3 3013 13664 0.13038 17850 6499.6 1.8154 -0.099569 0.29985
587.89 41936 2920.7 2982.5 12388 0.13196 15989 5788.6 1.8154 -0.09867 0.29736
591.55 43366 2962.4 2928.2 10388 0.13384 13299 4794 1.8155 -0.097054 0.2957
594.66 44608 2999.3 2882.2 8937.8 0.13484 11903 4364.1 1.8156 -0.095664 0.30384
595.52 44955 3009.6 2869.5 8573.1 0.13509 11438 4196.3 1.8156 -0.095278 0.30421
597.58 45795 3034.8 2839 7758.2 0.13552 10496 3872.6 1.8156 -0.094346 0.30718
601.25 47312 3081 2784.7 6513.7 0.13597 9042.2 3370.2 1.8157 -0.092667 0.31274
604.36 48621 3121.4 2738.7 5667.9 0.13611 7961.2 2981.7 1.8158 -0.091222 0.31526
605.22 48985 3132.8 2726 5452.7 0.13611 7659.5 2867.9 1.8158 -0.09082 0.31527
607.28 49864 3160.5 2695.5 4966.8 0.13605 7051.6 2655.5 1.8158 -0.089851 0.31753
610.94 51446 3211.1 2641.2 4217.6 0.13576 5973 2242.2 1.8159 -0.088103 0.31694
614.05 52805 3255.4 2595.2 3696.5 0.13528 5107.6 1888.9 1.816 -0.086598 0.31153
614.91 53183 3267.9 2582.5 3562.2 0.1351 4904.4 1809.9 1.816 -0.086179 0.31073
616.97 54091 3298.3 2552 3256.3 0.13467 4509.1 1666 1.816 -0.085168 0.31194
620.63 55723 3353.7 2497.7 2764.4 0.13381 3762.1 1375.9 1.8161 -0.083344 0.3081
623.75 57121 3402.2 2451.7 2396.5 0.1329 3122.8 1116.6 1.8162 -0.081772 0.29886
624.6 57508 3415.9 2439 2302.5 0.13261 2979 1060.8 1.8162 -0.081335 0.29738
626.66 58440 3449 2408.5 2089.6 0.13192 2699.3 958.85 1.8162 -0.080278 0.29701
630.33 60110 3509.5 2354.2 1750.9 0.13065 2217 779.77 1.8163 -0.078371 0.29294
633.44 61536 3562.4 2308.2 1500.8 0.12953 1848.2 642.11 1.8164 -0.076726 0.28749
634.3 61932 3577.3 2295.4 1437.3 0.12921 1760 609.98 1.8164 -0.076268 0.2864
636.36 62883 3613.3 2265 1294.2 0.12847 1588.3 551.91 1.8164 -0.075161 0.28686
640.02 64587 3679 2210.7 1068.8 0.12721 1287 443.89 1.8165 -0.073163 0.28325
643.13 66043 3736.4 2164.7 904.18 0.12612 1039.9 352.34 1.8165 -0.071439 0.27448
643.99 66447 3752.5 2151.9 862.7 0.12581 980.56 331.08 1.8166 -0.070958 0.27225
646.05 67419 3791.6 2121.5 769.72 0.12508 857.37 287.88 1.8166 -0.069798 0.26848
649.71 69159 3863.4 2067.2 625.12 0.12352 560.97 175.32 1.8167 -0.067701 0.23151
652.83 70640 3926.8 2021.1 521.72 0.12148 315.14 91.167 1.8167 -0.06589 0.17635
653.68 71048 3944.7 2008.4 495.99 0.12075 269.29 77.981 1.8167 -0.065385 0.16334
655.74 72024 3988.4 1978 437.73 0.11883 181.59 53.718 1.8168 -0.064165 0.13507
659.41 73745 4068.6 1923.7 350.37 0.11456 60.363 27.091 1.8168 -0.061958 0.067805
662.52 75176 4139.1 1877.6 290.55 0.10997 9.9176 19.317 1.8169 -0.060049 0.015814
663.38 75564 4158.9 1864.9 276.07 0.10858 2.2118e-15 17.973 1.8169 -0.059516 0
663.38 75564 4158.9 1864.9 276.07 0.10858 2.2118e-15 17.973 1.8169 -0.059516 0
664.38 76015 4157.9 1864.9 257.1 0.10691 4.9436e-16 16.731 1.8169 -0.058894 0
665.38 76455 4156.9 1864.9 239.76 0.10523 1.9209e-15 15.596 1.8169 -0.058272 0
666.38 76888 4155.9 1864.9 223.78 0.10354 4.3029e-16 14.551 1.8169 -0.057651 0
667.38 77314 4154.9 1864.9 209.04 0.10186 3.6845e-16 13.587 1.8169 -0.057029 0
668.38 77733 4154 1864.9 195.44 0.10018 1.5658e-15 12.698 1.817 -0.056407 0
669.38 78145 4153.1 1864.9 182.87 0.098499 1.4651e-15 11.877 1.817 -0.055786 0
670.38 78550 4152.2 1864.9 171.27 0.096816 5.4887e-16 11.119 1.817 -0.055164 0
671.38 78948 4151.3 1864.9 160.54 0.095132 9.518e-16 10.418 1.817 -0.054543 0
672.38 79339 4150.4 1864.9 150.62 0.093447 4.827e-16 9.771 1.817 -0.053921 0
673.38 79722 4149.6 1864.9 141.44 0.091762 3.6262e-16 9.172 1.817 -0.0533 0
674.38 80099 4148.7 1864.9 132.94 0.090076 -4.8995e-16 8.6178 1.817 -0.052679 0
675.38 80469 4147.9 1864.9 125.07 0.08839 3.2065e-16 8.1046 1.817 -0.052058 0
676.38 80831 4147.1 1864.9 117.78 0.086703 1.1606e-15 7.6291 1.8171 -0.051437 0
677.38 81187 4146.3 1864.9 111.01 0.085015 5.3364e-17 7.1884 1.8171 -0.050816 0
678.38 81536 4145.5 1864.9 104.74 0.083327 7.0488e-16 6.7797 1.8171 -0.050195 0
679.38 81877 4144.8 1864.9 98.915 0.081638 5.8644e-16 6.4006 1.8171 -0.049574 0
680.38 82212 4144 1864.9 93.507 0.079949 2.1351e-16 6.0486 1.8171 -0.048953 0
681.38 82539 4143.3 1864.9 88.482 0.078259 5.2458e-16 5.7216 1.8171 -0.048332 0
682.38 82859 4142.6 1864.9 83.812 0.076569 8.3935e-17 5.4178 1.8171 -0.047712 0
683.38 83173 4141.9 1864.9 79.469 0.074878 -1.0983e-16 5.1354 1.8171 -0.047091 0
684.38 83479 4141.2 1864.9 75.428 0.073187 7.731e-16 4.8728 1.8171 -0.04647 0
685.38 83778 4140.6 1864.9 71.668 0.071495 0 4.6283 1.8172 -0.04585 0
686.38 84071 4139.9 1864.9 68.166 0.069802 0 4.4008 1.8172 -0.045229 0
687.38 84356 4139.3 1864.9 64.903 0.06811 0 4.1889 1.8172 -0.044609 0
688.38 84634 4138.7 1864.9 61.863 0.066416 0 3.9915 1.8172 -0.043988 0
689.38 84905 4138.1 1864.9 58.996 0.064722 0 3.8057 1.8172 -0.043368 0
690.38 85169 4137.5 1734 0 0.063028 0 0 1.8172 -0.042748 0
691.38 85426 4136.9 1734 0 0.061334 0 0 1.8172 -0.042128 0
692.38 85677 4136.4 1734 0 0.059639 0 0 1.8172 -0.041507 0
693.38 85920 4135.9 1734 0 0.057943 0 0 1.8172 -0.040887 0
694.38 86156 4135.4 1734 0 0.056248 0 0 1.8172 -0.040267 0
695.38 86385 4134.9 1734 0 0.054551 0 0 1.8172 -0.039647 0
696.38 86606 4134.4 1734 0 0.052855 0 0 1.8172 -0.039027 0
697.38 86821 4133.9 1734 0 0.051158 0 0 1.8173 -0.038407 0
698.38 87029 4133.5 1734 0 0.049461 0 0 1.8173 -0.037787 0
699.38 87230 4133 1734 0 0.047763 0 0 1.8173 -0.037167 0
700.38 87424 4132.6 1734 0 0.046065 0 0 1.8173 -0.036547 0
701.38 87611 4132.2 1734 0 0.044367 0 0 1.8173 -0.035927 0
702.38 87790 4131.8 1734 0 0.042669 0 0 1.8173 -0.035307 0
703.38 87963 4131.5 1734 0 0.04097 0 0 1.8173 -0.034688 0
704.38 88129 4131.1 1734 0 0.039271 0 0 1.8173 -0.034068 0
705.38 88288 4130.8 1734 0 0.037572 0 0 1.8173 -0.033448 0
706.38 88439 4130.5 1734 0 0.035872 0 0 1.8173 -0.032828 0
707.38 88584 4130.2 1734 0 0.034173 0 0 1.8173 -0.032209 0
708.38 88721 4129.9 1734 0 0.032473 0 0 1.8173 -0.031589 0
709.38 88852 4129.6 1734 0 0.030773 0 0 1.8173 -0.030969 0
710.38 88976 4129.4 1734 0 0.029072 0 0 1.8173 -0.03035 0
711.38 89092 4129.1 1734 0 0.027372 0 0 1.8173 -0.02973 0
712.38 89202 4128.9 1734 0 0.025671 0 0 1.8173 -0.02911 0
713.38 89304 4128.7 1734 0 0.02397 0 0 1.8173 -0.028491 0
714.38 89399 4128.5 1734 0 0.022269 0 0 1.8173 -0.027871 0
715.38 89488 4128.4 1734 0 0.020568 0 0 1.8173 -0.027252 0
716.38 89569 4128.2 1734 0 0.018867 0 0 1.8173 -0.026632 0
717.38 89644 4128.1 1734 0 0.017165 0 0 1.8173 -0.026013 0
718.38 89711 4128 1734 0 0.015464 0 0 1.8173 -0.025393 0
719.38 89771 4127.9 1734 0 0.013762 0 0 1.8173 -0.024773 0
720.38 89825 4127.8 1734 0 0.012061 0 0 1.8173 -0.024154 0
721.38 89871 4127.7 1734 0 0.010359 0 0 1.8173 -0.023534 0
722.38 89910 4127.6 1734 0 0.0086575 0 0 1.8173 -0.022915 0
723.38 89942 4127.6 1734 0 0.0069558 0 0 1.8173 -0.022295 0
724.38 89968 4127.6 1734 0 0.005254 0 0 1.8173 -0.021676 0
725.38 89986 4127.6 1734 0 0.0035522 0 0 1.8173 -0.021056 0
726.38 89997 4127.6 1734 0 0.0018504 0 0 1.8173 -0.020437 0
727.38 90001 4127.6 1734 0 0.00014861 0 0 1.8173 -0.019817 0
728.38 89998 4127.6 1734 0 0 0 0 1.8173 -0.019198 0
