time (s) altitude (m) longitude (rad) latitude (rad) velocity (m/s) trajectory angle (rad) heading angle (rad) angle of attack (rad) bank angle (rad) fuel mass (kg) Third Stage (flag)
124.63 25471 2.3949 -0.20991 1615.8 0.029358 0.2966 0.0024194 0.5878 1562 1
125.06 25492 2.395 -0.20988 1617.1 0.028479 0.29766 0.003631 0.58775 1560.9 1
126.01 25534 2.3952 -0.20981 1620.1 0.02679 0.30017 0.006682 0.58719 1558.5 1
127.34 25589 2.3956 -0.20971 1624.5 0.025016 0.30401 0.0105 0.58518 1555.1 1
128.83 25648 2.3959 -0.2096 1629.7 0.023649 0.30873 0.013305 0.58143 1551.2 1
130.26 25703 2.3963 -0.20948 1634.8 0.022657 0.31341 0.014196 0.57707 1547.4 1
131.42 25745 2.3966 -0.20939 1639 0.021945 0.31721 0.014751 0.57382 1544.3 1
132.13 25770 2.3967 -0.20933 1641.5 0.021553 0.31954 0.014927 0.5725 1542.4 1
132.3 25776 2.3968 -0.20932 1642.2 0.021456 0.32011 0.014969 0.57235 1541.9 1
132.73 25791 2.3969 -0.20929 1643.7 0.02122 0.32152 0.014978 0.5718 1540.8 1
133.68 25824 2.3971 -0.20921 1647.2 0.020706 0.32463 0.015033 0.56916 1538.2 1
135 25868 2.3975 -0.2091 1652.1 0.020018 0.32893 0.015219 0.56436 1534.5 1
136.49 25917 2.3978 -0.20897 1657.7 0.019311 0.33375 0.015574 0.55857 1530.4 1
137.92 25962 2.3982 -0.20885 1663.2 0.018724 0.33836 0.01603 0.55382 1526.4 1
139.08 25998 2.3985 -0.20875 1667.7 0.018327 0.3421 0.016488 0.55106 1523.2 1
139.79 26019 2.3987 -0.20869 1670.4 0.01812 0.34438 0.016711 0.55015 1521.2 1
139.96 26024 2.3987 -0.20867 1671.1 0.018072 0.34494 0.016731 0.55004 1520.7 1
140.39 26037 2.3988 -0.20863 1672.8 0.017953 0.34634 0.016744 0.54971 1519.4 1
141.34 26066 2.3991 -0.20855 1676.5 0.017698 0.3494 0.016808 0.5483 1516.7 1
142.66 26105 2.3994 -0.20843 1681.8 0.017368 0.35365 0.016984 0.54644 1512.9 1
144.15 26148 2.3998 -0.20829 1687.8 0.017052 0.35845 0.017326 0.54539 1508.6 1
145.59 26189 2.4001 -0.20816 1693.7 0.016822 0.36308 0.017779 0.54584 1504.4 1
146.75 26222 2.4004 -0.20805 1698.5 0.016701 0.36686 0.018219 0.54697 1500.9 1
147.45 26242 2.4006 -0.20798 1701.5 0.016655 0.36918 0.018423 0.54764 1498.8 1
147.63 26247 2.4006 -0.20797 1702.2 0.016646 0.36974 0.018441 0.54773 1498.3 1
148.06 26259 2.4008 -0.20792 1704 0.016624 0.37116 0.018452 0.54803 1497 1
149.01 26286 2.401 -0.20783 1708.1 0.016576 0.37429 0.018498 0.54976 1494.1 1
150.33 26323 2.4013 -0.2077 1713.7 0.016513 0.37865 0.018619 0.554 1490.1 1
151.82 26365 2.4017 -0.20755 1720.2 0.016452 0.38363 0.018856 0.56103 1485.5 1
153.25 26406 2.4021 -0.20741 1726.5 0.01641 0.38848 0.019168 0.56905 1481 1
154.41 26439 2.4024 -0.20729 1731.7 0.016396 0.39246 0.019476 0.57537 1477.4 1
155.12 26459 2.4026 -0.20722 1734.8 0.016399 0.39491 0.01962 0.57807 1475.1 1
155.29 26464 2.4026 -0.2072 1735.6 0.0164 0.39551 0.01963 0.5784 1474.6 1
155.72 26476 2.4027 -0.20715 1737.6 0.016403 0.39701 0.019622 0.5795 1473.2 1
156.67 26503 2.4029 -0.20705 1741.9 0.016399 0.40032 0.019592 0.5849 1470.1 1
157.99 26541 2.4033 -0.20691 1747.9 0.01636 0.40498 0.019637 0.59531 1465.9 1
159.48 26584 2.4037 -0.20675 1754.9 0.016285 0.41032 0.019904 0.60942 1461 1
160.92 26625 2.404 -0.20659 1761.6 0.016209 0.41559 0.02036 0.62344 1456.3 1
162.07 26658 2.4043 -0.20646 1767.1 0.016163 0.41994 0.020801 0.634 1452.4 1
162.78 26678 2.4045 -0.20638 1770.5 0.016143 0.42264 0.020995 0.63848 1450 1
162.95 26683 2.4046 -0.20636 1771.3 0.016139 0.4233 0.02101 0.63906 1449.4 1
163.49 26698 2.4047 -0.2063 1773.9 0.016124 0.42537 0.021018 0.64184 1447.6 1
164.68 26732 2.405 -0.20616 1779.6 0.016062 0.42997 0.021016 0.65397 1443.6 1
166.33 26779 2.4054 -0.20597 1787.4 0.015859 0.43646 0.020718 0.67373 1438 1
168.19 26831 2.4059 -0.20575 1796.2 0.015357 0.44384 0.019784 0.698 1431.8 1
169.99 26880 2.4064 -0.20553 1804.7 0.014524 0.45095 0.018858 0.72108 1425.7 1
171.43 26917 2.4068 -0.20535 1811.6 0.013673 0.45673 0.01887 0.73919 1420.9 1
172.32 26938 2.407 -0.20524 1815.8 0.013136 0.46033 0.019254 0.74758 1417.9 1
172.53 26943 2.407 -0.20521 1816.8 0.013008 0.46121 0.019339 0.74883 1417.2 1
173.07 26956 2.4072 -0.20514 1819.4 0.01269 0.46344 0.01956 0.75237 1415.4 1
174.26 26983 2.4075 -0.20499 1825.1 0.012035 0.46846 0.02078 0.76659 1411.3 1
175.91 27018 2.4079 -0.20478 1833.1 0.01135 0.47588 0.023695 0.78792 1405.7 1
177.77 27056 2.4084 -0.20453 1842.3 0.011099 0.48513 0.028412 0.81353 1399.1 1
179.57 27093 2.4089 -0.20429 1851.2 0.011505 0.49513 0.03361 0.83729 1392.6 1
181.01 27125 2.4092 -0.20409 1858.5 0.012301 0.50403 0.037862 0.85567 1387.3 1
181.9 27146 2.4095 -0.20396 1863 0.012962 0.5098 0.039756 0.86386 1383.9 1
182.11 27151 2.4095 -0.20393 1864.1 0.013136 0.51124 0.039949 0.86505 1383.1 1
182.65 27165 2.4097 -0.20385 1866.9 0.013577 0.51484 0.040483 0.86839 1381.1 1
183.84 27196 2.41 -0.20368 1873 0.01461 0.52296 0.042304 0.8818 1376.5 1
185.49 27243 2.4104 -0.20344 1881.6 0.016096 0.53467 0.043732 0.90183 1370.1 1
187.35 27303 2.4109 -0.20315 1891.3 0.017601 0.54819 0.043962 0.92514 1362.9 1
189.15 27365 2.4113 -0.20287 1900.7 0.018731 0.5613 0.043481 0.94535 1355.9 1
190.59 27417 2.4117 -0.20264 1908.2 0.019405 0.57189 0.043082 0.95895 1350.3 1
191.48 27450 2.4119 -0.2025 1912.8 0.019734 0.57834 0.042876 0.96389 1346.9 1
191.69 27458 2.412 -0.20246 1914 0.019808 0.5799 0.042858 0.96452 1346.1 1
192.23 27479 2.4121 -0.20238 1916.8 0.019986 0.58383 0.042751 0.96632 1344 1
193.42 27525 2.4124 -0.20218 1923 0.020309 0.59243 0.042307 0.97384 1339.5 1
195.07 27590 2.4129 -0.2019 1931.6 0.020569 0.6043 0.041685 0.98483 1333.1 1
196.93 27664 2.4133 -0.20157 1941.3 0.020614 0.61758 0.041002 0.9955 1326 1
198.73 27736 2.4138 -0.20126 1950.6 0.020447 0.63018 0.040344 1.002 1319.2 1
200.17 27793 2.4141 -0.20099 1958.1 0.0202 0.64024 0.039868 1.0045 1313.7 1
201.06 27828 2.4144 -0.20083 1962.7 0.020016 0.64632 0.039686 1.005 1310.4 1
201.27 27837 2.4144 -0.20079 1963.9 0.019969 0.64779 0.03966 1.005 1309.6 1
201.81 27858 2.4146 -0.20069 1966.7 0.019848 0.65148 0.039551 1.0051 1307.5 1
203 27904 2.4149 -0.20047 1972.8 0.019554 0.65954 0.039085 1.005 1303.1 1
204.65 27967 2.4153 -0.20015 1981.4 0.019082 0.67058 0.038439 1.003 1296.9 1
206.51 28037 2.4157 -0.19979 1991.1 0.0185 0.6828 0.037841 0.99839 1289.9 1
208.31 28102 2.4162 -0.19944 2000.4 0.017931 0.69433 0.037404 0.99229 1283.3 1
209.75 28153 2.4165 -0.19915 2007.9 0.017483 0.70351 0.037144 0.98739 1277.9 1
210.64 28184 2.4167 -0.19897 2012.5 0.017217 0.70905 0.037059 0.98532 1274.6 1
210.85 28191 2.4168 -0.19892 2013.6 0.017152 0.7104 0.037044 0.98507 1273.9 1
211.39 28210 2.4169 -0.19881 2016.4 0.01699 0.71377 0.036969 0.98428 1271.9 1
212.58 28250 2.4172 -0.19856 2022.6 0.016633 0.72112 0.036658 0.9804 1267.5 1
214.23 28305 2.4176 -0.19822 2031.2 0.016145 0.7312 0.036218 0.97299 1261.4 1
216.09 28365 2.418 -0.19782 2040.9 0.015628 0.74235 0.035677 0.96321 1254.5 1
217.89 28422 2.4185 -0.19743 2050.3 0.015154 0.75284 0.035017 0.95405 1248 1
219.33 28466 2.4188 -0.19711 2057.8 0.014772 0.76113 0.034441 0.94777 1242.7 1
220.22 28493 2.419 -0.19691 2062.4 0.014534 0.76612 0.034209 0.94537 1239.5 1
220.43 28499 2.4191 -0.19686 2063.5 0.014476 0.76733 0.03418 0.94508 1238.7 1
220.97 28515 2.4192 -0.19674 2066.3 0.01433 0.77035 0.034066 0.94421 1236.7 1
222.16 28550 2.4195 -0.19648 2072.6 0.014001 0.77696 0.033693 0.94016 1232.4 1
223.81 28597 2.4199 -0.1961 2081.2 0.013566 0.78602 0.03362 0.93314 1226.4 1
225.67 28649 2.4203 -0.19567 2091 0.013179 0.79618 0.03396 0.92461 1219.6 1
227.47 28698 2.4207 -0.19524 2100.4 0.012923 0.80588 0.034125 0.91713 1213.1 1
228.91 28737 2.4211 -0.1949 2108 0.01277 0.81365 0.034082 0.9122 1207.8 1
229.8 28761 2.4213 -0.19469 2112.6 0.01269 0.81836 0.034062 0.91036 1204.5 1
230.01 28767 2.4213 -0.19464 2113.7 0.012671 0.81951 0.034054 0.91014 1203.8 1
230.55 28781 2.4214 -0.19451 2116.6 0.012625 0.82237 0.034002 0.90948 1201.8 1
231.74 28813 2.4217 -0.19422 2122.7 0.012524 0.82864 0.033807 0.90645 1197.4 1
233.39 28857 2.4221 -0.19381 2131.2 0.012393 0.83726 0.03355 0.9012 1191.4 1
235.25 28906 2.4225 -0.19335 2140.6 0.012268 0.84686 0.033315 0.89475 1184.6 1
237.05 28953 2.4229 -0.19289 2149.6 0.012177 0.85597 0.033161 0.88898 1178.1 1
238.49 28991 2.4232 -0.19253 2156.6 0.012121 0.86324 0.033019 0.88507 1172.8 1
239.38 29014 2.4234 -0.1923 2160.9 0.012091 0.86765 0.032955 0.88359 1169.6 1
239.59 29019 2.4235 -0.19224 2162 0.012084 0.86872 0.032943 0.8834 1168.8 1
240.13 29033 2.4236 -0.1921 2164.5 0.012065 0.87139 0.032872 0.88286 1166.8 1
241.32 29064 2.4239 -0.1918 2170.2 0.012016 0.87725 0.032579 0.88027 1162.5 1
242.97 29107 2.4242 -0.19136 2177.9 0.011923 0.88528 0.032029 0.87558 1156.5 1
244.83 29156 2.4246 -0.19087 2186.5 0.011772 0.89414 0.03127 0.8696 1149.7 1
246.63 29202 2.425 -0.19039 2194.6 0.011582 0.90248 0.030734 0.8641 1143.2 1
248.07 29238 2.4253 -0.19 2201.1 0.011417 0.90911 0.0305 0.86037 1138 1
248.96 29260 2.4255 -0.18976 2205 0.011315 0.91313 0.030435 0.85896 1134.8 1
249.17 29266 2.4256 -0.1897 2206 0.011291 0.9141 0.030424 0.85879 1134 1
249.71 29279 2.4257 -0.18955 2208.3 0.011228 0.91654 0.030359 0.85827 1132.1 1
250.9 29308 2.4259 -0.18923 2213.5 0.011083 0.92188 0.03016 0.8558 1127.8 1
252.55 29348 2.4263 -0.18877 2220.7 0.01088 0.92923 0.02999 0.85137 1121.9 1
254.41 29393 2.4267 -0.18825 2228.6 0.010663 0.93741 0.029808 0.8459 1115.2 1
256.21 29435 2.4271 -0.18774 2236.1 0.010468 0.94519 0.029677 0.8411 1108.8 1
257.65 29469 2.4274 -0.18733 2242.1 0.010321 0.95141 0.029631 0.83799 1103.6 1
258.54 29489 2.4275 -0.18708 2245.7 0.010236 0.95519 0.029633 0.83686 1100.4 1
258.75 29494 2.4276 -0.18702 2246.6 0.010216 0.95611 0.029629 0.83672 1099.7 1
259.29 29507 2.4277 -0.18686 2248.8 0.010164 0.9584 0.029584 0.83631 1097.7 1
260.48 29534 2.4279 -0.18652 2253.5 0.010045 0.96344 0.029434 0.83444 1093.5 1
262.13 29571 2.4283 -0.18604 2260.1 0.0098727 0.97037 0.029244 0.83127 1087.6 1
263.99 29612 2.4287 -0.1855 2267.4 0.0096705 0.97811 0.029011 0.82762 1080.9 1
265.79 29651 2.429 -0.18497 2274.3 0.0094655 0.98546 0.028808 0.82469 1074.5 1
267.23 29682 2.4293 -0.18454 2279.8 0.0092919 0.99135 0.028673 0.82293 1069.4 1
268.12 29701 2.4295 -0.18427 2283.2 0.0091824 0.99492 0.028631 0.82232 1066.2 1
268.33 29705 2.4295 -0.18421 2284 0.0091556 0.99579 0.028622 0.82225 1065.5 1
268.87 29716 2.4296 -0.18405 2286 0.0090869 0.99796 0.028557 0.82205 1063.5 1
270.06 29741 2.4299 -0.18369 2290.4 0.0089239 1.0027 0.028341 0.82115 1059.3 1
271.71 29774 2.4302 -0.18319 2296.5 0.0086743 1.0093 0.028101 0.81974 1053.5 1
273.57 29811 2.4305 -0.18262 2303.2 0.0083638 1.0166 0.027787 0.81827 1046.9 1
275.37 29845 2.4309 -0.18207 2309.6 0.0080255 1.0235 0.027403 0.81718 1040.5 1
276.81 29871 2.4312 -0.18162 2314.6 0.007718 1.0291 0.027078 0.81651 1035.4 1
277.7 29887 2.4313 -0.18135 2317.7 0.0075168 1.0325 0.026953 0.81626 1032.3 1
277.91 29890 2.4314 -0.18128 2318.5 0.007467 1.0333 0.026934 0.81623 1031.6 1
278.45 29900 2.4315 -0.18112 2320.3 0.007337 1.0353 0.026722 0.81615 1029.7 1
279.64 29919 2.4317 -0.18074 2324.4 0.007038 1.0398 0.026573 0.81572 1025.5 1
281.29 29946 2.432 -0.18023 2330 0.0065836 1.046 0.025947 0.81488 1019.7 1
283.15 29973 2.4323 -0.17964 2336.2 0.0060858 1.0529 0.027504 0.81362 1013.1 1
284.94 29998 2.4327 -0.17907 2342.2 0.0060674 1.06 0.032312 0.81215 1006.7 1
286.39 30019 2.4329 -0.1786 2347.2 0.0063722 1.0661 0.03279 0.81087 1001.5 1
287.28 30033 2.4331 -0.17832 2350.1 0.0065247 1.0697 0.032413 0.81029 998.26 1
287.49 30036 2.4331 -0.17825 2350.9 0.0065669 1.0706 0.032347 0.81021 997.48 1
288.03 30044 2.4332 -0.17808 2352.7 0.0066563 1.0728 0.032177 0.80996 995.53 1
289.22 30063 2.4334 -0.17769 2356.6 0.006847 1.0777 0.032239 0.80858 991.23 1
290.87 30091 2.4337 -0.17715 2362 0.0071516 1.0844 0.032359 0.80557 985.24 1
292.73 30123 2.4341 -0.17654 2368 0.0074492 1.0919 0.031254 0.80098 978.5 1
294.52 30155 2.4344 -0.17595 2373.7 0.0076471 1.0989 0.030731 0.79605 972.05 1
295.97 30181 2.4346 -0.17548 2378.1 0.0077801 1.1045 0.03004 0.79233 966.86 1
296.86 30198 2.4348 -0.17518 2380.8 0.0078244 1.1079 0.029697 0.7908 963.71 1
297.07 30202 2.4348 -0.17511 2381.4 0.0078359 1.1087 0.029669 0.79061 962.94 1
297.61 30212 2.4349 -0.17493 2383 0.0078668 1.1107 0.030145 0.78999 961.01 1
298.8 30234 2.4351 -0.17453 2386.6 0.0079697 1.1152 0.029587 0.78693 956.76 1
300.45 30266 2.4354 -0.17398 2391.3 0.0078048 1.1211 0.025386 0.78107 950.94 1
302.31 30299 2.4357 -0.17335 2396.7 0.0073469 1.1274 0.025444 0.77348 944.46 1
304.1 30330 2.436 -0.17274 2401.7 0.0070259 1.1334 0.025386 0.76665 938.21 1
305.55 30354 2.4362 -0.17225 2405.7 0.0067242 1.1382 0.025138 0.76224 933.19 1
306.44 30368 2.4363 -0.17195 2408.1 0.0065702 1.1411 0.025373 0.76064 930.11 1
306.65 30372 2.4364 -0.17187 2408.7 0.0065281 1.1418 0.025293 0.76045 929.37 1
307.19 30380 2.4364 -0.17169 2410.2 0.0064307 1.1436 0.02534 0.75987 927.49 1
308.38 30398 2.4366 -0.17128 2413.3 0.0062296 1.1475 0.025468 0.75721 923.37 1
310.03 30423 2.4369 -0.17071 2417.6 0.0059713 1.1529 0.025468 0.75292 917.63 1
311.89 30449 2.4372 -0.17007 2422.4 0.0057227 1.159 0.025873 0.7486 911.16 1
313.68 30473 2.4375 -0.16945 2427 0.0055731 1.1649 0.026504 0.74603 904.92 1
315.13 30493 2.4377 -0.16894 2430.6 0.0055039 1.1696 0.026777 0.74519 899.87 1
316.02 30505 2.4378 -0.16863 2432.7 0.005473 1.1725 0.026916 0.74514 896.79 1
316.23 30508 2.4378 -0.16856 2433.3 0.0054668 1.1732 0.026943 0.74515 896.03 1
316.77 30515 2.4379 -0.16837 2434.6 0.0054525 1.175 0.027016 0.74521 894.15 1
317.96 30530 2.4381 -0.16795 2437.5 0.0054317 1.1789 0.027268 0.74589 890 1
319.61 30552 2.4383 -0.16737 2441.5 0.0054309 1.1844 0.027667 0.74844 884.23 1
321.47 30577 2.4386 -0.16671 2446 0.0054483 1.1907 0.027943 0.75378 877.7 1
323.26 30601 2.4389 -0.16607 2450.3 0.0054447 1.1967 0.028033 0.76078 871.42 1
324.71 30620 2.4391 -0.16555 2453.8 0.0054127 1.2016 0.02804 0.76663 866.35 1
325.6 30632 2.4392 -0.16524 2455.9 0.0053731 1.2046 0.027783 0.76919 863.26 1
325.81 30635 2.4392 -0.16516 2456.4 0.005359 1.2054 0.027721 0.76951 862.51 1
326.35 30642 2.4393 -0.16497 2457.7 0.0053244 1.2072 0.02796 0.77059 860.63 1
327.54 30657 2.4395 -0.16454 2460.6 0.0052348 1.2112 0.026681 0.77602 856.48 1
329.19 30678 2.4397 -0.16395 2464.4 0.0045537 1.2164 0.019679 0.78673 850.84 1
331.05 30695 2.4399 -0.16327 2468.4 0.0031772 1.2217 0.019992 0.80129 844.61 1
332.84 30707 2.4402 -0.16262 2472.5 0.0023342 1.2274 0.026901 0.81552 838.48 1
334.29 30715 2.4404 -0.16209 2476 0.002125 1.2327 0.030941 0.82573 833.39 1
335.18 30720 2.4405 -0.16177 2478 0.0021609 1.2361 0.033704 0.82982 830.23 1
335.39 30721 2.4405 -0.16169 2478.5 0.0021937 1.237 0.034181 0.83033 829.45 1
335.93 30724 2.4406 -0.1615 2479.8 0.0022939 1.2392 0.035166 0.83193 827.5 1
337.12 30731 2.4407 -0.16106 2482.7 0.0026111 1.2441 0.036859 0.83931 823.17 1
338.77 30743 2.4409 -0.16045 2486.6 0.0030883 1.2512 0.037054 0.85196 817.11 1
340.63 30758 2.4412 -0.15976 2491 0.0035295 1.2593 0.037179 0.86701 810.27 1
342.42 30775 2.4414 -0.1591 2495.1 0.0038754 1.2671 0.037259 0.87964 803.68 1
343.87 30789 2.4415 -0.15856 2498.5 0.0041072 1.2736 0.037591 0.88724 798.35 1
344.76 30798 2.4416 -0.15823 2500.5 0.0042499 1.2775 0.037655 0.88973 795.1 1
344.97 30801 2.4417 -0.15815 2501 0.0042816 1.2785 0.037712 0.89002 794.31 1
345.51 30807 2.4417 -0.15795 2502.2 0.0043668 1.2809 0.037771 0.89083 792.32 1
346.7 30820 2.4419 -0.1575 2504.9 0.0045542 1.2863 0.037976 0.89407 787.94 1
348.35 30839 2.442 -0.15688 2508.7 0.0048211 1.2937 0.038366 0.89789 781.85 1
350.21 30863 2.4422 -0.15618 2512.9 0.0051438 1.3023 0.038745 0.89985 774.96 1
352 30887 2.4424 -0.1555 2516.9 0.0054866 1.3105 0.038973 0.89906 768.33 1
353.45 30907 2.4426 -0.15495 2520.1 0.0057663 1.3171 0.038444 0.89739 762.99 1
354.33 30920 2.4427 -0.15461 2522 0.0058989 1.3211 0.037393 0.89647 759.74 1
354.55 30923 2.4427 -0.15453 2522.5 0.0059222 1.322 0.037148 0.89636 758.95 1
357.35 30964 2.443 -0.15345 2528.6 0.0053618 1.3333 0.02714 0.88452 748.97 1
363.39 31021 2.4435 -0.15112 2541.6 0.002377 1.3541 0.027046 0.85283 728.14 1
371.46 31072 2.4441 -0.14797 2558.8 0.0032811 1.3865 0.03799 0.85787 699.07 1
379.96 31163 2.4447 -0.14461 2576.3 0.0045296 1.4218 0.030412 0.87695 668.26 1
387.2 31240 2.4451 -0.14172 2590.8 0.0037453 1.4503 0.035883 0.88583 642.49 1
391.75 31287 2.4453 -0.13989 2599.8 0.0044844 1.4698 0.030796 0.88813 625.95 1
392.87 31300 2.4454 -0.13943 2601.9 0.0040076 1.4739 0.031252 0.88716 622.06 1
395.67 31328 2.4455 -0.1383 2607.3 0.0036533 1.4848 0.031215 0.88316 612.14 1
401.71 31382 2.4457 -0.13584 2618.8 0.0032298 1.5082 0.031303 0.8683 590.73 1
409.78 31448 2.4458 -0.13253 2633.8 0.0030458 1.5394 0.03204 0.87306 562.15 1
418.28 31522 2.4459 -0.12903 2649.1 0.0036939 1.574 0.035558 0.89238 531.75 1
425.51 31602 2.4458 -0.12603 2661.8 0.0046548 1.605 0.035623 0.91445 505.65 1
430.07 31660 2.4457 -0.12413 2669.5 0.0046399 1.6245 0.035486 0.93448 489.37 1
431.19 31673 2.4457 -0.12367 2671.3 0.0046154 1.6294 0.035727 0.93636 485.35 1
431.73 31680 2.4457 -0.12344 2672.2 0.0045985 1.6317 0.035706 0.93665 483.43 1
432.92 31694 2.4456 -0.12295 2674.2 0.0045534 1.6369 0.035627 0.93792 479.19 1
434.57 31714 2.4456 -0.12226 2677 0.0044714 1.644 0.035549 0.93962 473.3 1
436.43 31736 2.4455 -0.12148 2680 0.0043594 1.6521 0.035439 0.94027 466.67 1
438.22 31757 2.4455 -0.12073 2682.9 0.0042389 1.6598 0.035242 0.93878 460.3 1
439.67 31773 2.4454 -0.12013 2685.3 0.0041409 1.666 0.035102 0.9362 455.17 1
440.55 31783 2.4454 -0.11976 2686.7 0.0040852 1.6698 0.035068 0.93466 452.05 1
440.77 31785 2.4454 -0.11967 2687 0.0040723 1.6707 0.035061 0.93445 451.29 1
441.31 31791 2.4454 -0.11945 2687.9 0.00404 1.673 0.035005 0.93368 449.38 1
442.5 31804 2.4453 -0.11895 2689.8 0.0039724 1.678 0.034799 0.92934 445.19 1
444.15 31822 2.4452 -0.11826 2692.4 0.0039038 1.685 0.034437 0.91921 439.37 1
446.01 31841 2.4451 -0.11748 2695.4 0.0038663 1.6926 0.033478 0.90287 432.82 1
447.8 31860 2.445 -0.11673 2698.2 0.003818 1.6997 0.031671 0.88416 426.58 1
449.25 31874 2.445 -0.11613 2700.4 0.0037174 1.7051 0.029812 0.86834 421.59 1
450.13 31883 2.4449 -0.11576 2701.8 0.003623 1.7083 0.028954 0.8605 418.56 1
450.35 31885 2.4449 -0.11567 2702.1 0.0035978 1.7091 0.028842 0.85927 417.83 1
450.89 31891 2.4449 -0.11544 2703 0.0035315 1.711 0.028429 0.85569 415.99 1
452.08 31902 2.4448 -0.11495 2704.8 0.0033474 1.7151 0.026705 0.84106 411.96 1
453.73 31916 2.4447 -0.11426 2707.3 0.0029845 1.7205 0.024325 0.81828 406.42 1
455.59 31930 2.4446 -0.11348 2710.1 0.0024722 1.7261 0.022417 0.79037 400.24 1
457.38 31940 2.4444 -0.11273 2712.8 0.0019791 1.7312 0.021647 0.76355 394.33 1
458.83 31947 2.4443 -0.11212 2715 0.0016409 1.7352 0.021339 0.74156 389.57 1
459.71 31951 2.4443 -0.11175 2716.4 0.0014661 1.7376 0.021251 0.72947 386.67 1
459.93 31952 2.4443 -0.11166 2716.7 0.0014278 1.7382 0.021227 0.72687 385.97 1
460.47 31954 2.4442 -0.11144 2717.5 0.0013348 1.7396 0.021102 0.72112 384.2 1
461.66 31958 2.4441 -0.11094 2719.3 0.0011457 1.7427 0.020587 0.70237 380.3 1
463.31 31963 2.444 -0.11025 2721.7 0.00091069 1.7468 0.019848 0.67683 374.9 1
465.17 31967 2.4439 -0.10947 2724.5 0.00067946 1.7512 0.019011 0.64618 368.82 1
466.96 31970 2.4437 -0.10872 2727.2 0.00048637 1.7552 0.018219 0.61747 362.99 1
468.41 31971 2.4436 -0.10811 2729.3 0.00034653 1.7583 0.017636 0.59372 358.29 1
469.29 31972 2.4436 -0.10774 2730.6 0.00027308 1.7601 0.017404 0.5803 355.43 1
469.51 31972 2.4435 -0.10765 2730.9 0.00025709 1.7605 0.017362 0.5771 354.73 1
469.94 31972 2.4435 -0.10747 2731.5 0.00022658 1.7614 0.017217 0.57185 353.34 1
470.89 31973 2.4434 -0.10707 2732.9 0.00015291 1.7633 0.016553 0.55626 350.26 1
472.21 31973 2.4433 -0.10652 2734.8 1.2562e-05 1.7657 0.015575 0.53518 346.01 1
473.7 31973 2.4432 -0.1059 2737 -0.00015384 1.7683 0.015422 0.51024 341.21 1
475.14 31972 2.4431 -0.10529 2739.1 -0.00016458 1.7708 0.016937 0.48688 336.58 1
476.29 31972 2.443 -0.10481 2740.7 6.2584e-05 1.7728 0.019121 0.46766 332.8 1
477 31972 2.4429 -0.10451 2741.8 0.00033205 1.774 0.020535 0.4567 330.46 1
477.17 31972 2.4429 -0.10444 2742 0.0004124 1.7743 0.020795 0.45408 329.89 1
477.6 31973 2.4429 -0.10426 2742.6 0.00063194 1.7751 0.021525 0.44826 328.46 1
478.55 31976 2.4428 -0.10386 2744 0.0012785 1.7768 0.024318 0.43236 325.27 1
479.87 31982 2.4427 -0.10331 2745.9 0.002617 1.7793 0.028415 0.41073 320.76 1
481.37 31997 2.4425 -0.10268 2748 0.0047664 1.7821 0.033324 0.38547 315.56 1
482.8 32021 2.4424 -0.10208 2750 0.0074892 1.785 0.037886 0.36169 310.45 1
483.96 32049 2.4423 -0.10159 2751.5 0.010138 1.7873 0.041543 0.34227 306.27 1
484.66 32071 2.4422 -0.1013 2752.4 0.011947 1.7887 0.043529 0.33108 303.69 1
484.84 32076 2.4422 -0.10122 2752.6 0.012405 1.789 0.04397 0.32842 303.06 1
485.27 32092 2.4422 -0.10104 2753.1 0.013581 1.7899 0.044919 0.32236 301.47 1
486.22 32131 2.4421 -0.10065 2754.2 0.016342 1.7917 0.047887 0.30643 297.97 1
487.54 32198 2.4419 -0.10009 2755.6 0.020594 1.7943 0.051942 0.28475 293.07 1
489.03 32293 2.4418 -0.099465 2756.9 0.025942 1.7971 0.056685 0.25969 287.5 1
490.46 32407 2.4417 -0.098864 2757.8 0.031596 1.7997 0.061067 0.23621 282.14 1
491.62 32516 2.4415 -0.098379 2758.3 0.036484 1.8016 0.06474 0.2173 277.81 1
492.33 32590 2.4415 -0.098083 2758.5 0.0396 1.8028 0.066828 0.20671 275.18 1
492.5 32609 2.4415 -0.098011 2758.5 0.04037 1.8031 0.067319 0.20431 274.54 1
492.93 32658 2.4414 -0.09783 2758.6 0.042313 1.8037 0.068384 0.1991 272.95 1
493.88 32774 2.4413 -0.097432 2758.6 0.046696 1.8052 0.071463 0.18386 269.45 1
495.2 32956 2.4412 -0.09688 2758.4 0.053008 1.807 0.075603 0.16358 264.63 1
496.69 33189 2.441 -0.096257 2757.7 0.060364 1.8089 0.080436 0.14024 259.29 1
498.13 33442 2.4409 -0.095658 2756.7 0.067587 1.8104 0.084619 0.11955 254.28 1
499.29 33666 2.4408 -0.095175 2755.6 0.073413 1.8115 0.087383 0.1042 250.33 1
499.99 33813 2.4407 -0.094881 2754.9 0.076918 1.8121 0.088376 0.097384 247.99 1
500.16 33849 2.4407 -0.094809 2754.7 0.077758 1.8122 0.088518 0.096185 247.42 1
500.6 33943 2.4406 -0.09463 2754.2 0.079833 1.8126 0.088611 0.093244 246.02 1
501.55 34157 2.4405 -0.094234 2753.1 0.084275 1.8132 0.089634 0.082616 243.01 1
502.87 34474 2.4404 -0.093686 2751.4 0.0901 1.814 0.088825 0.067106 238.99 1
504.36 34855 2.4402 -0.093067 2749.7 0.095789 1.8146 0.083699 0.047642 234.76 1
505.79 35241 2.4401 -0.092473 2748.1 0.10025 1.815 0.079325 0.028059 231.01 1
506.95 35564 2.44 -0.091994 2746.9 0.10321 1.8151 0.075126 0.011371 228.18 1
507.66 35766 2.4399 -0.091701 2746.3 0.10471 1.8152 0.07296 0.0020561 226.56 1
507.83 35815 2.4399 -0.09163 2746.1 0.10505 1.8152 0.072318 0 226.17 1
507.83 35815 2.4399 -0.09163 2746.1 0.10505 1.8152 0.072318 0 226.17 0
509.34 36265 2.4397 -0.091008 2733 0.11272 1.816 0.067552 0.12962 226.13 0
512.66 37336 2.4394 -0.089648 2708.4 0.12307 1.8218 0.054322 0.42296 226.11 0
517.29 38896 2.4389 -0.087783 2681.6 0.12633 1.8346 0.054356 0.81648 226.08 0
522.51 40621 2.4383 -0.085707 2654.6 0.12056 1.8545 0.075642 1.2914 226.07 0
527.53 42132 2.4377 -0.083741 2630.8 0.1067 1.8761 0.090558 1.5678 226.05 0
531.58 43193 2.4372 -0.082173 2613.2 0.093199 1.8925 0.10581 1.5643 226.03 0
534.05 43768 2.4369 -0.081224 2602.9 0.085093 1.9026 0.11273 1.5618 226.01 0
534.66 43899 2.4368 -0.080994 2600.5 0.083089 1.9049 0.11499 1.5525 226 0
536.17 44215 2.4366 -0.080419 2594.5 0.078114 1.9108 0.11917 1.5611 225.97 0
539.49 44839 2.4361 -0.07916 2581.4 0.067 1.9238 0.13029 1.5659 225.99 0
544.12 45543 2.4355 -0.077429 2563.8 0.051385 1.9418 0.14507 1.566 225.98 0
549.34 46110 2.4347 -0.075503 2544.7 0.033582 1.9623 0.16186 1.5659 225.99 0
554.35 46428 2.4339 -0.073678 2527.5 0.016316 1.9823 0.17232 1.5642 225.98 0
558.41 46524 2.4333 -0.072224 2514.5 0.0022813 1.9983 0.17179 1.5607 225.98 0
560.88 46511 2.4329 -0.071345 2506.9 -0.0062471 2.0079 0.16942 1.5445 225.98 0
561.49 46500 2.4328 -0.071132 2505.1 -0.0082993 2.0102 0.16933 1.5323 225.98 0
562.99 46459 2.4325 -0.0706 2500.7 -0.013463 2.0161 0.1701 1.5525 225.98 0
566.32 46300 2.432 -0.069436 2491 -0.025071 2.0292 0.17188 1.5604 225.98 0
570.95 45919 2.4311 -0.067839 2477.7 -0.04133 2.0481 0.1726 1.5609 225.98 0
576.16 45268 2.4302 -0.066067 2462.4 -0.059816 2.0709 0.17276 1.5602 225.98 0
581.18 44422 2.4293 -0.064397 2447 -0.077628 2.0951 0.17272 1.5568 225.98 0
585.24 43585 2.4285 -0.063076 2433.4 -0.092019 2.1171 0.17135 1.5497 225.99 0
587.71 43007 2.428 -0.062282 2424.9 -0.10057 2.1315 0.16914 1.5178 225.91 0
588.31 42859 2.4279 -0.06209 2423 -0.10256 2.1351 0.16905 1.5121 225.85 0
589.82 42476 2.4276 -0.061613 2417.6 -0.10765 2.1446 0.17019 1.5324 225.74 0
593.15 41568 2.4269 -0.060578 2403.2 -0.11927 2.1682 0.17268 1.5481 225.76 0
597.77 40163 2.4259 -0.059181 2380 -0.13553 2.2069 0.17345 1.5443 225.7 0
602.99 38387 2.4247 -0.057679 2346.4 -0.15336 2.2617 0.17363 1.5243 225.7 0
608.01 36517 2.4235 -0.056331 2304.1 -0.16765 2.3301 0.17371 1.4688 225.64 0
612.07 34936 2.4225 -0.055332 2259.7 -0.17484 2.4002 0.17061 1.4219 225.63 0
614.54 33965 2.4219 -0.054771 2227.8 -0.17649 2.4498 0.16461 1.3786 225.58 0
615.14 33729 2.4217 -0.054641 2219.5 -0.17638 2.4626 0.16371 1.3736 225.57 0
616.65 33145 2.4213 -0.054326 2197.7 -0.17594 2.4963 0.16098 1.3724 225.51 0
619.98 31889 2.4204 -0.053693 2144.6 -0.17289 2.5777 0.15003 1.3502 225.49 0
624.6 30256 2.4191 -0.052971 2064.3 -0.16327 2.7038 0.13531 1.3251 225.43 0
629.82 28626 2.4175 -0.052397 1968.8 -0.14646 2.8612 0.11994 1.3049 225.4 0
634.84 27323 2.4161 -0.052102 1872.6 -0.12287 3.0272 0.11376 1.2669 225.33 0
638.9 26513 2.4149 -0.052054 1788.6 -0.093577 3.1752 0.11665 1.2151 225.26 0
641.37 26157 2.4142 -0.05211 1735.3 -0.0693 3.2715 0.1194 1.1765 225.12 0
641.97 26089 2.4141 -0.052134 1722.3 -0.062603 3.2954 0.11946 1.1686 225.06 0
643.48 25951 2.4137 -0.052208 1689.8 -0.044934 3.3556 0.1203 1.1458 224.89 0
646.81 25821 2.4128 -0.052448 1668 -0.00030059 3.4813 0.1269 1.0518 216.63 0
651.43 26127 2.4117 -0.052948 1689.1 0.083058 3.649 0.14083 0.94254 195.78 0
656.65 27320 2.4106 -0.053716 1684.1 0.1878 3.8224 0.14209 0.88569 177.16 0
661.67 29223 2.4096 -0.054592 1686.5 0.25885 3.9449 0.12945 0.90259 162 0
665.72 31081 2.409 -0.055359 1679.5 0.28932 4.0158 0.11872 0.9179 154.09 0
668.2 32288 2.4086 -0.055842 1679 0.29898 4.047 0.1123 0.92006 149.83 0
668.8 32587 2.4085 -0.055961 1677.1 0.30061 4.0539 0.11138 0.91907 149.14 0
670.31 33341 2.4082 -0.056262 1674.6 0.30348 4.0692 0.10864 0.92146 147.26 0
673.64 35008 2.4077 -0.056932 1667.9 0.30433 4.0956 0.098858 0.93162 144.04 0
678.26 37291 2.4071 -0.057877 1659.9 0.29632 4.1202 0.086261 0.9349 140.63 0
683.48 39749 2.4064 -0.058955 1643.8 0.28059 4.1384 0.073527 0.93234 139.02 0
688.5 41946 2.4057 -0.059993 1621.6 0.26154 4.1505 0.067361 0.92348 139.34 0
692.55 43584 2.4052 -0.060832 1608.6 0.24395 4.1574 0.066115 0.90584 139.15 0
695.03 44521 2.4049 -0.061343 1600.1 0.2327 4.161 0.0659 0.89502 139.27 0
695.63 44742 2.4048 -0.061468 1598.5 0.22987 4.1618 0.065578 0.89352 139.23 0
697.14 45283 2.4046 -0.06178 1594.1 0.22271 4.1636 0.065219 0.89243 139.23 0
700.46 46409 2.4042 -0.062468 1585 0.20648 4.1672 0.064695 0.88441 139.23 0
705.09 47824 2.4036 -0.063424 1573.8 0.18306 4.1714 0.064086 0.86665 139.23 0
710.31 49204 2.403 -0.064503 1562.9 0.15567 4.1752 0.062017 0.84321 139.23 0
715.33 50313 2.4024 -0.06554 1554.2 0.12858 4.1782 0.059833 0.81848 139.23 0
719.38 51050 2.4019 -0.066378 1548.3 0.10628 4.1803 0.058604 0.7969 139.23 0
721.85 51430 2.4016 -0.066889 1545.2 0.09253 4.1814 0.058253 0.78618 139.23 0
722.46 51514 2.4015 -0.067014 1544.5 0.089163 4.1817 0.05818 0.78508 139.23 0
723.97 51712 2.4013 -0.067326 1542.8 0.080713 4.1824 0.057911 0.78293 139.23 0
727.29 52078 2.4009 -0.068013 1539.7 0.061985 4.1838 0.056805 0.77288 139.23 0
731.92 52426 2.4003 -0.068969 1536.3 0.035764 4.1856 0.055475 0.75571 139.23 0
737.14 52593 2.3997 -0.070048 1534 0.0060365 4.1876 0.054858 0.73674 139.23 0
742.16 52530 2.3991 -0.071085 1533.2 -0.022568 4.1894 0.055194 0.72103 139.23 0
746.21 52318 2.3986 -0.071924 1533.6 -0.045601 4.1909 0.055793 0.70942 139.23 0
748.68 52119 2.3983 -0.072436 1534.2 -0.059597 4.1919 0.056086 0.70438 139.23 0
749.29 52062 2.3983 -0.07256 1534.4 -0.063 4.1921 0.056098 0.70371 139.23 0
750.8 51907 2.3981 -0.072873 1535 -0.071504 4.1927 0.05604 0.70164 139.23 0
754.12 51495 2.3977 -0.073561 1536.7 -0.090153 4.1941 0.055761 0.69217 139.23 0
758.75 50763 2.3971 -0.074519 1539.9 -0.11581 4.1961 0.055489 0.67708 139.23 0
763.97 49720 2.3965 -0.075601 1544.7 -0.14422 4.1986 0.055729 0.66194 139.23 0
768.98 48502 2.3959 -0.076643 1550.4 -0.17083 4.2014 0.056585 0.65098 139.23 0
773.04 47367 2.3955 -0.077485 1555.6 -0.19164 4.204 0.057576 0.6444 139.23 0
775.51 46610 2.3952 -0.078 1558.9 -0.20398 4.2058 0.058057 0.64192 139.23 0
776.12 46418 2.3951 -0.078125 1559.8 -0.20694 4.2063 0.058101 0.6414 139.23 0
778 45800 2.3949 -0.078518 1562.5 -0.21608 4.2078 0.058199 0.63725 139.23 0
782.16 44343 2.3944 -0.079385 1568.5 -0.23537 4.2117 0.059071 0.62097 139.23 0
787.94 42114 2.3937 -0.080593 1576.8 -0.25967 4.2185 0.062094 0.5999 139.22 0
794.46 39352 2.393 -0.081961 1584.4 -0.28143 4.2294 0.067933 0.5732 139.24 0
800.74 36524 2.3923 -0.083286 1587.9 -0.29281 4.2453 0.074628 0.53392 139.21 0
805.81 34205 2.3918 -0.084364 1584.2 -0.29034 4.2639 0.080231 0.49447 139.27 0
808.9 32822 2.3915 -0.085026 1580.3 -0.28195 4.2784 0.083122 0.47663 138.95 0
809.65 32492 2.3914 -0.085189 1580.2 -0.27917 4.2823 0.083513 0.47372 138.68 0
811.54 31683 2.3912 -0.085597 1580 -0.27044 4.2927 0.084929 0.45933 137.8 0
815.7 30006 2.3908 -0.086511 1590.4 -0.24166 4.3183 0.092115 0.40594 133.24 0
821.48 28086 2.3903 -0.08783 1616.2 -0.1678 4.3619 0.10301 0.34781 121.95 0
828 26977 2.3898 -0.089399 1643.4 -0.033487 4.4199 0.10595 0.2953 104.19 0
834.27 27371 2.3894 -0.090967 1669.9 0.10736 4.4708 0.096988 0.27129 84.389 0
839.34 28670 2.3891 -0.09225 1686.4 0.19445 4.5033 0.086568 0.28635 70.188 0
842.43 29777 2.3889 -0.093033 1693.8 0.23112 4.5195 0.081699 0.30012 62.979 0
843.19 30074 2.3889 -0.093224 1694.9 0.23834 4.5231 0.081204 0.30165 61.453 0
845.07 30854 2.3888 -0.093701 1697.2 0.25399 4.5312 0.079509 0.30329 57.917 0
849.23 32714 2.3886 -0.09475 1699.3 0.27649 4.5456 0.073623 0.31335 51.552 0
855.01 35456 2.3884 -0.096203 1695.7 0.28645 4.5592 0.068112 0.32369 45.647 0
861.54 38552 2.3881 -0.097837 1683.7 0.28059 4.5692 0.067983 0.33842 41.91 0
867.81 41395 2.3879 -0.099399 1662.8 0.26638 4.576 0.070081 0.32953 40.857 0
872.88 43538 2.3877 -0.10065 1643.5 0.25028 4.5798 0.068716 0.33209 40.975 0
875.97 44765 2.3876 -0.10141 1633.8 0.2387 4.5817 0.068022 0.34553 40.906 0
876.72 45054 2.3876 -0.10159 1631.4 0.23573 4.5822 0.067735 0.34609 40.926 0
878.61 45761 2.3875 -0.10206 1625.8 0.22804 4.5831 0.067127 0.34234 40.922 0
882.77 47225 2.3874 -0.10307 1614.3 0.21005 4.5849 0.064731 0.33254 40.918 0
888.55 49042 2.3872 -0.10448 1600.5 0.18311 4.5868 0.06144 0.32136 40.916 0
895.07 50772 2.387 -0.10607 1587.5 0.15078 4.5884 0.059431 0.31566 40.916 0
901.35 52105 2.3868 -0.10759 1577.5 0.11839 4.5897 0.060441 0.31671 40.916 0
906.41 52942 2.3867 -0.10881 1571 0.091621 4.5906 0.062213 0.33039 40.916 0
909.51 53347 2.3866 -0.10956 1567.7 0.075077 4.5912 0.063087 0.34737 40.916 0
910.26 53433 2.3866 -0.10974 1567 0.071025 4.5914 0.063172 0.34818 40.916 0
911.77 53591 2.3865 -0.11011 1565.7 0.062889 4.5916 0.063306 0.34338 40.916 0
915.09 53872 2.3864 -0.11091 1563.2 0.044888 4.5922 0.064135 0.32333 40.916 0
919.72 54106 2.3863 -0.11202 1560.7 0.019767 4.593 0.066366 0.29944 40.916 0
924.94 54152 2.3861 -0.11328 1559.2 -0.0085851 4.5939 0.070129 0.28684 40.916 0
929.96 53979 2.386 -0.11449 1559.1 -0.035725 4.5948 0.074358 0.29228 40.916 0
934.01 53685 2.3859 -0.11547 1559.8 -0.057482 4.5956 0.077691 0.31124 40.916 0
936.48 53438 2.3858 -0.11606 1560.7 -0.07066 4.5961 0.079099 0.3232 40.916 0
937.09 53370 2.3858 -0.11621 1560.9 -0.07386 4.5962 0.079269 0.3234 40.916 0
938.6 53187 2.3857 -0.11657 1561.6 -0.081847 4.5966 0.07982 0.3162 40.916 0
941.92 52717 2.3857 -0.11737 1563.5 -0.099278 4.5974 0.0826 0.2849 40.916 0
946.55 51914 2.3855 -0.11849 1566.9 -0.123 4.5985 0.088151 0.24496 40.916 0
951.77 50805 2.3854 -0.11974 1571.5 -0.1488 4.5998 0.095728 0.21994 40.916 0
956.79 49541 2.3852 -0.12095 1576.7 -0.17235 4.6012 0.10296 0.21835 40.916 0
960.84 48387 2.3851 -0.12192 1581.3 -0.19022 4.6027 0.1079 0.23499 40.916 0
963.31 47627 2.3851 -0.12252 1584.1 -0.20055 4.6038 0.1098 0.24719 40.916 0
963.92 47436 2.3851 -0.12266 1584.8 -0.20299 4.6041 0.11004 0.24719 40.916 0
965.43 46946 2.385 -0.12303 1586.6 -0.20898 4.6048 0.11089 0.23772 40.916 0
968.75 45818 2.3849 -0.12383 1590.4 -0.2213 4.6065 0.11476 0.19963 40.916 0
973.38 44147 2.3848 -0.12494 1595.2 -0.2359 4.6089 0.12059 0.15871 40.916 0
978.6 42148 2.3847 -0.12619 1599.3 -0.24776 4.6118 0.12513 0.13743 40.916 0
983.61 40153 2.3846 -0.1274 1600.8 -0.25319 4.6152 0.12618 0.12997 40.916 0
987.67 38528 2.3845 -0.12838 1599.5 -0.25221 4.6188 0.12546 0.13894 40.916 0
990.14 37547 2.3844 -0.12897 1597.3 -0.24878 4.6216 0.1249 0.15166 40.916 0
990.75 37311 2.3844 -0.12912 1596.6 -0.24758 4.6223 0.12486 0.15182 40.916 0
992.25 36725 2.3844 -0.12948 1594.4 -0.24386 4.6243 0.12483 0.14136 40.914 0
995.58 35475 2.3843 -0.13028 1587.3 -0.23166 4.6286 0.12434 0.11131 40.928 0
1000.2 33884 2.3842 -0.13139 1574 -0.20535 4.6344 0.1234 0.096668 40.698 0
1005.4 32378 2.3841 -0.13264 1559.2 -0.16291 4.6419 0.12318 0.092412 39.198 0
1010.4 31306 2.384 -0.13385 1552.6 -0.11068 4.6496 0.12476 0.084523 35.426 0
1014.5 30761 2.384 -0.13483 1553.2 -0.061461 4.656 0.12664 0.083892 30.654 0
1017 30587 2.3839 -0.13542 1550.9 -0.028061 4.6604 0.12704 0.094421 27.781 0
1017.6 30564 2.3839 -0.13557 1549.2 -0.019471 4.6616 0.12714 0.095206 27.213 0
1019.1 30543 2.3839 -0.13594 1546.3 0.0016736 4.6644 0.12757 0.087051 25.552 0
1022.4 30667 2.3839 -0.13674 1544.2 0.046874 4.6697 0.12921 0.074891 21.232 0
1027 31213 2.3838 -0.13785 1538.9 0.10586 4.6763 0.12863 0.076716 15.531 0
1032.3 32282 2.3838 -0.13909 1530.6 0.15875 4.6829 0.12189 0.078185 9.9772 0
1037.3 33626 2.3838 -0.14027 1521.1 0.19098 4.6881 0.11162 0.088831 5.8372 0
1041.3 34840 2.3837 -0.14121 1512.5 0.20433 4.6917 0.10223 0.098601 3.3647 0
1043.8 35607 2.3837 -0.14178 1505.9 0.20848 4.6937 0.097894 0.11204 2.2991 0
1044.4 35795 2.3837 -0.14192 1504.1 0.20914 4.6942 0.097441 0.11335 2.0921 0
1045.9 36267 2.3837 -0.14227 1499.7 0.21014 4.6954 0.096206 0.10772 1.5994 0
1049.2 37305 2.3837 -0.14302 1490.3 0.20931 4.6975 0.089576 0.10056 0.66715 0
1053.9 38712 2.3837 -0.14407 1474.8 0.20271 4.6996 0.07697 0.096872 0.1235 0
1059.1 40203 2.3837 -0.14524 1457.2 0.18844 4.7013 0.062496 0.095864 0.027376 0
1064.1 41501 2.3837 -0.14636 1443 0.16953 4.7026 0.05181 0.10949 0.0014831 0
1068.2 42435 2.3837 -0.14726 1433.1 0.1519 4.7036 0.048376 0.12695 0.0067112 0
1070.6 42951 2.3836 -0.1478 1427.6 0.14049 4.7042 0.04769 0.14609 0.0013909 0
1071.2 43070 2.3836 -0.14794 1426.3 0.13764 4.7044 0.047338 0.14745 0.0027831 0
1072.7 43358 2.3836 -0.14827 1423.3 0.13042 4.7048 0.046748 0.14113 0.0023016 0
1076.1 43934 2.3836 -0.149 1417 0.11406 4.7055 0.045735 0.12695 0.0014483 0
1080.7 44603 2.3836 -0.15001 1409.5 0.090589 4.7064 0.047193 0.11539 0.00075957 0
1085.9 45168 2.3836 -0.15115 1402.5 0.063525 4.7073 0.050747 0.11173 0.00042039 0
1090.9 45523 2.3836 -0.15225 1397.1 0.03722 4.7082 0.055485 0.12309 0.00037748 0
1095 45674 2.3836 -0.15313 1393.6 0.01594 4.7091 0.059385 0.14569 0.00036521 0
1097.5 45706 2.3836 -0.15367 1391.8 0.0029642 4.7097 0.060835 0.16763 0.00036896 0
1098.1 45708 2.3836 -0.1538 1391.4 -0.00019955 4.7098 0.060875 0.16865 0.00036624 0
1099.6 45699 2.3836 -0.15412 1390.5 -0.0081186 4.7102 0.06129 0.15978 0.00036542 0
1102.9 45622 2.3836 -0.15484 1388.9 -0.02547 4.7111 0.064248 0.13125 0.00036266 0
1107.5 45383 2.3836 -0.15584 1387.4 -0.049144 4.7121 0.070114 0.10431 0.00035858 0
1112.7 44935 2.3836 -0.15697 1386.4 -0.074887 4.7131 0.078046 0.088247 0.00035418 0
1117.8 44333 2.3836 -0.15805 1386.1 -0.098248 4.7142 0.086425 0.089883 0.00035042 0
1121.8 43733 2.3836 -0.15892 1386.2 -0.11582 4.7153 0.09288 0.113 0.00034796 0
1124.3 43320 2.3836 -0.15945 1386.4 -0.12589 4.7163 0.095668 0.13469 0.00034706 0
1124.9 43214 2.3836 -0.15958 1386.4 -0.12827 4.7165 0.095953 0.13553 0.00034695 0
1126.4 42940 2.3836 -0.15991 1386.6 -0.1341 4.7172 0.097188 0.1248 0.00034663 0
1129.7 42297 2.3836 -0.16062 1386.8 -0.14599 4.7184 0.10347 0.088286 0.00034508 0
1134.3 41319 2.3836 -0.16161 1386.8 -0.15967 4.7199 0.11436 0.057954 0.00034228 0
1139.6 40129 2.3836 -0.16272 1385.7 -0.17008 4.7214 0.1246 0.044883 0.00033873 0
1144.6 38935 2.3836 -0.16379 1382.8 -0.17429 4.7229 0.12939 0.040747 0.00033554 0
1148.6 37966 2.3837 -0.16465 1378.6 -0.17325 4.7244 0.13065 0.056105 0.00033345 0
1151.1 37383 2.3837 -0.16517 1375.2 -0.17055 4.7259 0.13088 0.076471 0.00033268 0
1151.7 37242 2.3837 -0.1653 1374.2 -0.16965 4.7263 0.13094 0.077346 0.00033259 0
1153.2 36895 2.3837 -0.16562 1371.7 -0.16694 4.7273 0.13112 0.065794 0.0003323 0
1156.6 36156 2.3837 -0.16632 1364.9 -0.15862 4.7291 0.13075 0.0353 0.00033095 0
1161.2 35212 2.3837 -0.16729 1353.2 -0.14204 4.7307 0.12775 0.025654 0.00032847 0
1166.4 34300 2.3837 -0.16838 1336.7 -0.11722 4.7326 0.12394 0.028188 0.00032533 0
1171.4 33615 2.3837 -0.16941 1317.5 -0.087819 4.7345 0.1218 0.025378 0.00032249 0
1175.5 33220 2.3838 -0.17024 1299.6 -0.060781 4.7363 0.1207 0.033147 0.00032061 0
1177.9 33054 2.3838 -0.17074 1287.7 -0.043299 4.7378 0.12018 0.051163 0.00031992 0
1178.5 33022 2.3838 -0.17086 1284.8 -0.038964 4.7383 0.12014 0.051914 0.00031984 0
1180.4 32945 2.3838 -0.17123 1275.2 -0.025226 4.7396 0.12005 0.03713 0.00031958 0
1184.6 32893 2.3838 -0.17206 1253.2 0.0051997 4.7413 0.11955 0.015501 0.00031836 0
1190.4 33079 2.3838 -0.17317 1221.3 0.045345 4.7426 0.11918 0.013034 0.00031612 0
1196.9 33594 2.3839 -0.1744 1185 0.083529 4.7436 0.11853 0.0077817 0.00031327 0
1203.2 34312 2.3839 -0.17553 1151.3 0.10948 4.7445 0.11668 0.018501 0.00031069 0
1208.2 34984 2.384 -0.17643 1125.7 0.12162 4.746 0.11482 0.032293 0.00030898 0
1211.3 35412 2.384 -0.17696 1110.9 0.12528 4.7472 0.11388 0.058815 0.00030836 0
1212.1 35517 2.384 -0.17709 1107.4 0.12576 4.7477 0.1138 0.061304 0.00030828 0
1214 35780 2.384 -0.17742 1098.8 0.12635 4.7486 0.11358 0.049442 0.00030805 0
1218.1 36349 2.384 -0.17812 1080.7 0.12459 4.75 0.11261 0.032813 0.00030693 0
1223.9 37095 2.384 -0.17907 1057.5 0.11582 4.7514 0.11161 0.030043 0.00030488 0
1230.4 37830 2.3841 -0.18013 1033.9 0.098702 4.7527 0.1111 0.029067 0.00030227 0
1236.7 38395 2.3841 -0.18113 1013.9 0.076624 4.754 0.11121 0.040763 0.00029991 0
1241.8 38733 2.3842 -0.18192 999.43 0.055733 4.7555 0.1115 0.060742 0.00029835 0
1244.9 38883 2.3842 -0.1824 991.34 0.041909 4.7567 0.11148 0.092023 0.00029778 0
1245.6 38913 2.3842 -0.18252 989.45 0.038428 4.7571 0.11149 0.094388 0.00029771 0
1247.5 38976 2.3842 -0.18281 984.85 0.029573 4.7579 0.11165 0.080696 0.00029749 0
1251.7 39055 2.3842 -0.18344 975.37 0.0094932 4.7594 0.11249 0.052866 0.00029646 0
1257.4 39027 2.3843 -0.18432 963.52 -0.019205 4.7608 0.11431 0.037979 0.00029457 0
1264 38804 2.3843 -0.18529 951.71 -0.051727 4.7621 0.11666 0.032052 0.00029216 0
1270.2 38405 2.3844 -0.18622 941.52 -0.082128 4.7635 0.11851 0.040323 0.00028998 0
1275.3 37959 2.3844 -0.18695 933.83 -0.10542 4.7651 0.11938 0.063548 0.00028853 0
1278.4 37635 2.3844 -0.1874 929.25 -0.11888 4.7667 0.11953 0.097599 0.00028799 0
1279.2 37551 2.3844 -0.18751 928.13 -0.12207 4.7672 0.11958 0.099681 0.00028793 0
1281 37331 2.3845 -0.18778 925.34 -0.12981 4.7683 0.11988 0.083431 0.00028773 0
1285.2 36803 2.3845 -0.18837 919 -0.14552 4.7702 0.12133 0.043713 0.00028676 0
1291 35986 2.3845 -0.18918 909.37 -0.16363 4.7718 0.12371 0.020268 0.00028499 0
1297.5 34981 2.3846 -0.19009 896.42 -0.17774 4.7729 0.12592 0.010661 0.00028272 0
1303.8 33973 2.3847 -0.19094 880.87 -0.18402 4.7739 0.12695 0.011882 0.00028066 0
1308.8 33161 2.3847 -0.19162 865.39 -0.18355 4.7754 0.1269 0.034801 0.0002793 0
1311.9 32678 2.3847 -0.19203 854.44 -0.18089 4.7775 0.12668 0.072081 0.00027879 0
1312.7 32563 2.3847 -0.19213 851.59 -0.17998 4.7783 0.12668 0.074877 0.00027873 0
1314.2 32334 2.3847 -0.19233 845.63 -0.17783 4.7797 0.12683 0.063147 0.00027854 0
1317.5 31849 2.3848 -0.19275 831.35 -0.17147 4.7819 0.12756 0.026747 0.00027761 0
1322.2 31222 2.3848 -0.19334 808.69 -0.15961 4.783 0.12848 0.0028705 0.00027592 0
1327.4 30596 2.3849 -0.19398 779.33 -0.14356 4.7833 0.12853 -0.0021963 0.00027374 0
1332.4 30079 2.3849 -0.19457 747.86 -0.12741 4.7835 0.12737 0.0043109 0.00027175 0
1336.4 29721 2.3849 -0.19503 720.68 -0.11542 4.7848 0.12596 0.033226 0.00027043 0
1338.9 29524 2.385 -0.1953 703.58 -0.10898 4.7867 0.12532 0.061982 0.00026994 0
1339.5 29479 2.385 -0.19537 699.37 -0.10753 4.7874 0.12527 0.063518 0.00026988 0
1341 29369 2.385 -0.19553 688.75 -0.10411 4.7889 0.12523 0.050852 0.00026969 0
1344.4 29144 2.385 -0.19588 665.17 -0.097692 4.7907 0.12503 0.014464 0.00026879 0
1349 28862 2.385 -0.19634 632.47 -0.091913 4.7912 0.12415 -0.0028094 0.00026713 0
1354.2 28573 2.3851 -0.19684 596.68 -0.09063 4.7912 0.122 -0.0011937 0.00026499 0
1359.2 28304 2.3851 -0.1973 564.28 -0.095042 4.7916 0.11919 0.0091454 0.00026303 0
1363.3 28083 2.3851 -0.19764 539.97 -0.10262 4.7932 0.11701 0.040794 0.00026173 0
1365.7 27943 2.3852 -0.19785 526 -0.10889 4.7954 0.11619 0.070915 0.00026124 0
1366.3 27908 2.3852 -0.1979 522.7 -0.11059 4.7961 0.11612 0.072531 0.00026118 0
1367.9 27820 2.3852 -0.19802 514.59 -0.11509 4.7978 0.116 0.060063 0.00026099 0
1371.2 27616 2.3852 -0.19828 497.56 -0.12611 4.8001 0.11557 0.023904 0.0002601 0
1375.8 27310 2.3852 -0.19862 475.8 -0.14378 4.8012 0.11493 0.0055192 0.00025843 0
1381 26932 2.3853 -0.199 453.83 -0.16632 4.8018 0.11425 0.0050179 0.00025629 0
1386 26533 2.3853 -0.19934 435.07 -0.18957 4.8028 0.11392 0.015686 0.00025432 0
1390.1 26185 2.3853 -0.19961 421.42 -0.20869 4.8052 0.11395 0.049255 0.00025301 0
1392.6 25963 2.3853 -0.19976 413.67 -0.22023 4.8083 0.1141 0.079545 0.00025252 0
1393.2 25908 2.3853 -0.1998 411.85 -0.22301 4.8092 0.11414 0.081073 0.00025246 0
1394.7 25768 2.3853 -0.19989 407.37 -0.22985 4.8115 0.11441 0.068135 0.00025227 0
1398 25450 2.3854 -0.2001 397.9 -0.24396 4.8148 0.1159 0.02797 0.00025136 0
1402.6 24993 2.3854 -0.20037 385.42 -0.26053 4.8162 0.1189 0.0012301 0.00024967 0
1407.9 24467 2.3854 -0.20067 371.93 -0.27383 4.8162 0.12261 -0.006029 0.0002475 0
1412.9 23961 2.3855 -0.20094 359.3 -0.28046 4.8161 0.12572 0.0031173 0.0002455 0
1416.9 23560 2.3855 -0.20116 349.24 -0.28137 4.8185 0.12761 0.038092 0.00024416 0
1419.4 23322 2.3855 -0.20128 343.16 -0.28017 4.8224 0.12833 0.068909 0.00024366 0
1420 23265 2.3855 -0.20131 341.69 -0.27971 4.8238 0.12844 0.070359 0.0002436 0
1421.5 23123 2.3855 -0.20139 338.02 -0.27821 4.8268 0.12897 0.056429 0.00024341 0
1424.8 22820 2.3855 -0.20156 329.91 -0.27262 4.8304 0.13148 0.011505 0.00024247 0
1429.5 22425 2.3856 -0.20178 318.4 -0.25911 4.8296 0.13548 -0.021332 0.00024074 0
1434.7 22026 2.3856 -0.20203 305.11 -0.23694 4.825 0.13884 -0.030944 0.0002385 0
1439.7 21694 2.3856 -0.20226 292.36 -0.21181 4.8201 0.14001 -0.019954 0.00023645 0
1443.8 21462 2.3856 -0.20243 282.37 -0.19183 4.82 0.13981 0.019148 0.00023507 0
1446.2 21335 2.3856 -0.20254 276.48 -0.18076 4.8236 0.13956 0.052651 0.00023456 0
1446.8 21306 2.3856 -0.20256 275.07 -0.17826 4.825 0.13957 0.054267 0.0002345 0
1448.3 21235 2.3856 -0.20263 271.57 -0.17219 4.828 0.13976 0.039618 0.0002343 0
1451.7 21089 2.3857 -0.20276 264.05 -0.15993 4.8302 0.14056 -0.0076423 0.00023333 0
1456.3 20909 2.3857 -0.20295 254.02 -0.14678 4.8254 0.14098 -0.040371 0.00023154 0
1461.5 20726 2.3857 -0.20315 243.68 -0.14109 4.8164 0.13946 -0.045854 0.00022923 0
1466.5 20555 2.3857 -0.20333 235.2 -0.14756 4.8088 0.13616 -0.028472 0.00022711 0
1470.6 20411 2.3857 -0.20348 229.65 -0.16143 4.8078 0.13308 0.01762 0.00022568 0
1473.1 20317 2.3857 -0.20357 226.86 -0.17292 4.8113 0.13178 0.054541 0.00022515 0
1473.7 20293 2.3858 -0.20359 226.25 -0.17597 4.8127 0.13166 0.056465 0.00022508 0
1475.2 20232 2.3858 -0.20364 224.8 -0.18372 4.8156 0.13143 0.041964 0.00022488 0
1478.5 20090 2.3858 -0.20375 222.11 -0.20146 4.8181 0.13037 -0.005051 0.00022388 0
1483.1 19872 2.3858 -0.20391 219.47 -0.22719 4.8141 0.12787 -0.035515 0.00022202 0
1488.3 19598 2.3858 -0.20408 218.02 -0.2567 4.8068 0.12361 -0.037521 0.00021962 0
1493.4 19305 2.3858 -0.20425 217.99 -0.28357 4.8011 0.11901 -0.017785 0.00021741 0
1497.4 19049 2.3858 -0.20438 218.69 -0.3021 4.802 0.11577 0.030583 0.00021593 0
1499.9 18885 2.3858 -0.20446 219.29 -0.31119 4.8071 0.11458 0.067735 0.00021537 0
1500.5 18845 2.3858 -0.20448 219.44 -0.31306 4.8089 0.11447 0.069663 0.00021531 0
1502 18742 2.3858 -0.20453 219.8 -0.31692 4.813 0.11422 0.055117 0.00021509 0
1505.3 18511 2.3859 -0.20464 220.5 -0.32168 4.8174 0.11321 0.0060998 0.00021405 0
1510 18188 2.3859 -0.20479 221.03 -0.32099 4.8147 0.11156 -0.0284 0.00021212 0
1515.2 17828 2.3859 -0.20496 220.76 -0.31221 4.8072 0.10937 -0.033714 0.00020961 0
1520.2 17495 2.3859 -0.20512 219.48 -0.29825 4.801 0.10722 -0.015346 0.00020731 0
1524.2 17240 2.3859 -0.20525 217.68 -0.28462 4.8026 0.1057 0.033146 0.00020577 0
1526.7 17092 2.3859 -0.20533 216.27 -0.27579 4.809 0.10516 0.069397 0.00020519 0
1527.3 17057 2.3859 -0.20535 215.88 -0.27359 4.8112 0.10511 0.071184 0.00020512 0
1528.8 16970 2.3859 -0.2054 214.85 -0.26786 4.8161 0.10503 0.056307 0.00020489 0
1532.2 16786 2.3859 -0.20551 212.27 -0.25464 4.8213 0.10471 0.0044779 0.00020381 0
1536.8 16551 2.386 -0.20566 208.07 -0.23695 4.8172 0.10407 -0.034708 0.00020179 0
1542 16308 2.386 -0.20582 202.78 -0.22146 4.807 0.10288 -0.041821 0.00019917 0
1547 16093 2.386 -0.20597 197.58 -0.21346 4.7985 0.10145 -0.021938 0.00019677 0
1551.1 15926 2.386 -0.20609 193.56 -0.21258 4.7989 0.10036 0.028885 0.00019515 0
1553.5 15825 2.386 -0.20617 191.26 -0.21436 4.805 0.099962 0.065892 0.00019455 0
1554.1 15801 2.386 -0.20618 190.72 -0.21503 4.8071 0.099925 0.067675 0.00019448 0
1555.7 15739 2.386 -0.20623 189.39 -0.21689 4.8118 0.099857 0.052399 0.00019424 0
1559 15603 2.386 -0.20632 186.66 -0.22199 4.8163 0.099569 -0.0010797 0.00019311 0
1563.6 15411 2.386 -0.20645 183.32 -0.23151 4.8107 0.098898 -0.041225 0.00019099 0
1568.8 15187 2.3861 -0.2066 180.26 -0.24527 4.7987 0.09757 -0.047539 0.00018825 0
1573.8 14961 2.3861 -0.20673 178.08 -0.26016 4.7887 0.095858 -0.026453 0.00018573 0
1577.9 14772 2.3861 -0.20684 176.8 -0.27211 4.7886 0.094475 0.028258 0.00018404 0
1580.4 14653 2.3861 -0.20691 176.19 -0.27878 4.7951 0.093938 0.069356 0.00018341 0
1581 14624 2.3861 -0.20692 176.05 -0.28029 4.7975 0.09388 0.071906 0.00018333 0
1582.2 14562 2.3861 -0.20696 175.77 -0.2831 4.8021 0.093771 0.06166 0.00018309 0
1585 14425 2.3861 -0.20703 175.2 -0.28788 4.8084 0.093271 0.019593 0.0001819 0
1588.9 14232 2.3861 -0.20713 174.4 -0.29199 4.8078 0.092325 -0.02142 0.00017968 0
1593.2 14013 2.3861 -0.20724 173.44 -0.29419 4.8013 0.090948 -0.029969 0.0001768 0
1597.4 13803 2.3861 -0.20735 172.4 -0.29452 4.7967 0.089533 -0.0048196 0.00017416 0
1600.8 13634 2.3861 -0.20744 171.44 -0.2938 4.8004 0.088564 0.044266 0.00017238 0
1602.8 13532 2.3861 -0.20749 170.78 -0.29298 4.8077 0.088226 0.073839 0.00017172 0
1603.3 13507 2.3861 -0.2075 170.62 -0.29272 4.8099 0.088188 0.075192 0.00017164 0
1604.6 13446 2.3861 -0.20753 170.18 -0.29185 4.8152 0.088077 0.063567 0.00017138 0
1607.4 13311 2.3861 -0.2076 169.12 -0.2892 4.822 0.08759 0.017417 0.00017013 0
1611.2 13127 2.3862 -0.2077 167.47 -0.28498 4.8205 0.086747 -0.025974 0.00016779 0
1615.6 12925 2.3862 -0.20781 165.4 -0.2811 4.8122 0.085614 -0.035063 0.00016477 0
1619.8 12735 2.3862 -0.20791 163.32 -0.27891 4.8062 0.084502 -0.0092914 0.00016199 0
1623.1 12584 2.3862 -0.20799 161.61 -0.27839 4.8093 0.083759 0.040865 0.00016012 0
1625.2 12493 2.3862 -0.20804 160.57 -0.2786 4.8165 0.083507 0.07116 0.00015942 0
1625.7 12471 2.3862 -0.20806 160.31 -0.27869 4.8188 0.083477 0.07255 0.00015933 0
1627 12415 2.3862 -0.20809 159.68 -0.27888 4.8241 0.083381 0.060794 0.00015906 0
1629.7 12294 2.3862 -0.20815 158.29 -0.27927 4.8307 0.082958 0.014092 0.00015774 0
1633.6 12126 2.3862 -0.20824 156.4 -0.28052 4.8284 0.082226 -0.029582 0.00015528 0
1637.9 11938 2.3862 -0.20834 154.37 -0.28353 4.8188 0.081228 -0.038272 0.00015209 0
1642.1 11758 2.3862 -0.20844 152.57 -0.28766 4.8117 0.080229 -0.011479 0.00014915 0
1645.5 11611 2.3862 -0.20852 151.23 -0.29145 4.8146 0.079561 0.039777 0.00014718 0
1647.5 11521 2.3862 -0.20856 150.45 -0.2938 4.8221 0.079335 0.070422 0.00014644 0
1648 11499 2.3862 -0.20857 150.26 -0.29436 4.8245 0.079307 0.071853 0.00014635 0
1649.3 11444 2.3863 -0.2086 149.8 -0.2956 4.83 0.079206 0.06015 0.00014606 0
1652.1 11323 2.3863 -0.20866 148.79 -0.29781 4.8368 0.078762 0.013362 0.00014467 0
1655.9 11155 2.3863 -0.20875 147.42 -0.30029 4.8341 0.078024 -0.030621 0.00014206 0
1660.3 10965 2.3863 -0.20884 145.9 -0.30306 4.8236 0.077098 -0.039083 0.00013869 0
1664.5 10783 2.3863 -0.20893 144.44 -0.30515 4.8159 0.07625 -0.011286 0.00013558 0
1667.8 10637 2.3863 -0.20901 143.3 -0.30728 4.8191 0.075732 0.040785 0.00013349 0
1669.9 10547 2.3863 -0.20905 142.65 -0.30929 4.8272 0.075573 0.071465 0.00013271 0
1670.4 10526 2.3863 -0.20906 142.5 -0.3097 4.8298 0.075551 0.072899 0.00013261 0
1671.7 10471 2.3863 -0.20909 142.12 -0.31081 4.8357 0.075465 0.061293 0.00013231 0
1674.4 10350 2.3863 -0.20915 141.29 -0.31267 4.8431 0.075106 0.014431 0.00013083 0
1678.3 10183 2.3863 -0.20923 140.16 -0.31477 4.8405 0.074588 -0.030219 0.00012806 0
1682.6 9994.1 2.3863 -0.20932 138.92 -0.31731 4.8295 0.074044 -0.038604 0.00012448 0
1686.8 9813 2.3863 -0.2094 137.74 -0.31904 4.8218 0.073628 -0.0095049 0.00012117 0
1690.2 9667.3 2.3864 -0.20947 136.76 -0.31984 4.8257 0.07343 0.043503 0.00011895 0
1692.3 9578.8 2.3864 -0.20951 136.15 -0.32022 4.8347 0.073394 0.074188 0.00011811 0
1692.8 9557.3 2.3864 -0.20952 136 -0.32032 4.8375 0.073386 0.075625 0.00011801 0
1694 9503.4 2.3864 -0.20955 135.63 -0.32045 4.844 0.07334 0.064198 0.00011769 0
1696.8 9385.3 2.3864 -0.2096 134.78 -0.3203 4.8525 0.073169 0.017625 0.00011611 0
1700.6 9222.6 2.3864 -0.20968 133.55 -0.3197 4.8505 0.073002 -0.027352 0.00011316 0
1705 9041.2 2.3864 -0.20976 132.11 -0.31912 4.8398 0.072887 -0.035295 0.00010933 0
1709.2 8868.8 2.3864 -0.20985 130.68 -0.31861 4.8328 0.072795 -0.0052122 0.0001058 0
1712.6 8731.2 2.3864 -0.20991 129.52 -0.31848 4.8379 0.072737 0.046251 0.00010342 0
1714.6 8647.8 2.3864 -0.20995 128.81 -0.31874 4.8477 0.072722 0.074626 0.00010253 0
1715.1 8627.5 2.3864 -0.20996 128.64 -0.31886 4.8507 0.072714 0.075564 0.00010242 0
1716.6 8566.7 2.3864 -0.20999 128.13 -0.31918 4.8586 0.072644 0.05841 0.00010207 0
1720 8433.4 2.3864 -0.21005 127.02 -0.31994 4.8659 0.072353 -0.0024095 0.00010037 0
1724.6 8249.1 2.3864 -0.21014 125.55 -0.32218 4.8557 0.071814 -0.04773 9.7206e-05 0
1729.8 8041.5 2.3865 -0.21023 124.05 -0.32701 4.8347 0.070808 -0.053622 9.3092e-05 0
1734.8 7840.7 2.3865 -0.21032 122.81 -0.33344 4.8181 0.06941 -0.025857 8.9291e-05 0
1738.9 7676.8 2.3865 -0.2104 121.97 -0.33959 4.8192 0.068193 0.035216 8.6731e-05 0
1741.3 7575.9 2.3865 -0.21044 121.51 -0.34358 4.8303 0.067667 0.075199 8.5767e-05 0
1742 7551.2 2.3865 -0.21045 121.41 -0.34456 4.8341 0.067591 0.077196 8.565e-05 0
1743.5 7489.2 2.3865 -0.21048 121.16 -0.34676 4.8427 0.067271 0.06191 8.5271e-05 0
1746.8 7351.7 2.3865 -0.21054 120.63 -0.35134 4.8517 0.065712 0.0043585 8.3438e-05 0
1751.4 7158.1 2.3865 -0.21062 119.94 -0.35986 4.8435 0.062694 -0.042651 8.0004e-05 0
1756.6 6934.3 2.3865 -0.21071 119.31 -0.37425 4.8239 0.058509 -0.049563 7.554e-05 0
1761.6 6711 2.3865 -0.2108 118.97 -0.39177 4.8091 0.054276 -0.020291 7.1409e-05 0
1765.7 6523.4 2.3865 -0.21087 118.92 -0.40702 4.8121 0.051187 0.042117 6.8624e-05 0
1768.2 6405.7 2.3865 -0.21091 118.99 -0.41597 4.8246 0.049928 0.081564 6.7573e-05 0
1768.8 6376.6 2.3865 -0.21092 119.01 -0.41798 4.8287 0.049746 0.083572 6.7444e-05 0
1770.3 6303.3 2.3865 -0.21094 119.08 -0.42247 4.8381 0.048999 0.069001 6.703e-05 0
1773.6 6139 2.3866 -0.211 119.27 -0.43235 4.8492 0.04536 0.01303 6.502e-05 0
1778.2 5902.7 2.3866 -0.21108 119.94 -0.45233 4.8446 0.038687 -0.032942 6.1247e-05 0
1783.5 5617.6 2.3866 -0.21116 122.26 -0.48617 4.8307 0.030915 -0.036492 5.6333e-05 0
1788.5 5316.4 2.3866 -0.21125 126.5 -0.52109 4.823 0.025403 -0.0023014 5.1775e-05 0
1792.5 5052.2 2.3866 -0.21132 130.52 -0.54043 4.8313 0.023017 0.060933 4.8692e-05 0
1795 4883.8 2.3866 -0.21136 132.74 -0.54561 4.846 0.022443 0.098569 4.7526e-05 0
1795.6 4842.1 2.3866 -0.21137 133.22 -0.54598 4.8506 0.022327 0.10053 4.7383e-05 0
1797.1 4737.3 2.3866 -0.2114 134.34 -0.5458 4.8613 0.021683 0.087667 4.6919e-05 0
1800.4 4503.6 2.3866 -0.21146 136.61 -0.54479 4.8767 0.018857 0.035775 4.4666e-05 0
1805.1 4171.9 2.3866 -0.21155 139.5 -0.54819 4.8799 0.015045 -0.012303 4.0422e-05 0
1810.3 3787.3 2.3866 -0.21164 141.86 -0.55214 4.8733 0.013034 -0.022151 3.4872e-05 0
1815.3 3415 2.3867 -0.21174 142.53 -0.53997 4.8707 0.014634 0.01336 2.9698e-05 0
1819.4 3126.1 2.3867 -0.21181 141.12 -0.50757 4.8859 0.018099 0.082981 2.6176e-05 0
1821.8 2961.9 2.3867 -0.21186 139.08 -0.47827 4.9078 0.020173 0.12245 2.4829e-05 0
1822.4 2923.7 2.3867 -0.21187 138.46 -0.47062 4.9143 0.020419 0.1249 2.4662e-05 0
1823.9 2831.2 2.3867 -0.2119 136.76 -0.45194 4.9301 0.021008 0.11611 2.4246e-05 0
1827.3 2644.4 2.3867 -0.21196 132.13 -0.40826 4.9587 0.024324 0.077266 2.141e-05 0
1831.9 2429.2 2.3867 -0.21205 122.64 -0.33623 4.984 0.03206 0.046847 1.6504e-05 0
1837.1 2251.2 2.3868 -0.21213 109.55 -0.26396 5.0144 0.043102 0.080392 9.8135e-06 0
1842.1 2124.4 2.3868 -0.21221 98.646 -0.2356 5.0758 0.052982 0.16816 3.41e-06 0
1846.2 2032.6 2.3868 -0.21226 92.324 -0.24952 5.1629 0.05821 0.25681 0 0
1848.7 1974.7 2.3868 -0.21229 89.75 -0.27354 5.2322 0.059322 0.29649 0 0
1849.3 1959.9 2.3868 -0.2123 89.272 -0.28077 5.2502 0.059373 0.29957 0 0
