time (s) altitude (m) velocity (m/s) mass (kg)trajectory angle (rad) angle of attack (rad) heading angle (rad) latitude (rad)
0 90 30 29388 1.5691 0 0.019351 -0.2123 2.3868
0.14025 94.241 30.474 29368 1.569 -0.00044962 0.03804 -0.2123 2.3868
0.44929 103.82 31.523 29323 1.5688 -0.0014351 0.076603 -0.2123 2.3868
0.87899 117.68 32.991 29261 1.5683 -0.0027729 0.12113 -0.2123 2.3868
1.3639 134.08 34.66 29192 1.5673 -0.0042079 0.15784 -0.2123 2.3868
1.8302 150.62 36.278 29124 1.5659 -0.0055005 0.18245 -0.2123 2.3868
2.2068 164.53 37.595 29070 1.5645 -0.0064807 0.19694 -0.2123 2.3868
2.4367 173.26 38.402 29037 1.5636 -0.0070521 0.20406 -0.2123 2.3868
2.4927 175.42 38.6 29029 1.5633 -0.0071889 0.20564 -0.2123 2.3868
2.633 180.87 39.094 29009 1.5627 -0.007528 0.20932 -0.2123 2.3868
2.942 193.12 40.189 28964 1.5611 -0.0082499 0.21636 -0.2123 2.3868
3.3717 210.72 41.72 28902 1.5586 -0.0091876 0.22418 -0.2123 2.3868
3.8566 231.37 43.461 28833 1.5554 -0.010151 0.231 -0.2123 2.3868
4.3229 252.02 45.149 28765 1.5519 -0.01098 0.23611 -0.2123 2.3868
4.6996 269.28 46.522 28711 1.5488 -0.011583 0.23947 -0.2123 2.3868
4.9294 280.07 47.364 28678 1.5468 -0.011921 0.24126 -0.2123 2.3868
4.9854 282.73 47.57 28670 1.5462 -0.012001 0.24167 -0.2123 2.3868
5.1257 289.43 48.086 28650 1.5449 -0.012197 0.24265 -0.2123 2.3868
5.4347 304.46 49.227 28605 1.5419 -0.012601 0.24463 -0.2123 2.3868
5.8644 325.95 50.823 28543 1.5375 -0.013095 0.247 -0.2123 2.3868
6.3493 351.02 52.638 28474 1.532 -0.013556 0.24925 -0.2123 2.3868
6.8156 375.95 54.398 28407 1.5264 -0.013901 0.25108 -0.2123 2.3868
7.1923 396.69 55.829 28352 1.5215 -0.014112 0.25236 -0.2123 2.3868
7.4221 409.6 56.707 28319 1.5184 -0.014211 0.25308 -0.2123 2.3868
7.4781 412.78 56.922 28311 1.5177 -0.014233 0.25324 -0.2123 2.3868
7.6184 420.79 57.46 28291 1.5157 -0.014282 0.25364 -0.2123 2.3868
7.9274 438.7 58.65 28246 1.5113 -0.014365 0.25448 -0.2123 2.3868
8.3571 464.21 60.315 28185 1.505 -0.014411 0.25552 -0.2123 2.3868
8.842 493.84 62.209 28115 1.4974 -0.014367 0.25655 -0.2123 2.3868
9.3083 523.19 64.046 28048 1.4898 -0.014228 0.25743 -0.2123 2.3868
9.685 547.51 65.541 27993 1.4833 -0.014048 0.25807 -0.2123 2.3868
9.9148 562.62 66.458 27960 1.4793 -0.013909 0.25844 -0.2123 2.3868
9.9708 566.33 66.683 27952 1.4783 -0.013872 0.25852 -0.2123 2.3868
10.111 575.68 67.245 27932 1.4758 -0.013777 0.25873 -0.2123 2.3868
10.42 596.56 68.489 27888 1.4702 -0.013541 0.25917 -0.2123 2.3868
10.85 626.2 70.232 27826 1.4622 -0.013146 0.25973 -0.2123 2.3868
11.335 660.51 72.216 27756 1.4528 -0.012606 0.26031 -0.2123 2.3868
11.801 694.38 74.143 27689 1.4435 -0.01199 0.26082 -0.2123 2.3868
12.178 722.36 75.712 27634 1.4358 -0.011427 0.26119 -0.2123 2.3868
12.408 739.7 76.675 27601 1.4311 -0.011056 0.26141 -0.2123 2.3868
12.464 743.96 76.911 27593 1.4299 -0.010963 0.26146 -0.2123 2.3868
12.697 761.87 77.896 27560 1.425 -0.010569 0.26167 -0.2123 2.3868
13.212 802.09 80.085 27486 1.4139 -0.0096205 0.2621 -0.2123 2.3868
13.929 859.75 83.166 27382 1.3982 -0.0081082 0.26264 -0.2123 2.3868
14.737 927.26 86.698 27266 1.38 -0.0061321 0.26319 -0.2123 2.3868
15.514 994.6 90.148 27154 1.3621 -0.0039576 0.26365 -0.2123 2.3868
16.142 1050.7 92.972 27064 1.3476 -0.0020159 0.264 -0.2123 2.3868
16.525 1085.8 94.711 27009 1.3387 -0.00075283 0.26419 -0.2123 2.3868
16.618 1094.4 95.137 26995 1.3365 -0.0004395 0.26424 -0.2123 2.3868
16.852 1116.1 96.208 26962 1.3311 0.00035416 0.26435 -0.2123 2.3868
17.367 1164.8 98.591 26888 1.3193 0.0021618 0.26459 -0.2123 2.3868
18.083 1234.2 101.95 26784 1.3031 0.0048201 0.2649 -0.2123 2.3868
18.891 1314.9 105.8 26668 1.2851 0.0079747 0.26522 -0.2123 2.3869
19.668 1395 109.57 26556 1.2683 0.011069 0.26551 -0.21229 2.3869
20.296 1461.5 112.65 26466 1.2552 0.013537 0.26573 -0.21229 2.3869
20.679 1502.8 114.56 26411 1.2474 0.015019 0.26586 -0.21229 2.3869
20.773 1512.9 115.02 26397 1.2456 0.015377 0.26589 -0.21229 2.3869
21.006 1538.5 116.19 26364 1.2409 0.016271 0.26597 -0.21229 2.3869
21.521 1595.7 118.79 26290 1.2309 0.018199 0.26613 -0.21229 2.3869
22.238 1676.9 122.45 26187 1.2176 0.020731 0.26634 -0.21229 2.3869
23.046 1771.1 126.64 26070 1.2034 0.023345 0.26657 -0.21229 2.3869
23.823 1864.2 130.72 25958 1.1906 0.025605 0.26678 -0.21229 2.3869
24.451 1941.2 134.06 25868 1.1809 0.027251 0.26695 -0.21229 2.3869
24.834 1989 136.12 25813 1.1752 0.028179 0.26704 -0.21229 2.3869
24.927 2000.8 136.62 25800 1.1739 0.028399 0.26707 -0.21229 2.3869
26.155 2158.7 143.31 25623 1.1572 0.031044 0.26737 -0.21228 2.3869
28.723 2510.1 157.71 25254 1.1288 0.0342 0.26794 -0.21228 2.3869
31.932 2991.3 176.47 24792 1.1032 0.034702 0.26859 -0.21227 2.387
34.923 3484.6 194.77 24362 1.0881 0.034597 0.26914 -0.21226 2.387
36.894 3835.1 207.28 24078 1.0833 0.034621 0.26949 -0.21225 2.387
37.391 3926.7 210.48 24007 1.0828 0.034605 0.26958 -0.21225 2.387
38.619 4159.3 218.49 23830 1.0826 0.034765 0.26979 -0.21224 2.3871
41.186 4674.7 235.7 23461 1.0878 0.034623 0.27023 -0.21223 2.3871
44.395 5378.7 258.02 23000 1.1046 0.03487 0.27077 -0.21221 2.3872
47.386 6101.5 279.86 22570 1.1304 0.033379 0.27127 -0.2122 2.3872
49.358 6615.6 294.04 22287 1.1476 0.029558 0.27162 -0.21219 2.3872
49.854 6749.5 297.3 22215 1.1508 0.028528 0.2717 -0.21219 2.3873
50.088 6813.1 298.83 22182 1.1522 0.027938 0.27174 -0.21219 2.3873
50.603 6954.6 302.11 22108 1.1549 0.026551 0.27184 -0.21218 2.3873
51.319 7154.1 306.51 22005 1.1577 0.024419 0.27196 -0.21218 2.3873
52.127 7382.9 311.26 21889 1.1594 0.02173 0.2721 -0.21218 2.3873
52.904 7606.2 315.64 21777 1.1595 0.018859 0.27224 -0.21217 2.3873
53.532 7788.8 319.08 21687 1.1584 0.016343 0.27235 -0.21217 2.3873
53.915 7901.1 321.13 21632 1.1572 0.014721 0.27242 -0.21217 2.3873
54.009 7928.6 321.63 21618 1.1568 0.014317 0.27244 -0.21217 2.3873
54.242 7997.5 322.87 21585 1.1558 0.013292 0.27248 -0.21216 2.3873
54.757 8150.2 325.57 21511 1.153 0.010958 0.27256 -0.21216 2.3873
55.474 8364.3 329.29 21408 1.1478 0.0075213 0.27269 -0.21216 2.3874
56.282 8608.1 333.45 21292 1.14 0.0034553 0.27282 -0.21215 2.3874
57.059 8844.5 337.47 21180 1.1307 -0.00039064 0.27295 -0.21215 2.3874
57.687 9036.7 340.76 21090 1.1219 -0.0033191 0.27305 -0.21214 2.3874
58.07 9154.5 342.8 21035 1.1161 -0.0050325 0.27312 -0.21214 2.3874
58.163 9183.2 343.3 21021 1.1146 -0.005439 0.27313 -0.21214 2.3874
58.397 9255.4 344.57 20988 1.1108 -0.0064488 0.27317 -0.21214 2.3874
58.912 9414.7 347.4 20914 1.1021 -0.0085935 0.27325 -0.21214 2.3874
59.628 9637.2 351.45 20811 1.089 -0.011379 0.27336 -0.21213 2.3875
60.436 9889.5 356.18 20695 1.0732 -0.014248 0.27348 -0.21213 2.3875
61.213 10133 360.89 20583 1.0571 -0.016724 0.27359 -0.21212 2.3875
61.841 10331 364.81 20493 1.0435 -0.018529 0.27368 -0.21211 2.3875
62.224 10452 367.25 20438 1.035 -0.019543 0.27373 -0.21211 2.3875
62.318 10481 367.85 20424 1.0329 -0.019782 0.27374 -0.21211 2.3875
63.228 10769 373.82 20293 1.0119 -0.021903 0.27387 -0.2121 2.3876
65.194 11394 387.52 20011 0.96437 -0.025218 0.27412 -0.21209 2.3876
67.818 12231 407.71 19634 0.89926 -0.026734 0.27443 -0.21206 2.3877
70.581 13113 431.59 19237 0.83307 -0.02555 0.27473 -0.21203 2.3878
72.936 13865 454.17 18898 0.78043 -0.024846 0.27498 -0.212 2.3879
74.416 14338 469.43 18685 0.74879 -0.025498 0.27512 -0.21198 2.388
74.781 14455 473.33 18633 0.74111 -0.025753 0.27516 -0.21197 2.388
75.692 14746 483.26 18502 0.72215 -0.026619 0.27525 -0.21196 2.3881
77.657 15373 505.82 18219 0.6818 -0.02968 0.27543 -0.21193 2.3882
80.282 16207 538.35 17842 0.62806 -0.036495 0.27567 -0.21188 2.3884
83.045 17074 575.87 17444 0.57023 -0.046761 0.27591 -0.21182 2.3886
85.399 17798 610.98 17106 0.52019 -0.056314 0.2761 -0.21177 2.3888
86.879 18244 634.78 16893 0.48928 -0.061326 0.27622 -0.21174 2.3889
87.245 18353 640.87 16840 0.48182 -0.062421 0.27625 -0.21173 2.3889
88.155 18621 656.42 16709 0.46356 -0.06494 0.27633 -0.21171 2.389
90.121 19191 691.81 16426 0.426 -0.069218 0.27649 -0.21166 2.3892
92.745 19928 742.79 16048 0.3801 -0.072149 0.27669 -0.21158 2.3894
95.508 20674 800.8 15650 0.33669 -0.072858 0.27691 -0.2115 2.3897
97.863 21285 853.47 15311 0.30264 -0.072848 0.27709 -0.21142 2.39
99.343 21656 887.98 15098 0.28211 -0.07232 0.2772 -0.21137 2.3902
99.708 21746 896.66 15046 0.27713 -0.072012 0.27723 -0.21135 2.3903
100.62 21967 918.55 14915 0.26481 -0.071175 0.2773 -0.21132 2.3904
102.58 22429 966.99 14631 0.23865 -0.068188 0.27745 -0.21124 2.3907
105.21 23005 1033.9 14253 0.2044 -0.061323 0.27766 -0.21113 2.3911
107.97 23553 1106.9 13855 0.16954 -0.05111 0.27787 -0.21101 2.3915
110.33 23968 1171.4 13516 0.14166 -0.042257 0.27806 -0.21089 2.3919
111.81 24203 1213.3 13303 0.12517 -0.037859 0.27818 -0.21082 2.3922
112.17 24257 1223.8 13250 0.1212 -0.036888 0.27821 -0.2108 2.3923
112.35 24283 1228.9 13225 0.11931 -0.036448 0.27822 -0.21079 2.3923
112.73 24339 1240.1 13169 0.11518 -0.035511 0.27825 -0.21077 2.3924
113.27 24414 1255.9 13092 0.10951 -0.034299 0.2783 -0.21074 2.3925
113.88 24495 1273.8 13004 0.1032 -0.033058 0.27834 -0.21071 2.3926
114.46 24570 1291.2 12920 0.097233 -0.031979 0.27839 -0.21068 2.3927
114.93 24628 1305.4 12852 0.092474 -0.031155 0.27843 -0.21065 2.3928
115.22 24662 1314.2 12811 0.089599 -0.030659 0.27845 -0.21063 2.3928
115.29 24671 1316.3 12801 0.088902 -0.030538 0.27846 -0.21063 2.3929
115.46 24691 1321.6 12776 0.087163 -0.030234 0.27847 -0.21062 2.3929
115.85 24735 1333.5 12720 0.083363 -0.029554 0.2785 -0.2106 2.393
116.39 24793 1350 12642 0.078162 -0.02855 0.27855 -0.21057 2.3931
116.99 24855 1368.9 12555 0.07243 -0.027289 0.2786 -0.21053 2.3932
117.58 24911 1387.1 12471 0.067082 -0.025932 0.27865 -0.2105 2.3933
118.05 24953 1402 12403 0.0629 -0.024731 0.27868 -0.21047 2.3934
118.33 24978 1411.1 12362 0.060417 -0.023952 0.27871 -0.21045 2.3935
118.4 24984 1413.3 12352 0.05982 -0.023757 0.27871 -0.21045 2.3935
118.58 24999 1418.9 12326 0.058341 -0.023263 0.27873 -0.21044 2.3936
118.97 25030 1431.2 12271 0.055163 -0.02213 0.27876 -0.21041 2.3936
119.5 25071 1448.5 12193 0.050942 -0.020446 0.27881 -0.21038 2.3938
120.11 25114 1468 12106 0.046493 -0.018393 0.27886 -0.21034 2.3939
120.69 25152 1486.8 12022 0.04257 -0.016262 0.27891 -0.2103 2.394
121.16 25181 1502.2 11954 0.039686 -0.014432 0.27894 -0.21027 2.3941
121.45 25198 1511.5 11913 0.038063 -0.013267 0.27897 -0.21026 2.3942
121.52 25202 1513.8 11902 0.037684 -0.012978 0.27898 -0.21025 2.3942
121.69 25212 1519.5 11877 0.036765 -0.012249 0.27899 -0.21024 2.3943
122.08 25233 1532.2 11821 0.034881 -0.010596 0.27902 -0.21021 2.3943
122.62 25261 1549.9 11744 0.032522 -0.0081899 0.27907 -0.21018 2.3945
123.22 25291 1570 11657 0.030201 -0.0053272 0.27912 -0.21014 2.3946
123.81 25317 1589.6 11573 0.028333 -0.0024281 0.27917 -0.2101 2.3948
124.28 25338 1605.5 11505 0.027089 -2.1778e-06 0.27921 -0.21007 2.3949
124.57 25351 1615.4 11463 0.02645 0.0014969 0.27924 -0.21005 2.3949
124.64 25354 1617.8 11453 0.026308 0.0018621 0.27924 -0.21004 2.395
