5 0 4.7148 1.4034 1.1018
5 1 4.6346 1.5458 1.1329
5 2 4.5519 1.7073 1.1664
5 3 4.467 1.8882 1.2022
5 4 4.3804 2.0885 1.2403
5 5 4.2922 2.3083 1.2808
5 6 4.2026 2.5477 1.3238
5 7 4.1119 2.8066 1.3694
5 8 4.0204 3.0849 1.4175
6 0 5.5852 1.545 1.1328
6 1 5.4722 1.7412 1.1733
6 2 5.356 1.9656 1.2171
6 3 5.2371 2.2184 1.2644
6 4 5.1158 2.4999 1.3153
6 5 4.9928 2.8102 1.37
6 6 4.8683 3.1491 1.4286
6 7 4.743 3.5166 1.4911
6 8 4.6173 3.9126 1.5578
7 0 6.4269 1.7061 1.1662
7 1 6.2745 1.9654 1.2171
7 2 6.118 2.2637 1.2727
7 3 5.9582 2.6015 1.3333
7 4 5.7958 2.979 1.3993
7 5 5.6318 3.3962 1.4707
7 6 5.467 3.8531 1.5478
7 7 5.3024 4.3494 1.6306
7 8 5.1389 4.8848 1.7193
8 0 7.239 1.8872 1.202
8 1 7.0405 2.2189 1.2645
8 2 6.8369 2.6025 1.3335
8 3 6.6297 3.0383 1.4095
8 4 6.4204 3.5267 1.4928
8 5 6.2104 4.0676 1.5837
8 6 6.0013 4.6609 1.6823
8 7 5.7944 5.306 1.7887
8 8 5.591 6.0026 1.9029
9 0 8.0211 2.0886 1.2403
9 1 7.7695 2.5022 1.3157
9 2 7.5123 2.9824 1.3999
9 3 7.2519 3.5295 1.4933
9 4 6.9908 4.1438 1.5964
9 5 6.7311 4.8252 1.7095
9 6 6.4752 5.5732 1.8326
9 7 6.2248 6.3873 1.9658
9 8 5.9811 7.2667 2.1092
10 0 8.7724 2.3104 1.2812
10 1 8.4611 2.8156 1.3709
10 2 8.1444 3.4039 1.472
10 3 7.8259 4.0756 1.585
10 4 7.5093 4.8308 1.7104
10 5 7.1977 5.6693 1.8483
10 6 6.8939 6.5906 1.999
10 7 6.5998 7.5937 2.1624
10 8 6.3167 8.6778 2.3385
