0 33000 2850 3300 45738 0.05236 4534.7 1.78
0.63335 33931 2865.5 3249.5 39885 0.054009 4061.7 1.7797
1.887 36921 3162.8 3065.5 30549 0.063001 3359.9 1.7784
3.2771 39132 3548.6 2911.2 27569 0.073852 3237.3 1.7769
4.2729 40111 3570.2 2860.4 24147 0.077909 2950.8 1.7762
4.5317 40193 3596 2854.1 24202 0.07829 2983.6 1.7761
5.165 40524 3618.7 2835.7 23348 0.07955 2966 1.7758
6.4187 41515 3691 2776.4 21027 0.085086 2885.2 1.7747
7.8088 42644 3762.1 2708.7 18570 0.091323 2577.7 1.7734
8.8046 43288 3792.5 2674.4 17215 0.093957 2365.5 1.7727
9.0633 43409 3797.8 2668.7 16969 0.094198 2335.2 1.7726
9.3944 43551 3804.8 2662.1 16692 0.094382 2308.2 1.7726
10.109 43913 3826.3 2644.1 16040 0.095384 2275.5 1.7723
11.063 44427 3861 2617.6 15193 0.097117 2249.7 1.7717
12.068 44972 3899.7 2589.4 14361 0.098992 2215.2 1.7711
12.924 45410 3930.2 2568 13725 0.10024 2171.5 1.7707
13.462 45661 3945.7 2556.7 13359 0.1007 2134.7 1.7705
13.595 45717 3948.7 2554.4 13276 0.10074 2123.8 1.7705
13.926 45859 3957 2548.4 13072 0.10088 2101 1.7705
14.641 46188 3983 2532.9 12658 0.10158 2076.3 1.7702
15.595 46637 4023.5 2510.8 12143 0.10279 2052.1 1.7697
16.6 47112 4068.4 2487.5 11648 0.1041 2034.8 1.7692
17.456 47508 4103.5 2469.2 11273 0.105 2002.6 1.7689
17.994 47750 4121.2 2459 11028 0.10535 1969.8 1.7687
18.127 47808 4124.4 2456.9 10964 0.10539 1959.6 1.7687
18.458 47952 4133.3 2451.2 10813 0.1055 1939.8 1.7687
19.172 48263 4161.1 2437.6 10537 0.10602 1923 1.7684
20.127 48676 4205 2418.5 10215 0.10689 1920 1.768
21.131 49110 4253.2 2398.5 9892.6 0.10786 1910.6 1.7676
21.987 49482 4289.4 2382.4 9600.6 0.10856 1872.6 1.7673
22.525 49721 4307.8 2373.1 9395.2 0.10885 1835.6 1.7671
22.658 49781 4311 2371 9337.7 0.10888 1824.6 1.7671
22.913 49897 4317.3 2367 9229.6 0.10895 1804.8 1.7671
23.475 50139 4336.4 2357.6 9031 0.1092 1774.9 1.767
24.256 50465 4367.3 2344.2 8790.8 0.10965 1743.2 1.7667
25.138 50826 4404.6 2329 8543.6 0.11021 1708.9 1.7664
25.986 51176 4439.2 2314.7 8318.4 0.11071 1670.6 1.7662
26.67 51467 4464.1 2303.5 8131.6 0.11105 1633.7 1.766
27.088 51656 4476.1 2297 7997.5 0.11119 1605.9 1.766
27.19 51704 4478.4 2295.4 7960.9 0.11121 1598.3 1.7659
27.392 51800 4483.1 2292.4 7888.7 0.11125 1583.8 1.7659
27.844 51999 4496.3 2285.4 7752.6 0.11138 1557.9 1.7659
28.49 52269 4518 2275.5 7583.6 0.1116 1527 1.7657
29.251 52576 4545.7 2263.8 7404.9 0.11189 1493.8 1.7656
30.036 52890 4574.3 2251.8 7225.5 0.1122 1457.8 1.7654
30.751 53183 4599.2 2241.1 7055.3 0.11246 1421.1 1.7652
31.308 53425 4616.5 2232.8 6907.4 0.11262 1388.7 1.7651
31.641 53580 4625.1 2227.9 6806.2 0.11269 1366.9 1.7651
31.722 53620 4626.8 2226.7 6778.9 0.1127 1361.2 1.7651
31.924 53718 4631.4 2223.7 6713.1 0.11273 1347.4 1.7651
32.376 53919 4643.9 2217.2 6590.1 0.11282 1321.5 1.765
33.021 54185 4664 2207.9 6438.6 0.11296 1289.5 1.7649
33.783 54484 4689.3 2197.2 6279.4 0.11315 1254.6 1.7647
34.568 54790 4715.3 2186.3 6119.7 0.11335 1218.2 1.7646
35.282 55078 4738 2176.3 5967.6 0.11352 1183 1.7645
35.84 55319 4754.1 2168.5 5834.7 0.11363 1153 1.7644
36.173 55478 4762.3 2163.7 5743.5 0.11368 1133.4 1.7644
36.253 55519 4764 2162.6 5718.9 0.11369 1128.4 1.7644
36.508 55644 4769.8 2158.9 5646.5 0.11371 1113.5 1.7643
37.07 55884 4785.3 2151.2 5519.2 0.11379 1086.9 1.7643
37.851 56187 4808.7 2140.9 5370.7 0.11392 1054.7 1.7641
38.733 56510 4836 2129.5 5221.1 0.1141 1019.7 1.764
39.581 56830 4861.5 2118.5 5072.4 0.11428 983.69 1.7638
40.265 57112 4880.6 2109.5 4937 0.11441 951.83 1.7637
40.683 57309 4890.7 2103.7 4838.2 0.11446 930.32 1.7637
40.785 57361 4892.9 2102.2 4811.1 0.11447 924.77 1.7637
41.008 57443 4899.1 2099.5 4774.7 0.11451 917.15 1.7636
41.475 57509 4915.7 2094.9 4767.7 0.11464 913.84 1.7635
42.058 57535 4936.8 2090 4793.1 0.11483 915.76 1.7632
42.602 57575 4955.5 2085.3 4805.6 0.11502 915.17 1.763
42.961 57668 4965.7 2081.4 4770.3 0.11511 906.95 1.7629
43.051 57705 4967.8 2080.3 4752.4 0.11512 903.31 1.7629
43.274 57788 4973.1 2077.6 4713.4 0.11515 895.36 1.7628
43.741 57854 4985.8 2073.4 4698.7 0.11522 890.87 1.7627
44.324 57878 5001.7 2068.9 4714.6 0.11533 891.31 1.7624
44.868 57916 5015.9 2064.6 4718.9 0.11544 889.56 1.7622
45.226 58009 5024.2 2061 4680 0.1155 880.95 1.7622
45.317 58046 5026.1 2059.8 4661.6 0.11551 877.28 1.7622
45.54 58130 5030.7 2057.2 4621.4 0.11552 869.27 1.7621
46.007 58195 5040.6 2053.3 4601.9 0.11555 864.28 1.762
46.59 58217 5052.8 2049.2 4611.4 0.11558 864.12 1.7618
47.134 58254 5063.7 2045.2 4610.4 0.11562 861.99 1.7616
47.492 58346 5070.7 2041.7 4569.7 0.11565 853.38 1.7615
47.583 58384 5072.4 2040.6 4551.2 0.11566 849.75 1.7615
47.806 58469 5076.6 2038 4510.5 0.11567 841.79 1.7615
48.273 58534 5084.6 2034.3 4488 0.11565 836.5 1.7614
48.856 58554 5093.9 2030.5 4493.1 0.11561 835.79 1.7612
49.4 58589 5102.4 2026.8 4488.5 0.1156 833.22 1.761
49.758 58681 5108.4 2023.4 4446.8 0.11561 824.56 1.761
49.848 58719 5110 2022.3 4428.3 0.11561 820.98 1.761
50.103 58855 5115 2018.8 4361.9 0.11563 808.24 1.761
50.665 59113 5125.2 2011.7 4238.7 0.11565 784.07 1.7609
51.446 59437 5138.8 2002.4 4090 0.11567 753.76 1.7609
52.328 59780 5153.5 1992.3 3937.7 0.1157 720.93 1.7608
53.176 60121 5167.4 1982.4 3790.2 0.11575 688.29 1.7607
53.86 60423 5178.7 1974.1 3662.2 0.11581 660.61 1.7607
54.278 60635 5186.2 1968.6 3574.4 0.11584 642.81 1.7607
54.38 60691 5188.1 1967.1 3551.2 0.11584 638.36 1.7607
54.621 60612 5182.8 1967.1 3580.2 0.11583 642.55 1.7606
55.049 60094 5154.9 1972.4 3785 0.11574 675.95 1.7603
55.413 59794 5135.1 1974.9 3902.5 0.11568 694.39 1.7601
55.513 59781 5132.3 1974.7 3904.8 0.11566 694.32 1.76
55.754 59703 5122.6 1974.7 3929.1 0.11558 697.37 1.7599
56.182 59187 5081.4 1980.1 4127.5 0.11529 728.46 1.7596
56.545 58885 5054.1 1982.7 4242.3 0.11508 745.72 1.7594
56.646 58871 5050.3 1982.5 4243.9 0.11504 745.43 1.7594
56.886 58786 5038.9 1982.6 4269.8 0.11489 748.56 1.7593
57.315 58251 4993.1 1988.3 4484.2 0.11436 781.61 1.7591
57.678 57931 4964.3 1991 4613.7 0.114 800.96 1.7589
57.779 57913 4960.5 1990.9 4616.9 0.11393 800.93 1.7588
58.019 57816 4950 1991.1 4653.3 0.1137 805.82 1.7588
58.448 57238 4909.3 1997.3 4918.2 0.11294 847.15 1.7585
58.811 56884 4885.2 2000.4 5087.9 0.11241 873.25 1.7583
58.912 56861 4882.2 2000.3 5096 0.11231 874.1 1.7583
59.077 56925 4884.1 1998.3 5060.1 0.11227 867.46 1.7583
59.435 56991 4885 1995.3 5020.5 0.11209 858.96 1.7583
59.912 57020 4884.6 1992.1 5001.8 0.11178 853.15 1.7582
60.414 57028 4884.7 1989.1 4996.8 0.11142 849.51 1.7581
60.842 57070 4887 1986 4975.7 0.11117 844.17 1.7581
61.111 57140 4890.1 1983.4 4939.5 0.11106 837.4 1.7581
61.178 57167 4891.3 1982.5 4925 0.11104 834.86 1.7581
61.343 57227 4894.1 1980.6 4894.1 0.11099 829.39 1.7581
61.7 57279 4899.1 1977.7 4873.1 0.11075 825.19 1.758
62.178 57280 4906.2 1974.9 4886 0.11034 826.46 1.758
62.68 57258 4914.6 1972.3 4916.4 0.10988 830.71 1.7579
63.108 57279 4923.2 1969.4 4920.8 0.10955 830.86 1.7579
63.377 57340 4928.9 1966.9 4895 0.10942 826.22 1.7578
63.443 57367 4930.4 1966 4881.8 0.1094 823.95 1.7578
63.646 57464 4934.8 1963.3 4832 0.10938 815.44 1.7578
64.098 57648 4945.4 1957.6 4743.2 0.10927 800.4 1.7578
64.743 57874 4961.7 1950.1 4641.6 0.10906 783.43 1.7578
65.504 58111 4982.4 1941.8 4544.2 0.10879 767.39 1.7578
66.29 58349 5004.8 1933.3 4450.5 0.10853 752.03 1.7578
67.004 58581 5025.5 1925.4 4358.5 0.10833 736.8 1.7577
67.561 58790 5041.2 1918.8 4271.5 0.10823 722.25 1.7577
67.894 58938 5049.9 1914.4 4207.1 0.1082 711.35 1.7577
67.975 58978 5051.8 1913.3 4188.9 0.1082 708.25 1.7577
68.177 59076 5056.8 1910.5 4145.8 0.10819 700.94 1.7577
68.629 59259 5069.9 1905 4071.8 0.10811 688.88 1.7577
69.275 59483 5090.6 1897.6 3990.1 0.10795 676.18 1.7577
70.036 59716 5117.2 1889.5 3914.2 0.10776 664.93 1.7577
70.821 59951 5145.4 1881.2 3840.4 0.10758 654.03 1.7576
71.536 60184 5170.6 1873.4 3764.6 0.10747 642.37 1.7576
72.093 60396 5188.9 1866.9 3689.4 0.10743 630.22 1.7576
72.426 60547 5198.5 1862.6 3632.3 0.10742 620.62 1.7576
72.507 60588 5200.6 1861.4 3615.9 0.10743 617.82 1.7576
72.762 60709 5207.6 1858 3569.4 0.10742 609.94 1.7576
73.323 60921 5226.5 1851.5 3498.4 0.10736 598.62 1.7576
74.105 61163 5255.9 1843.3 3428.9 0.10726 588.3 1.7576
74.986 61403 5291.1 1834.6 3368.6 0.10717 579.86 1.7576
75.834 61650 5324.3 1826.1 3303 0.10715 569.41 1.7575
76.519 61891 5349.1 1818.6 3231 0.10717 557.25 1.7575
76.936 62076 5362 1813.4 3169 0.10721 546.39 1.7575
77.038 62128 5364.7 1812 3150.6 0.10723 543.14 1.7575
77.293 62254 5371.7 1808.6 3107 0.10725 535.44 1.7575
77.855 62478 5389.9 1802.1 3037.5 0.10728 523.39 1.7575
78.636 62739 5417 1794 2964.3 0.10733 510.92 1.7575
79.518 63004 5448.3 1785.3 2895.5 0.10743 499.22 1.7575
80.366 63277 5477 1776.7 2822.2 0.10758 486.51 1.7574
81.05 63537 5498.2 1769.2 2747.5 0.10773 473.32 1.7574
81.468 63733 5509.7 1764 2687.9 0.10782 462.69 1.7574
81.57 63787 5512.3 1762.6 2671 0.10784 459.67 1.7574
81.887 63851 5520.8 1760.1 2656.5 0.10791 456.94 1.7574
82.514 63692 5537 1759.7 2729.5 0.10812 469.35 1.7573
83.209 63461 5551.3 1759.7 2829.2 0.10844 486.35 1.7573
83.706 63445 5561 1757.8 2845.1 0.10866 488.84 1.7572
83.836 63489 5563.5 1756.6 2831.1 0.1087 486.31 1.7572
84.153 63562 5568.8 1754 2809.1 0.1088 482.28 1.7572
84.779 63438 5573.6 1753.2 2860.9 0.10909 491.04 1.7572
85.474 63249 5576.5 1752.8 2936.7 0.10948 504.03 1.7571
85.972 63251 5580.6 1750.7 2940.1 0.10975 504.44 1.757
86.102 63297 5582.6 1749.5 2924.2 0.1098 501.61 1.757
86.418 63377 5586.4 1746.8 2897.2 0.10992 496.94 1.757
87.045 63280 5586.3 1745.7 2934.7 0.11027 503.15 1.757
87.74 63125 5584.9 1744.9 2994.4 0.11073 511.2 1.7569
88.238 63142 5587 1742.5 2989.6 0.11104 508.78 1.7569
88.368 63191 5588.8 1741.2 2972.5 0.11109 505.62 1.7569
88.684 63277 5592.4 1738.5 2942.5 0.11122 499.83 1.7569
89.311 63203 5591.8 1737 2970.9 0.11163 502.86 1.7568
90.006 63075 5590.5 1735.8 3020.2 0.11216 509.26 1.7568
90.504 63107 5593 1733.3 3010.3 0.1125 506.43 1.7567
90.633 63157 5595 1732 2992.5 0.11256 503.21 1.7567
90.857 63245 5598.6 1729.6 2961.4 0.11265 497.62 1.7567
91.323 63303 5602.3 1726.9 2942.6 0.11292 493.58 1.7567
91.907 63308 5605.5 1724.4 2944.1 0.11331 492.76 1.7567
92.451 63335 5609.3 1721.8 2937.6 0.1137 490.74 1.7566
92.809 63433 5614.2 1718.8 2904.6 0.1139 484.68 1.7566
92.899 63474 5615.9 1717.8 2890.4 0.11394 482.19 1.7566
93.122 63567 5619.8 1715.4 2859.1 0.11402 476.65 1.7566
93.589 63638 5624.8 1712.4 2837 0.11429 472.27 1.7566
94.173 63665 5629.8 1709.7 2832 0.11469 470.62 1.7566
94.716 63711 5635 1706.9 2819.8 0.11508 467.86 1.7565
95.075 63818 5640.3 1703.8 2785 0.11528 461.63 1.7565
95.165 63861 5642.1 1702.7 2770.8 0.11531 459.17 1.7565
95.388 63958 5646.1 1700.3 2739 0.1154 453.62 1.7565
95.855 64046 5651.3 1697.2 2712.1 0.11568 448.57 1.7565
96.438 64097 5656.1 1694.2 2698.1 0.11608 445.55 1.7565
96.982 64165 5660.8 1691.1 2677.9 0.11647 441.57 1.7564
97.341 64283 5665.8 1687.9 2640.6 0.11667 435.01 1.7564
97.431 64327 5667.5 1686.8 2626.4 0.1167 432.56 1.7564
97.654 64429 5671.2 1684.3 2594 0.11679 426.95 1.7564
98.121 64535 5674.4 1681 2560.1 0.11707 420.8 1.7564
98.704 64615 5675.3 1677.7 2533.6 0.11747 415.74 1.7564
99.248 64709 5675.8 1674.3 2502.2 0.11786 409.93 1.7564
99.607 64838 5678.7 1671 2461.5 0.11806 402.83 1.7564
99.697 64884 5680.1 1669.9 2447.3 0.1181 400.39 1.7563
99.937 64840 5671.8 1669.8 2454.6 0.11832 401.6 1.7563
100.37 64431 5632.8 1674.8 2558.6 0.11898 419.12 1.7563
100.73 64213 5607 1677 2610.4 0.11945 427.89 1.7562
100.83 64213 5603.9 1676.8 2607.5 0.11953 427.39 1.7562
101.07 64179 5593.9 1676.6 2610 0.11972 427.82 1.7562
101.5 63803 5551.6 1681.1 2703.4 0.12025 443.69 1.7561
101.86 63605 5526.1 1683 2750.3 0.12063 451.66 1.7561
101.96 63607 5523.3 1682.8 2746.8 0.1207 451.07 1.7561
102.28 63739 5525.3 1679.5 2701.1 0.12081 443.21 1.7561
102.91 63834 5518.6 1675.8 2660.3 0.12113 435.91 1.756
103.6 63915 5511 1672 2624.5 0.12154 429.47 1.756
104.1 64050 5510.6 1668.1 2577 0.1218 421.25 1.756
104.23 64114 5512.3 1666.6 2556.6 0.12185 417.8 1.756
104.71 64258 5513.3 1662.5 2508.7 0.12207 409.55 1.756
105.57 64230 5498.7 1659.8 2504.9 0.12275 408.51 1.7559
106.29 64319 5493 1655.7 2470.1 0.1233 402.46 1.7559
106.49 64394 5494 1653.8 2446 0.12341 398.39 1.7559
106.98 64549 5494.7 1649.6 2396 0.12368 389.92 1.7559
107.83 64558 5477.8 1646.5 2378.5 0.12452 386.85 1.7558
108.56 64674 5469.2 1642 2334.3 0.12518 379.44 1.7558
108.76 64753 5469.6 1640.1 2309.7 0.1253 375.32 1.7558
109 64757 5461.1 1639.3 2301.4 0.12557 374 1.7558
109.43 64512 5421 1642.1 2344 0.1264 381.49 1.7558
109.79 64404 5394.4 1642.7 2355 0.12698 383.6 1.7557
109.89 64417 5391.1 1642.2 2347.9 0.12708 382.44 1.7557
110.13 64430 5380.3 1641.3 2334.6 0.12732 380.33 1.7557
110.56 64214 5333.2 1643.7 2361.5 0.12807 385.33 1.7557
110.93 64124 5303.1 1644.1 2363.3 0.12859 385.96 1.7556
111.03 64139 5299.5 1643.6 2355.1 0.12868 384.63 1.7556
111.27 64158 5288 1642.6 2339.1 0.12889 382.07 1.7556
111.69 63965 5239.5 1644.6 2356.5 0.12956 385.53 1.7556
112.06 63889 5209 1644.8 2352.9 0.13002 385.12 1.7555
112.16 63906 5205.4 1644.2 2344.2 0.1301 383.66 1.7555
112.4 63930 5194.1 1643.2 2326.7 0.13029 380.72 1.7555
112.83 63755 5146.6 1644.9 2338.3 0.13089 382.48 1.7555
113.19 63691 5117 1644.9 2331.3 0.13129 381.25 1.7555
113.29 63709 5113.4 1644.4 2322.4 0.13136 379.76 1.7554
113.53 63737 5102.6 1643.2 2304.3 0.13153 376.71 1.7554
113.96 63577 5056.8 1644.8 2311.9 0.13206 377.85 1.7554
114.32 63521 5028.4 1644.7 2302.9 0.13242 376.3 1.7554
114.42 63540 5025 1644.1 2293.9 0.13248 374.81 1.7554
114.67 63570 5014.7 1642.9 2275.4 0.13262 371.73 1.7554
115.09 63422 4970.5 1644.2 2280.1 0.13308 372.43 1.7553
115.46 63373 4943.2 1644 2269.7 0.1334 370.68 1.7553
115.56 63393 4939.9 1643.4 2260.8 0.13345 369.2 1.7553
115.8 63425 4930 1642.2 2242.2 0.13357 366.11 1.7553
116.23 63286 4887.2 1643.4 2244.6 0.13398 366.48 1.7553
116.59 63242 4860.7 1643.1 2233.2 0.13425 364.59 1.7552
116.69 63262 4857.6 1642.5 2224.4 0.13429 363.13 1.7552
116.93 63295 4847.9 1641.2 2205.8 0.13439 360.07 1.7552
117.36 63163 4806.1 1642.4 2206.3 0.13474 360.17 1.7552
117.72 63123 4780.1 1642 2194.1 0.13497 358.18 1.7552
117.82 63143 4777 1641.4 2185.5 0.13501 356.75 1.7552
118.06 63177 4767.5 1640.1 2167.1 0.13509 353.73 1.7552
118.49 63049 4726.1 1641.2 2166 0.13539 353.62 1.7551
118.86 63011 4700.3 1640.8 2153.2 0.13558 351.5 1.7551
118.96 63031 4697.3 1640.1 2144.7 0.13561 350.09 1.7551
119.2 63064 4687.8 1638.8 2126.6 0.13567 347.1 1.7551
119.63 62939 4646.3 1639.9 2124.1 0.13592 346.65 1.7551
119.99 62902 4620.5 1639.5 2110.9 0.13607 344.51 1.755
120.09 62922 4617.4 1638.8 2102.6 0.13609 343.16 1.755
120.33 62954 4607.8 1637.5 2084.8 0.13613 340.26 1.755
120.76 62830 4565.9 1638.6 2081.1 0.13633 339.82 1.755
121.12 62792 4539.7 1638.1 2067.5 0.13645 337.71 1.755
121.22 62811 4536.5 1637.5 2059.5 0.13646 336.4 1.755
121.46 62842 4526.7 1636.2 2042 0.13648 333.58 1.755
121.89 62716 4483.9 1637.3 2037.3 0.13662 333.01 1.7549
122.25 62676 4457 1636.9 2023.6 0.13671 330.91 1.7549
122.36 62694 4453.7 1636.2 2015.8 0.13671 329.65 1.7549
122.6 62723 4443.6 1634.9 1998.9 0.13671 326.92 1.7549
123.02 62593 4399.5 1636 1993.3 0.1368 326.27 1.7549
123.39 62549 4371.7 1635.7 1979.6 0.13684 324.21 1.7549
123.49 62566 4368.4 1635 1972.1 0.13684 323 1.7549
123.73 62593 4357.8 1633.8 1955.8 0.13682 320.39 1.7549
124.16 62456 4312.4 1634.9 1950 0.13685 319.75 1.7548
124.52 62407 4283.8 1634.6 1936.7 0.13685 317.79 1.7548
124.62 62423 4280.3 1634 1929.6 0.13683 316.64 1.7548
124.86 62445 4269.5 1632.7 1914.1 0.13679 314.19 1.7548
125.29 62300 4223.5 1634 1909.2 0.13676 313.75 1.7548
125.65 62243 4194.7 1633.8 1897.3 0.13671 312.05 1.7548
125.75 62257 4191.2 1633.2 1890.7 0.13669 311 1.7548
125.99 62275 4180.8 1632 1876.9 0.13663 308.83 1.7548
126.42 62118 4137.1 1633.4 1876.1 0.13653 309.13 1.7548
126.79 62052 4110.9 1633.2 1868.5 0.13643 308.17 1.7547
126.89 62064 4108 1632.6 1862.9 0.1364 307.29 1.7547
127.37 62211 4106.6 1627.9 1826.2 0.13623 301.49 1.7547
128.22 62278 4084.7 1623.1 1790.9 0.13596 296.75 1.7547
128.95 62404 4075.7 1617.6 1753.8 0.13577 291.45 1.7547
129.15 62470 4076.3 1615.5 1739.2 0.13571 289.19 1.7547
129.63 62611 4077 1610.8 1707.7 0.13556 284.37 1.7547
130.49 62668 4060.7 1606 1681.5 0.13538 281.59 1.7547
131.22 62787 4054.2 1600.5 1650 0.13524 277.48 1.7547
131.42 62851 4055.1 1598.5 1636.8 0.13519 275.45 1.7547
131.66 62858 4049 1597.3 1630.3 0.13514 274.58 1.7547
132.09 62675 4017.6 1598.9 1644.3 0.13513 277.68 1.7547
132.45 62592 3996.8 1598.8 1645.5 0.13509 277.9 1.7547
132.55 62600 3994.2 1598.3 1641.4 0.13506 277.25 1.7547
132.79 62604 3984.5 1597.1 1632.6 0.13499 275.78 1.7546
133.22 62412 3939.4 1598.8 1636.7 0.13489 276.24 1.7546
133.58 62320 3909.3 1598.8 1631.5 0.13478 275.23 1.7546
133.68 62327 3905.6 1598.3 1626.9 0.13475 274.48 1.7546
133.92 62325 3893 1597.2 1616.9 0.13464 272.77 1.7546
134.35 62117 3839.9 1599 1616.5 0.13444 272.41 1.7546
134.72 62012 3805.9 1599.1 1610 0.13426 271.18 1.7546
134.82 62016 3801.9 1598.6 1605.8 0.1342 270.48 1.7546
135.06 62006 3789.4 1597.5 1597.3 0.13406 269.07 1.7546
135.49 61776 3738.8 1599.5 1602.4 0.13374 269.78 1.7545
135.85 61654 3709 1599.7 1602.1 0.13347 269.78 1.7545
135.95 61655 3705.8 1599.2 1599.2 0.1334 269.37 1.7545
136.43 61754 3704.4 1594.7 1577.6 0.1331 267.07 1.7545
137.29 61706 3682.5 1590.5 1568.8 0.13251 269.8 1.7545
138.02 61740 3673.4 1585.5 1553.9 0.13207 270.39 1.7545
138.22 61787 3673.9 1583.5 1545 0.13196 269.44 1.7545
138.7 61875 3674 1578.9 1527.4 0.13168 268 1.7545
139.55 61795 3656.2 1574.9 1528.5 0.13112 273.37 1.7545
140.28 61808 3651.2 1569.9 1521.8 0.13072 276.08 1.7545
140.48 61850 3653.2 1567.9 1515 0.13062 275.61 1.7545
140.96 61927 3660.6 1563.4 1505.9 0.13036 276.14 1.7545
141.82 61817 3672.1 1559.5 1537.5 0.12985 289.41 1.7545
142.55 61810 3691.3 1554.6 1554.9 0.12949 298.54 1.7545
142.75 61851 3697.5 1552.7 1552 0.12941 299.09 1.7545
143.23 61920 3716.8 1548.3 1554 0.12919 303.89 1.7545
144.09 61783 3766.4 1544.7 1624.6 0.12876 325.47 1.7545
144.81 61761 3810.5 1540.1 1667.5 0.12849 330.06 1.7545
145.01 61801 3820.9 1538.2 1667.9 0.12842 329.17 1.7545
145.65 62039 3846.3 1530.1 1638.4 0.12825 319.01 1.7545
146.9 62363 3915.7 1516.7 1627.6 0.12787 301.2 1.7545
148.29 62702 3998.9 1502.4 1623.4 0.1275 284.57 1.7545
149.29 63021 4049.9 1491.1 1596.3 0.12727 271.92 1.7545
149.55 63132 4059.7 1487.7 1580.7 0.12721 268.45 1.7545
150.18 63382 4084.6 1479.7 1547.9 0.12706 260.39 1.7545
151.43 63721 4143.2 1466.8 1522.4 0.1268 247.07 1.7545
152.82 64075 4204.3 1453 1495.2 0.1266 232.66 1.7545
153.82 64407 4242.6 1441.9 1456.1 0.12646 221.39 1.7546
154.08 64522 4250.7 1438.5 1439.1 0.12641 218.18 1.7546
154.39 64613 4259.4 1435.3 1427.4 0.12637 215.83 1.7546
155.02 64627 4270.6 1431.7 1432.3 0.12636 214.38 1.7546
155.72 64611 4276 1428 1439 0.12638 212.73 1.7546
156.21 64676 4280.7 1424.2 1429.6 0.12635 209.9 1.7546
156.34 64722 4282.7 1422.7 1422.1 0.12633 208.62 1.7546
156.66 64812 4285.4 1419.4 1406.7 0.12626 205.76 1.7546
157.29 64815 4274.4 1415.4 1398.8 0.12617 202.34 1.7546
157.98 64784 4255.6 1411.2 1392.4 0.12607 198.76 1.7546
158.48 64840 4247.9 1407 1377 0.12598 195.18 1.7546
158.61 64884 4248.7 1405.5 1369.3 0.12594 193.92 1.7546
158.93 64968 4247.1 1402 1352.8 0.12584 191.02 1.7546
159.55 64951 4218.2 1397.5 1337.4 0.12562 186.72 1.7546
160.25 64892 4181.7 1392.5 1325 0.12536 182.43 1.7546
160.74 64930 4169.1 1388 1310.2 0.12517 179.04 1.7546
160.87 64971 4170.2 1386.4 1303.7 0.12512 177.97 1.7546
161.19 65046 4172.7 1382.7 1292.1 0.12497 175.81 1.7546
161.82 64998 4174.1 1377.5 1301.3 0.1246 174.7 1.7546
162.51 64903 4192.1 1371.9 1329.6 0.12417 175.54 1.7546
163.01 64924 4213.5 1367 1339.4 0.12389 175.28 1.7546
163.14 64963 4221.1 1365.4 1337.2 0.12383 174.79 1.7546
163.46 65030 4248.6 1361.7 1342.4 0.12364 174.84 1.7546
164.08 64956 4438.3 1356.3 1479.6 0.12316 189.69 1.7546
164.78 64844 4685.6 1350.7 1674.3 0.12267 210.82 1.7546
165.28 64869 4749.6 1346 1714.6 0.12242 214.16 1.7546
165.41 64913 4763.5 1344.4 1714.5 0.12237 213.91 1.7546
165.72 64988 4782.5 1340.8 1710.8 0.12221 212.62 1.7546
166.35 64895 4824.5 1335.5 1762.9 0.12171 215.69 1.7546
167.04 64735 4857.8 1330 1826.5 0.12113 218.89 1.7546
167.54 64728 4877.7 1325.1 1843.1 0.1208 218.07 1.7546
167.67 64768 4880.8 1323.5 1835.6 0.12074 216.74 1.7546
167.99 64828 4886.5 1319.8 1825.1 0.12054 214.16 1.7546
168.62 64662 4885 1314.1 1865.2 0.11988 213.7 1.7546
169.31 64404 4872.1 1307.8 1921.2 0.11909 213.57 1.7546
169.81 64339 4866.7 1302.4 1933.5 0.11863 210.92 1.7546
169.94 64371 4868.9 1300.7 1927.1 0.11855 209.64 1.7546
170.25 64402 4873.5 1296.8 1922.6 0.11829 207.27 1.7546
170.88 64124 4873.4 1290.2 1995.8 0.11741 207.49 1.7546
171.58 63723 4876.2 1282.9 2108.2 0.11637 209.21 1.7546
172.07 63578 4883.5 1277.1 2155.6 0.11577 208.03 1.7546
172.2 63599 4887 1275.3 2152.9 0.11566 206.95 1.7546
172.52 63591 4895.2 1271.2 2162.3 0.11533 205.11 1.7546
173.15 63161 4907.3 1263.9 2300.7 0.11422 210.91 1.7546
173.84 62573 4923.6 1255.7 2503.2 0.11294 220.15 1.7547
174.34 62320 4939.1 1249.4 2604 0.1122 223.38 1.7547
174.47 62325 4944 1247.6 2607.6 0.11207 222.88 1.7547
174.79 62265 4958.1 1243.2 2643.2 0.11166 223.31 1.7547
175.41 61650 4998.7 1235.3 2911.4 0.11036 235.08 1.7547
176.11 60853 5061.6 1226.4 3310.2 0.10891 252.25 1.7547
176.61 60472 5110.2 1219.9 3543.6 0.10808 264.07 1.7547
176.74 60457 5121 1218.1 3565.6 0.10794 264.88 1.7547
177.18 60557 5144.1 1211.6 3552.1 0.10755 260.08 1.7547
178.12 60432 5301.8 1198.6 3834 0.10651 265.42 1.7547
179.28 60189 5484.9 1182.9 4233.4 0.10535 272.83 1.7547
180.37 59982 5506.7 1168.3 4381.7 0.1045 276.65 1.7547
181.09 59977 5525.3 1158.2 4414 0.10399 275.17 1.7547
181.27 60020 5511.9 1155.5 4368.5 0.10384 271.62 1.7547
