0.2 0 0.04332174 0.042640894  0.00087576
0.2 2 0.10742438 0.048244538  0.00542605
0.2 4 0.17663277 0.059714299  0.0067737
0.2 6 0.22993778 0.066292097  0.0098853
0.2 8 0.29922312 0.087385093  0.01072229
0.2 10 0.37109793 0.11129401  0.01526886
0.5 0 0.03518833 0.040485159  -0.0010216
0.5 2 0.10132436 0.04638873   0.0020686
0.5 4 0.16589227 0.056372118  0.007280577
0.5 6 0.22566256 0.068196239  0.0089926
0.5 8 0.31428427 0.085119397  0.01215879
0.5 10 0.39221084 0.11128151  0.02052166
0.9 0 0.04271689 0.046626418  0.0010022
0.9 2 0.11146765 0.051108887  0.0073527
0.9 4 0.18354027 0.063728232  0.0118511
0.9 6 0.27141471 0.075176323  0.0192449
0.9 8 0.34937229 0.10361308   0.0232450
0.9 10 0.43743641 0.12711769  0.0288478
1.1 0 0.02360263 0.070747519  -0.001840
1.1 2 0.09660929 0.075362651  0.0053006 
1.1 4 0.17183452 0.088397853  0.01324256
1.1 6 0.26385388 0.10264988   0.0204169
1.1 8 0.34442078 0.12538435   0.03132863
1.1 10 0.43130848 0.15535207  0.03976518
3 0   0.04138903 0.051674997  -0.00197389
3 2   0.08151019 0.056598135  0.00091145
3 4   0.12169558 0.064596726  0.00379364
3 6   0.16092559 0.075523315  0.00638756
3 8   0.19916705 0.089320708  0.00870025
3 10  0.23639933 0.10595879   0.01071149
5 0   0.01945426 0.012624114  -0.00024320
5 2   0.05121392 0.015329603  0.00138291
5 4   0.08231574 0.02041759   0.00266676
5 6   0.11334908 0.02790746   0.00375103
5 8   0.14445394 0.037854544  0.00462653
5 10  0.17569753 0.050336876  0.00534489
7 0   0.013134725 0.00901384  -0.0004558
7 2   0.03992727 0.011351828  0.00034228
7 4   0.06760141 0.015919955  0.00109964
7 6   0.09397862 0.02255503   0.00150336
7 8   0.12032764 0.031315328  0.00167140
7 10  0.14816558 0.042497267  0.00200522    
9 0   0.00866433 0.007395985 -0.00086769
9 2   0.03083812 0.009487094 -0.00076445 
9 4   0.05460692 0.013459173 -0.00058637 
9 6   0.08121979 0.019779723 -0.00012321
9 8   0.1086452  0.02827486   0.00034786
9 10  0.13604784 0.038918874  0.00062272