384.04 35859 2644.9 3300 25146 0.10672 10728 1.8164
384.56 36005 2649.2 3292.4 24664 0.10784 10785 1.8164
385.48 36270 2656.8 3278.7 23814 0.10983 10868 1.8165
386.26 36500 2663.2 3267.2 23102 0.11153 10939 1.8165
386.48 36564 2665 3264 22907 0.11199 10947 1.8165
386.99 36719 2669.2 3256.3 22443 0.11312 11006 1.8165
387.91 36999 2676.8 3242.7 21626 0.11513 11092 1.8165
388.69 37241 2683.3 3231.2 20944 0.11682 10980 1.8165
388.91 37308 2685 3228 20758 0.11728 10884 1.8165
389.42 37472 2689.4 3220.3 20316 0.11836 10658 1.8165
390.35 37767 2697.2 3206.7 19543 0.12019 10267 1.8166
391.13 38021 2704 3195.1 18903 0.12165 9942.4 1.8166
391.34 38092 2705.9 3191.9 18728 0.12205 9851.7 1.8166
391.86 38263 2710.4 3184.3 18315 0.12296 9641.9 1.8166
392.78 38571 2718.7 3170.7 17594 0.12451 9272.3 1.8166
393.56 38836 2725.8 3159.1 16999 0.12574 8964.3 1.8166
393.77 38910 2727.7 3155.9 16838 0.12607 8878.3 1.8166
394.81 39267 2737.4 3140.6 16079 0.12757 8466 1.8167
396.65 39916 2755 3113.4 14796 0.12992 7746.8 1.8167
398.21 40479 2770.4 3090.3 13776 0.13163 7202.5 1.8167
398.64 40636 2774.8 3083.9 13505 0.13206 7063.5 1.8168
399.67 41015 2785.3 3068.6 12874 0.13302 6742.2 1.8168
401.51 41702 2804.4 3041.3 11816 0.1345 6195.8 1.8168
403.08 42293 2821.1 3018.2 10981 0.13554 5747.4 1.8169
403.51 42457 2825.8 3011.8 10760 0.13579 5632.3 1.8169
404.54 42854 2837.1 2996.5 10248 0.13634 5363.7 1.8169
406.38 43569 2857.7 2969.3 9393.2 0.13714 4917.4 1.8169
407.94 44182 2875.5 2946.2 8722.5 0.13765 4584.7 1.817
408.37 44352 2880.5 2939.8 8545.8 0.13777 4488.4 1.817
409.41 44762 2892.6 2924.5 8136.4 0.13801 4286.9 1.817
411.25 45498 2914.4 2897.3 7455 0.13834 4008.5 1.8171
412.81 46128 2933.2 2874.2 6921.6 0.13854 3785 1.8171
413.24 46303 2938.5 2867.8 6781.2 0.13858 3708.6 1.8171
414.6 46857 2955.2 2847.6 6357 0.13867 3524.6 1.8171
417.29 47963 2989 2807.8 5646.9 0.1387 3147.3 1.8172
420.28 49204 3027.5 2763.6 4953.6 0.1385 2753.7 1.8173
422.41 50101 3055.8 2731.9 4506.3 0.13822 2494.4 1.8173
422.97 50335 3063.2 2723.7 4396.4 0.13813 2410.9 1.8173
424 50771 3077.2 2708.4 4198.8 0.13794 2305.3 1.8174
425.84 51552 3102.5 2681.2 3888.8 0.13756 2109.9 1.8174
427.4 52218 3124.2 2658 3648.2 0.13718 1944.5 1.8174
427.84 52402 3130.3 2651.7 3583.9 0.13707 1900.4 1.8174
428.87 52845 3144.9 2636.4 3433.7 0.13679 1814.2 1.8175
430.71 53636 3171.3 2609.1 3178.9 0.13625 1661.6 1.8175
432.27 54310 3194.1 2586 2975.1 0.13577 1550.2 1.8175
432.7 54496 3200.4 2579.6 2920.8 0.13564 1519.3 1.8175
434.77 55392 3231.1 2549 2671.5 0.13498 1389 1.8176
438.45 56999 3287.1 2494.5 2270.9 0.13379 1181.5 1.8177
441.57 58374 3335.9 2448.3 1971.1 0.13279 1023.4 1.8177
442.43 58755 3349.6 2435.5 1894.3 0.13251 981 1.8177
443.79 59358 3371.4 2415.4 1778.2 0.13208 916.83 1.8178
446.49 60557 3415.4 2375.5 1565.7 0.1312 772.69 1.8178
449.47 61895 3465.4 2331.3 1355.3 0.13012 631.39 1.8179
451.61 62859 3502.1 2299.7 1219.6 0.1293 543.88 1.8179
452.17 63110 3511.7 2291.5 1186.2 0.12908 520.49 1.8179
453.2 63577 3529.8 2276.2 1126.3 0.12866 487.07 1.818
455.04 64412 3562.4 2248.9 1025.9 0.12789 424.18 1.818
456.6 65123 3590.5 2225.8 946.75 0.12723 381.08 1.818
457.03 65319 3598.3 2219.4 925.84 0.12704 371.55 1.818
458.06 65790 3617.1 2204.1 877.28 0.12661 352.23 1.8181
459.9 66632 3651.1 2176.9 796.1 0.12586 315.75 1.8181
461.47 67349 3680.3 2153.8 732.29 0.12523 279.67 1.8181
461.9 67547 3688.5 2147.4 715.45 0.12505 269.88 1.8181
462.58 67860 3701.4 2137.3 689.56 0.12476 257.25 1.8181
463.92 68481 3727.2 2117.4 640.64 0.12419 230.67 1.8182
465.42 69171 3756.2 2095.3 589.88 0.12354 205.21 1.8182
466.49 69667 3777.2 2079.5 555.66 0.12307 185.64 1.8182
466.76 69795 3782.7 2075.3 547.05 0.12295 179.87 1.8182
467.44 70111 3796.2 2065.3 526.46 0.12263 161.9 1.8182
468.79 70737 3823.3 2045.3 487.7 0.12188 122.93 1.8182
470.28 71430 3854 2023.3 447.03 0.12086 91.67 1.8183
471.35 71927 3876.2 2007.4 419.59 0.12001 71.944 1.8183
471.63 72056 3882.1 2003.3 412.72 0.11977 68.386 1.8183
473.7 73012 3926 1972.7 365.02 0.1178 44.439 1.8183
477.38 74697 4006.9 1918.2 293.35 0.11336 22.863 1.8184
480.5 76096 4077.9 1872 244.17 0.10866 16.253 1.8184
481.36 76476 4097.9 1859.2 232.25 0.10721 15.153 1.8184
384.04 35859 2644.9 3300 25146 0.10672 30404 10728 1.8164 -0.14002 0.28472
384.56 36005 2649.2 3292.4 24664 0.10784 30325 10785 1.8164 -0.13981 0.28795
385.48 36270 2656.8 3278.7 23814 0.10983 30149 10868 1.8165 -0.13944 0.29372
386.26 36500 2663.2 3267.2 23102 0.11153 30006 10939 1.8165 -0.13913 0.29891
386.48 36564 2665 3264 22907 0.11199 29944 10947 1.8165 -0.13904 0.30023
386.99 36719 2669.2 3256.3 22443 0.11312 29876 11006 1.8165 -0.13884 0.30403
387.91 36999 2676.8 3242.7 21626 0.11513 29719 11092 1.8165 -0.13847 0.31083
388.69 37241 2683.3 3231.2 20944 0.11682 29235 10980 1.8165 -0.13815 0.31424
388.91 37308 2685 3228 20758 0.11728 28977 10884 1.8165 -0.13807 0.31425
389.42 37472 2689.4 3220.3 20316 0.11836 28371 10658 1.8165 -0.13786 0.31433
390.35 37767 2697.2 3206.7 19543 0.12019 27316 10267 1.8166 -0.13748 0.31452
391.13 38021 2704 3195.1 18903 0.12165 26441 9942.4 1.8166 -0.13717 0.31468
391.34 38092 2705.9 3191.9 18728 0.12205 26198 9851.7 1.8166 -0.13708 0.31469
391.86 38263 2710.4 3184.3 18315 0.12296 25633 9641.9 1.8166 -0.13687 0.3148
392.78 38571 2718.7 3170.7 17594 0.12451 24642 9272.3 1.8166 -0.13649 0.31494
393.56 38836 2725.8 3159.1 16999 0.12574 23818 8964.3 1.8166 -0.13618 0.31503
393.77 38910 2727.7 3155.9 16838 0.12607 23591 8878.3 1.8166 -0.13609 0.31501
394.81 39267 2737.4 3140.6 16079 0.12757 22509 8466 1.8167 -0.13566 0.31482
396.65 39916 2755 3113.4 14796 0.12992 20642 7746.8 1.8167 -0.13491 0.31408
398.21 40479 2770.4 3090.3 13776 0.13163 19201 7202.5 1.8167 -0.13426 0.31387
398.64 40636 2774.8 3083.9 13505 0.13206 18828 7063.5 1.8168 -0.13408 0.31393
399.67 41015 2785.3 3068.6 12874 0.13302 17967 6742.2 1.8168 -0.13365 0.31414
401.51 41702 2804.4 3041.3 11816 0.1345 16504 6195.8 1.8168 -0.13288 0.31432
403.08 42293 2821.1 3018.2 10981 0.13554 15321 5747.4 1.8169 -0.13222 0.31407
403.51 42457 2825.8 3011.8 10760 0.13579 15014 5632.3 1.8169 -0.13204 0.31408
404.54 42854 2837.1 2996.5 10248 0.13634 14299 5363.7 1.8169 -0.1316 0.31407
406.38 43569 2857.7 2969.3 9393.2 0.13714 13110 4917.4 1.8169 -0.13081 0.31411
407.94 44182 2875.5 2946.2 8722.5 0.13765 12206 4584.7 1.817 -0.13014 0.31466
408.37 44352 2880.5 2939.8 8545.8 0.13777 11953 4488.4 1.817 -0.12996 0.31456
409.41 44762 2892.6 2924.5 8136.4 0.13801 11404 4286.9 1.817 -0.12951 0.31498
411.25 45498 2914.4 2897.3 7455 0.13834 10583 4008.5 1.8171 -0.12871 0.31771
412.81 46128 2933.2 2874.2 6921.6 0.13854 9930.7 3785 1.8171 -0.12803 0.32002
413.24 46303 2938.5 2867.8 6781.2 0.13858 9730.3 3708.6 1.8171 -0.12784 0.32004
414.6 46857 2955.2 2847.6 6357 0.13867 9201.6 3524.6 1.8171 -0.12724 0.32194
417.29 47963 2989 2807.8 5646.9 0.1387 8204.7 3147.3 1.8172 -0.12604 0.32275
420.28 49204 3027.5 2763.6 4953.6 0.1385 7190.3 2753.7 1.8173 -0.1247 0.3225
422.41 50101 3055.8 2731.9 4506.3 0.13822 6526.6 2494.4 1.8173 -0.12372 0.32198
422.97 50335 3063.2 2723.7 4396.4 0.13813 6330.9 2410.9 1.8173 -0.12347 0.32071
424 50771 3077.2 2708.4 4198.8 0.13794 6052.3 2305.3 1.8174 -0.123 0.32092
425.84 51552 3102.5 2681.2 3888.8 0.13756 5567.2 2109.9 1.8174 -0.12215 0.31938
427.4 52218 3124.2 2658 3648.2 0.13718 5168.1 1944.5 1.8174 -0.12142 0.31707
427.84 52402 3130.3 2651.7 3583.9 0.13707 5061.7 1900.4 1.8174 -0.12122 0.31641
428.87 52845 3144.9 2636.4 3433.7 0.13679 4840.5 1814.2 1.8175 -0.12073 0.31599
430.71 53636 3171.3 2609.1 3178.9 0.13625 4454.8 1661.6 1.8175 -0.11986 0.31468
432.27 54310 3194.1 2586 2975.1 0.13577 4163.7 1550.2 1.8175 -0.11912 0.31437
432.7 54496 3200.4 2579.6 2920.8 0.13564 4084.2 1519.3 1.8175 -0.11891 0.31418
434.77 55392 3231.1 2549 2671.5 0.13498 3737.7 1389 1.8176 -0.11792 0.31426
438.45 56999 3287.1 2494.5 2270.9 0.13379 3183.4 1181.5 1.8177 -0.11613 0.31459
441.57 58374 3335.9 2448.3 1971.1 0.13279 2763.3 1023.4 1.8177 -0.11458 0.31454
442.43 58755 3349.6 2435.5 1894.3 0.13251 2652.6 981 1.8177 -0.11415 0.31427
443.79 59358 3371.4 2415.4 1778.2 0.13208 2484.3 916.83 1.8178 -0.11347 0.31374
446.49 60557 3415.4 2375.5 1565.7 0.1312 2125.2 772.69 1.8178 -0.1121 0.30738
449.47 61895 3465.4 2331.3 1355.3 0.13012 1768.7 631.39 1.8179 -0.11057 0.2991
451.61 62859 3502.1 2299.7 1219.6 0.1293 1544.4 543.88 1.8179 -0.10945 0.29299
452.17 63110 3511.7 2291.5 1186.2 0.12908 1485.7 520.49 1.8179 -0.10916 0.29081
453.2 63577 3529.8 2276.2 1126.3 0.12866 1396.6 487.07 1.818 -0.10862 0.28884
455.04 64412 3562.4 2248.9 1025.9 0.12789 1234.3 424.18 1.818 -0.10764 0.28303
456.6 65123 3590.5 2225.8 946.75 0.12723 1118.7 381.08 1.818 -0.10681 0.27964
457.03 65319 3598.3 2219.4 925.84 0.12704 1091.6 371.55 1.818 -0.10658 0.27924
458.06 65790 3617.1 2204.1 877.28 0.12661 1034.1 352.23 1.8181 -0.10602 0.27921
459.9 66632 3651.1 2176.9 796.1 0.12586 928.97 315.75 1.8181 -0.10502 0.27726
461.47 67349 3680.3 2153.8 732.29 0.12523 830.25 279.67 1.8181 -0.10417 0.27175
461.9 67547 3688.5 2147.4 715.45 0.12505 803.63 269.88 1.8181 -0.10393 0.27
462.58 67860 3701.4 2137.3 689.56 0.12476 767.97 257.25 1.8181 -0.10355 0.26841
463.92 68481 3727.2 2117.4 640.64 0.12419 694.74 230.67 1.8182 -0.10281 0.26355
465.42 69171 3756.2 2095.3 589.88 0.12354 623.41 205.21 1.8182 -0.10197 0.25896
466.49 69667 3777.2 2079.5 555.66 0.12307 570.1 185.64 1.8182 -0.10137 0.25382
466.76 69795 3782.7 2075.3 547.05 0.12295 554.85 179.87 1.8182 -0.10121 0.25187
467.44 70111 3796.2 2065.3 526.46 0.12263 509.2 161.9 1.8182 -0.10083 0.24401
468.79 70737 3823.3 2045.3 487.7 0.12188 402.62 122.93 1.8182 -0.10006 0.21863
470.28 71430 3854 2023.3 447.03 0.12086 310.45 91.67 1.8183 -0.099206 0.19393
471.35 71927 3876.2 2007.4 419.59 0.12001 249.16 71.944 1.8183 -0.098589 0.17434
471.63 72056 3882.1 2003.3 412.72 0.11977 236.51 68.386 1.8183 -0.098428 0.16985
473.7 73012 3926 1972.7 365.02 0.1178 149.54 44.439 1.8183 -0.097223 0.13379
477.38 74697 4006.9 1918.2 293.35 0.11336 52.078 22.863 1.8184 -0.095041 0.069549
480.5 76096 4077.9 1872 244.17 0.10866 7.9096 16.253 1.8184 -0.093155 0.015047
481.36 76476 4097.9 1859.2 232.25 0.10721 -5.21e-16 15.153 1.8184 -0.092628 0
0 76476 4097.9 1859.2 232.25 0.10721 -5.21e-16 15.153 1.8184 -0.092628 0
1 76914 4096.9 1859.2 216.58 0.10549 1.3187e-15 14.125 1.8185 -0.092015 0
2 77342 4095.9 1859.2 202.24 0.10377 1.2315e-15 13.185 1.8185 -0.091403 0
3 77763 4094.9 1859.2 189.02 0.10204 1.151e-15 12.318 1.8185 -0.09079 0
4 78176 4094 1859.2 176.82 0.10032 1.4166e-15 11.518 1.8185 -0.090178 0
5 78583 4093.1 1859.2 165.55 0.098593 1.008e-15 10.78 1.8185 -0.089566 0
6 78982 4092.1 1859.2 155.14 0.096867 -6.9605e-16 10.098 1.8185 -0.088953 0
7 79374 4091.3 1859.2 145.52 0.09514 -6.5287e-16 9.4684 1.8185 -0.088341 0
8 79759 4090.4 1859.2 136.61 0.093413 2.4079e-16 8.8858 1.8186 -0.087729 0
9 80137 4089.5 1859.2 128.37 0.091685 1.0285e-15 8.3469 1.8186 -0.087117 0
10 80508 4088.7 1859.2 120.74 0.089956 -3.8695e-17 7.848 1.8186 -0.086505 0
11 80872 4087.9 1859.2 113.68 0.088227 2.0036e-16 7.386 1.8186 -0.085893 0
12 81229 4087.1 1859.2 107.13 0.086497 1.8882e-16 6.9579 1.8186 -0.085281 0
13 81578 4086.3 1859.2 101.05 0.084766 -1.6192e-17 6.5611 1.8186 -0.08467 0
14 81920 4085.5 1859.2 95.414 0.083035 5.6568e-16 6.193 1.8186 -0.084058 0
15 82256 4084.7 1859.2 90.182 0.081303 8.5257e-16 5.8515 1.8186 -0.083446 0
16 82584 4084 1859.2 85.323 0.079571 7.5194e-16 5.5343 1.8186 -0.082835 0
17 82905 4083.3 1859.2 80.807 0.077838 -2.4601e-16 5.2397 1.8187 -0.082223 0
18 83219 4082.6 1859.2 76.609 0.076105 2.4551e-16 4.966 1.8187 -0.081612 0
19 83526 4081.9 1859.2 72.705 0.074371 4.893e-16 4.7114 1.8187 -0.081 0
20 83826 4081.2 1859.2 69.072 0.072636 -2.1029e-16 4.4746 1.8187 -0.080389 0
21 84118 4080.6 1859.2 65.691 0.070901 7.3682e-17 4.2543 1.8187 -0.079778 0
22 84404 4079.9 1859.2 62.542 0.069166 -2.3049e-16 4.0491 1.8187 -0.079166 0
23 84682 4079.3 1859.2 59.607 0.06743 -1.9102e-17 3.858 1.8187 -0.078555 0
24 84953 4078.7 1859.2 56.816 0.065694 -1.798e-16 3.6767 1.8187 -0.077944 0
25 85218 4078.1 1728.3 0 0.063957 0 0 1.8187 -0.077333 0
26 85475 4077.5 1728.3 0 0.062219 0 0 1.8187 -0.076722 0
27 85725 4077 1728.3 0 0.060482 -0 0 1.8187 -0.076111 0
28 85968 4076.5 1728.3 0 0.058743 -0 0 1.8187 -0.0755 0
29 86203 4075.9 1728.3 0 0.057005 -0 0 1.8188 -0.074889 0
30 86432 4075.4 1728.3 0 0.055266 0 0 1.8188 -0.074278 0
31 86654 4075 1728.3 0 0.053527 0 0 1.8188 -0.073667 0
32 86868 4074.5 1728.3 0 0.051787 -0 0 1.8188 -0.073056 0
33 87075 4074 1728.3 0 0.050047 -0 0 1.8188 -0.072446 0
34 87276 4073.6 1728.3 0 0.048306 0 0 1.8188 -0.071835 0
35 87469 4073.2 1728.3 0 0.046566 0 0 1.8188 -0.071224 0
36 87655 4072.8 1728.3 0 0.044825 0 0 1.8188 -0.070613 0
37 87834 4072.4 1728.3 0 0.043083 0 0 1.8188 -0.070003 0
38 88006 4072 1728.3 0 0.041341 0 0 1.8188 -0.069392 0
39 88170 4071.7 1728.3 0 0.0396 -0 0 1.8188 -0.068781 0
40 88328 4071.3 1728.3 0 0.037857 0 0 1.8188 -0.068171 0
41 88479 4071 1728.3 0 0.036115 -0 0 1.8188 -0.06756 0
42 88622 4070.7 1728.3 0 0.034372 0 0 1.8188 -0.06695 0
43 88758 4070.4 1728.3 0 0.032629 0 0 1.8188 -0.066339 0
44 88888 4070.2 1728.3 0 0.030886 0 0 1.8188 -0.065729 0
45 89010 4069.9 1728.3 0 0.029143 0 0 1.8188 -0.065118 0
46 89125 4069.7 1728.3 0 0.027399 -0 0 1.8188 -0.064508 0
47 89233 4069.4 1728.3 0 0.025655 -0 0 1.8188 -0.063897 0
48 89334 4069.2 1728.3 0 0.023911 0 0 1.8188 -0.063287 0
49 89427 4069.1 1728.3 0 0.022167 0 0 1.8189 -0.062676 0
50 89514 4068.9 1728.3 0 0.020423 0 0 1.8189 -0.062066 0
51 89594 4068.7 1728.3 0 0.018679 0 0 1.8189 -0.061456 0
52 89666 4068.6 1728.3 0 0.016934 -0 0 1.8189 -0.060845 0
53 89731 4068.5 1728.3 0 0.01519 0 0 1.8189 -0.060235 0
54 89790 4068.4 1728.3 0 0.013445 -0 0 1.8189 -0.059624 0
55 89841 4068.3 1728.3 0 0.011701 -0 0 1.8189 -0.059014 0
56 89885 4068.2 1728.3 0 0.0099558 0 0 1.8189 -0.058404 0
57 89922 4068.2 1728.3 0 0.008211 0 0 1.8189 -0.057793 0
58 89952 4068.1 1728.3 0 0.0064662 -0 0 1.8189 -0.057183 0
59 89974 4068.1 1728.3 0 0.0047214 0 0 1.8189 -0.056573 0
60 89990 4068.1 1728.3 0 0.0029765 0 0 1.8189 -0.055962 0
61 89999 4068.1 1728.3 0 0.0012316 0 0 1.8189 -0.055352 0
62 90000 4068.2 1728.3 0 0 0 0 1.8189 -0.054742 0
