time (s) altitude (m) longitude (rad) latitude (rad) velocity (m/s) trajectory angle (rad) heading angle (rad) angle of attack (rad) bank angle (rad) fuel mass (kg) 
0 27898 2.5307 -0.264 1520 0.012156 1.3668 0.012597 0.057507 1562
1.3548 27919 2.5308 -0.26368 1521.9 0.0088662 1.3672 0.012915 0.055978 1560.2
4.4516 27944 2.5309 -0.26296 1526.4 0.00192 1.3679 0.016419 0.045322 1556.1
9.069 27928 2.5312 -0.26188 1533.9 -0.0058177 1.3689 0.023912 0.022945 1549.6
14.892 27853 2.5315 -0.26051 1544.1 -0.0099995 1.3695 0.032945 0.0056735 1540.8
21.523 27748 2.5318 -0.25893 1556.6 -0.0099995 1.3701 0.03414 0.0057881 1530
28.512 27640 2.5322 -0.25726 1570.9 -0.0099993 1.3708 0.031079 0.010307 1518
35.38 27531 2.5325 -0.2556 1586.3 -0.0099995 1.3715 0.029834 0.011998 1505.6
41.661 27431 2.5328 -0.25407 1601.6 -0.0099968 1.3724 0.027438 0.016318 1493.6
46.927 27346 2.5331 -0.25277 1615.5 -0.0099996 1.3732 0.026765 0.025806 1483
50.818 27284 2.5333 -0.2518 1626.4 -0.0098637 1.3741 0.024895 0.036109 1474.8
53.07 27247 2.5334 -0.25124 1632.9 -0.0099773 1.3747 0.024745 0.040603 1470
53.607 27239 2.5334 -0.25111 1634.5 -0.0099337 1.3749 0.024436 0.04092 1468.8
54.605 27222 2.5335 -0.25086 1637.5 -0.0099322 1.3751 0.024162 0.040713 1466.6
56.903 27185 2.5336 -0.25028 1644.5 -0.009943 1.3758 0.023416 0.038688 1461.4
60.378 27128 2.5338 -0.2494 1655.6 -0.0099993 1.3766 0.022397 0.033551 1453.4
64.856 27053 2.534 -0.24826 1670.6 -0.0099943 1.3776 0.02139 0.027008 1442.6
70.113 26965 2.5343 -0.2469 1689.4 -0.0099988 1.3785 0.01957 0.020642 1429.3
75.884 26867 2.5346 -0.2454 1711.8 -0.0099294 1.3794 0.019064 0.01484 1413.7
81.88 26772 2.5349 -0.24381 1737.2 -0.0081568 1.3801 0.019894 0.0094141 1396.2
87.802 26704 2.5352 -0.24222 1764.5 -0.0044918 1.3806 0.021197 0.0075305 1377.3
93.35 26690 2.5355 -0.2407 1791.6 0.0021681 1.3813 0.024621 0.015535 1358.3
98.249 26741 2.5358 -0.23935 1815.5 0.0093365 1.3823 0.022248 0.03537 1341
102.25 26825 2.536 -0.23823 1834.9 0.013334 1.3836 0.019154 0.05927 1326.9
105.16 26903 2.5362 -0.2374 1848.9 0.015516 1.3849 0.018017 0.076515 1316.8
106.82 26952 2.5363 -0.23693 1856.9 0.016505 1.3857 0.017537 0.082953 1311
107.21 26964 2.5363 -0.23682 1858.8 0.016747 1.3859 0.017465 0.083591 1309.6
108.82 27016 2.5364 -0.23636 1866.5 0.017596 1.3867 0.016737 0.088366 1304
112.48 27140 2.5366 -0.2353 1883.7 0.018469 1.3888 0.013602 0.1136 1291.4
117.88 27323 2.5369 -0.23373 1908.8 0.016701 1.3925 0.0098206 0.17898 1273.2
124.59 27515 2.5372 -0.23174 1939.9 0.013785 1.3996 0.015033 0.28701 1250.7
132.05 27746 2.5376 -0.22949 1976.5 0.019595 1.4149 0.028596 0.41386 1224.1
139.67 28129 2.538 -0.22714 2014.4 0.030274 1.4388 0.03 0.54736 1196.1
146.82 28604 2.5382 -0.22489 2047.9 0.033894 1.4638 0.027229 0.6725 1170.9
152.94 29030 2.5384 -0.22293 2075.2 0.03339 1.4871 0.029766 0.76736 1150.4
157.51 29343 2.5385 -0.22144 2095.1 0.032082 1.5059 0.031663 0.79776 1135.3
160.18 29520 2.5386 -0.22057 2106.5 0.031271 1.5168 0.032198 0.79686 1126.7
160.82 29562 2.5386 -0.22036 2109.2 0.031037 1.5194 0.032181 0.79621 1124.7
162.77 29688 2.5386 -0.21972 2117.2 0.030307 1.5272 0.031735 0.78984 1118.6
167.15 29962 2.5387 -0.21826 2134.6 0.02856 1.5435 0.031092 0.7357 1105
173.54 30341 2.5387 -0.21612 2158.1 0.026795 1.5639 0.029579 0.62317 1086
181.29 30770 2.5387 -0.21349 2183.5 0.023924 1.5824 0.02505 0.4902 1064.2
189.66 31176 2.5387 -0.21062 2208.2 0.020317 1.5961 0.02545 0.34307 1042
197.83 31520 2.5386 -0.20779 2230.6 0.017764 1.6049 0.024988 0.20161 1021
204.99 31783 2.5385 -0.20529 2248.8 0.014907 1.6089 0.024488 0.098922 1003.3
210.44 31952 2.5384 -0.20337 2262 0.012569 1.6106 0.024115 0.065572 990.04
213.66 32038 2.5384 -0.20224 2269.5 0.010872 1.6113 0.023634 0.05914 982.35
214.43 32056 2.5383 -0.20196 2271.3 0.010477 1.6115 0.023657 0.05901 980.51
215.43 32080 2.5383 -0.20161 2273.6 0.0099116 1.6117 0.023173 0.057868 978.15
217.72 32128 2.5383 -0.20079 2278.9 0.0085957 1.6122 0.023497 0.051633 972.72
221.2 32188 2.5382 -0.19955 2286.7 0.0065569 1.6128 0.02277 0.039891 964.54
225.68 32241 2.5382 -0.19795 2296.7 0.0037206 1.6134 0.022712 0.026993 954.06
230.93 32267 2.5381 -0.19606 2308.2 0.00047848 1.6139 0.02211 0.018554 941.73
236.71 32248 2.538 -0.19398 2320.7 -0.0032458 1.6144 0.021912 0.015514 928.13
242.7 32179 2.5379 -0.1918 2333.8 -0.0065439 1.6148 0.021683 0.016666 913.73
248.62 32065 2.5378 -0.18964 2346.7 -0.0097386 1.6153 0.022053 0.022825 899.21
254.17 31932 2.5377 -0.18761 2359.2 -0.0099995 1.6161 0.02985 0.038389 884.84
259.07 31827 2.5376 -0.1858 2370.4 -0.0079619 1.6172 0.029495 0.062137 871.51
263.07 31760 2.5376 -0.18432 2379.3 -0.0063517 1.6185 0.029212 0.084319 860.45
265.98 31719 2.5375 -0.18324 2385.6 -0.0054833 1.6196 0.023647 0.098578 852.38
267.64 31697 2.5375 -0.18262 2389.1 -0.0056128 1.6203 0.024114 0.10357 847.83
268.04 31692 2.5375 -0.18247 2390 -0.0055134 1.6205 0.024155 0.10401 846.73
268.91 31680 2.5374 -0.18214 2391.8 -0.0054543 1.6208 0.023507 0.10469 844.31
270.91 31654 2.5374 -0.18139 2396 -0.0053415 1.6217 0.024054 0.10757 838.73
273.97 31617 2.5374 -0.18025 2402.4 -0.0047909 1.623 0.024128 0.11321 830.11
277.93 31574 2.5373 -0.17876 2410.5 -0.0042418 1.6249 0.024136 0.12397 818.86
282.63 31535 2.5372 -0.17699 2419.7 -0.0026517 1.6275 0.024405 0.1426 805.21
287.87 31501 2.5371 -0.17501 2429.6 -0.0033899 1.6305 0.0147 0.17566 790.28
293.41 31434 2.5369 -0.17291 2440 -0.0066165 1.6341 0.014063 0.22807 774.69
299.01 31320 2.5368 -0.17078 2450.7 -0.0098345 1.6387 0.014233 0.30852 758.6
304.42 31183 2.5366 -0.16871 2461.3 -0.0099995 1.646 0.026691 0.4007 742.07
309.42 31080 2.5365 -0.16679 2471.5 -0.0066044 1.6561 0.026781 0.48493 725.74
313.77 31018 2.5363 -0.16511 2480.3 -0.005074 1.666 0.026575 0.55341 711.41
317.3 30980 2.5362 -0.16375 2487.5 -0.0034697 1.675 0.026532 0.59405 699.54
319.85 30961 2.5361 -0.16276 2492.6 -0.0028974 1.6817 0.026172 0.61193 690.99
321.3 30950 2.536 -0.1622 2495.5 -0.0023072 1.6857 0.026483 0.61639 686.04
321.64 30949 2.536 -0.16207 2496.2 -0.0022541 1.6866 0.026104 0.61693 684.88
322.8 30943 2.5359 -0.16162 2498.5 -0.0019214 1.6898 0.026104 0.61887 680.95
325.45 30933 2.5358 -0.16059 2503.8 -0.0010975 1.6971 0.025971 0.62488 671.88
329.44 30927 2.5356 -0.15904 2511.7 -8.9104e-06 1.7079 0.025648 0.62292 658.22
334.53 30939 2.5353 -0.15706 2521.5 0.001932 1.7218 0.025197 0.59308 640.64
340.43 30977 2.5349 -0.15476 2532.6 0.0026562 1.7352 0.017265 0.52268 620.68
346.79 31013 2.5345 -0.15228 2544.3 0.0019279 1.7461 0.017056 0.42412 599.65
353.24 31052 2.534 -0.14975 2556.1 0.003001 1.7552 0.016701 0.31794 578.12
359.42 31107 2.5336 -0.14732 2567 0.0040538 1.7613 0.016572 0.21503 557.67
364.95 31179 2.5331 -0.14514 2576.6 0.0061521 1.765 0.016422 0.13194 539.27
369.52 31253 2.5328 -0.14333 2584.1 0.0055844 1.7666 0.0074464 0.085609 524.56
372.87 31291 2.5325 -0.14201 2589.6 0.0033714 1.7674 0.0079237 0.067262 514.16
374.79 31306 2.5324 -0.14124 2592.7 0.0025329 1.7677 0.008633 0.062125 508.11
375.25 31309 2.5323 -0.14106 2593.4 0.0022845 1.7678 0.0089425 0.061479 506.68
377.64 31320 2.5321 -0.14011 2597.4 0.0014354 1.7683 0.010564 0.051349 499.12
382.99 31336 2.5317 -0.13798 2606.2 0.0012361 1.7689 0.014116 0.021188 481.93
390.63 31372 2.5311 -0.13493 2618.6 0.0023551 1.7694 0.013711 0.011807 457.09
399.63 31436 2.5304 -0.13131 2633 0.0028737 1.7699 0.01276 0.020818 427.94
408.92 31507 2.5296 -0.12755 2647.4 0.0028772 1.7707 0.012048 0.024924 398.02
417.37 31570 2.5289 -0.12412 2660.2 0.0027064 1.7714 0.012369 0.023208 370.89
423.96 31618 2.5283 -0.12143 2670.1 0.0028197 1.772 0.011978 0.029346 349.72
427.9 31647 2.528 -0.11982 2675.8 0.002661 1.7725 0.011889 0.035898 337.12
428.86 31654 2.5279 -0.11943 2677.2 0.0026706 1.7726 0.011924 0.03642 334.06
430.8 31668 2.5278 -0.11863 2680.1 0.0025922 1.7728 0.011507 0.034636 327.86
435.19 31697 2.5274 -0.11683 2686.4 0.002465 1.7733 0.012275 0.02661 313.85
441.57 31745 2.5268 -0.1142 2695.5 0.0034092 1.7738 0.01448 0.019924 293.3
449.33 31841 2.5262 -0.111 2706.1 0.0058336 1.7744 0.015454 0.01909 268.22
457.7 32004 2.5255 -0.10753 2717.1 0.0083638 1.775 0.014957 0.016185 241.48
465.86 32206 2.5247 -0.10413 2727.1 0.0095213 1.7755 0.013396 0.024572 216.14
473.02 32386 2.5241 -0.10114 2735.4 0.0083667 1.7767 0.0091301 0.094448 194.79
478.48 32482 2.5236 -0.098855 2741.6 0.0038234 1.7785 0.00089046 0.18877 179.39
481.69 32497 2.5234 -0.097508 2745.4 -0.00065521 1.7797 0 0.23558 170.65
482.46 32494 2.5233 -0.097184 2746.4 -0.0016402 1.78 8.1005e-09 0.2447 168.53
483.62 32487 2.5232 -0.096699 2747.7 -0.0032321 1.7806 0 0.25292 165.37
486.27 32451 2.5229 -0.095584 2751 -0.0064516 1.782 0.0033971 0.28924 158.02
490.26 32361 2.5226 -0.093908 2756.1 -0.0095608 1.7852 0.0095314 0.36614 146.53
495.35 32218 2.5221 -0.091767 2762.7 -0.0099999 1.7915 0.018739 0.38399 130.87
501.25 32091 2.5215 -0.089283 2770.1 -0.0044493 1.7998 0.028777 0.2828 111.27
507.61 32121 2.5209 -0.086603 2776.9 0.0091594 1.8076 0.040093 0.18144 88.71
514.06 32463 2.5202 -0.083882 2781.5 0.029902 1.8124 0.051171 0.055338 65.223
520.24 33176 2.5196 -0.08128 2782.4 0.053337 1.8133 0.06211 0.0027646 43.603
525.77 34159 2.519 -0.078952 2779.9 0.074367 1.8136 0.071626 0.0048744 26.029
530.34 35204 2.5185 -0.077034 2775.6 0.089955 1.8137 0.079728 0.0022806 13.339
533.69 36084 2.5182 -0.075635 2771.3 0.0998 1.8139 0.085467 0.0079764 5.1965
535.61 36629 2.518 -0.074831 2768.4 0.10472 1.814 0.0889 0.0017375 0.96336
536.07 36762 2.5179 -0.07464 2767.7 0.10582 1.814 0.089669 0 0.00092476
536.07 36762 2.5179 -0.07464 2767.7 0.10582 1.814 0.089669 0 0.00092476
537.73 37270 2.5178 -0.07395 2750 0.1159 1.8144 0.089151 0.061782 0.00089571
541.62 38598 2.5174 -0.072357 2713.9 0.13388 1.8194 0.087055 0.26308 0.00087358
547.64 40891 2.5167 -0.069935 2670.2 0.14738 1.833 0.08428 0.5168 0.0008498
555.71 44045 2.5158 -0.066763 2628.7 0.14626 1.8517 0.081738 0.7409 0.00082658
565.67 47644 2.5147 -0.062917 2593.8 0.12975 1.8686 0.079897 0.81918 0.00080227
577.36 51146 2.5133 -0.058467 2565.7 0.10197 1.8812 0.078627 0.81701 0.00077783
590.59 53982 2.5117 -0.053486 2544 0.06565 1.8904 0.078157 0.77797 0.00075194
605.11 55627 2.5098 -0.048057 2528.7 0.023258 1.8978 0.078456 0.75614 0.00072614
620.69 55623 2.5079 -0.04227 2520.2 -0.023402 1.9045 0.079838 0.73647 0.00069793
637.06 53671 2.5057 -0.036225 2516.9 -0.071066 1.9128 0.082451 0.73823 0.00067042
653.94 49679 2.5035 -0.030036 2516 -0.11583 1.925 0.086754 0.74333 0.00063899
671.04 43967 2.5011 -0.023843 2504.2 -0.14768 1.9515 0.092789 0.77688 0.00060907
688.06 37648 2.4985 -0.017864 2447.5 -0.14328 2.0186 0.098849 0.8406 0.00057315
704.72 33107 2.4955 -0.012539 2292.2 -0.075201 2.1857 0.10192 0.95092 0.00053945
720.73 32149 2.4918 -0.0084847 2076.4 0.021727 2.4251 0.10077 0.96662 0.00049654
735.81 33884 2.488 -0.0057789 1900.9 0.088723 2.6067 0.097529 0.84977 0.00045411
749.72 36533 2.4845 -0.0039334 1789.9 0.11239 2.7027 0.094462 0.73895 0.00039794
762.2 38938 2.4814 -0.0025744 1724.3 0.10362 2.7533 0.091961 0.68917 0.0003274
773.05 40659 2.4787 -0.0015292 1683.4 0.080979 2.7835 0.090337 0.67087 0.00027211
782.09 41689 2.4765 -0.00072965 1657.9 0.054799 2.8033 0.089037 0.67335 9.3274e-05
789.15 42195 2.4748 -0.00013912 1641.5 0.031772 2.8173 0.088089 0.67499 3.0367e-07
794.11 42384 2.4736 0.00025852 1631.8 0.014448 2.8264 0.087707 0.67758 0
796.9 42427 2.4729 0.00047671 1626.8 0.0046641 2.8316 0.087587 0.67614 0
797.56 42431 2.4728 0.0005272 1625.7 0.0023008 2.8327 0.08758 0.67636 0
799.95 42423 2.4722 0.00071001 1621.7 -0.0062226 2.8371 0.087552 0.67339 0
805.52 42278 2.4709 0.0011243 1613.3 -0.026004 2.8472 0.087808 0.65513 0
814.11 41715 2.4688 0.0017325 1601.6 -0.055188 2.8629 0.088886 0.60883 0
825.51 40396 2.4661 0.0024811 1587.4 -0.088765 2.8848 0.089585 0.53045 0
839.44 38121 2.4628 0.0032994 1566 -0.11575 2.9142 0.087195 0.43542 0
855.56 35140 2.459 0.0040991 1529.3 -0.11695 2.954 0.081921 0.34703 0
873.46 32512 2.4549 0.0047723 1458.2 -0.072389 3.0057 0.070556 0.29717 0
892.72 31475 2.4506 0.0052204 1384.3 -0.0038232 3.0685 0.05568 0.32606 0
912.85 32107 2.4464 0.0053837 1347.4 0.044102 3.1388 0.049557 0.3827 0
933.35 33546 2.4421 0.0052502 1331.8 0.054451 3.2053 0.048482 0.41379 0
953.73 34781 2.4379 0.0048596 1331.1 0.032696 3.2614 0.048976 0.42572 0
973.48 35201 2.4338 0.0042677 1336.1 -0.0015802 3.3104 0.05014 0.42707 0
992.12 34760 2.43 0.0035244 1344.9 -0.032325 3.3568 0.050767 0.41971 0
1009.2 33805 2.4265 0.0026786 1350.1 -0.04797 3.4033 0.051023 0.41035 0
1024.3 32816 2.4234 0.0017868 1350.9 -0.046661 3.4507 0.051047 0.41751 0
1037 32116 2.4209 0.00091489 1345.9 -0.033348 3.4983 0.051782 0.44791 0
1047 31772 2.419 0.00013832 1339.4 -0.017123 3.5431 0.053409 0.49716 0
1054.1 31671 2.4176 -0.00046522 1332.5 -0.0040182 3.5795 0.055027 0.53498 0
1058.1 31670 2.4169 -0.00082626 1328.4 0.003351 3.6013 0.055623 0.54865 0
1059 31675 2.4167 -0.00091365 1327.2 0.0050939 3.6066 0.055628 0.54828 0
1063.9 31736 2.4158 -0.0013769 1322.5 0.013892 3.6327 0.054501 0.52074 0
1075.1 32079 2.4138 -0.0025196 1316.8 0.031689 3.684 0.050141 0.43572 0
1092.1 32959 2.4109 -0.004405 1315.2 0.043729 3.7415 0.045998 0.37833 0
1113.9 34108 2.4072 -0.0070424 1317.4 0.03236 3.7968 0.045645 0.33461 0
1139.6 34717 2.4031 -0.01037 1327.9 0.0028633 3.8445 0.048649 0.25751 0
1167.7 34331 2.3987 -0.014249 1337.5 -0.019299 3.8833 0.053627 0.17284 0
1197 33622 2.3943 -0.018443 1333 -0.012322 3.915 0.055287 0.13137 0
1225.8 33503 2.3901 -0.022699 1329.4 0.0047616 3.9469 0.050665 0.16245 0
1252.9 33741 2.3862 -0.026827 1334 0.0055199 3.9862 0.04708 0.24218 0
1276.8 33779 2.383 -0.030624 1337.4 -0.0037774 4.0319 0.047003 0.30729 0
1296.3 33586 2.3805 -0.033853 1340.7 -0.010125 4.0779 0.049394 0.36501 0
1310.5 33384 2.3788 -0.036277 1339.5 -0.010513 4.1203 0.053363 0.44115 0
1318.6 33276 2.3779 -0.037697 1336.2 -0.0091914 4.1502 0.056158 0.49664 0
1320.5 33253 2.3777 -0.038037 1334.8 -0.0087533 4.158 0.056305 0.4972 0
1326.2 33193 2.3771 -0.039042 1331.5 -0.0069305 4.18 0.05564 0.45672 0
1339.1 33133 2.3757 -0.041385 1328 0.0004321 4.2204 0.052289 0.31752 0
1358.6 33294 2.3739 -0.04498 1328.9 0.011013 4.2607 0.048271 0.2287 0
1383.4 33720 2.3718 -0.049663 1331.5 0.012574 4.2986 0.046721 0.19072 0
1412.2 34067 2.3694 -0.055188 1336.2 0.0050406 4.3332 0.0492 0.15878 0
1443.2 34141 2.3671 -0.061245 1338 -0.00026562 4.3645 0.052842 0.13125 0
1474.7 34123 2.365 -0.067452 1335.3 -0.00039839 4.393 0.053024 0.12934 0
1504.8 34055 2.3631 -0.073444 1338.1 -0.0040506 4.4231 0.049608 0.1574 0
1531.8 33798 2.3616 -0.078884 1342.9 -0.0098227 4.4565 0.04749 0.20262 0
1554.1 33483 2.3605 -0.08343 1344.2 -0.010111 4.4939 0.048515 0.27195 0
1570.4 33300 2.3598 -0.086785 1342.5 -0.0059682 4.5337 0.051894 0.38542 0
1579.8 33246 2.3595 -0.088725 1338.6 -0.0028377 4.5657 0.055134 0.47505 0
1582 33238 2.3594 -0.089187 1337.2 -0.002134 4.5743 0.055327 0.47899 0
1587.7 33229 2.3592 -0.090353 1334.1 -5.6588e-05 4.5954 0.05464 0.44135 0
1600.6 33281 2.359 -0.093032 1330.8 0.0062686 4.6338 0.051385 0.30808 0
1620 33546 2.3587 -0.097067 1331.6 0.012927 4.6715 0.048009 0.21965 0
1644.9 33956 2.3586 -0.10223 1334.4 0.010032 4.7063 0.047075 0.17523 0
1673.6 34163 2.3587 -0.10823 1339.3 0.0010212 4.7366 0.049644 0.13502 0
1704.7 34116 2.3589 -0.11472 1339.7 -0.0016093 4.7628 0.052991 0.10505 0
1736.1 34114 2.3593 -0.12128 1336.5 0.0013611 4.7864 0.05257 0.10748 0
1766.3 34131 2.3599 -0.12755 1339.2 -0.0019597 4.8126 0.049289 0.13951 0
1793.3 33933 2.3605 -0.13316 1343.8 -0.0087261 4.8423 0.047558 0.18114 0
1815.6 33636 2.3612 -0.1378 1345.4 -0.010065 4.8756 0.04863 0.24468 0
1831.9 33447 2.3618 -0.14117 1343.9 -0.0064863 4.9116 0.051922 0.35933 0
1841.3 33384 2.3623 -0.14309 1340.2 -0.0035847 4.9415 0.055109 0.45637 0
1843.5 33374 2.3624 -0.14355 1338.8 -0.0029435 4.9497 0.0553 0.46066 0
1849.1 33359 2.3627 -0.14469 1335.9 -0.00097592 4.9696 0.054611 0.42002 0
1862.1 33394 2.3634 -0.14728 1332.7 0.0052477 5.0051 0.051396 0.27901 0
1881.5 33633 2.3647 -0.15113 1333.4 0.012004 5.0384 0.048082 0.19082 0
1906.4 34020 2.3664 -0.15601 1335.9 0.009575 5.0687 0.047125 0.15074 0
1935.1 34219 2.3686 -0.16161 1340.5 0.00098175 5.0953 0.049514 0.11686 0
1966.1 34168 2.3711 -0.16761 1341.1 -0.0018546 5.1185 0.052731 0.089819 0
1997.6 34154 2.3739 -0.17363 1338 0.0012199 5.1389 0.052509 0.089113 0
2027.7 34182 2.3766 -0.17933 1340.1 -0.0012836 5.1613 0.0494 0.11593 0
2054.7 34019 2.3791 -0.18439 1344.4 -0.0076043 5.1869 0.047663 0.15552 0
2077 33750 2.3814 -0.18853 1346.1 -0.0093275 5.2163 0.048623 0.22104 0
2093.4 33571 2.3831 -0.19151 1344.9 -0.00643 5.2496 0.051778 0.33974 0
2102.8 33506 2.3841 -0.19319 1341.5 -0.0039539 5.2779 0.054839 0.43949 0
2105 33495 2.3844 -0.19358 1340.3 -0.0034135 5.2857 0.055003 0.4429 0
2111.6 33473 2.3852 -0.19473 1337.3 -0.0012295 5.3073 0.05396 0.38086 0
2126.7 33518 2.387 -0.19731 1334.9 0.0057887 5.3419 0.050469 0.21622 0
2149.2 33805 2.3899 -0.20106 1335.9 0.011699 5.3702 0.047616 0.13559 0
2177.6 34190 2.3937 -0.2057 1338.8 0.0070039 5.3948 0.048055 0.099996 0
2210 34307 2.3981 -0.21091 1342.5 -0.00077521 5.4146 0.051121 0.070502 0
2244.1 34226 2.4028 -0.21633 1340.9 -0.0016418 5.4317 0.052766 0.05743 0
2277.6 34176 2.4076 -0.22156 1341 -0.0012614 5.4481 0.050279 0.071596 0
2308.2 34050 2.4121 -0.22628 1344.7 -0.0052685 5.4684 0.047972 0.10311 0
2333.9 33835 2.4159 -0.23017 1346.2 -0.0061538 5.4923 0.048384 0.15822 0
2352.9 33713 2.4189 -0.23296 1345.2 -0.0030625 5.5224 0.051184 0.28026 0
2363.8 33684 2.4206 -0.23453 1341.9 -0.00069274 5.551 0.054746 0.41711 0
2366.5 33683 2.421 -0.2349 1340.4 -0.00037841 5.5599 0.055005 0.42482 0
2373.1 33685 2.4221 -0.2358 1337.7 0.0009249 5.5802 0.054027 0.36562 0
2388.2 33747 2.4246 -0.23779 1335.7 0.0052114 5.6129 0.050609 0.20724 0
2410.7 33954 2.4284 -0.24066 1337.7 0.0071702 5.6396 0.047335 0.1285 0
2439.1 34121 2.4334 -0.24416 1341.1 0.00093819 5.6629 0.047219 0.08953 0
2471.5 34059 2.4391 -0.24805 1344.1 -0.0018879 5.681 0.050476 0.05604 0
2505.5 34115 2.4452 -0.25205 1340.1 0.0049465 5.6959 0.05286 0.046069 0
2539 34394 2.4513 -0.25589 1338.6 0.0049501 5.7111 0.050684 0.067974 0
2569.7 34374 2.4569 -0.25931 1344.4 -0.006906 5.7314 0.048011 0.10642 0
2595.4 33982 2.4617 -0.26209 1348.2 -0.014251 5.7556 0.047746 0.16336 0
2614.3 33624 2.4653 -0.26405 1348.6 -0.012804 5.787 0.050226 0.29921 0
2625.3 33455 2.4674 -0.26512 1345.5 -0.009763 5.8187 0.054333 0.46138 0
2628 33422 2.4679 -0.26537 1344 -0.0091864 5.8288 0.054907 0.48037 0
2630.3 33394 2.4684 -0.26559 1342.7 -0.0085419 5.8379 0.054788 0.47642 0
2635.9 33337 2.4695 -0.26608 1339.9 -0.0065823 5.8586 0.054142 0.44503 0
2644.5 33284 2.4712 -0.26679 1337.4 -0.0025392 5.8871 0.052075 0.38095 0
2655.9 33291 2.4735 -0.26767 1335.9 0.0034682 5.919 0.049972 0.31974 0
2669.8 33414 2.4763 -0.26866 1335.8 0.009249 5.9516 0.047951 0.27882 0
2686 33651 2.4796 -0.26971 1335.6 0.012201 5.9842 0.047514 0.25341 0
2703.9 33943 2.4833 -0.27075 1337.1 0.011541 6.0163 0.048193 0.22964 0
2723.1 34199 2.4874 -0.27175 1337.8 0.0082112 6.0469 0.050366 0.20615 0
2743.2 34370 2.4916 -0.27267 1339.2 0.0045274 6.0758 0.052577 0.18803 0
2763.7 34447 2.496 -0.27349 1335.8 0.0011789 6.1036 0.054214 0.18406 0
2784.1 34435 2.5004 -0.27419 1336.7 -0.0023799 6.1322 0.052923 0.20145 0
2803.9 34284 2.5046 -0.27475 1338.2 -0.010111 6.1634 0.046799 0.25317 0
2822.5 33842 2.5086 -0.27515 1332 -0.028091 6.1989 0.033353 0.34283 0
2839.6 32881 2.5122 -0.27538 1202.5 -0.064111 6.2361 0.020395 0.42759 0
2854.7 31451 2.5149 -0.27545 1019.8 -0.10972 6.2783 0.018823 0.49756 0
2867.4 29873 2.5168 -0.27541 939.64 -0.14461 6.332 0.024618 0.58394 0
2877.4 28475 2.5183 -0.2753 902.78 -0.15527 6.3991 0.037387 0.65599 0
2884.5 27515 2.5193 -0.27516 872.81 -0.14866 6.4653 0.044267 0.68507 0
2888.5 27016 2.5199 -0.27505 841.48 -0.14172 6.5077 0.046845 0.69075 0
2889.4 26906 2.52 -0.27502 833.38 -0.13994 6.5181 0.046911 0.69109 0
2891.1 26721 2.5202 -0.27497 814.25 -0.13684 6.5363 0.046669 0.69175 0
2895 26292 2.5207 -0.27484 773.47 -0.13292 6.5797 0.047157 0.68862 0
2901 25751 2.5213 -0.27463 661.66 -0.13486 6.641 0.045327 0.67507 0
2909.1 24957 2.5221 -0.27433 557.41 -0.17373 6.7122 0.042643 0.61868 0
2919 24063 2.5227 -0.27401 411.29 -0.26743 6.7764 0.035132 0.48519 0
2930.7 22043 2.5235 -0.27357 649.62 -0.33248 6.8394 0.021148 0.22165 0
2944 20120 2.5247 -0.27283 580.07 -0.092867 6.8932 0.040797 0.067547 0
2958.5 19739 2.5255 -0.2723 263.8 -0.20685 6.9122 0.024165 0.13199 0
2974.1 17982 2.5259 -0.27195 290.3 -0.5394 6.9508 0.01632 0.13319 0
2990.4 15440 2.5264 -0.27156 279.33 -0.60548 6.9622 0.03951 -0.014289 0
3007.3 12965 2.5269 -0.27117 259.51 -0.49221 6.9583 0.017963 0.016447 0
3024.4 11085 2.5273 -0.27087 180.6 -0.70417 6.9701 0.015076 -8.9967e-05 0
3041.4 8855.1 2.5277 -0.27061 222.33 -0.61864 6.9506 0.013453 -0.03352 0
3058.1 7009.1 2.528 -0.27036 168.27 -0.64632 6.9257 0.0094671 -0.023205 0
3074.1 5426.6 2.5284 -0.27012 214.73 -0.40615 6.8976 0.010332 -0.03195 0
3089.2 4467.2 2.5287 -0.2699 122.25 -0.49446 6.8866 0.010865 0.018652 0
3103.1 3425.7 2.5289 -0.26974 195.31 -0.42132 6.8956 0.012897 -0.011492 0
3115.6 2724.9 2.5292 -0.26956 107.05 -0.39815 6.9104 0.0068952 0.15445 0
3126.4 1963.3 2.5293 -0.26945 175.78 -0.61199 7.0993 0.0064072 0.28226 0
3135.5 1211.6 2.5295 -0.26928 119.06 -0.42718 7.3233 0.010608 0.36388 0
3142.5 848.11 2.5295 -0.26918 158.72 -0.49048 7.5403 0.017825 0.34769 0
3147.5 512.6 2.5295 -0.26907 107.51 -0.26132 7.7285 0.028078 0.36869 0
3150.3 479.92 2.5295 -0.26903 127.75 -0.33426 7.8279 0.031042 0.38741 0
3150.9 429.93 2.5295 -0.26902 114.21 -0.27037 7.8618 0.031323 0.39211 0
