time (s) altitude (m) velocity (m/s) mass (kg)trajectory angle (rad) angle of attack (rad) heading angle (rad) latitude (rad)
0 150 30 29373 1.5691 0 0.8639 -0.21673 2.3889
2.6435 241.32 39.162 28992 1.5641 -0.0047587 1.0798 -0.21673 2.3889
7.3518 465.97 56.507 28314 1.5343 -0.009037 1.1094 -0.21673 2.3889
11.347 722.43 72.301 27739 1.4893 -0.0078265 1.1479 -0.21673 2.3889
12.449 804.35 76.849 27581 1.4744 -0.0070606 1.1399 -0.21673 2.3889
15.093 1020.8 88.09 27200 1.4343 -0.0046149 1.1438 -0.21673 2.3889
19.801 1477.6 109.41 26522 1.3543 0.0018372 1.1482 -0.21672 2.3889
23.796 1938.1 128.94 25948 1.2857 0.0087296 1.1508 -0.2167 2.389
24.899 2077.1 134.58 25789 1.2677 0.010567 1.1514 -0.21669 2.389
27.542 2431.8 148.55 25409 1.2276 0.015058 1.1527 -0.21668 2.389
32.251 3139.8 174.96 24731 1.1705 0.021857 1.1546 -0.21664 2.389
36.245 3822.1 198.9 24157 1.1403 0.025873 1.1561 -0.21659 2.389
37.348 4024.6 205.76 23998 1.1352 0.026745 1.1565 -0.21658 2.389
39.992 4536.9 222.66 23618 1.1289 0.028543 1.1574 -0.21654 2.389
44.7 5552.3 254.34 22941 1.1358 0.028351 1.159 -0.21648 2.3891
48.695 6527.6 282.56 22367 1.1502 0.023395 1.1603 -0.21641 2.3891
49.798 6816.3 290.49 22209 1.1534 0.021357 1.1607 -0.21639 2.3891
52.441 7539.3 307.39 21829 1.1521 0.015739 1.1617 -0.21635 2.3891
57.149 8910.9 334.01 21152 1.1177 0.0031363 1.1633 -0.21626 2.3892
61.144 10133 356.75 20578 1.0574 -0.0079946 1.1645 -0.21616 2.3892
62.247 10477 363.7 20420 1.0371 -0.010511 1.1648 -0.21614 2.3892
64.891 11311 381.6 20040 0.98399 -0.016223 1.1654 -0.21606 2.3892
69.599 12821 418.89 19363 0.88026 -0.023312 1.1665 -0.2159 2.3893
73.594 14115 456.46 18789 0.79012 -0.027311 1.1673 -0.21573 2.3894
74.696 14472 467.85 18630 0.76567 -0.028588 1.1674 -0.21568 2.3894
77.34 15328 497.01 18250 0.70776 -0.031756 1.1679 -0.21554 2.3895
82.048 16838 555.78 17573 0.60769 -0.039504 1.1686 -0.21526 2.3896
86.043 18090 614.3 16998 0.52791 -0.04791 1.1691 -0.21497 2.3897
87.146 18430 632.1 16840 0.50711 -0.050224 1.1692 -0.21489 2.3897
89.789 19234 677.76 16459 0.4599 -0.055551 1.1695 -0.21467 2.3898
94.498 20624 769.36 15781 0.38586 -0.061805 1.17 -0.21422 2.39
98.492 21760 856.8 15206 0.33221 -0.062469 1.1703 -0.21378 2.3902
99.595 22067 882.31 15047 0.31823 -0.061997 1.1704 -0.21365 2.3903
102.24 22785 945.71 14666 0.28582 -0.060153 1.1707 -0.21332 2.3904
106.95 23987 1065.4 13988 0.22964 -0.05302 1.1711 -0.21266 2.3907
110.94 24901 1173.9 13412 0.18298 -0.043823 1.1714 -0.21203 2.391
112.04 25132 1205.2 13253 0.17069 -0.041286 1.1714 -0.21184 2.3911
114.69 25643 1282.7 12872 0.14233 -0.035167 1.1716 -0.21137 2.3913
119.4 26401 1429.4 12193 0.098035 -0.025238 1.1719 -0.21046 2.3917
123.39 26894 1561.7 11617 0.069131 -0.017602 1.1722 -0.2096 2.392
124.49 27008 1599.4 11458 0.062896 -0.015478 1.1722 -0.20935 2.3921
