time (s) altitude (m) velocity (m/s) mass (kg) dynamic pressure (Pa)trajectory angle (rad) Lift (N)Drag (N)heading angle (rad) latitude (rad) angle of attack (rad) 
760.02 46060 2411.6 3300 4722.9 0.25277 3034.3 932.17 1.8425 0.015207 0.1853
761.42 46905 2426.7 3279.2 4258.2 0.24991 2746.5 843.67 1.8425 0.015701 0.18578
763.92 48400 2454.2 3242.2 3602.5 0.24475 2324.3 712.88 1.8426 0.016589 0.18576
766.05 49658 2477.9 3210.7 3133.5 0.24034 2001.1 612.54 1.8427 0.017352 0.18443
766.63 50003 2484.5 3202 3016 0.23911 1923.2 588.42 1.8427 0.017564 0.18423
768.04 50827 2500.6 3181.2 2753.2 0.23617 1752.3 535.56 1.8427 0.018074 0.18396
770.54 52284 2529.7 3144.2 2373.4 0.23092 1491 454.06 1.8428 0.018993 0.18226
772.66 53507 2554.8 3112.8 2094.8 0.22646 1297.1 393.58 1.8429 0.019781 0.1804
773.25 53843 2561.9 3104.1 2023.7 0.22523 1250.2 379 1.8429 0.02 0.1801
774.65 54645 2578.9 3083.3 1862.8 0.22228 1145.5 346.48 1.843 0.020528 0.17948
777.16 56059 2609.6 3046.2 1606.6 0.21704 969.47 291.79 1.843 0.021477 0.17711
779.28 57246 2636.2 3014.8 1416.7 0.21261 841.94 252.29 1.8431 0.022292 0.17523
779.87 57572 2643.6 3006.1 1368.2 0.21139 811.1 242.77 1.8431 0.022519 0.17491
781.27 58348 2661.5 2985.3 1258.7 0.20848 742.07 221.59 1.8431 0.023065 0.17413
783.77 59718 2693.9 2948.3 1084.5 0.20332 627.55 186.82 1.8432 0.024048 0.1714
785.9 60867 2721.9 2916.9 955.58 0.19897 544.88 161.76 1.8433 0.024891 0.16931
786.48 61181 2729.7 2908.2 922.73 0.19777 524.69 155.63 1.8433 0.025126 0.16891
787.89 61932 2748.6 2887.4 848.49 0.19492 478.37 141.62 1.8433 0.025691 0.16771
790.39 63255 2782.7 2850.3 730.62 0.18988 399.98 118.05 1.8434 0.026708 0.16386
792.51 64364 2812.2 2818.9 643.49 0.18563 344.82 101.44 1.8435 0.027581 0.16132
793.1 64668 2820.5 2810.2 621.31 0.18446 331.58 97.449 1.8435 0.027824 0.16085
794.5 65392 2840.3 2789.4 571.2 0.18168 300.81 88.201 1.8435 0.028409 0.15932
797.01 66667 2876.3 2752.4 491.74 0.17675 248.8 72.661 1.8436 0.029462 0.15471
799.13 67733 2907.3 2720.9 433.06 0.1726 213.65 62.146 1.8436 0.030366 0.15194
799.72 68026 2916 2712.3 418.14 0.17146 205.26 59.633 1.8436 0.030617 0.15142
801.12 68722 2936.9 2691.5 384.43 0.16875 185.44 53.719 1.8437 0.031223 0.14955
803.62 69946 2974.7 2654.4 331.04 0.16395 151.41 43.633 1.8437 0.032314 0.14395
805.75 70970 3007.4 2623 291.66 0.15989 128.88 36.948 1.8438 0.033251 0.14052
806.33 71250 3016.5 2614.3 281.38 0.15878 123.44 35.341 1.8438 0.033511 0.13983
807.74 71917 3038.5 2593.5 258.2 0.15613 110.55 31.694 1.8438 0.034139 0.13721
810.24 73089 3078.3 2556.5 221.77 0.15142 87.589 25.414 1.8439 0.03527 0.12875
812.36 74067 3112.7 2525 195.13 0.14741 72.482 21.209 1.8439 0.036241 0.12279
812.95 74335 3122.3 2516.4 188.4 0.14631 69.008 20.224 1.8439 0.036511 0.1215
814.35 74971 3145.5 2495.6 173.24 0.14366 60.116 17.777 1.844 0.037161 0.11659
816.86 76087 3187.5 2458.5 149.4 0.13889 42.181 13.368 1.844 0.038333 0.099182
818.98 77015 3223.8 2427.1 131.98 0.13471 30.866 10.845 1.844 0.03934 0.084833
819.57 77268 3233.9 2418.4 127.57 0.13355 28.378 10.267 1.8441 0.03962 0.081454
820.97 77869 3258.4 2397.6 117.67 0.13073 21.891 8.8187 1.8441 0.040295 0.070663
823.47 78918 3302.8 2360.5 102.12 0.12547 8.0593 6.6789 1.8441 0.041511 0.03633
825.6 79784 3341.2 2329.1 90.79 0.12069 1.7092 5.7628 1.8442 0.042555 0.0088682
826.18 80019 3351.9 2320.4 87.933 0.11934 1.9729e-16 5.5331 1.8442 0.042846 0
826.18 80019 3351.9 2320.4 87.933 0.11934 1.9729e-16 5.5331 1.8442 0.042846 0
827.18 80418 3350.8 2320.4 82.311 0.11698 1.8468e-16 5.1849 1.8442 0.043343 0
828.18 80805 3349.7 2320.4 77.181 0.11463 6.3495e-16 4.8669 1.8442 0.043839 0
829.18 81184 3348.7 2320.4 72.448 0.11228 5.9601e-16 4.5731 1.8442 0.044336 0
830.18 81555 3347.6 2320.4 68.08 0.10992 2.8004e-16 4.3018 1.8442 0.044833 0
831.18 81918 3346.6 2320.4 64.046 0.10757 5.2689e-16 4.0509 1.8442 0.045329 0
832.18 82274 3345.7 2320.4 60.319 0.10521 -2.4811e-16 3.8189 1.8443 0.045826 0
833.18 82621 3344.7 2320.4 56.872 0.10285 2.3394e-16 3.6041 1.8443 0.046322 0
834.18 82960 3343.8 2320.4 53.683 0.10049 2.2082e-16 3.4053 1.8443 0.046818 0
835.18 83292 3342.8 2320.4 50.732 0.098127 2.0868e-16 3.2211 1.8443 0.047315 0
836.18 83615 3341.9 2320.4 47.999 0.095764 -3.9488e-16 3.0503 1.8443 0.047811 0
837.18 83931 3341.1 2320.4 45.467 0.0934 0 2.892 1.8443 0.048307 0
838.18 84239 3340.2 2320.4 43.12 0.091035 1.7737e-16 2.7451 1.8443 0.048803 0
839.18 84538 3339.4 2320.4 40.943 0.088669 -1.6842e-16 2.6088 1.8444 0.049299 0
840.18 84830 3338.6 2320.4 38.92 0.086301 1.6009e-16 2.4819 1.8444 0.049795 0
841.18 85114 3337.8 2189.5 0 0.083933 0 0 1.8444 0.050291 0
842.18 85390 3337.1 2189.5 0 0.081563 -0 0 1.8444 0.050787 0
843.18 85658 3336.3 2189.5 0 0.079193 0 0 1.8444 0.051283 0
844.18 85918 3335.6 2189.5 0 0.076822 0 0 1.8444 0.051779 0
845.18 86170 3334.9 2189.5 0 0.07445 0 0 1.8444 0.052275 0
846.18 86414 3334.3 2189.5 0 0.072076 0 0 1.8444 0.052771 0
847.18 86650 3333.6 2189.5 0 0.069702 0 0 1.8444 0.053267 0
848.18 86878 3333 2189.5 0 0.067328 0 0 1.8445 0.053763 0
849.18 87098 3332.4 2189.5 0 0.064952 0 0 1.8445 0.054259 0
850.18 87311 3331.8 2189.5 0 0.062575 -0 0 1.8445 0.054754 0
851.18 87515 3331.3 2189.5 0 0.060198 -0 0 1.8445 0.05525 0
852.18 87711 3330.7 2189.5 0 0.05782 -0 0 1.8445 0.055746 0
853.18 87900 3330.2 2189.5 0 0.055442 -0 0 1.8445 0.056241 0
854.18 88081 3329.8 2189.5 0 0.053062 -0 0 1.8445 0.056737 0
855.18 88253 3329.3 2189.5 0 0.050682 -0 0 1.8445 0.057233 0
856.18 88418 3328.9 2189.5 0 0.048302 -0 0 1.8445 0.057728 0
857.18 88575 3328.4 2189.5 0 0.045921 -0 0 1.8445 0.058224 0
858.18 88723 3328 2189.5 0 0.043539 0 0 1.8445 0.058719 0
859.18 88864 3327.7 2189.5 0 0.041157 -0 0 1.8445 0.059215 0
860.18 88997 3327.3 2189.5 0 0.038775 0 0 1.8445 0.05971 0
861.18 89122 3327 2189.5 0 0.036391 -0 0 1.8445 0.060206 0
862.18 89239 3326.7 2189.5 0 0.034008 -0 0 1.8445 0.060701 0
863.18 89349 3326.4 2189.5 0 0.031624 0 0 1.8446 0.061197 0
864.18 89450 3326.2 2189.5 0 0.02924 -0 0 1.8446 0.061692 0
865.18 89543 3325.9 2189.5 0 0.026855 -0 0 1.8446 0.062188 0
866.18 89628 3325.7 2189.5 0 0.02447 0 0 1.8446 0.062683 0
867.18 89706 3325.5 2189.5 0 0.022085 0 0 1.8446 0.063179 0
868.18 89775 3325.4 2189.5 0 0.0197 -0 0 1.8446 0.063674 0
869.18 89837 3325.2 2189.5 0 0.017314 0 0 1.8446 0.06417 0
870.18 89890 3325.1 2189.5 0 0.014928 0 0 1.8446 0.064665 0
871.18 89936 3325 2189.5 0 0.012542 -0 0 1.8446 0.06516 0
872.18 89974 3324.9 2189.5 0 0.010156 0 0 1.8446 0.065656 0
873.18 90004 3324.9 2189.5 0 0.00777 0 0 1.8446 0.066151 0
874.18 90025 3324.9 2189.5 0 0.0053837 0 0 1.8446 0.066647 0
875.18 90039 3324.9 2189.5 0 0.0029975 0 0 1.8446 0.067142 0
876.18 90045 3324.9 2189.5 0 0.00061116 -0 0 1.8446 0.067638 0
877.18 90043 3324.9 2189.5 0 0 -0 0 1.8446 0.068133 0
