time (s) altitude (m) velocity (m/s) mass (kg)trajectory angle (rad) angle of attack (rad) heading angle (rad) latitude (rad)
0 90 30 29388 1.5691 0 0.80946 -0.2123 2.3868
0.44109 103.56 31.493 29325 1.5687 -0.00145 0.86974 -0.2123 2.3868
1.2267 129.36 34.18 29211 1.5673 -0.003925 0.9429 -0.2123 2.3868
1.8933 152.91 36.489 29115 1.5651 -0.0058473 0.97663 -0.2123 2.3868
2.0773 159.68 37.131 29089 1.5644 -0.0063484 0.98375 -0.2123 2.3868
2.5184 176.4 38.678 29025 1.5623 -0.007514 0.99694 -0.2123 2.3868
3.304 207.87 41.463 28912 1.5577 -0.0093645 1.0129 -0.2123 2.3868
3.9706 236.3 43.855 28816 1.5528 -0.010684 1.022 -0.2123 2.3868
4.1546 244.43 44.52 28790 1.5513 -0.011022 1.024 -0.2123 2.3868
5.0368 285.11 47.737 28663 1.5432 -0.012449 1.0316 -0.2123 2.3868
6.608 364.64 53.587 28437 1.5249 -0.014069 1.0402 -0.2123 2.3868
7.9411 439.34 58.675 28245 1.5057 -0.014433 1.0448 -0.2123 2.3868
8.3091 461.15 60.101 28192 1.4999 -0.014399 1.0458 -0.2123 2.3868
9.1913 515.52 63.556 28065 1.4849 -0.014066 1.0478 -0.2123 2.3868
10.763 619.77 69.855 27838 1.4553 -0.012551 1.0507 -0.2123 2.3868
12.096 715.73 75.357 27646 1.4277 -0.010255 1.0525 -0.2123 2.3868
12.464 743.45 76.902 27593 1.4197 -0.009488 1.0529 -0.2123 2.3868
13.125 794.61 79.71 27498 1.4051 -0.0079589 1.0536 -0.2123 2.3868
14.304 889.98 84.806 27329 1.3782 -0.004716 1.0547 -0.21229 2.3868
15.304 975.16 89.223 27185 1.355 -0.0014093 1.0556 -0.21229 2.3868
15.58 999.37 90.456 27145 1.3486 -0.00044326 1.0558 -0.21229 2.3868
16.241 1058.6 93.447 27050 1.3332 0.0019667 1.0563 -0.21229 2.3868
17.42 1168.4 98.888 26880 1.3064 0.0066031 1.057 -0.21228 2.3868
18.42 1265.8 103.61 26736 1.2843 0.010811 1.0576 -0.21228 2.3868
18.696 1293.3 104.93 26696 1.2784 0.011975 1.0578 -0.21228 2.3868
20.019 1429.8 111.38 26506 1.2511 0.017464 1.0585 -0.21227 2.3868
22.376 1690.1 123.28 26167 1.2079 0.025705 1.0596 -0.21226 2.3868
24.375 1928.9 133.79 25879 1.1771 0.030528 1.0604 -0.21225 2.3869
24.927 1997.7 136.76 25800 1.1695 0.031542 1.0606 -0.21224 2.3869
25.589 2082 140.35 25704 1.1609 0.03258 1.0609 -0.21224 2.3869
26.768 2236.6 146.83 25535 1.1467 0.033912 1.0613 -0.21223 2.3869
27.767 2372.6 152.43 25391 1.1359 0.034492 1.0617 -0.21222 2.3869
28.043 2411 153.98 25351 1.1331 0.034606 1.0618 -0.21222 2.3869
28.705 2504.2 157.75 25256 1.1266 0.034801 1.062 -0.21221 2.3869
29.883 2675.2 164.53 25087 1.116 0.034897 1.0624 -0.2122 2.3869
30.883 2825.3 170.38 24943 1.108 0.034816 1.0628 -0.21219 2.3869
31.159 2867.6 172.01 24903 1.1059 0.034805 1.0628 -0.21219 2.3869
32.483 3075.2 179.92 24713 1.097 0.034764 1.0633 -0.21217 2.3869
34.839 3466.4 194.41 24374 1.0855 0.034851 1.064 -0.21215 2.3869
36.839 3820.9 207.1 24086 1.0803 0.0349 1.0646 -0.21212 2.3869
37.391 3922.6 210.66 24007 1.0797 0.034867 1.0648 -0.21211 2.3869
38.053 4046.7 214.97 23912 1.0794 0.034844 1.065 -0.2121 2.3869
39.231 4274.1 222.74 23742 1.08 0.034829 1.0653 -0.21209 2.3869
40.231 4473.6 229.43 23599 1.0817 0.034855 1.0656 -0.21207 2.387
40.507 4529.7 231.29 23559 1.0823 0.034867 1.0657 -0.21207 2.387
41.169 4666.2 235.78 23464 1.0843 0.034889 1.0659 -0.21206 2.387
42.347 4916.3 243.89 23294 1.0891 0.034892 1.0662 -0.21204 2.387
43.347 5135.8 250.87 23151 1.0944 0.034867 1.0666 -0.21202 2.387
43.623 5197.6 252.82 23111 1.096 0.034865 1.0666 -0.21202 2.387
44.237 5337 257.17 23023 1.1 0.034892 1.0668 -0.21201 2.387
45.521 5637.2 266.4 22838 1.1097 0.034903 1.0672 -0.21199 2.387
47.125 6029.9 278.19 22608 1.1242 0.033974 1.0677 -0.21196 2.387
48.621 6413.8 289.12 22393 1.138 0.031874 1.0682 -0.21194 2.387
49.607 6676.1 295.93 22251 1.1459 0.02995 1.0685 -0.21192 2.387
49.855 6743.2 297.58 22215 1.1476 0.029362 1.0686 -0.21192 2.387
51.178 7108 305.94 22025 1.1546 0.025808 1.0691 -0.21189 2.3871
53.535 7782.9 319.37 21686 1.1567 0.017289 1.0699 -0.21185 2.3871
55.535 8376.1 329.84 21399 1.1462 0.0079428 1.0706 -0.21182 2.3871
56.087 8542.6 332.67 21320 1.1412 0.0050573 1.0708 -0.21181 2.3871
56.701 8728.9 335.83 21232 1.1344 0.0018139 1.071 -0.2118 2.3871
57.985 9121.9 342.55 21047 1.1167 -0.0045839 1.0714 -0.21177 2.3871
59.589 9618.8 351.41 20816 1.0888 -0.011465 1.0718 -0.21173 2.3871
61.085 10086 360.27 20602 1.0585 -0.016716 1.0723 -0.2117 2.3872
62.071 10397 366.44 20460 1.0368 -0.019573 1.0725 -0.21168 2.3872
62.319 10475 368.03 20424 1.0312 -0.020215 1.0726 -0.21167 2.3872
63.642 10894 376.77 20234 1 -0.023131 1.0729 -0.21163 2.3872
65.999 11643 393.61 19895 0.94176 -0.026146 1.0735 -0.21156 2.3872
67.998 12280 409.34 19608 0.89191 -0.026584 1.0739 -0.2115 2.3873
68.55 12455 413.93 19529 0.87837 -0.026394 1.074 -0.21148 2.3873
69.212 12666 419.57 19433 0.86235 -0.026085 1.0741 -0.21145 2.3873
70.391 13042 430.02 19264 0.83448 -0.02546 1.0744 -0.21141 2.3873
71.39 13360 439.29 19120 0.81152 -0.024958 1.0746 -0.21136 2.3874
71.666 13448 441.91 19081 0.8053 -0.024849 1.0746 -0.21135 2.3874
72.328 13659 448.32 18986 0.79058 -0.024612 1.0747 -0.21132 2.3874
73.506 14035 460.14 18816 0.765 -0.024534 1.0749 -0.21127 2.3874
74.506 14353 470.58 18672 0.74383 -0.024943 1.0751 -0.21123 2.3874
74.782 14441 473.53 18633 0.73806 -0.025123 1.0751 -0.21121 2.3874
75.363 14626 479.83 18549 0.72601 -0.02557 1.0752 -0.21118 2.3875
76.512 14992 492.7 18384 0.70243 -0.026919 1.0754 -0.21113 2.3875
77.787 15397 507.58 18201 0.67655 -0.029216 1.0756 -0.21106 2.3875
78.7 15687 518.63 18069 0.65803 -0.031313 1.0757 -0.21101 2.3875
78.937 15763 521.56 18035 0.65321 -0.031928 1.0757 -0.21099 2.3876
79.819 16042 532.65 17908 0.63524 -0.034332 1.0759 -0.21094 2.3876
81.39 16537 553.23 17682 0.60292 -0.039557 1.0761 -0.21085 2.3876
82.723 16953 571.57 17491 0.57504 -0.044935 1.0763 -0.21076 2.3877
83.091 17067 576.79 17438 0.56725 -0.046486 1.0763 -0.21074 2.3877
83.974 17340 589.6 17311 0.54851 -0.050243 1.0764 -0.21068 2.3877
85.545 17819 613.53 17085 0.5151 -0.056642 1.0766 -0.21056 2.3878
86.878 18218 635.02 16893 0.48721 -0.061337 1.0767 -0.21046 2.3878
87.246 18328 641.16 16840 0.47966 -0.062472 1.0768 -0.21043 2.3879
88.117 18584 656.02 16715 0.46208 -0.065033 1.0769 -0.21036 2.3879
89.841 19082 686.89 16466 0.42872 -0.069057 1.0771 -0.21022 2.388
91.753 19620 723.3 16191 0.39415 -0.071714 1.0773 -0.21005 2.3881
93.122 19997 750.74 15994 0.37099 -0.072644 1.0774 -0.20992 2.3881
93.478 20094 758.05 15943 0.36517 -0.07276 1.0774 -0.20989 2.3882
94.801 20448 785.86 15752 0.34424 -0.073141 1.0775 -0.20975 2.3882
97.158 21061 837.75 15413 0.30915 -0.073199 1.0778 -0.20951 2.3884
99.158 21561 883.98 15125 0.28098 -0.072332 1.0779 -0.20928 2.3885
99.71 21696 897.08 15046 0.27339 -0.071878 1.078 -0.20921 2.3885
100.17 21806 907.99 14980 0.26719 -0.071416 1.078 -0.20916 2.3886
101.15 22039 931.84 14838 0.25392 -0.070168 1.0781 -0.20904 2.3886
102.46 22340 964.31 14649 0.23644 -0.067767 1.0782 -0.20887 2.3887
103.84 22646 999.19 14450 0.21829 -0.064321 1.0783 -0.20869 2.3888
105.02 22896 1029.4 14281 0.20302 -0.060628 1.0784 -0.20853 2.3889
105.76 23047 1048.7 14174 0.19353 -0.057967 1.0784 -0.20842 2.389
105.94 23084 1053.4 14148 0.19121 -0.057282 1.0785 -0.2084 2.389
106.4 23174 1065.4 14082 0.18544 -0.055556 1.0785 -0.20833 2.389
107.38 23363 1091.4 13941 0.17319 -0.051664 1.0786 -0.20819 2.3891
108.69 23602 1126.8 13752 0.15732 -0.04633 1.0787 -0.20799 2.3892
110.07 23838 1164.8 13552 0.14133 -0.041168 1.0788 -0.20778 2.3893
111.25 24024 1198 13383 0.12828 -0.037479 1.0788 -0.20759 2.3894
111.99 24135 1219.2 13276 0.12031 -0.035507 1.0789 -0.20746 2.3895
112.17 24162 1224.4 13250 0.11837 -0.03505 1.0789 -0.20743 2.3895
112.84 24255 1243.7 13154 0.11142 -0.033468 1.0789 -0.20732 2.3896
114.01 24412 1278.5 12985 0.099338 -0.031172 1.079 -0.20712 2.3897
115.01 24533 1308.6 12840 0.089339 -0.02973 1.0791 -0.20694 2.3898
115.29 24565 1317 12801 0.086612 -0.029357 1.0791 -0.20689 2.3898
115.95 24638 1337.2 12705 0.08015 -0.028477 1.0791 -0.20677 2.3899
117.13 24757 1373.7 12535 0.068944 -0.026688 1.0792 -0.20655 2.39
118.13 24847 1405.2 12391 0.05987 -0.024695 1.0793 -0.20636 2.3901
118.41 24869 1414 12352 0.057461 -0.024043 1.0793 -0.2063 2.3901
119.02 24917 1433.5 12263 0.052283 -0.022509 1.0793 -0.20618 2.3902
120.3 25005 1474.8 12078 0.042389 -0.018705 1.0794 -0.20593 2.3903
121.91 25095 1527.1 11847 0.032541 -0.012786 1.0795 -0.20559 2.3905
123.4 25162 1576.6 11631 0.025988 -0.006127 1.0796 -0.20527 2.3907
124.39 25201 1609.9 11489 0.022831 -0.0011399 1.0797 -0.20506 2.3908
124.64 25210 1618.3 11453 0.022235 0.00014114 1.0797 -0.205 2.3908
