time (s) altitude (m) longitude (rad) latitude (rad) velocity (m/s) trajectory angle (rad) heading angle (rad) angle of attack (rad) bank angle (rad) fuel mass (kg) Third Stage (flag)
124.64 25210 2.3908 -0.205 1618.3 0.022235 1.0797 0.00014114 0.03129 1562 1
127.18 25292 2.3912 -0.20443 1626.6 0.018629 1.0801 0.013561 0.027731 1555.2 1
131.7 25427 2.3917 -0.20341 1643.5 0.018439 1.081 0.015226 0.016085 1542.3 1
135.54 25543 2.3922 -0.20254 1657.9 0.017133 1.0814 0.015481 0.0097513 1531.1 1
136.6 25571 2.3923 -0.2023 1662.1 0.017202 1.0816 0.016881 0.00898 1528 1
139.14 25644 2.3926 -0.20171 1672.2 0.017211 1.0818 0.016658 0.0051793 1520.3 1
143.67 25775 2.3932 -0.20066 1690.7 0.017321 1.0821 0.017395 3.9704e-05 1506.4 1
147.51 25890 2.3937 -0.19976 1706.9 0.017785 1.0824 0.017992 0.0041657 1494.2 1
148.57 25922 2.3938 -0.19951 1711.5 0.01794 1.0825 0.018183 0.0054339 1490.8 1
151.11 26001 2.3942 -0.19891 1722.6 0.018325 1.0827 0.018048 0.0088945 1482.4 1
155.64 26147 2.3947 -0.19783 1742.9 0.018877 1.0835 0.017977 0.035407 1467.3 1
159.48 26275 2.3952 -0.1969 1760.6 0.019119 1.0847 0.017515 0.069757 1454.2 1
160.54 26311 2.3954 -0.19664 1765.6 0.019102 1.0852 0.018412 0.077195 1450.5 1
163.08 26398 2.3957 -0.19602 1777.6 0.019628 1.0865 0.019061 0.10102 1441.6 1
167.6 26556 2.3963 -0.1949 1798.4 0.019079 1.0899 0.014944 0.17762 1425.8 1
171.44 26682 2.3968 -0.19394 1815.9 0.017007 1.0938 0.016039 0.24138 1412.7 1
172.5 26714 2.397 -0.19367 1820.7 0.016743 1.0951 0.01819 0.26066 1409 1
174.25 26767 2.3972 -0.19322 1828.8 0.016498 1.0976 0.018637 0.28144 1402.9 1
178.02 26882 2.3977 -0.19226 1846.4 0.016689 1.1039 0.021605 0.35103 1389.5 1
183.06 27041 2.3984 -0.19095 1870.1 0.017202 1.1146 0.021788 0.43505 1371.6 1
188.37 27214 2.399 -0.18954 1895.3 0.017651 1.1285 0.027102 0.5298 1352.5 1
192.89 27379 2.3996 -0.18832 1917.7 0.021273 1.1448 0.037017 0.60613 1335.6 1
195.73 27504 2.4 -0.18754 1932.2 0.024598 1.1571 0.037436 0.65692 1324.7 1
196.43 27538 2.4001 -0.18735 1935.7 0.025199 1.1601 0.037651 0.66856 1322 1
198.98 27668 2.4004 -0.18664 1948.5 0.027335 1.1716 0.037559 0.70205 1312.4 1
203.5 27922 2.4009 -0.18535 1971 0.029502 1.1929 0.037173 0.78604 1295.5 1
207.34 28147 2.4013 -0.18425 1989.8 0.029494 1.2117 0.036561 0.84384 1281.4 1
208.4 28209 2.4015 -0.18394 1995 0.029244 1.2169 0.036529 0.85817 1277.5 1
210.94 28356 2.4017 -0.18319 2007.2 0.028305 1.2294 0.036366 0.88295 1268.4 1
215.47 28602 2.4022 -0.18184 2028.9 0.02546 1.2518 0.036234 0.9341 1252.4 1
219.31 28789 2.4026 -0.18068 2047.1 0.022173 1.2707 0.035793 0.94294 1239.1 1
220.37 28836 2.4027 -0.18035 2052.1 0.021239 1.2758 0.035656 0.94348 1235.4 1
222.91 28941 2.4029 -0.17957 2064 0.018828 1.2878 0.034549 0.93842 1226.7 1
227.43 29097 2.4033 -0.17816 2085.3 0.014609 1.3083 0.034118 0.90653 1211.4 1
231.27 29202 2.4036 -0.17694 2103.5 0.011605 1.3249 0.034073 0.87114 1198.4 1
232.33 29227 2.4037 -0.1766 2108.5 0.010874 1.3294 0.034058 0.86445 1194.8 1
234.87 29281 2.4039 -0.17579 2120.5 0.0092468 1.34 0.033904 0.84412 1186.2 1
239.4 29359 2.4043 -0.17432 2141.5 0.0071582 1.358 0.033592 0.77591 1170.8 1
243.24 29415 2.4045 -0.17305 2158.8 0.0063482 1.3721 0.033454 0.72561 1157.7 1
244.3 29429 2.4046 -0.1727 2163.5 0.0062375 1.3759 0.033435 0.71665 1154.1 1
246.84 29463 2.4048 -0.17186 2174.6 0.0061281 1.3848 0.033257 0.69301 1145.3 1
251.37 29525 2.4051 -0.17034 2193.9 0.0065431 1.3995 0.032262 0.61918 1129.7 1
255.21 29584 2.4053 -0.16903 2209.7 0.0074642 1.4107 0.031686 0.57154 1116.4 1
256.27 29602 2.4053 -0.16867 2213.9 0.0077716 1.4137 0.031562 0.56286 1112.8 1
258.81 29648 2.4055 -0.1678 2224 0.0085707 1.4206 0.03127 0.54211 1104 1
263.33 29743 2.4057 -0.16624 2241.4 0.010286 1.4318 0.030789 0.48649 1088.3 1
267.17 29839 2.4059 -0.1649 2255.6 0.011995 1.4405 0.030559 0.45742 1075.1 1
268.23 29868 2.4059 -0.16453 2259.4 0.012469 1.4428 0.030462 0.4527 1071.5 1
271.62 29970 2.4061 -0.16334 2271.3 0.01394 1.4499 0.029909 0.43628 1059.9 1
277.65 30175 2.4063 -0.16121 2291.2 0.015898 1.4615 0.028638 0.40664 1039.7 1
282.77 30373 2.4065 -0.15938 2307 0.017797 1.4709 0.032721 0.40839 1022.7 1
284.19 30432 2.4066 -0.15887 2311.3 0.018732 1.4737 0.032655 0.40958 1018 1
285.88 30507 2.4066 -0.15826 2316.3 0.0196 1.4769 0.032596 0.41086 1012.4 1
288.9 30649 2.4067 -0.15717 2325 0.020934 1.4826 0.032265 0.41715 1002.6 1
291.46 30777 2.4068 -0.15625 2332.1 0.021798 1.4874 0.031868 0.42318 994.39 1
292.16 30813 2.4068 -0.15599 2334 0.021991 1.4888 0.031831 0.42424 992.15 1
293.86 30901 2.4069 -0.15537 2338.5 0.022397 1.4919 0.031698 0.42696 986.83 1
296.88 31061 2.407 -0.15427 2346.4 0.02286 1.4974 0.03134 0.43681 977.49 1
299.43 31199 2.407 -0.15334 2352.7 0.02297 1.5021 0.030983 0.44412 969.73 1
300.14 31237 2.4071 -0.15308 2354.5 0.022957 1.5033 0.030921 0.44526 967.61 1
303.53 31419 2.4071 -0.15183 2362.5 0.022636 1.5094 0.030617 0.45649 957.6 1
309.56 31734 2.4073 -0.1496 2375.8 0.021182 1.5203 0.030189 0.48937 940.31 1
314.68 31977 2.4074 -0.1477 2386.1 0.018241 1.5291 0.024453 0.50549 926.32 1
316.1 32036 2.4074 -0.14718 2388.8 0.016862 1.5313 0.024282 0.50731 922.62 1
318.64 32131 2.4074 -0.14623 2393.6 0.014457 1.5352 0.023544 0.50822 916.01 1
323.16 32265 2.4075 -0.14453 2401.8 0.009931 1.542 0.022521 0.5078 904.43 1
327 32334 2.4075 -0.14309 2408.5 0.0048863 1.5471 0.012883 0.50481 894.93 1
328.06 32344 2.4075 -0.14269 2410.2 0.002924 1.5481 0.013067 0.50432 892.43 1
330.6 32349 2.4075 -0.14174 2414.5 -0.0013389 1.5509 0.012903 0.50116 886.35 1
335.13 32294 2.4076 -0.14003 2422.3 -0.0087852 1.5559 0.013123 0.48672 875.43 1
338.97 32184 2.4076 -0.13857 2429.2 -0.014788 1.56 0.013462 0.47532 865.96 1
340.03 32143 2.4076 -0.13817 2431.1 -0.016384 1.5612 0.024141 0.47331 863.3 1
342.57 32038 2.4076 -0.13721 2436.2 -0.017434 1.5654 0.032592 0.46678 856.3 1
347.1 31845 2.4076 -0.13548 2445.6 -0.017268 1.5735 0.033548 0.44827 843.17 1
350.94 31686 2.4076 -0.13401 2453.9 -0.016659 1.5804 0.034327 0.43956 831.68 1
352 31642 2.4076 -0.13361 2456.2 -0.016255 1.5823 0.034731 0.43845 828.41 1
354.54 31544 2.4076 -0.13263 2461.9 -0.01519 1.5871 0.035057 0.43587 820.49 1
359.06 31388 2.4075 -0.13089 2472 -0.012553 1.5959 0.035918 0.43479 805.96 1
362.9 31282 2.4075 -0.1294 2480.7 -0.0096588 1.6036 0.036309 0.44133 793.26 1
363.96 31258 2.4075 -0.12899 2483 -0.0087915 1.6058 0.036472 0.44279 789.7 1
366.5 31209 2.4074 -0.12801 2488.7 -0.0065616 1.6112 0.036917 0.4477 781.09 1
371.03 31161 2.4074 -0.12624 2498.8 -0.0020839 1.6213 0.036879 0.4707 765.47 1
374.87 31154 2.4073 -0.12475 2507 0.00030172 1.6296 0.026145 0.4923 752.37 1
375.93 31155 2.4073 -0.12433 2509.2 0.00014479 1.6315 0.026129 0.49608 748.91 1
378.47 31157 2.4072 -0.12334 2514.5 0.00034243 1.6365 0.025898 0.50647 740.46 1
382.99 31162 2.4071 -0.12156 2523.8 0.00052606 1.6457 0.025741 0.54262 725.37 1
386.83 31167 2.4069 -0.12005 2531.7 0.00055007 1.654 0.026003 0.5686 712.49 1
387.89 31169 2.4069 -0.11963 2533.9 0.00056357 1.6564 0.026077 0.57287 708.92 1
390.43 31173 2.4068 -0.11863 2539 0.00061584 1.6621 0.026365 0.58359 700.34 1
394.96 31181 2.4066 -0.11684 2548.2 0.00076448 1.6729 0.027132 0.61771 684.95 1
398.8 31189 2.4065 -0.11532 2556 0.00091976 1.6826 0.027666 0.63939 671.79 1
399.86 31191 2.4064 -0.1149 2558.1 0.00097344 1.6854 0.027755 0.64289 668.15 1
402.4 31198 2.4063 -0.11389 2563.3 0.0011219 1.692 0.027957 0.65064 659.38 1
406.93 31213 2.4061 -0.11209 2572.4 0.0014117 1.7042 0.028274 0.669 643.71 1
410.77 31228 2.4059 -0.11056 2580 0.0016723 1.7148 0.028369 0.67512 630.35 1
411.83 31233 2.4058 -0.11013 2582.1 0.0017571 1.7177 0.028223 0.67543 626.65 1
414.37 31245 2.4056 -0.10912 2587.2 0.0019523 1.7248 0.028191 0.67355 617.79 1
418.89 31271 2.4054 -0.10731 2596 0.0024506 1.7372 0.028007 0.6573 601.99 1
422.73 31298 2.4051 -0.10578 2603.5 0.0030736 1.7474 0.02769 0.6356 588.58 1
423.79 31307 2.405 -0.10535 2605.5 0.0032769 1.7501 0.02758 0.63073 584.88 1
426.33 31330 2.4048 -0.10433 2610.4 0.0037635 1.7566 0.027238 0.61366 576.03 1
430.86 31382 2.4045 -0.10252 2618.8 0.0050696 1.7674 0.026291 0.54973 560.3 1
434.7 31436 2.4041 -0.10098 2625.7 0.005374 1.775 0.017505 0.49915 547.27 1
435.76 31451 2.4041 -0.10055 2627.6 0.0048526 1.7766 0.017393 0.49042 543.82 1
438.3 31481 2.4038 -0.099531 2632 0.0041132 1.7806 0.017299 0.46501 535.47 1
442.83 31523 2.4034 -0.09771 2639.8 0.0030891 1.7869 0.01697 0.38372 520.65 1
446.66 31551 2.4031 -0.096162 2646.4 0.0025506 1.7914 0.016916 0.33021 508.09 1
447.72 31558 2.403 -0.095735 2648.2 0.0024424 1.7925 0.017074 0.32045 504.62 1
450.27 31574 2.4028 -0.094709 2652.5 0.0022468 1.7951 0.016845 0.29531 496.31 1
454.79 31600 2.4023 -0.092879 2660.2 0.0021385 1.7991 0.016918 0.22319 481.5 1
458.63 31623 2.402 -0.091324 2666.7 0.0022877 1.8016 0.016664 0.18171 468.93 1
459.69 31629 2.4019 -0.090894 2668.4 0.00232 1.8023 0.01665 0.17484 465.46 1
462.23 31645 2.4016 -0.089863 2672.7 0.0024245 1.8037 0.01638 0.15716 457.15 1
466.76 31676 2.4012 -0.088023 2680.1 0.0026013 1.8057 0.015972 0.10718 442.37 1
470.6 31703 2.4008 -0.086458 2686.4 0.0026897 1.8068 0.015367 0.080501 429.86 1
471.66 31711 2.4007 -0.086025 2688.1 0.0026777 1.8071 0.015651 0.075954 426.42 1
474.2 31729 2.4005 -0.084988 2692.2 0.0027233 1.8077 0.015333 0.064264 418.16 1
478.72 31763 2.4 -0.083136 2699.4 0.0027639 1.8085 0.015149 0.034214 403.47 1
482.56 31792 2.3996 -0.081561 2705.4 0.0027663 1.8088 0.014742 0.020577 391.03 1
483.62 31799 2.3995 -0.081125 2707.1 0.0027369 1.8089 0.014757 0.018252 387.6 1
488.71 31837 2.399 -0.079034 2715 0.0026971 1.8091 0.014719 0.0043226 371.17 1
497.76 31903 2.3981 -0.075296 2728.8 0.0026574 1.809 0.014438 -0.0065014 341.97 1
505.44 31958 2.3973 -0.072109 2740.2 0.0025546 1.809 0.014132 0.007593 317.28 1
507.56 31972 2.3971 -0.071226 2743.4 0.0025134 1.8091 0.014219 0.010426 310.47 1
509.25 31984 2.3969 -0.070521 2745.9 0.002485 1.8091 0.013977 0.011028 305.04 1
512.27 32004 2.3966 -0.069263 2750.3 0.0024174 1.8093 0.013967 0.013601 295.37 1
514.83 32021 2.3964 -0.068194 2754 0.0023675 1.8094 0.013783 0.015876 287.17 1
515.53 32026 2.3963 -0.067898 2755 0.0023424 1.8094 0.013977 0.016198 284.91 1
517.23 32037 2.3961 -0.06719 2757.4 0.0023227 1.8095 0.013894 0.016106 279.49 1
520.24 32056 2.3958 -0.065926 2761.7 0.0022935 1.8097 0.01387 0.016708 269.84 1
522.8 32072 2.3956 -0.064853 2765.4 0.00226 1.8098 0.013624 0.017958 261.66 1
523.51 32077 2.3955 -0.064556 2766.4 0.002238 1.8099 0.013911 0.018111 259.4 1
525.2 32087 2.3953 -0.063845 2768.7 0.0022389 1.81 0.013807 0.017675 253.99 1
528.22 32106 2.395 -0.062577 2773 0.002236 1.8101 0.013745 0.017456 244.36 1
530.78 32122 2.3947 -0.061499 2776.5 0.0022252 1.8103 0.013555 0.018404 236.2 1
531.49 32126 2.3947 -0.061201 2777.5 0.0022135 1.8103 0.013871 0.018521 233.95 1
533.18 32136 2.3945 -0.060487 2779.8 0.0022229 1.8104 0.013561 0.018083 228.55 1
536.2 32155 2.3942 -0.059214 2784 0.0021737 1.8106 0.013342 0.017984 218.95 1
538.76 32170 2.3939 -0.058132 2787.4 0.002138 1.8107 0.013446 0.019122 210.81 1
539.47 32174 2.3938 -0.057834 2788.4 0.002138 1.8108 0.013777 0.019261 208.56 1
541.16 32185 2.3937 -0.057117 2790.7 0.0021592 1.8109 0.013422 0.018901 203.17 1
544.18 32203 2.3934 -0.055839 2794.7 0.0021296 1.8111 0.013215 0.019147 193.6 1
546.74 32218 2.3931 -0.054753 2798.1 0.002094 1.8112 0.013126 0.020498 185.48 1
547.44 32222 2.393 -0.054453 2799.1 0.0020814 1.8113 0.013369 0.020637 183.24 1
549.14 32232 2.3928 -0.053734 2801.3 0.0020443 1.8114 0.012819 0.020344 177.88 1
552.15 32249 2.3925 -0.052451 2805.3 0.0019828 1.8116 0.013425 0.020838 168.33 1
554.71 32264 2.3923 -0.051361 2808.6 0.0022217 1.8118 0.014846 0.022109 160.18 1
555.42 32268 2.3922 -0.05106 2809.5 0.0023561 1.8118 0.015105 0.022085 157.92 1
557.11 32280 2.392 -0.050338 2811.7 0.0025475 1.8119 0.013169 0.021517 152.53 1
560.13 32300 2.3917 -0.049051 2815.6 0.0019963 1.8121 0.0096253 0.021504 143.1 1
562.69 32312 2.3914 -0.047957 2818.8 0.0013067 1.8123 0.012106 0.022023 135.14 1
563.4 32314 2.3913 -0.047655 2819.7 0.0013276 1.8123 0.013591 0.021532 132.9 1
565.09 32321 2.3912 -0.046931 2821.9 0.0016836 1.8125 0.016481 0.020344 127.5 1
568.11 32341 2.3908 -0.045639 2825.7 0.0031022 1.8127 0.01736 0.019355 117.74 1
570.67 32365 2.3906 -0.044542 2828.9 0.0032182 1.8128 0.0068927 0.018585 109.66 1
571.38 32372 2.3905 -0.044239 2829.7 0.002624 1.8129 0.0045917 0.017181 107.54 1
573.07 32380 2.3903 -0.043512 2831.8 0.00086494 1.8129 0.0022928 0.014686 102.52 1
576.09 32381 2.39 -0.042215 2835.6 0.00017119 1.813 0.021409 0.010417 93.148 1
578.65 32395 2.3897 -0.041114 2838.7 0.0046211 1.8131 0.037873 0.006844 84.331 1
579.35 32406 2.3897 -0.04081 2839.5 0.0063792 1.8132 0.03955 0.0046853 81.807 1
581.05 32448 2.3895 -0.040081 2841.3 0.011123 1.8132 0.044445 0.0020813 75.688 1
584.06 32586 2.3891 -0.038781 2843.8 0.021323 1.8132 0.0526 0.0030046 64.608 1
586.62 32777 2.3889 -0.037678 2845.2 0.031235 1.8133 0.057638 0.0065612 55.186 1
587.33 32842 2.3888 -0.037373 2845.5 0.034062 1.8134 0.058823 0.0056954 52.611 1
589.02 33023 2.3886 -0.036643 2845.9 0.040932 1.8134 0.061569 0.004402 46.509 1
592.04 33428 2.3883 -0.035343 2845.6 0.053685 1.8136 0.069738 0.004235 35.916 1
594.6 33860 2.388 -0.034241 2844.1 0.06515 1.8137 0.077906 0.0044762 27.248 1
595.31 33995 2.3879 -0.033937 2843.5 0.068378 1.8137 0.082475 0.0036487 24.923 1
597 34343 2.3878 -0.03321 2841.4 0.076581 1.8138 0.089243 0.0017654 19.424 1
600.02 35061 2.3874 -0.031916 2836.2 0.09129 1.8139 0.10202 0.0041294 10.158 1
602.58 35770 2.3872 -0.030823 2829.7 0.10472 1.814 0.12856 0.0035786 2.7427 1
603.29 35983 2.3871 -0.030522 2827.3 0.10896 1.814 0.13325 0 0.71915 1
603.29 35983 2.3871 -0.030522 2827.3 0.10896 1.814 0.13325 0 0.71915 0
604.65 36434 2.387 -0.029943 2806.4 0.12551 1.8151 0.13009 0.10072 0.71822 0
607.09 37367 2.3867 -0.028925 2774 0.14916 1.8214 0.12206 0.30801 0.71797 0
609.15 38257 2.3865 -0.028074 2750.9 0.16316 1.83 0.1166 0.47291 0.71727 0
609.72 38514 2.3864 -0.027841 2745.2 0.1662 1.8326 0.11527 0.51926 0.71712 0
611.09 39144 2.3863 -0.027286 2732.2 0.17209 1.8391 0.11278 0.60955 0.71627 0
613.52 40302 2.386 -0.026306 2712.3 0.17813 1.8509 0.10611 0.81677 0.71603 0
615.59 41296 2.3857 -0.025484 2697.9 0.17937 1.8608 0.10264 0.95946 0.71539 0
616.16 41570 2.3857 -0.025258 2694.3 0.17931 1.8634 0.10207 0.99321 0.71524 0
617.52 42225 2.3855 -0.024718 2686 0.17854 1.8693 0.1009 1.0568 0.71444 0
619.96 43374 2.3852 -0.023763 2672.9 0.17525 1.8789 0.097495 1.2097 0.71421 0
622.02 44323 2.385 -0.022958 2663.2 0.17097 1.8862 0.095523 1.2766 0.7136 0
622.59 44581 2.3849 -0.022736 2660.6 0.16969 1.888 0.095177 1.2867 0.71345 0
623.96 45188 2.3847 -0.022206 2654.9 0.16642 1.8921 0.094425 1.3121 0.71268 0
626.39 46237 2.3844 -0.021266 2645.5 0.16007 1.8986 0.092239 1.362 0.71245 0
628.46 47091 2.3841 -0.020472 2638.4 0.15432 1.9035 0.090916 1.3699 0.71185 0
629.03 47321 2.384 -0.020253 2636.5 0.15272 1.9047 0.090697 1.3727 0.7117 0
631.76 48387 2.3837 -0.019207 2628.2 0.14475 1.9101 0.088767 1.4043 0.71093 0
636.63 50136 2.383 -0.017353 2615.4 0.13013 1.9178 0.082895 1.3497 0.7107 0
640.76 51470 2.3824 -0.015787 2606.3 0.11795 1.9228 0.079357 1.1792 0.7101 0
641.9 51815 2.3823 -0.015356 2604 0.11467 1.9239 0.078778 1.1505 0.70995 0
643.27 52215 2.3821 -0.01484 2601.4 0.11072 1.9252 0.078438 1.1335 0.70919 0
645.7 52891 2.3818 -0.013922 2597 0.10366 1.9274 0.077394 1.0745 0.70895 0
647.77 53430 2.3815 -0.013145 2593.5 0.097682 1.929 0.076758 1.0312 0.70834 0
648.34 53573 2.3814 -0.01293 2592.5 0.096025 1.9294 0.076653 1.0239 0.70818 0
649.7 53906 2.3812 -0.012416 2590.4 0.092042 1.9304 0.076404 1.0098 0.70771 0
652.14 54462 2.3808 -0.011502 2586.8 0.084923 1.932 0.075676 0.96036 0.70731 0
654.2 54899 2.3806 -0.010728 2584 0.078868 1.9333 0.075256 0.9234 0.7068 0
654.77 55014 2.3805 -0.010514 2583.2 0.077192 1.9336 0.075189 0.9171 0.70661 0
655.68 55192 2.3803 -0.010173 2582.1 0.074506 1.9341 0.075118 0.91127 0.70393 0
657.31 55494 2.3801 -0.0095654 2580.1 0.069709 1.9349 0.074903 0.89199 0.70458 0
658.68 55734 2.3799 -0.0090504 2578.5 0.065625 1.9356 0.074775 0.87888 0.70339 0
659.06 55798 2.3799 -0.0089082 2578.1 0.064495 1.9358 0.074754 0.87674 0.70351 0
659.98 55946 2.3797 -0.0085676 2577.1 0.061781 1.9363 0.074702 0.87247 0.7009 0
661.6 56194 2.3795 -0.0079613 2575.4 0.056934 1.937 0.074553 0.8583 0.70148 0
662.97 56388 2.3793 -0.0074472 2574 0.052809 1.9376 0.074468 0.84847 0.70033 0
663.35 56440 2.3792 -0.0073054 2573.6 0.051669 1.9378 0.074455 0.84687 0.70044 0
664.27 56557 2.3791 -0.0069654 2572.8 0.048929 1.9382 0.074422 0.84375 0.69788 0
665.89 56751 2.3789 -0.0063601 2571.4 0.04404 1.9389 0.074331 0.83333 0.69839 0
667.27 56900 2.3787 -0.0058469 2570.2 0.039881 1.9395 0.074283 0.82602 0.69727 0
667.65 56938 2.3786 -0.0057053 2569.9 0.038732 1.9396 0.074277 0.82486 0.69744 0
668.56 57026 2.3785 -0.0053658 2569.2 0.035972 1.94 0.074265 0.82268 0.69487 0
670.18 57165 2.3783 -0.0047615 2568 0.03105 1.9406 0.074241 0.81514 0.69539 0
671.56 57268 2.3781 -0.0042491 2567.1 0.026866 1.9411 0.07424 0.80966 0.69405 0
671.94 57293 2.378 -0.0041076 2566.8 0.02571 1.9413 0.07424 0.80878 0.69398 0
672.85 57350 2.3779 -0.0037687 2566.3 0.022936 1.9416 0.074242 0.8072 0.69136 0
674.47 57435 2.3776 -0.0031653 2565.3 0.017992 1.9422 0.074261 0.80163 0.69199 0
675.85 57491 2.3774 -0.0026535 2564.5 0.013792 1.9427 0.074284 0.79745 0.69019 0
676.23 57504 2.3774 -0.0025123 2564.4 0.012631 1.9428 0.074289 0.79678 0.68976 0
677.14 57531 2.3773 -0.0021738 2563.9 0.0098484 1.9432 0.074302 0.79567 0.68691 0
678.76 57561 2.377 -0.0015712 2563.2 0.004893 1.9437 0.074355 0.79168 0.68746 0
680.14 57571 2.3768 -0.0010601 2562.6 0.00068607 1.9442 0.0744 0.78861 0.68543 0
680.52 57571 2.3768 -0.00091901 2562.5 -0.00047552 1.9444 0.074409 0.78815 0.68472 0
681.43 57567 2.3766 -0.00058095 2562.1 -0.0032609 1.9447 0.074437 0.78749 0.68152 0
683.05 57543 2.3764 2.0947e-05 2561.6 -0.0082169 1.9453 0.074548 0.78486 0.68164 0
684.43 57507 2.3762 0.00053141 2561.2 -0.012421 1.9457 0.074636 0.78266 0.67936 0
684.81 57494 2.3761 0.00067231 2561.1 -0.013581 1.9459 0.074652 0.78233 0.67847 0
685.72 57459 2.376 0.00101 2560.9 -0.016362 1.9462 0.074695 0.78198 0.67498 0
687.34 57381 2.3758 0.0016111 2560.5 -0.021307 1.9468 0.074843 0.78033 0.6745 0
688.72 57298 2.3756 0.002121 2560.3 -0.025497 1.9473 0.074953 0.77877 0.67185 0
689.1 57273 2.3755 0.0022617 2560.3 -0.026653 1.9474 0.074973 0.77854 0.67086 0
690.01 57207 2.3754 0.002599 2560.1 -0.029423 1.9477 0.075027 0.77844 0.66715 0
691.63 57075 2.3751 0.0031995 2560 -0.034344 1.9483 0.075207 0.77763 0.66617 0
693.01 56947 2.3749 0.0037088 2559.9 -0.03851 1.9488 0.075337 0.77666 0.66319 0
693.39 56909 2.3749 0.0038494 2559.9 -0.039659 1.949 0.075361 0.77654 0.66215 0
694.3 56813 2.3748 0.0041862 2559.9 -0.042409 1.9493 0.075431 0.7767 0.65827 0
695.92 56627 2.3745 0.004786 2559.9 -0.047292 1.9499 0.075677 0.77673 0.65695 0
697.3 56453 2.3743 0.0052947 2559.9 -0.051422 1.9505 0.075859 0.7763 0.65373 0
697.68 56402 2.3743 0.0054351 2559.9 -0.052559 1.9506 0.075891 0.77628 0.65265 0
698.59 56277 2.3741 0.0057716 2560 -0.055283 1.951 0.075979 0.77666 0.64865 0
700.21 56037 2.3739 0.0063707 2560.1 -0.060111 1.9517 0.076272 0.77739 0.6471 0
701.59 55818 2.3737 0.0068788 2560.3 -0.06419 1.9523 0.076481 0.77741 0.6437 0
701.97 55755 2.3736 0.007019 2560.3 -0.065313 1.9524 0.076518 0.77745 0.6426 0
702.88 55600 2.3735 0.0073551 2560.5 -0.067998 1.9528 0.076621 0.77805 0.6385 0
704.5 55308 2.3732 0.0079535 2560.7 -0.072755 1.9536 0.076959 0.77949 0.63681 0
705.88 55044 2.373 0.0084609 2561 -0.076767 1.9542 0.077199 0.77999 0.6333 0
706.26 54969 2.373 0.008601 2561.1 -0.07787 1.9544 0.077242 0.78013 0.63219 0
707.17 54784 2.3728 0.0089366 2561.3 -0.080507 1.9549 0.077367 0.78098 0.628 0
708.8 54441 2.3726 0.0095342 2561.6 -0.08517 1.9557 0.077799 0.78327 0.62623 0
710.17 54134 2.3724 0.010041 2561.9 -0.089095 1.9564 0.07811 0.78434 0.62263 0
710.55 54046 2.3723 0.010181 2562 -0.090173 1.9566 0.078165 0.78458 0.62153 0
711.46 53833 2.3722 0.010516 2562.2 -0.092747 1.9572 0.078319 0.78572 0.61726 0
713.09 53439 2.372 0.011113 2562.7 -0.097291 1.9581 0.078824 0.78885 0.61546 0
714.46 53089 2.3718 0.011619 2563 -0.10111 1.959 0.079181 0.79044 0.6118 0
714.84 52990 2.3717 0.011758 2563.1 -0.10215 1.9592 0.079245 0.79076 0.61071 0
715.75 52749 2.3716 0.012093 2563.3 -0.10465 1.9598 0.079421 0.79219 0.60638 0
717.38 52306 2.3713 0.012688 2563.8 -0.10904 1.9609 0.080002 0.79626 0.60457 0
718.75 51915 2.3711 0.013193 2564.1 -0.11272 1.9619 0.080407 0.79846 0.60088 0
719.13 51805 2.3711 0.013333 2564.2 -0.11372 1.9622 0.08048 0.7989 0.5998 0
720.04 51537 2.3709 0.013667 2564.4 -0.11612 1.9629 0.080688 0.8007 0.5954 0
721.67 51046 2.3707 0.014261 2564.8 -0.12032 1.9642 0.0814 0.80593 0.59362 0
723.04 50616 2.3705 0.014765 2565.1 -0.12382 1.9654 0.08191 0.80892 0.5899 0
723.42 50495 2.3704 0.014904 2565.2 -0.12478 1.9658 0.082001 0.8095 0.58884 0
724.34 50202 2.3703 0.015238 2565.3 -0.12704 1.9666 0.082255 0.81174 0.58437 0
725.96 49666 2.37 0.015831 2565.5 -0.131 1.9682 0.083089 0.81822 0.58263 0
727.33 49199 2.3698 0.016333 2565.7 -0.13426 1.9697 0.083675 0.82194 0.57889 0
727.71 49068 2.3697 0.016472 2565.7 -0.13515 1.9701 0.083781 0.82266 0.57786 0
728.63 48751 2.3696 0.016804 2565.7 -0.13725 1.9712 0.084074 0.82533 0.57329 0
730.25 48174 2.3694 0.017395 2565.7 -0.14087 1.9732 0.085028 0.83312 0.57161 0
731.63 47672 2.3691 0.017896 2565.6 -0.14384 1.9751 0.085691 0.83761 0.56786 0
732.01 47532 2.3691 0.018035 2565.5 -0.14464 1.9756 0.08581 0.83847 0.56686 0
732.92 47193 2.3689 0.018366 2565.4 -0.14652 1.977 0.086144 0.84161 0.56217 0
734.54 46579 2.3687 0.018955 2564.9 -0.14973 1.9795 0.087257 0.85085 0.56057 0
735.92 46048 2.3685 0.019454 2564.4 -0.1523 1.9819 0.088042 0.85623 0.55679 0
736.3 45899 2.3684 0.019591 2564.2 -0.15298 1.9826 0.088184 0.85725 0.55582 0
737.21 45542 2.3683 0.019921 2563.7 -0.15456 1.9844 0.088576 0.86092 0.55103 0
738.83 44896 2.368 0.020507 2562.6 -0.1572 1.9877 0.08984 0.87153 0.54949 0
740.21 44340 2.3678 0.021003 2561.4 -0.15923 1.9909 0.090718 0.87757 0.54569 0
740.59 44185 2.3677 0.021139 2561 -0.15975 1.9918 0.09088 0.87871 0.54474 0
741.5 43813 2.3676 0.021467 2560 -0.16094 1.9941 0.091317 0.8828 0.53985 0
743.12 43143 2.3673 0.022049 2557.9 -0.16281 1.9986 0.092719 0.89458 0.53838 0
744.5 42571 2.3671 0.022541 2555.7 -0.16413 2.0028 0.09368 0.90116 0.53455 0
744.88 42412 2.367 0.022677 2555 -0.16445 2.0041 0.093855 0.90239 0.53362 0
745.79 42030 2.3669 0.023001 2553.3 -0.16512 2.0072 0.094328 0.9069 0.52869 0
747.41 41347 2.3666 0.023578 2549.7 -0.16599 2.0133 0.095852 0.91983 0.52724 0
748.79 40767 2.3664 0.024064 2546.2 -0.16638 2.019 0.096893 0.92696 0.52341 0
749.17 40607 2.3663 0.024199 2545.1 -0.16643 2.0207 0.097088 0.92831 0.52249 0
750.08 40223 2.3661 0.024519 2542.3 -0.16643 2.0249 0.097601 0.93324 0.51754 0
751.7 39541 2.3659 0.025088 2536.7 -0.16601 2.0332 0.099213 0.947 0.51611 0
753.08 38965 2.3656 0.025567 2531.3 -0.16521 2.041 0.1003 0.95426 0.51228 0
753.46 38807 2.3656 0.025699 2529.6 -0.16491 2.0433 0.1005 0.95564 0.51136 0
754.37 38430 2.3654 0.026014 2525.5 -0.16404 2.0491 0.10103 0.96083 0.50641 0
755.99 37766 2.3651 0.026572 2517.2 -0.162 2.0603 0.10266 0.97517 0.50498 0
757.37 37212 2.3649 0.027041 2509.1 -0.15972 2.071 0.10373 0.9825 0.50115 0
757.75 37060 2.3648 0.02717 2506.8 -0.15899 2.0741 0.10393 0.9839 0.50024 0
758.66 36701 2.3646 0.027477 2500.8 -0.15708 2.0819 0.10444 0.9894 0.49529 0
760.28 36076 2.3643 0.028019 2489 -0.15309 2.097 0.10602 1.0045 0.49386 0
761.66 35561 2.364 0.028473 2477.8 -0.14909 2.1113 0.10702 1.0121 0.49003 0
762.04 35422 2.364 0.028598 2474.5 -0.14787 2.1154 0.1072 1.0135 0.48911 0
762.95 35093 2.3638 0.028894 2466.3 -0.14477 2.1258 0.10768 1.0194 0.48416 0
764.57 34530 2.3634 0.029415 2450.3 -0.13864 2.1458 0.10909 1.0349 0.48274 0
765.95 34075 2.3632 0.029849 2435.4 -0.13281 2.1643 0.10994 1.0421 0.47891 0
766.33 33953 2.3631 0.029967 2431.1 -0.13109 2.1697 0.11009 1.0435 0.47799 0
767.24 33669 2.3629 0.030249 2420.4 -0.12678 2.183 0.11048 1.0494 0.47303 0
768.86 33190 2.3625 0.03074 2400 -0.11856 2.2084 0.1116 1.0643 0.47161 0
770.24 32813 2.3622 0.031147 2381.5 -0.11104 2.2316 0.11222 1.0704 0.46777 0
770.62 32713 2.3621 0.031258 2376.1 -0.10886 2.2382 0.11233 1.0716 0.46685 0
771.53 32484 2.3619 0.031519 2363.1 -0.1035 2.2546 0.1126 1.0771 0.46189 0
773.16 32109 2.3615 0.031973 2338.7 -0.093539 2.2852 0.11333 1.0898 0.46046 0
774.53 31824 2.3612 0.032345 2317 -0.084716 2.3127 0.11367 1.0936 0.45662 0
774.91 31750 2.3611 0.032446 2310.9 -0.082201 2.3204 0.11372 1.0944 0.4557 0
775.82 31584 2.3609 0.032683 2296 -0.076105 2.3393 0.11386 1.0987 0.45072 0
777.45 31323 2.3605 0.033091 2268.9 -0.065061 2.3741 0.11415 1.1065 0.44929 0
778.82 31136 2.3601 0.033422 2245.4 -0.055492 2.4044 0.11418 1.106 0.44543 0
779.2 31090 2.36 0.033511 2238.8 -0.052796 2.4128 0.11418 1.106 0.44451 0
780.11 30989 2.3598 0.03372 2223.1 -0.046323 2.4333 0.11419 1.1081 0.43952 0
781.74 30844 2.3594 0.034076 2194.9 -0.034744 2.4701 0.11407 1.1087 0.43808 0
783.11 30754 2.359 0.034362 2171 -0.02483 2.5015 0.11385 1.1031 0.43421 0
783.49 30735 2.3589 0.034438 2164.5 -0.022061 2.5101 0.11381 1.1022 0.43329 0
784.4 30698 2.3586 0.034617 2148.8 -0.015467 2.5309 0.11372 1.102 0.42827 0
786.03 30664 2.3582 0.034919 2121.1 -0.003782 2.5676 0.11329 1.0951 0.42683 0
787.4 30668 2.3578 0.035159 2098.2 0.00613 2.5982 0.11288 1.0849 0.42294 0
787.78 30674 2.3577 0.035223 2091.9 0.0088707 2.6065 0.11281 1.0832 0.42201 0
788.7 30697 2.3574 0.035372 2077.1 0.015354 2.6263 0.11263 1.0806 0.41696 0
790.32 30767 2.357 0.035622 2051.2 0.026739 2.6609 0.11198 1.067 0.41551 0
791.69 30856 2.3566 0.035819 2030.1 0.036294 2.6891 0.11145 1.053 0.41159 0
792.07 30885 2.3565 0.035871 2024.3 0.038907 2.6968 0.11136 1.0507 0.41065 0
792.99 30962 2.3562 0.035992 2010.8 0.04505 2.7148 0.11113 1.0462 0.40557 0
794.61 31125 2.3558 0.036194 1987.5 0.055706 2.7457 0.11036 1.0282 0.4041 0
795.99 31289 2.3554 0.036353 1968.6 0.064507 2.7707 0.10978 1.0125 0.40015 0
796.37 31338 2.3552 0.036395 1963.6 0.066883 2.7774 0.10968 1.0099 0.3992 0
797.28 31462 2.355 0.036492 1951.6 0.072422 2.7931 0.10945 1.0047 0.39408 0
798.9 31705 2.3545 0.036653 1931.1 0.081873 2.8198 0.10863 0.98494 0.39258 0
800.28 31932 2.3541 0.036779 1914.6 0.089513 2.8411 0.10804 0.96894 0.38859 0
800.66 31997 2.354 0.036813 1910.2 0.091545 2.8468 0.10794 0.96626 0.38763 0
801.57 32160 2.3538 0.036889 1899.8 0.096235 2.86 0.1077 0.96073 0.38244 0
803.19 32467 2.3533 0.037017 1882.2 0.10406 2.8824 0.1069 0.94071 0.38092 0
804.57 32743 2.3529 0.037116 1868 0.1102 2.9 0.10633 0.92533 0.37687 0
804.95 32822 2.3528 0.037142 1864.2 0.1118 2.9047 0.10623 0.92276 0.37589 0
805.86 33014 2.3526 0.037202 1855.4 0.11545 2.9156 0.106 0.91734 0.37062 0
807.48 33368 2.3521 0.037302 1840.3 0.12138 2.9339 0.10525 0.89852 0.36907 0
808.86 33680 2.3517 0.03738 1828.2 0.12588 2.9482 0.10471 0.88466 0.36495 0
809.24 33767 2.3516 0.037401 1825 0.12702 2.952 0.10462 0.88239 0.36394 0
810.15 33980 2.3514 0.037448 1817.4 0.12958 2.9609 0.1044 0.87756 0.35858 0
811.77 34365 2.3509 0.037526 1804.6 0.13359 2.9757 0.10368 0.8608 0.35698 0
813.15 34699 2.3505 0.037587 1794.3 0.13645 2.9873 0.10317 0.84864 0.35276 0
813.53 34792 2.3504 0.037603 1791.6 0.13715 2.9904 0.10308 0.84661 0.35172 0
814.44 35016 2.3502 0.03764 1785.1 0.13867 2.9975 0.10287 0.84222 0.34624 0
816.06 35418 2.3497 0.037702 1774.2 0.14084 3.0095 0.10217 0.82745 0.34457 0
817.44 35762 2.3494 0.03775 1765.4 0.1422 3.0189 0.10168 0.81693 0.34023 0
817.82 35857 2.3493 0.037762 1763 0.14249 3.0214 0.1016 0.81517 0.33916 0
818.73 36086 2.349 0.037791 1757.5 0.14305 3.0271 0.10139 0.81133 0.33353 0
820.35 36492 2.3486 0.037839 1748.1 0.14359 3.0368 0.10073 0.79871 0.33177 0
821.73 36836 2.3482 0.037877 1740.5 0.14361 3.0445 0.10027 0.78993 0.32728 0
822.11 36930 2.3481 0.037886 1738.5 0.14355 3.0465 0.1002 0.78849 0.32615 0
823.02 37156 2.3479 0.037909 1733.7 0.14327 3.0512 0.10001 0.78533 0.32038 0
824.64 37556 2.3474 0.037946 1725.6 0.14239 3.0591 0.099412 0.77484 0.31848 0
826.02 37891 2.3471 0.037975 1719 0.14126 3.0653 0.099002 0.76756 0.3138 0
826.4 37983 2.347 0.037983 1717.3 0.14089 3.067 0.098932 0.76635 0.31259 0
827.31 38202 2.3467 0.038001 1713.1 0.1399 3.0709 0.098767 0.76364 0.30666 0
828.93 38586 2.3463 0.038029 1706.1 0.13782 3.0774 0.098234 0.75488 0.30456 0
830.31 38906 2.3459 0.038052 1700.3 0.13574 3.0826 0.097876 0.7489 0.29964 0
830.69 38993 2.3458 0.038057 1698.8 0.13511 3.084 0.097815 0.7479 0.29831 0
831.6 39200 2.3456 0.038071 1695.2 0.13353 3.0872 0.097674 0.74565 0.29221 0
833.22 39561 2.3452 0.038093 1689 0.13045 3.0927 0.097224 0.73851 0.28982 0
834.6 39860 2.3448 0.03811 1684 0.12758 3.0971 0.096928 0.73377 0.28458 0
834.98 39941 2.3447 0.038114 1682.6 0.12674 3.0983 0.09688 0.733 0.2831 0
835.89 40133 2.3445 0.038124 1679.5 0.12467 3.101 0.096771 0.73125 0.27675 0
837.52 40466 2.3441 0.03814 1674 0.12078 3.1057 0.096418 0.72557 0.27397 0
838.89 40740 2.3437 0.038152 1669.6 0.11726 3.1095 0.096187 0.72179 0.26831 0
839.27 40814 2.3436 0.038155 1668.4 0.11625 3.1105 0.096149 0.72116 0.2666 0
840.18 40988 2.3434 0.038162 1665.6 0.11378 3.1128 0.096065 0.7197 0.25989 0
841.81 41288 2.3429 0.038173 1660.8 0.10922 3.1169 0.095799 0.71513 0.25658 0
843.18 41533 2.3426 0.038181 1656.8 0.10517 3.1202 0.095626 0.71217 0.2503 0
843.56 41598 2.3425 0.038184 1655.8 0.10403 3.1211 0.095598 0.71167 0.24828 0
844.47 41753 2.3423 0.038188 1653.3 0.10124 3.1232 0.09554 0.71051 0.24102 0
846.1 42017 2.3418 0.038195 1649.1 0.096141 3.1268 0.095354 0.70699 0.23693 0
847.47 42230 2.3415 0.0382 1645.6 0.091672 3.1297 0.095227 0.7048 0.22973 0
847.85 42286 2.3414 0.038201 1644.7 0.090416 3.1305 0.095207 0.70444 0.22722 0
848.32 42355 2.3413 0.038202 1643.5 0.088855 3.1314 0.095197 0.7042 0.22086 0
849.37 42506 2.341 0.038204 1641 0.085304 3.1336 0.095148 0.70308 0.215 0
850.91 42713 2.3406 0.038207 1637.5 0.080027 3.1366 0.095057 0.70097 0.20685 0
852.77 42947 2.3401 0.038209 1633.5 0.073464 3.1402 0.094933 0.69806 0.20001 0
854.78 43176 2.3396 0.038208 1629.4 0.066205 3.1438 0.094837 0.69489 0.19112 0
856.74 43375 2.3391 0.038206 1625.6 0.058973 3.1473 0.094771 0.69197 0.1828 0
858.46 43531 2.3387 0.038203 1622.4 0.052514 3.1503 0.094726 0.68977 0.17164 0
859.77 43637 2.3384 0.0382 1620.1 0.047541 3.1525 0.094729 0.68844 0.16698 0
860.54 43694 2.3382 0.038198 1618.8 0.044595 3.1538 0.094737 0.68795 0.1676 0
860.73 43708 2.3381 0.038197 1618.5 0.043884 3.1541 0.094739 0.68789 0.16743 0
863.46 43878 2.3374 0.038187 1614.1 0.033332 3.1586 0.095052 0.6814 0.16743 0
868.33 44065 2.3362 0.038162 1607.1 0.014314 3.1663 0.095889 0.66401 0.16743 0
872.46 44106 2.3352 0.038133 1601.9 -0.0019124 3.1726 0.096282 0.65537 0.16743 0
873.6 44099 2.3349 0.038124 1600.6 -0.0064011 3.1744 0.096363 0.65362 0.16743 0
877.7 44004 2.3339 0.038087 1596.3 -0.022459 3.1807 0.097005 0.64033 0.16743 0
885 43580 2.3321 0.038006 1589.9 -0.050352 3.192 0.098022 0.61602 0.16743 0
891.19 42973 2.3305 0.037921 1585.4 -0.072959 3.2022 0.097596 0.61727 0.16743 0
892.91 42767 2.3301 0.037895 1584.3 -0.079013 3.2052 0.097457 0.61737 0.16743 0
897.01 42209 2.3291 0.037827 1581.6 -0.092965 3.2126 0.097021 0.61175 0.16743 0
904.31 41006 2.3273 0.037687 1577 -0.11566 3.2275 0.094418 0.6149 0.16743 0
910.5 39797 2.3258 0.037547 1572.6 -0.13234 3.2424 0.091771 0.63777 0.16743 0
912.21 39437 2.3254 0.037504 1571.2 -0.13646 3.247 0.091326 0.64232 0.16743 0
914.26 38991 2.3249 0.037451 1569.3 -0.14098 3.2529 0.091105 0.64411 0.16743 0
917.91 38167 2.324 0.037347 1565.5 -0.14787 3.2644 0.090181 0.65178 0.16743 0
921.01 37442 2.3233 0.037252 1561.6 -0.15243 3.2754 0.089366 0.65887 0.16743 0
921.87 37239 2.3231 0.037224 1560.4 -0.15346 3.2787 0.089225 0.66013 0.16743 0
923.92 36747 2.3226 0.037155 1557.2 -0.15544 3.2869 0.088943 0.66258 0.16743 0
927.57 35862 2.3217 0.037021 1550.6 -0.1573 3.303 0.087835 0.67313 0.16743 0
930.67 35111 2.321 0.036897 1543.8 -0.15711 3.3186 0.086887 0.68305 0.16743 0
931.52 34905 2.3208 0.036861 1541.7 -0.15674 3.3232 0.086721 0.68489 0.16743 0
933.57 34415 2.3203 0.03677 1536.3 -0.15522 3.3349 0.086378 0.69004 0.16743 0
937.22 33562 2.3195 0.036595 1525 -0.15045 3.3581 0.085105 0.70904 0.16743 0
940.32 32870 2.3188 0.036431 1513.9 -0.14437 3.3805 0.084092 0.72389 0.16743 0
941.18 32685 2.3186 0.036383 1510.5 -0.14234 3.3871 0.083916 0.72656 0.16743 0
943.23 32256 2.3181 0.036263 1501.8 -0.13677 3.4038 0.083563 0.735 0.16743 0
946.88 31543 2.3173 0.036031 1484.6 -0.12494 3.4365 0.081966 0.76115 0.16743 0
949.97 30999 2.3166 0.035815 1468.3 -0.11333 3.4673 0.080514 0.77635 0.16743 0
950.83 30859 2.3164 0.035752 1463.5 -0.10985 3.4763 0.080333 0.77855 0.16743 0
952.88 30545 2.316 0.035594 1451.5 -0.10095 3.4985 0.080059 0.78563 0.16743 0
956.53 30060 2.3152 0.035293 1428.4 -0.083437 3.541 0.079585 0.79817 0.16743 0
959.63 29729 2.3146 0.035015 1407.2 -0.066943 3.5795 0.079574 0.79676 0.16743 0
960.48 29652 2.3145 0.034934 1401.1 -0.062071 3.5904 0.079562 0.7964 0.16743 0
962.53 29492 2.3141 0.034736 1386.1 -0.05006 3.6171 0.079575 0.79653 0.16743 0
966.18 29297 2.3134 0.034361 1358.2 -0.027461 3.6661 0.079779 0.78936 0.16743 0
969.28 29224 2.3128 0.034023 1333.6 -0.0072933 3.7082 0.080071 0.77766 0.16743 0
970.14 29219 2.3127 0.033927 1326.7 -0.0016117 3.7198 0.080122 0.77577 0.16743 0
972.19 29233 2.3123 0.033691 1310 0.011938 3.7476 0.080247 0.7722 0.16743 0
975.84 29345 2.3117 0.033256 1280.1 0.035779 3.7965 0.080719 0.75759 0.16743 0
978.94 29524 2.3112 0.032873 1254.7 0.055308 3.8366 0.08109 0.74542 0.16743 0
979.79 29586 2.3111 0.032765 1247.7 0.060482 3.8474 0.081149 0.74356 0.16743 0
981.84 29755 2.3108 0.032505 1231.1 0.072323 3.8728 0.081266 0.7402 0.16743 0
985.49 30119 2.3103 0.032032 1202.2 0.09127 3.9161 0.081592 0.73077 0.16743 0
988.59 30480 2.3099 0.031624 1178.4 0.10488 3.9505 0.081757 0.72591 0.16743 0
989.45 30587 2.3098 0.03151 1171.9 0.10817 3.9596 0.081775 0.72537 0.16743 0
