time (s) altitude (m) velocity (m/s) mass (kg)trajectory angle (rad) angle of attack (rad) heading angle (rad) latitude (rad)
0 90 30 29388 1.5691 0 1.6947 -0.2123 2.3868
0.44108 103.56 31.492 29324 1.5687 -0.0012349 1.7202 -0.2123 2.3868
1.2267 129.35 34.178 29211 1.5672 -0.0033598 1.751 -0.2123 2.3868
1.8932 152.9 36.486 29115 1.5652 -0.005035 1.7663 -0.2123 2.3868
2.0773 159.68 37.128 29089 1.5645 -0.005474 1.7695 -0.2123 2.3868
2.5183 176.39 38.675 29025 1.5626 -0.0064878 1.7758 -0.2123 2.3868
3.3039 207.87 41.458 28912 1.5583 -0.0081216 1.7839 -0.2123 2.3868
3.9705 236.29 43.849 28816 1.5538 -0.0093312 1.7887 -0.2123 2.3868
4.1545 244.42 44.514 28790 1.5525 -0.0096436 1.7898 -0.2123 2.3868
5.0367 285.09 47.73 28663 1.545 -0.011011 1.7941 -0.2123 2.3868
6.6079 364.61 53.576 28436 1.5281 -0.012578 1.7993 -0.2123 2.3868
7.941 439.31 58.659 28244 1.5104 -0.012952 1.8022 -0.2123 2.3868
8.309 461.12 60.083 28191 1.5051 -0.012948 1.8029 -0.2123 2.3868
9.1912 515.5 63.534 28064 1.4912 -0.012737 1.8043 -0.2123 2.3868
10.762 619.78 69.819 27838 1.4638 -0.011497 1.8063 -0.2123 2.3868
12.095 715.79 75.303 27646 1.4381 -0.0095137 1.8076 -0.2123 2.3868
12.464 743.53 76.843 27593 1.4307 -0.0088729 1.8079 -0.2123 2.3868
13.125 794.74 79.638 27498 1.417 -0.0076213 1.8085 -0.21229 2.3868
14.304 890.22 84.708 27328 1.3918 -0.0050272 1.8093 -0.21229 2.3868
15.303 975.53 89.101 27185 1.3698 -0.0023961 1.81 -0.21229 2.3868
15.579 999.78 90.328 27145 1.3636 -0.0016169 1.8101 -0.21229 2.3868
16.241 1059.1 93.299 27050 1.3489 0.00034452 1.8105 -0.21229 2.3868
17.419 1169.1 98.698 26880 1.3229 0.0041357 1.8112 -0.21228 2.3868
18.419 1266.8 103.39 26736 1.3011 0.0075654 1.8117 -0.21228 2.3868
18.695 1294.4 104.7 26696 1.2952 0.0085212 1.8118 -0.21228 2.3868
19.357 1362 107.87 26601 1.2812 0.010819 1.8121 -0.21227 2.3868
20.535 1486.6 113.63 26432 1.2572 0.014857 1.8126 -0.21227 2.3868
21.535 1596.6 118.63 26288 1.2379 0.018163 1.813 -0.21226 2.3868
21.811 1627.7 120.03 26248 1.2328 0.01905 1.8131 -0.21226 2.3868
22.473 1703.6 123.41 26153 1.2208 0.021129 1.8133 -0.21226 2.3868
23.651 1843 129.53 25983 1.2009 0.02454 1.8138 -0.21225 2.3868
24.651 1965.8 134.82 25839 1.1854 0.027093 1.8141 -0.21224 2.3868
24.927 2000.5 136.3 25800 1.1813 0.027757 1.8142 -0.21224 2.3868
26.25 2171 143.48 25609 1.1634 0.030666 1.8146 -0.21223 2.3868
28.607 2493.7 156.63 25270 1.1372 0.033843 1.8154 -0.21221 2.3868
30.607 2787 168.14 24983 1.1198 0.034512 1.816 -0.21219 2.3868
31.159 2871.3 171.37 24903 1.1156 0.034561 1.8161 -0.21218 2.3868
31.82 2974.2 175.29 24808 1.111 0.034568 1.8163 -0.21217 2.3868
32.999 3162.6 182.36 24638 1.1039 0.034546 1.8166 -0.21216 2.3868
33.999 3327.9 188.45 24495 1.0989 0.034516 1.8169 -0.21214 2.3868
34.275 3374.5 190.15 24455 1.0977 0.034509 1.817 -0.21214 2.3868
34.936 3487.6 194.25 24360 1.0951 0.034479 1.8172 -0.21213 2.3868
36.115 3694.7 201.65 24190 1.0916 0.034473 1.8175 -0.21212 2.3868
37.115 3876.4 208.02 24047 1.0898 0.034551 1.8178 -0.2121 2.3868
37.391 3927.5 209.79 24007 1.0895 0.034576 1.8179 -0.2121 2.3868
38.714 4178.6 218.4 23817 1.0893 0.034702 1.8182 -0.21208 2.3868
41.071 4651.5 234.12 23478 1.0938 0.034759 1.8189 -0.21204 2.3868
43.07 5080.5 247.86 23190 1.1025 0.034735 1.8195 -0.21201 2.3867
43.622 5203.6 251.72 23111 1.1057 0.034772 1.8196 -0.212 2.3867
44.078 5306.8 254.93 23046 1.1086 0.034812 1.8198 -0.21199 2.3867
45.06 5534.5 261.93 22904 1.1157 0.034817 1.82 -0.21197 2.3867
46.373 5849.6 271.41 22716 1.1266 0.034256 1.8204 -0.21195 2.3867
47.754 6195.5 281.59 22517 1.1393 0.032758 1.8209 -0.21192 2.3867
48.931 6502 290.12 22348 1.1496 0.030766 1.8212 -0.2119 2.3867
49.671 6699.9 295.18 22242 1.1551 0.029153 1.8215 -0.21189 2.3867
49.854 6749.3 296.4 22215 1.1563 0.028721 1.8215 -0.21189 2.3867
50.516 6930.3 300.69 22120 1.1601 0.02703 1.8218 -0.21187 2.3867
51.694 7259.5 307.91 21951 1.1645 0.023507 1.8222 -0.21185 2.3867
52.694 7545 313.68 21807 1.1656 0.019968 1.8225 -0.21183 2.3867
52.97 7624.8 315.23 21768 1.1654 0.018916 1.8226 -0.21183 2.3867
53.632 7817.5 318.86 21672 1.1642 0.016246 1.8228 -0.21182 2.3867
54.81 8165.7 325.12 21503 1.1589 0.010972 1.8232 -0.21179 2.3867
55.81 8465.5 330.31 21359 1.1512 0.0060565 1.8235 -0.21177 2.3867
56.086 8548.9 331.74 21320 1.1485 0.0046683 1.8236 -0.21177 2.3867
56.7 8735.3 334.91 21232 1.1417 0.0015962 1.8238 -0.21176 2.3867
57.984 9128.6 341.65 21047 1.124 -0.0045249 1.8242 -0.21173 2.3867
59.588 9626.1 350.52 20816 1.0964 -0.011133 1.8247 -0.21169 2.3867
61.084 10095 359.38 20602 1.0665 -0.01615 1.8251 -0.21165 2.3867
62.069 10406 365.54 20460 1.0451 -0.018889 1.8254 -0.21163 2.3866
62.318 10484 367.13 20424 1.0395 -0.0195 1.8254 -0.21162 2.3866
62.979 10694 371.44 20329 1.0244 -0.021033 1.8256 -0.2116 2.3866
64.158 11068 379.4 20160 0.99655 -0.023267 1.8259 -0.21156 2.3866
65.157 11387 386.48 20016 0.97226 -0.024618 1.8261 -0.21153 2.3866
65.433 11475 388.49 19976 0.96549 -0.024922 1.8262 -0.21152 2.3866
66.095 11687 393.41 19881 0.9492 -0.025504 1.8263 -0.2115 2.3866
67.273 12064 402.54 19712 0.92014 -0.026046 1.8266 -0.21146 2.3866
68.273 12385 410.66 19568 0.89569 -0.026068 1.8268 -0.21142 2.3866
68.549 12473 412.96 19529 0.889 -0.026038 1.8268 -0.21141 2.3866
69.211 12685 418.59 19434 0.87309 -0.025938 1.8269 -0.21138 2.3866
70.389 13063 429 19264 0.84525 -0.025686 1.8272 -0.21133 2.3866
71.389 13384 438.24 19120 0.82219 -0.025479 1.8273 -0.21129 2.3866
71.665 13473 440.85 19081 0.81591 -0.025445 1.8274 -0.21128 2.3866
72.327 13685 447.24 18986 0.80103 -0.025417 1.8275 -0.21125 2.3865
73.505 14064 459.02 18816 0.77504 -0.025676 1.8277 -0.21119 2.3865
74.505 14385 469.42 18672 0.75343 -0.026261 1.8278 -0.21114 2.3865
74.781 14474 472.37 18633 0.74752 -0.026473 1.8279 -0.21112 2.3865
75.443 14686 479.54 18538 0.73346 -0.027046 1.828 -0.21109 2.3865
76.621 15064 492.73 18368 0.70871 -0.028484 1.8281 -0.21102 2.3865
77.621 15385 504.36 18224 0.68789 -0.030215 1.8283 -0.21096 2.3865
77.897 15473 507.64 18185 0.68215 -0.030761 1.8283 -0.21095 2.3865
78.559 15685 515.63 18090 0.66841 -0.032201 1.8284 -0.21091 2.3865
79.737 16060 530.3 17920 0.64389 -0.035261 1.8286 -0.21083 2.3864
80.737 16378 543.21 17776 0.62296 -0.038335 1.8287 -0.21077 2.3864
81.013 16465 546.85 17737 0.61715 -0.039233 1.8287 -0.21075 2.3864
81.674 16674 555.72 17641 0.60319 -0.041432 1.8288 -0.2107 2.3864
82.853 17044 572.04 17472 0.5782 -0.045578 1.8289 -0.21062 2.3864
83.853 17356 586.46 17328 0.55693 -0.049296 1.829 -0.21055 2.3864
84.129 17441 590.53 17288 0.55105 -0.050328 1.8291 -0.21053 2.3864
84.79 17645 600.48 17193 0.537 -0.052803 1.8291 -0.21048 2.3863
85.969 18005 618.85 17024 0.51219 -0.057066 1.8293 -0.21038 2.3863
86.969 18306 635.11 16880 0.49151 -0.060449 1.8294 -0.2103 2.3863
87.245 18389 639.72 16840 0.48588 -0.061345 1.8294 -0.21027 2.3863
88.568 18781 662.46 16650 0.45944 -0.065379 1.8295 -0.21016 2.3863
90.925 19463 705.74 16310 0.41502 -0.070599 1.8297 -0.20994 2.3862
92.924 20024 745.14 16023 0.38021 -0.072918 1.8299 -0.20974 2.3861
93.476 20176 756.43 15943 0.37106 -0.073362 1.8299 -0.20968 2.3861
94.138 20356 770.19 15848 0.36032 -0.073775 1.83 -0.20961 2.3861
95.316 20673 795.3 15678 0.34176 -0.074269 1.8301 -0.20947 2.3861
96.316 20938 817.2 15534 0.32653 -0.074391 1.8301 -0.20936 2.386
96.592 21010 823.33 15494 0.32241 -0.074382 1.8301 -0.20933 2.386
97.254 21181 838.2 15399 0.31264 -0.07428 1.8302 -0.20925 2.386
98.432 21482 865.24 15229 0.29564 -0.073793 1.8303 -0.2091 2.386
99.432 21731 888.71 15085 0.28155 -0.07308 1.8303 -0.20898 2.3859
99.708 21799 895.27 15046 0.2777 -0.072844 1.8303 -0.20894 2.3859
100.37 21960 911.14 14950 0.26855 -0.072234 1.8304 -0.20885 2.3859
101.55 22241 939.88 14781 0.25245 -0.070823 1.8304 -0.20869 2.3859
102.55 22473 964.73 14637 0.23894 -0.069191 1.8305 -0.20855 2.3858
102.82 22536 971.65 14597 0.23523 -0.068675 1.8305 -0.20851 2.3858
103.49 22684 988.38 14502 0.22637 -0.067334 1.8305 -0.20842 2.3858
104.66 22940 1018.5 14332 0.21067 -0.064483 1.8306 -0.20824 2.3857
105.66 23149 1044.5 14188 0.19744 -0.06161 1.8307 -0.20809 2.3857
105.94 23205 1051.7 14148 0.19381 -0.06077 1.8307 -0.20805 2.3857
106.81 23378 1074.7 14022 0.18241 -0.058025 1.8307 -0.20791 2.3856
108.53 23701 1121 13774 0.16024 -0.052057 1.8308 -0.20763 2.3856
110.45 24025 1173.6 13499 0.13661 -0.045306 1.8309 -0.2073 2.3855
111.82 24234 1212.4 13301 0.12043 -0.041026 1.8309 -0.20706 2.3854
112.17 24285 1222.7 13250 0.11632 -0.039987 1.8309 -0.20699 2.3854
112.83 24377 1241.9 13155 0.1088 -0.038119 1.8309 -0.20687 2.3854
114.01 24528 1276.7 12985 0.09578 -0.035088 1.831 -0.20665 2.3853
115.01 24645 1306.7 12841 0.085095 -0.032832 1.831 -0.20645 2.3852
115.29 24675 1315.1 12801 0.082204 -0.032235 1.831 -0.2064 2.3852
115.95 24744 1335.4 12705 0.075385 -0.030829 1.831 -0.20626 2.3852
117.13 24855 1372 12536 0.063672 -0.028256 1.8311 -0.20602 2.3851
118.13 24936 1403.6 12391 0.054268 -0.025824 1.8311 -0.20581 2.3851
118.4 24957 1412.3 12352 0.051777 -0.025091 1.8311 -0.20576 2.3851
119.07 25003 1433.5 12256 0.04602 -0.023264 1.8311 -0.20561 2.385
120.24 25073 1471.5 12086 0.036652 -0.019518 1.8311 -0.20536 2.3849
121.24 25123 1504.1 11942 0.029817 -0.015782 1.8312 -0.20513 2.3849
121.52 25135 1513.2 11902 0.028147 -0.014683 1.8312 -0.20507 2.3849
122.18 25161 1534.9 11807 0.024534 -0.011896 1.8312 -0.20492 2.3848
123.36 25201 1574.1 11637 0.019275 -0.0064204 1.8312 -0.20464 2.3848
124.36 25229 1607.9 11493 0.015934 -0.0013382 1.8312 -0.2044 2.3847
124.64 25236 1617.4 11453 0.015218 9.1467e-05 1.8312 -0.20433 2.3847
