time (s) altitude (m) longitude (rad) latitude (rad) velocity (m/s) trajectory angle (rad) heading angle (rad) angle of attack (rad) bank angle (rad) fuel mass (kg) 
0 25814 2.5307 -0.264 1520 -0.0081571 1 0.014893 0.0036028 1562
1.394 25796 2.5309 -0.26372 1523.1 -0.0089708 1.0001 0.015486 -0.0012213 1559.4
4.5399 25750 2.5313 -0.26309 1530.5 -0.009987 1.0002 0.017465 -0.013511 1553.3
9.119 25679 2.5319 -0.26216 1541.8 -0.0099918 1.0001 0.017737 -0.015253 1544.1
14.683 25594 2.5327 -0.26103 1556.7 -0.0099908 1.0001 0.015492 -0.013145 1532.3
20.686 25499 2.5335 -0.25979 1574.3 -0.009969 1.0001 0.015565 -0.01213 1518.8
26.542 25417 2.5343 -0.25857 1593.2 -0.0069544 1.0001 0.018626 -0.010775 1504.6
31.677 25382 2.5351 -0.25749 1611.2 -0.0011475 1.0001 0.020312 -0.011439 1491.1
35.588 25392 2.5356 -0.25666 1625.6 0.0043268 1.0001 0.020393 -0.0090857 1480.2
37.894 25415 2.5359 -0.25616 1634.4 0.007637 1.0002 0.019736 -0.0047029 1473.7
38.448 25422 2.536 -0.25605 1636.6 0.0083932 1.0002 0.019648 -0.0042291 1472.1
39.277 25434 2.5361 -0.25587 1639.8 0.0095365 1.0002 0.019446 -0.0064511 1469.7
41.18 25468 2.5364 -0.25545 1647.3 0.012022 1.0002 0.018458 -0.01267 1464.1
44.04 25532 2.5368 -0.25483 1658.7 0.015146 1.0002 0.016508 -0.014955 1455.7
47.691 25633 2.5373 -0.25403 1673.6 0.017751 1.0001 0.013491 -0.014966 1444.7
51.92 25764 2.538 -0.2531 1691.1 0.018728 1.0001 0.01077 -0.014959 1432
56.482 25910 2.5386 -0.25208 1710.6 0.01879 1.0001 0.010718 -0.015069 1417.9
61.111 26061 2.5393 -0.25103 1731.2 0.019196 1.0001 0.011101 -0.015386 1403.2
65.539 26210 2.54 -0.25001 1751.5 0.019378 1.0001 0.010213 -0.015427 1388.8
69.508 26344 2.5406 -0.2491 1770.2 0.019009 1.0001 0.0095613 -0.015863 1375.6
72.787 26454 2.5411 -0.24833 1785.6 0.018589 1.0001 0.0097449 -0.016265 1364.6
75.187 26533 2.5415 -0.24776 1796.9 0.018428 1.0001 0.010297 -0.013843 1356.6
76.567 26579 2.5417 -0.24744 1803.3 0.01843 1.0001 0.010645 -0.010954 1352
76.896 26590 2.5418 -0.24736 1804.9 0.01844 1.0001 0.010695 -0.010709 1350.9
77.52 26611 2.5419 -0.24721 1807.8 0.018464 1.0001 0.01074 -0.011814 1348.8
78.96 26659 2.5421 -0.24687 1814.5 0.018507 1.0001 0.010598 -0.016373 1343.9
81.15 26733 2.5424 -0.24634 1824.7 0.01844 1.0001 0.0097981 -0.016557 1336.6
83.994 26827 2.5429 -0.24566 1837.9 0.017791 1.0001 0.0081254 -0.016841 1327.1
87.366 26934 2.5434 -0.24484 1853.5 0.016524 1.0001 0.0081924 -0.016162 1315.9
91.12 27047 2.544 -0.24392 1871 0.01619 1.0002 0.012223 -0.01688 1303.4
95.092 27176 2.5447 -0.24294 1890 0.018611 1.0001 0.016679 -0.012701 1289.7
99.107 27330 2.5454 -0.24194 1909.1 0.021561 1.0006 0.01361 0.041204 1275.8
102.99 27491 2.546 -0.24096 1927 0.021085 1.0023 0.006303 0.10936 1262.9
106.57 27626 2.5466 -0.24004 1943 0.017402 1.0043 0.001368 0.17198 1251.5
109.7 27719 2.5471 -0.23924 1957 0.013248 1.0067 0.002699 0.22589 1241.7
112.23 27779 2.5476 -0.23858 1968.6 0.010993 1.0092 0.0078232 0.27038 1233.6
114.06 27817 2.5479 -0.2381 1977.1 0.010255 1.0116 0.010605 0.3017 1227.6
115.1 27838 2.548 -0.23783 1982 0.010096 1.0131 0.012651 0.32007 1224.1
115.34 27843 2.5481 -0.23777 1983.1 0.010103 1.0135 0.012987 0.32419 1223.3
115.97 27855 2.5482 -0.2376 1986.1 0.010148 1.0145 0.013877 0.33364 1221.2
117.41 27885 2.5484 -0.23722 1993 0.010521 1.0171 0.016378 0.35937 1216.2
119.6 27934 2.5488 -0.23664 2003.7 0.011906 1.0217 0.020427 0.39694 1208.6
122.44 28010 2.5493 -0.23588 2017.7 0.014704 1.0289 0.022762 0.4469 1198.5
125.81 28120 2.5498 -0.23496 2034.3 0.017322 1.0381 0.019173 0.50526 1186.6
129.57 28254 2.5505 -0.23392 2052.1 0.016935 1.0479 0.011866 0.57101 1173.7
133.54 28380 2.5511 -0.23281 2070.7 0.013844 1.0579 0.012062 0.63992 1160.5
137.56 28487 2.5518 -0.23167 2089.9 0.01213 1.0706 0.020466 0.71016 1146.7
141.44 28586 2.5524 -0.23055 2109 0.012346 1.0862 0.02633 0.7776 1132.9
145.02 28684 2.5529 -0.22949 2126.8 0.013496 1.1034 0.032619 0.84017 1119.8
148.15 28778 2.5534 -0.22856 2142.4 0.014603 1.1202 0.032879 0.89433 1108.1
150.68 28857 2.5538 -0.22779 2154.5 0.014601 1.134 0.032468 0.93797 1098.7
152.5 28914 2.554 -0.22723 2163 0.014291 1.1442 0.032436 0.9669 1091.9
153.54 28946 2.5542 -0.22691 2167.8 0.013925 1.15 0.032055 0.97895 1088.1
153.79 28954 2.5542 -0.22684 2168.9 0.013842 1.1513 0.032065 0.98045 1087.2
155.19 28995 2.5544 -0.2264 2175.2 0.013254 1.1591 0.031717 0.99159 1082
158.33 29080 2.5549 -0.22542 2189.1 0.011632 1.1765 0.030975 0.99096 1070.5
162.91 29187 2.5555 -0.22396 2208.7 0.009892 1.2006 0.030339 0.92638 1053.7
168.47 29306 2.5562 -0.22215 2231.5 0.0094529 1.2279 0.029704 0.87136 1033.4
174.48 29433 2.5568 -0.22016 2254.7 0.0094502 1.256 0.028977 0.86755 1011.6
180.33 29556 2.5575 -0.21818 2276.2 0.00895 1.2828 0.028123 0.87369 990.36
185.47 29657 2.558 -0.21641 2294.1 0.0082862 1.3056 0.027536 0.85883 971.87
189.38 29730 2.5584 -0.21506 2307.1 0.0079097 1.3224 0.026989 0.84595 957.84
191.69 29771 2.5586 -0.21425 2314.6 0.0076721 1.3321 0.02663 0.83886 949.59
192.24 29781 2.5586 -0.21405 2316.4 0.0076252 1.3344 0.026577 0.83822 947.61
192.95 29794 2.5587 -0.2138 2318.7 0.0075493 1.3374 0.026394 0.83719 945.06
194.6 29822 2.5588 -0.21322 2323.9 0.0074061 1.3442 0.02658 0.83147 939.18
197.1 29865 2.559 -0.21233 2331.6 0.0072282 1.3543 0.025867 0.81986 930.3
200.31 29918 2.5593 -0.21119 2341.2 0.0070458 1.367 0.025935 0.80697 918.89
204.08 29980 2.5595 -0.20983 2352.2 0.0069758 1.3818 0.025613 0.80738 905.5
208.22 30046 2.5598 -0.20833 2363.9 0.0065464 1.3979 0.025444 0.82567 890.86
212.52 30110 2.5601 -0.20676 2375.7 0.0059412 1.4148 0.025488 0.83104 875.65
216.76 30167 2.5603 -0.2052 2387 0.0055277 1.4311 0.02587 0.78933 860.66
220.74 30223 2.5605 -0.20372 2397.3 0.0063996 1.4458 0.025964 0.72179 846.53
224.26 30279 2.5607 -0.20242 2405.7 0.0065696 1.4568 0.017416 0.66222 834.36
227.13 30322 2.5608 -0.20134 2412.2 0.0057337 1.464 0.016923 0.61286 824.73
229.21 30350 2.5609 -0.20056 2416.9 0.0055592 1.4691 0.016872 0.5848 817.7
230.4 30366 2.5609 -0.20011 2419.5 0.0053582 1.4718 0.01654 0.57644 813.7
230.69 30370 2.5609 -0.20001 2420.2 0.0053471 1.4725 0.016529 0.57577 812.75
231.24 30377 2.561 -0.1998 2421.4 0.0052707 1.4737 0.016124 0.57441 810.91
232.51 30393 2.561 -0.19932 2424.1 0.0050915 1.4766 0.016587 0.56947 806.66
234.44 30416 2.5611 -0.19859 2428.3 0.0049332 1.481 0.016328 0.56537 800.16
236.98 30445 2.5612 -0.19763 2433.7 0.0044678 1.4866 0.015674 0.57617 791.72
240 30476 2.5613 -0.19648 2440 0.0039873 1.4938 0.01677 0.61066 781.59
243.41 30506 2.5614 -0.19519 2447 0.0031013 1.5022 0.017347 0.66484 770.18
247.07 30533 2.5614 -0.19379 2454.4 0.0031636 1.5133 0.026248 0.72741 757.6
250.84 30567 2.5615 -0.19234 2462.1 0.0042584 1.5272 0.027264 0.79268 744.26
254.57 30608 2.5616 -0.19091 2469.8 0.0043832 1.5416 0.027823 0.83774 731.07
258.12 30646 2.5616 -0.18954 2477 0.0044355 1.5558 0.027509 0.84543 718.48
261.35 30681 2.5616 -0.18828 2483.5 0.004227 1.5685 0.027353 0.84202 707.07
264.14 30710 2.5616 -0.1872 2489.1 0.0042245 1.5795 0.027227 0.83863 697.19
266.39 30734 2.5616 -0.18633 2493.6 0.0040822 1.5881 0.026899 0.8385 689.29
268 30750 2.5616 -0.1857 2496.8 0.0040608 1.5944 0.027097 0.8381 683.6
268.92 30759 2.5616 -0.18534 2498.6 0.0039927 1.5979 0.026626 0.83831 680.38
269.14 30762 2.5616 -0.18525 2499 0.0039884 1.5988 0.026564 0.83822 679.62
269.96 30770 2.5616 -0.18493 2500.6 0.0039365 1.6019 0.02685 0.83779 676.71
271.87 30788 2.5615 -0.18419 2504.3 0.003877 1.6093 0.026575 0.83347 670.01
274.73 30816 2.5615 -0.18307 2509.8 0.0037384 1.62 0.026446 0.81468 659.99
278.38 30852 2.5614 -0.18164 2516.8 0.0042669 1.6334 0.026294 0.76698 647.15
282.61 30898 2.5613 -0.17998 2524.6 0.004162 1.6467 0.018394 0.70246 632.64
287.17 30940 2.5611 -0.17818 2532.9 0.0032303 1.6585 0.018396 0.64151 617.38
291.8 30978 2.561 -0.17635 2541.3 0.0033583 1.67 0.018274 0.59559 601.8
296.23 31017 2.5608 -0.1746 2549.3 0.0035822 1.6801 0.01805 0.55428 586.98
300.2 31057 2.5606 -0.17303 2556.3 0.0043785 1.6886 0.018175 0.50145 573.66
303.47 31098 2.5604 -0.17173 2562 0.0052611 1.6948 0.018257 0.4545 562.71
305.87 31132 2.5603 -0.17078 2566 0.0061908 1.6992 0.018365 0.42489 554.69
307.25 31155 2.5602 -0.17023 2568.4 0.0067066 1.7015 0.018418 0.41377 550.1
307.58 31161 2.5602 -0.1701 2568.9 0.0068569 1.702 0.018395 0.41246 549
308.21 31172 2.5602 -0.16985 2569.9 0.0071201 1.7031 0.018598 0.41008 546.93
309.65 31200 2.5601 -0.16928 2572.3 0.0077267 1.7055 0.018361 0.40031 542.14
311.84 31246 2.56 -0.1684 2575.9 0.0086619 1.709 0.018612 0.38684 534.9
314.68 31314 2.5598 -0.16727 2580.4 0.0098946 1.7134 0.018331 0.37985 525.55
318.05 31406 2.5596 -0.16592 2585.7 0.011202 1.7185 0.018803 0.39581 514.57
321.81 31521 2.5594 -0.16442 2591.3 0.012383 1.7247 0.01739 0.4453 502.48
325.78 31647 2.5591 -0.16283 2597.1 0.011392 1.7312 0.0099561 0.5137 490.19
329.79 31746 2.5589 -0.16123 2602.9 0.0072402 1.7369 0.003084 0.58124 478.43
333.68 31789 2.5586 -0.15967 2608.7 0.0010703 1.7417 4.0382e-08 0.64832 467.47
337.26 31772 2.5584 -0.15823 2614.2 -0.004455 1.7468 0.0057064 0.67829 457.27
340.39 31722 2.5581 -0.15697 2619.1 -0.0076775 1.7525 0.01058 0.64508 447.98
342.92 31665 2.5579 -0.15595 2623.1 -0.0091329 1.7574 0.015497 0.59925 440.19
344.74 31621 2.5578 -0.15522 2626.1 -0.0093106 1.7613 0.018276 0.56818 434.38
345.78 31596 2.5577 -0.1548 2627.8 -0.0091937 1.7636 0.020384 0.54978 431.01
346.03 31590 2.5577 -0.1547 2628.2 -0.009105 1.7641 0.020698 0.54561 430.2
347.19 31563 2.5576 -0.15423 2630 -0.0086126 1.7667 0.022702 0.52584 426.39
349.81 31510 2.5574 -0.15318 2634.2 -0.0064468 1.7726 0.02731 0.48001 417.51
353.68 31471 2.557 -0.15161 2640.1 -0.00061299 1.7816 0.034011 0.41242 403.89
358.49 31532 2.5566 -0.14968 2646.6 0.011008 1.7922 0.0425 0.32871 386.32
363.84 31809 2.5561 -0.14752 2652.3 0.028838 1.8025 0.051681 0.23506 366.4
369.31 32383 2.5556 -0.14532 2655.1 0.05067 1.8101 0.061473 0.13984 346.54
374.44 33218 2.5551 -0.14326 2654.9 0.071905 1.8139 0.069992 0.059822 329.28
378.82 34154 2.5546 -0.1415 2652.3 0.088871 1.8153 0.078522 0.038726 316.13
382.11 34976 2.5543 -0.14019 2649.2 0.099855 1.8162 0.0794 0.032929 307.43
384.02 35494 2.5541 -0.13942 2647.4 0.10472 1.8165 0.074977 0.0068901 302.94
384.48 35622 2.5541 -0.13924 2647 0.10568 1.8165 0.074502 0 301.93
384.48 35622 2.5541 -0.13924 2647 0.10568 1.8165 0.074502 0 301.93
385.37 35874 2.554 -0.13889 2639.3 0.11038 1.8169 0.071263 0.080567 301.92
387.44 36501 2.5538 -0.13807 2622.9 0.11924 1.8195 0.064643 0.24981 301.92
390.67 37537 2.5534 -0.1368 2601.7 0.12593 1.8269 0.051456 0.55675 301.92
395 38954 2.553 -0.13512 2579 0.12598 1.8395 0.051965 0.88722 301.92
400.39 40635 2.5524 -0.13307 2553.5 0.11581 1.8597 0.07425 1.4522 301.92
406.75 42334 2.5516 -0.13068 2525.9 0.094395 1.8864 0.094059 1.5708 301.92
414 43827 2.5507 -0.128 2497.4 0.069533 1.915 0.12131 1.5707 301.92
422.05 44927 2.5496 -0.12509 2466.8 0.040531 1.948 0.14773 1.5707 301.92
430.78 45464 2.5483 -0.12201 2435.9 0.0095148 1.9846 0.17452 1.5707 301.92
440.08 45290 2.5468 -0.11883 2404.7 -0.025173 2.0264 0.17451 1.5707 301.92
449.82 44293 2.5451 -0.11561 2374.4 -0.060715 2.0711 0.17451 1.5706 301.92
459.87 42394 2.5433 -0.11244 2337.8 -0.10015 2.1297 0.17451 1.5682 301.92
470.09 39650 2.5412 -0.1094 2290 -0.12781 2.2075 0.17451 1.2767 301.92
480.34 36724 2.5389 -0.10665 2209.6 -0.11942 2.3223 0.17447 1.0771 301.92
490.49 34506 2.5364 -0.10432 2109.9 -0.079314 2.451 0.1376 0.92941 301.92
500.4 33407 2.5338 -0.10244 2010.9 -0.026566 2.5757 0.13088 0.9036 301.92
509.93 33402 2.5313 -0.10104 1913.2 0.024495 2.6993 0.12646 0.92368 301.92
518.96 34077 2.5288 -0.10003 1835.6 0.051162 2.8043 0.12278 1.0292 301.92
527.37 34918 2.5265 -0.099356 1773.7 0.057199 2.8949 0.11941 1.1093 301.91
535.03 35611 2.5245 -0.098914 1733 0.042245 2.9586 0.08365 1.2656 301.91
541.85 35967 2.5227 -0.098621 1706.9 0.018029 3.002 0.077792 1.2766 301.91
547.74 36028 2.5211 -0.098432 1687.2 -0.0073144 3.0382 0.075818 1.4715 301.91
552.6 35870 2.5198 -0.098319 1672.3 -0.030699 3.0678 0.073638 1.3531 301.91
556.39 35622 2.5189 -0.098258 1661.6 -0.048684 3.0911 0.073211 1.5687 301.91
559.05 35374 2.5182 -0.098229 1654.1 -0.063651 3.1083 0.072124 1.4074 301.91
560.53 35210 2.5178 -0.098218 1650.1 -0.07015 3.118 0.072074 1.5358 301.91
560.88 35169 2.5177 -0.098216 1649.1 -0.072462 3.1204 0.071935 1.4867 301.91
561.44 35101 2.5175 -0.098213 1647.6 -0.075374 3.1241 0.07203 1.4954 301.91
562.76 34931 2.5172 -0.098209 1643.8 -0.0823 3.1332 0.072065 1.5077 301.92
564.8 34636 2.5167 -0.098208 1638.4 -0.093342 3.1476 0.070484 1.5276 301.89
567.57 34181 2.516 -0.09822 1630.1 -0.10844 3.1684 0.071405 1.5195 301.94
571.03 33520 2.5151 -0.098255 1620.6 -0.12701 3.1962 0.068899 1.5152 301.85
575.16 32605 2.5141 -0.09833 1606.1 -0.14839 3.2334 0.069497 1.4665 302.01
579.92 31399 2.5129 -0.098466 1590.3 -0.16925 3.2832 0.067246 1.393 301.71
585.27 29906 2.5116 -0.09869 1561.2 -0.1847 3.3494 0.066592 1.238 302.4
591.16 28230 2.5103 -0.099038 1555.8 -0.17807 3.4384 0.086765 1.0311 297.28
597.55 26650 2.5088 -0.099577 1586 -0.13136 3.5598 0.091968 0.89722 282.09
604.38 25663 2.5073 -0.10038 1614.9 -0.047886 3.7131 0.086663 0.92437 262.1
611.58 25541 2.5058 -0.10151 1661.5 0.018858 3.897 0.077718 1.1636 235.63
619.11 25954 2.5045 -0.10301 1716.6 0.03928 4.0896 0.065408 1.3283 206.61
626.89 26479 2.5034 -0.10484 1789.2 0.037107 4.2566 0.053223 1.3191 174.73
634.87 27030 2.5026 -0.10695 1866.3 0.038708 4.4064 0.052175 1.3152 142.19
642.96 27561 2.502 -0.10929 1948.1 0.028115 4.5483 0.045377 1.3685 109.21
651.11 28072 2.5018 -0.11181 2027.7 0.046501 4.6555 0.042157 0.71871 77.45
659.23 29410 2.5017 -0.11442 2100.3 0.11317 4.7109 0.041599 0.35992 46.809
667.28 31716 2.5017 -0.11706 2144.5 0.1523 4.7352 0.03726 0.27647 24.293
675.16 34565 2.5018 -0.11968 2164.9 0.1858 4.753 0.078979 0.26787 6.7801
682.83 37838 2.5019 -0.12221 2140.7 0.20803 4.7686 0.064699 0.27844 0.00080204
690.2 41072 2.5021 -0.12459 2101.9 0.20645 4.7766 0.067324 0.27504 0.92447
697.23 44013 2.5022 -0.12683 2077.4 0.19547 4.7821 0.068052 0.26359 0.15801
703.84 46559 2.5024 -0.12891 2057.1 0.17869 4.7848 0.068362 0.2496 0.52916
709.99 48688 2.5025 -0.13084 2042.3 0.16035 4.7871 0.074712 0.23407 0.18111
715.61 50412 2.5027 -0.1326 2030.2 0.14176 4.7882 0.069337 0.22502 0.39209
720.67 51771 2.5028 -0.13418 2021.2 0.12384 4.7895 0.07864 0.20832 0.17233
725.12 52807 2.5029 -0.13556 2014.1 0.10778 4.79 0.072438 0.20473 0.31499
728.92 53576 2.503 -0.13674 2008.9 0.093374 4.7908 0.078589 0.1917 0.16442
732.04 54122 2.5031 -0.13771 2005.1 0.08166 4.791 0.075793 0.19277 0.25685
734.45 54494 2.5031 -0.13846 2002.5 0.072238 4.7915 0.07937 0.19235 0.14514
736.13 54726 2.5032 -0.13898 2000.8 0.065814 4.7916 0.077625 0.19996 0.18699
737.07 54847 2.5032 -0.13927 2000 0.062055 4.7918 0.079279 0.19972 0.10812
737.29 54873 2.5032 -0.13934 1999.8 0.061224 4.7918 0.078734 0.20001 0.12187
738.62 55030 2.5032 -0.13975 1998.6 0.055993 4.792 0.078747 0.1916 0.089679
741.74 55339 2.5033 -0.14071 1996.2 0.043757 4.7923 0.081244 0.17193 0.063544
746.55 55669 2.5034 -0.1422 1993 0.024826 4.7929 0.082799 0.1623 0.05309
752.98 55824 2.5036 -0.14419 1990.2 -0.0005221 4.7936 0.094303 0.15342 0.04357
760.88 55578 2.5038 -0.14662 1988.4 -0.030821 4.7946 0.11165 0.14289 0.042275
770.09 54695 2.504 -0.14946 1988.4 -0.065167 4.7959 0.12515 0.13129 0.039418
780.43 52983 2.5043 -0.15264 1990.6 -0.10132 4.7976 0.12492 0.1202 0.037138
791.69 50297 2.5046 -0.15609 1995.1 -0.13758 4.7997 0.12734 0.10982 0.033381
803.63 46659 2.5049 -0.15975 1998.3 -0.16712 4.8028 0.12792 0.10077 0.032682
816.02 42317 2.5053 -0.16353 1993.9 -0.18125 4.8075 0.12835 0.093764 0.030151
828.6 38010 2.5057 -0.16734 1965.8 -0.15835 4.8156 0.12649 0.089696 0.029372
841.11 34931 2.5061 -0.17107 1902.8 -0.087336 4.8279 0.12219 0.090508 0.026806
853.31 34112 2.5065 -0.17458 1812.5 0.016922 4.8437 0.11787 0.095901 0.025493
864.94 35222 2.507 -0.17777 1739 0.079747 4.8561 0.077984 0.10084 0.021849
875.76 36835 2.5074 -0.18062 1693.2 0.090751 4.8634 0.07615 0.10218 0.020114
885.57 38334 2.5078 -0.18314 1657 0.090155 4.869 0.075551 0.10049 0.0099021
894.14 39523 2.5081 -0.18531 1632.4 0.077091 4.8726 0.075363 0.097031 0.0010234
901.32 40347 2.5084 -0.1871 1613.5 0.064496 4.8755 0.084462 0.093381 1.6793e-05
906.96 40883 2.5087 -0.18849 1599.8 0.054006 4.8777 0.10841 0.089384 2.539e-06
910.93 41207 2.5088 -0.18946 1589.4 0.049039 4.8794 0.11715 0.087077 2.8278e-06
913.17 41376 2.5089 -0.19 1584.2 0.045319 4.8803 0.12267 0.089988 1.4615e-05
913.7 41413 2.509 -0.19013 1582.8 0.044791 4.8805 0.12251 0.090409 7.8237e-06
915.48 41536 2.509 -0.19057 1578.5 0.042173 4.8813 0.12339 0.085351 7.8227e-06
919.64 41790 2.5092 -0.19157 1569 0.03553 4.8828 0.12294 0.080447 7.818e-06
926.04 42088 2.5095 -0.19311 1555.6 0.023705 4.8851 0.12172 0.07712 7.8087e-06
934.51 42287 2.5098 -0.19512 1539.8 0.0063827 4.8879 0.12318 0.071105 7.7943e-06
944.81 42215 2.5103 -0.19754 1522.9 -0.01545 4.891 0.12404 0.065065 7.7755e-06
956.67 41720 2.5108 -0.20029 1505.4 -0.039324 4.8945 0.12507 0.058714 7.753e-06
969.76 40732 2.5114 -0.20329 1486.6 -0.060398 4.8985 0.12556 0.053048 7.7275e-06
983.73 39344 2.512 -0.20644 1464.3 -0.072129 4.903 0.1256 0.048157 7.6992e-06
998.19 37846 2.5126 -0.20965 1434.9 -0.067822 4.9082 0.12485 0.044516 7.6691e-06
1012.8 36649 2.5133 -0.2128 1396.2 -0.045431 4.914 0.12359 0.041912 7.6378e-06
1027 36075 2.5139 -0.21579 1349.9 -0.011992 4.92 0.12208 0.040027 7.6065e-06
1040.6 36148 2.5145 -0.21854 1301.7 0.019102 4.9256 0.12093 0.038028 7.5767e-06
1053.1 36621 2.515 -0.22098 1257.1 0.038065 4.9301 0.12024 0.035713 7.5499e-06
1064.2 37195 2.5155 -0.22307 1219.6 0.043552 4.9336 0.12018 0.033085 7.5276e-06
1073.6 37675 2.5159 -0.2248 1190.1 0.039724 4.9362 0.12025 0.031041 7.5107e-06
1081.1 37992 2.5162 -0.22613 1168.3 0.031844 4.9381 0.12078 0.028909 7.4995e-06
1086.4 38165 2.5165 -0.22707 1153.7 0.024098 4.9393 0.12066 0.027391 7.4935e-06
1089.4 38239 2.5166 -0.22759 1145.8 0.01902 4.94 0.12131 0.032883 7.4915e-06
1090.1 38254 2.5166 -0.22771 1144 0.017785 4.9401 0.12108 0.035076 7.4912e-06
1092.1 38291 2.5167 -0.22806 1138.8 0.014151 4.9406 0.12149 0.027977 7.4902e-06
1096.7 38342 2.5169 -0.22886 1127.3 0.0051034 4.9416 0.12127 0.02468 7.4846e-06
1103.8 38323 2.5172 -0.23006 1110.4 -0.0099223 4.943 0.1225 0.024252 7.4713e-06
1113.2 38116 2.5176 -0.23163 1089.4 -0.030479 4.9448 0.12247 0.021848 7.4472e-06
1124.5 37594 2.518 -0.23348 1064.9 -0.054426 4.947 0.12374 0.019895 7.4108e-06
1137.5 36699 2.5185 -0.23554 1035.9 -0.075975 4.9494 0.1234 0.017564 7.3613e-06
1151.7 35491 2.5191 -0.23773 1000.2 -0.088827 4.9522 0.12352 0.015455 7.3001e-06
1166.7 34190 2.5196 -0.23994 952.95 -0.086307 4.9552 0.12168 0.013186 7.2293e-06
1182.1 33053 2.5202 -0.24209 891.95 -0.072226 4.9581 0.12248 0.011021 7.1529e-06
1197.3 32228 2.5207 -0.24406 817.06 -0.056261 4.9608 0.11817 0.0087619 7.0752e-06
1212 31533 2.5211 -0.24579 745.83 -0.072733 4.9629 0.0893 0.0068415 7.0012e-06
1225.6 30632 2.5215 -0.24726 686.04 -0.11356 4.9645 0.090468 0.0049855 6.9352e-06
1237.8 29584 2.5219 -0.24846 630.23 -0.14782 4.9659 0.097659 0.003564 6.8808e-06
1248.2 28583 2.5221 -0.2494 578.7 -0.17028 4.967 0.11735 0.0026267 6.8402e-06
1256.5 27787 2.5223 -0.25009 532.76 -0.17675 4.9679 0.13942 0.0012703 6.8138e-06
1262.4 27250 2.5224 -0.25054 499.56 -0.17867 4.9683 0.14837 -5.5275e-05 6.7998e-06
1265.7 26959 2.5225 -0.25078 480.74 -0.17871 4.9688 0.15041 0.010799 6.7952e-06
1266.5 26892 2.5225 -0.25084 476.5 -0.17898 4.9691 0.15083 0.015204 6.7947e-06
1267.8 26780 2.5225 -0.25093 469.26 -0.17919 4.9695 0.15144 0.0090538 6.7937e-06
1271 26524 2.5226 -0.25115 452.67 -0.17948 4.9699 0.15492 -0.00075429 6.7894e-06
1275.8 26146 2.5227 -0.25146 427.63 -0.1786 4.9701 0.16079 -0.00037728 6.7788e-06
1282.2 25681 2.5228 -0.25185 395.96 -0.17486 4.9706 0.1671 -0.00011571 6.7598e-06
1290.1 25172 2.5229 -0.2523 360.85 -0.16722 4.971 0.1726 -0.00071003 6.7305e-06
1299.3 24660 2.523 -0.25277 326.9 -0.15867 4.9714 0.17444 -0.0014618 6.6897e-06
1309.6 24157 2.5232 -0.25325 297.83 -0.15642 4.9715 0.17443 -0.001809 6.6373e-06
1320.9 23644 2.5233 -0.25373 274.57 -0.16567 4.9716 0.17448 -0.0022121 6.5738e-06
1332.8 23091 2.5234 -0.2542 256.92 -0.18702 4.9715 0.17448 -0.0021958 6.5009e-06
1345.2 22476 2.5235 -0.25466 244.04 -0.21268 4.9714 0.17449 -0.0022518 6.4208e-06
1357.8 21813 2.5237 -0.25511 234.21 -0.22961 4.9713 0.17449 -0.0022204 6.3365e-06
1370.3 21153 2.5238 -0.25553 225.22 -0.23124 4.9711 0.17449 -0.002373 6.2514e-06
1382.5 20546 2.5239 -0.25592 215.84 -0.22287 4.9708 0.17447 -0.0023627 6.1689e-06
1394.2 20014 2.524 -0.25629 206.31 -0.21511 4.9704 0.17446 -0.0026046 6.0925e-06
1405 19549 2.5241 -0.25661 197.73 -0.21507 4.9699 0.17444 -0.0025434 6.0249e-06
1414.8 19137 2.5241 -0.25689 190.84 -0.22172 4.9695 0.17442 -0.0023918 5.9685e-06
1423.4 18776 2.5242 -0.25713 185.65 -0.22975 4.969 0.17438 -0.0033104 5.9244e-06
1430.5 18472 2.5243 -0.25732 181.8 -0.2359 4.9679 0.17436 -0.0062802 5.8929e-06
1436.2 18232 2.5243 -0.25747 178.98 -0.23935 4.9661 0.17435 -0.0073191 5.8731e-06
1440.2 18064 2.5243 -0.25758 177.05 -0.24114 4.9663 0.17382 0.01016 5.863e-06
1442.4 17969 2.5243 -0.25764 175.98 -0.24229 4.9689 0.1727 0.031282 5.8596e-06
1442.9 17947 2.5244 -0.25765 175.74 -0.24265 4.97 0.17263 0.033238 5.8592e-06
1444 17900 2.5244 -0.25768 175.21 -0.24325 4.9719 0.17302 0.025891 5.858e-06
1446.7 17789 2.5244 -0.25775 173.98 -0.24385 4.9742 0.17407 0.0035064 5.8533e-06
1450.7 17620 2.5244 -0.25785 172.02 -0.2435 4.9736 0.17434 -0.0074797 5.8418e-06
1456.2 17396 2.5244 -0.25799 169.33 -0.24253 4.9719 0.17426 -0.0056487 5.821e-06
1462.9 17126 2.5245 -0.25815 165.91 -0.24136 4.9708 0.1743 -0.0033103 5.7889e-06
1470.8 16818 2.5245 -0.25834 161.87 -0.24132 4.9703 0.17427 -0.002039 5.744e-06
1479.7 16476 2.5246 -0.25855 157.48 -0.24371 4.97 0.17427 -0.0018909 5.6856e-06
1489.5 16106 2.5247 -0.25877 153.02 -0.24833 4.9697 0.17421 -0.0018274 5.6143e-06
1500 15712 2.5247 -0.25901 148.69 -0.25319 4.9695 0.17423 -0.0016333 5.5309e-06
1511 15304 2.5248 -0.25924 144.39 -0.25612 4.9694 0.17426 -0.0014506 5.4376e-06
1522.4 14892 2.5249 -0.25948 140.05 -0.25795 4.9693 0.17404 -0.0014058 5.3369e-06
1534 14485 2.5249 -0.25971 135.74 -0.25963 4.9692 0.17422 -0.001351 5.2321e-06
1545.4 14090 2.525 -0.25994 131.63 -0.2624 4.9691 0.17355 -0.0013196 5.1268e-06
1556.7 13708 2.525 -0.26015 128.06 -0.26752 4.9691 0.17137 -0.0013599 5.0245e-06
1567.5 13343 2.5251 -0.26035 125.14 -0.27282 4.9689 0.16813 -0.0015159 4.9287e-06
1577.7 13001 2.5251 -0.26053 122.72 -0.27612 4.9687 0.16467 -0.0013901 4.8425e-06
1587 12689 2.5252 -0.2607 120.61 -0.27759 4.9686 0.16126 -0.0013774 4.7682e-06
1595.5 12412 2.5252 -0.26085 118.76 -0.27835 4.9683 0.15843 -0.0022656 4.7075e-06
1602.8 12175 2.5253 -0.26097 117.16 -0.27861 4.9668 0.15617 -0.0051349 4.661e-06
1608.9 11979 2.5253 -0.26108 115.83 -0.27905 4.9638 0.15425 -0.0093354 4.6284e-06
1613.6 11828 2.5253 -0.26116 114.84 -0.27979 4.9609 0.15258 -0.0035024 4.6081e-06
1617 11722 2.5253 -0.26121 114.16 -0.28056 4.9634 0.15159 0.022934 4.5979e-06
1618.9 11663 2.5253 -0.26124 113.79 -0.28089 4.9688 0.15127 0.039888 4.5942e-06
1619.3 11649 2.5253 -0.26125 113.7 -0.28096 4.9704 0.15126 0.040291 4.5935e-06
1620.8 11602 2.5253 -0.26128 113.4 -0.2809 4.9749 0.15145 0.027477 4.5911e-06
1624.2 11496 2.5254 -0.26133 112.62 -0.2789 4.9781 0.15256 -0.0043364 4.5798e-06
1629.5 11335 2.5254 -0.26142 111.06 -0.27233 4.974 0.1542 -0.0098565 4.5531e-06
1636.5 11131 2.5254 -0.26153 108.53 -0.26551 4.9704 0.15489 -0.0046118 4.5053e-06
1645.1 10889 2.5254 -0.26166 105.62 -0.26867 4.969 0.15508 -0.0013499 4.4329e-06
1655.1 10606 2.5255 -0.26182 103.31 -0.27966 4.9691 0.15602 -0.0011805 4.3342e-06
1666.2 10287 2.5255 -0.26198 101.46 -0.28411 4.9688 0.15676 -0.0011714 4.2098e-06
1678.3 9948 2.5256 -0.26216 99.352 -0.28279 4.9688 0.15634 -0.0011887 4.0625e-06
1691.1 9598.3 2.5256 -0.26234 97.203 -0.28409 4.9686 0.1555 -0.0008333 3.8973e-06
1704.2 9244.2 2.5257 -0.26253 95.204 -0.28505 4.9689 0.15492 -0.0010493 3.7208e-06
1717.4 8895.1 2.5257 -0.26271 93.232 -0.28511 4.9688 0.15429 -0.00084621 3.5407e-06
1730.3 8558.4 2.5258 -0.26288 91.381 -0.28566 4.969 0.1537 -0.0010664 3.365e-06
1742.8 8240.6 2.5258 -0.26304 89.704 -0.28617 4.9687 0.15308 -0.001079 3.2015e-06
1754.4 7947.6 2.5259 -0.26319 88.233 -0.28683 4.9686 0.15229 -0.0011376 3.057e-06
1765 7683.9 2.5259 -0.26333 87.062 -0.28839 4.9686 0.15094 -0.00063861 2.9365e-06
1774.3 7453.4 2.5259 -0.26345 86.253 -0.29039 4.9684 0.14925 -0.002331 2.8427e-06
1782.2 7260.2 2.526 -0.26355 85.703 -0.29153 4.9651 0.14762 -0.0077587 2.776e-06
1788.3 7108.7 2.526 -0.26362 85.321 -0.29214 4.9586 0.1462 -0.0098583 2.7345e-06
1792.7 7001.7 2.526 -0.26368 85.077 -0.29257 4.9588 0.14513 0.015275 2.7134e-06
1795.1 6941.5 2.526 -0.26371 84.947 -0.29279 4.9671 0.14472 0.040678 2.7065e-06
1795.7 6927.4 2.526 -0.26371 84.915 -0.2928 4.97 0.14471 0.041912 2.7057e-06
1797.5 6883.6 2.526 -0.26374 84.8 -0.29228 4.9774 0.14497 0.025778 2.7018e-06
1801.7 6783 2.526 -0.26379 84.351 -0.2876 4.9802 0.14619 -0.0097444 2.6818e-06
1808.1 6633.3 2.526 -0.26386 83.143 -0.27873 4.9721 0.14727 -0.0082258 2.6356e-06
1816.5 6442.6 2.5261 -0.26397 81.405 -0.27838 4.9688 0.14803 -0.0023402 2.5544e-06
1826.8 6211.4 2.5261 -0.26409 79.972 -0.28502 4.9682 0.14914 -0.00018281 2.4343e-06
1838.7 5945.7 2.5261 -0.26422 78.733 -0.28661 4.9689 0.14957 -0.0013566 2.2748e-06
1851.8 5656.8 2.5262 -0.26437 77.419 -0.28681 4.9681 0.14935 -0.00061305 2.0806e-06
1865.8 5353.2 2.5262 -0.26453 76.142 -0.2872 4.9687 0.14899 -0.0010069 1.8598e-06
1880.2 5043.9 2.5263 -0.26469 74.889 -0.28722 4.9684 0.14851 -0.00052408 1.6244e-06
1894.8 4737.4 2.5263 -0.26484 73.701 -0.28728 4.9689 0.14798 -0.0010444 1.3874e-06
1909 4441.8 2.5263 -0.265 72.606 -0.28738 4.9687 0.14735 -0.0004729 1.163e-06
1922.6 4164.2 2.5264 -0.26514 71.646 -0.28751 4.9688 0.14664 -0.0014285 9.6292e-07
1935.1 3911.2 2.5264 -0.26527 70.84 -0.28793 4.9682 0.14571 -0.00029811 7.9656e-07
1946.3 3687.9 2.5265 -0.26538 70.317 -0.28968 4.9692 0.14416 -0.00081024 6.6858e-07
1955.7 3498.2 2.5265 -0.26548 70.148 -0.29231 4.9675 0.14197 -0.0044451 5.7954e-07
1963.1 3346.8 2.5265 -0.26556 70.225 -0.2945 4.9581 0.13976 -0.015586 5.2535e-07
1968.4 3238.5 2.5265 -0.26561 70.361 -0.29549 4.9507 0.13806 0.0037882 4.988e-07
1971.4 3177.2 2.5265 -0.26564 70.441 -0.29556 4.9604 0.13738 0.043279 4.904e-07
1972.1 3162.7 2.5265 -0.26565 70.455 -0.29542 4.9652 0.13737 0.047633 4.8956e-07
1973.1 3143.1 2.5265 -0.26566 70.463 -0.29491 4.9713 0.13746 0.041827 4.8844e-07
1975.3 3097.5 2.5265 -0.26568 70.418 -0.29212 4.9811 0.13785 0.018629 4.8454e-07
1978.8 3027.9 2.5265 -0.26572 70.126 -0.28521 4.9837 0.13849 -0.0061821 4.7539e-07
1983.5 2937.7 2.5266 -0.26576 69.403 -0.27754 4.9768 0.13903 -0.012292 4.5994e-07
1989.2 2829 2.5266 -0.26582 68.435 -0.27657 4.9702 0.13952 -0.0053192 4.3731e-07
1996.1 2701.2 2.5266 -0.26589 67.649 -0.28195 4.9679 0.14016 -0.0017117 4.0758e-07
2003.8 2554.7 2.5266 -0.26596 67.113 -0.28534 4.9679 0.1406 -0.00015053 3.711e-07
2012.4 2393.2 2.5266 -0.26605 66.593 -0.28575 4.9685 0.14036 -0.00063957 3.288e-07
2021.7 2219.1 2.5267 -0.26614 66.175 -0.28717 4.9685 0.13977 -0.00079254 2.8165e-07
2031.5 2035.7 2.5267 -0.26623 65.677 -0.28535 4.9682 0.13959 -0.0011169 2.3085e-07
2041.8 1847.5 2.5267 -0.26633 64.968 -0.28425 4.968 0.13961 -0.00058323 1.7738e-07
2052.3 1656.3 2.5267 -0.26643 64.324 -0.28527 4.9681 0.13971 -0.00089532 1.2239e-07
2063 1464.4 2.5268 -0.26653 63.716 -0.28524 4.9682 0.13967 -0.00045514 6.702e-08
2073.6 1275.1 2.5268 -0.26663 63.113 -0.28534 4.9684 0.13962 -0.00094483 1.3193e-08
2084 1090.8 2.5268 -0.26672 62.554 -0.28543 4.9679 0.13957 -0.00090754 0
2094.1 914.37 2.5268 -0.26681 61.978 -0.28505 4.9677 0.13966 -0.00089944 0
2103.6 747.96 2.5269 -0.2669 61.472 -0.2854 4.9679 0.1398 -0.00020248 0
2112.6 594.53 2.5269 -0.26698 60.833 -0.28321 4.9687 0.14075 -0.00037335 0
2120.8 453.54 2.5269 -0.26705 60.818 -0.29666 4.9693 0.13609 1.3342e-05 0
2128.1 319.15 2.5269 -0.26712 61.92 -0.30562 4.9694 0.13438 -0.0023234 0
2134.4 208.38 2.5269 -0.26717 60.907 -0.26361 4.9646 0.14573 -0.0084643 0
2139.6 133.26 2.527 -0.26722 57.679 -0.23121 4.9567 0.15952 -0.0067793 0
2143.7 79.798 2.527 -0.26725 55.344 -0.24356 4.9638 0.16517 0.037256 0
2146.6 40.124 2.527 -0.26728 54.584 -0.26959 4.9984 0.16488 0.10758 0
2148.2 16.051 2.527 -0.26729 54.564 -0.28735 5.0329 0.16464 0.14226 0
2148.5 10.188 2.527 -0.26729 54.593 -0.29117 5.0422 0.1646 0.14611 0
