0.15 10 0.2336 0.12644
0.15 5 0.1386 0.11016
0.15 0 0.0436 0.11885
0.15 -3 -0.0134 0.13605
0.4 10 0.2299 0.09567
0.4 5 0.1409 0.07449
0.4 0 0.0519 0.07568
0.4 -3 -0.0015 0.08713
1.2 10 0.2135 0.18596
1.2 5 0.1095 0.13037
1.2 0 0.0055 0.08899
1.2 -3 -0.0569 0.07099
2 10 0.1778 0.15771
2 5 0.0628 0.13846
2 0 -0.0522 0.14562
2 -3 -0.1212 0.16258
3 10 0.1609 0.1176
3 5 0.0649 0.10741
3 0 -0.0311 0.12349
3 -3 -0.0887 0.14575
4 10 0.1443 0.09909
4 5 0.0533 0.09191
4 0 -0.0377 0.11099
4 -3 -0.0923 0.13504
5 10 0.1293 0.09291
5 5 0.0408 0.08268
5 0 -0.0477 0.09661
5 -3 -0.1008 0.11656