time (s) altitude (m) velocity (m/s) mass (kg)trajectory angle (rad) angle of attack (rad) heading angle (rad) latitude (rad)
0 90 30 29388 1.5691 0 1.6919 -0.2123 2.3868
0.44109 103.56 31.492 29325 1.5686 -0.0014437 1.7173 -0.2123 2.3868
1.2267 129.35 34.178 29211 1.567 -0.0039091 1.7476 -0.2123 2.3868
1.8932 152.9 36.486 29115 1.5647 -0.0058138 1.7619 -0.2123 2.3868
2.0773 159.68 37.128 29089 1.5639 -0.0063045 1.765 -0.2123 2.3868
2.5183 176.39 38.675 29025 1.5618 -0.0074274 1.7709 -0.2123 2.3868
3.3039 207.87 41.459 28912 1.557 -0.0091908 1.7782 -0.2123 2.3868
3.9705 236.29 43.85 28816 1.552 -0.010444 1.7826 -0.2123 2.3868
4.1545 244.42 44.515 28790 1.5505 -0.010759 1.7836 -0.2123 2.3868
5.0367 285.09 47.732 28663 1.5421 -0.012097 1.7876 -0.2123 2.3868
6.6079 364.61 53.58 28437 1.5236 -0.013555 1.7923 -0.2123 2.3868
7.941 439.29 58.668 28245 1.5042 -0.013775 1.795 -0.2123 2.3868
8.309 461.09 60.094 28192 1.4983 -0.013703 1.7956 -0.2123 2.3868
8.8897 496.53 62.363 28108 1.4885 -0.013456 1.7964 -0.2123 2.3868
10.039 570.5 66.924 27943 1.4676 -0.012491 1.7979 -0.2123 2.3868
11.313 658.48 72.103 27759 1.4423 -0.01062 1.7992 -0.2123 2.3868
12.226 725.38 75.897 27628 1.4231 -0.0088146 1.8 -0.2123 2.3868
12.464 743.3 76.894 27593 1.418 -0.0082733 1.8002 -0.2123 2.3868
12.919 778.31 78.822 27528 1.408 -0.0071984 1.8006 -0.21229 2.3868
13.902 856.65 83.046 27386 1.386 -0.0045563 1.8012 -0.21229 2.3868
15.214 967.13 88.806 27198 1.3558 -0.00025984 1.8021 -0.21229 2.3868
16.595 1090.7 95.043 26999 1.3243 0.0051226 1.8028 -0.21228 2.3868
17.773 1202 100.52 26829 1.2984 0.010135 1.8034 -0.21228 2.3868
18.513 1274.7 104.03 26723 1.2827 0.013319 1.8037 -0.21228 2.3868
18.695 1293 104.9 26696 1.2789 0.014113 1.8038 -0.21228 2.3868
19.151 1339.1 107.1 26631 1.2696 0.016073 1.804 -0.21227 2.3868
20.133 1441.6 111.9 26489 1.2505 0.020072 1.8044 -0.21227 2.3868
21.446 1584.4 118.46 26301 1.2268 0.024676 1.8049 -0.21226 2.3868
22.827 1742.4 125.54 26102 1.2044 0.028593 1.8054 -0.21225 2.3868
24.004 1883.3 131.71 25932 1.1872 0.031177 1.8058 -0.21224 2.3868
24.744 1974.8 135.65 25826 1.1773 0.032449 1.8061 -0.21224 2.3868
24.927 1997.8 136.63 25800 1.175 0.03272 1.8062 -0.21224 2.3868
26.25 2168.4 143.82 25609 1.1591 0.034153 1.8066 -0.21223 2.3868
28.607 2491.3 156.97 25270 1.1349 0.034906 1.8073 -0.2122 2.3868
30.607 2785 168.48 24983 1.118 0.034824 1.8079 -0.21218 2.3868
31.159 2869.4 171.72 24903 1.1139 0.034873 1.8081 -0.21218 2.3868
32.482 3077.5 179.59 24713 1.1053 0.034905 1.8085 -0.21216 2.3868
34.839 3469.6 193.99 24374 1.0944 0.034907 1.8091 -0.21213 2.3868
36.839 3825 206.6 24086 1.0897 0.034894 1.8097 -0.2121 2.3868
37.391 3926.9 210.15 24007 1.0892 0.034902 1.8098 -0.21209 2.3868
38.052 4051.4 214.43 23912 1.089 0.034907 1.81 -0.21208 2.3868
39.231 4279.4 222.15 23742 1.0898 0.034904 1.8103 -0.21206 2.3868
40.23 4479.3 228.81 23599 1.0917 0.034897 1.8106 -0.21205 2.3868
40.506 4535.6 230.66 23559 1.0924 0.034897 1.8107 -0.21204 2.3868
41.168 4672.5 235.13 23464 1.0945 0.034906 1.8109 -0.21203 2.3868
42.347 4923.2 243.19 23295 1.0994 0.034906 1.8112 -0.21201 2.3868
43.346 5143.2 250.13 23151 1.1048 0.03488 1.8115 -0.212 2.3867
43.622 5205.2 252.06 23111 1.1065 0.034872 1.8116 -0.21199 2.3867
44.236 5344.9 256.39 23023 1.1105 0.034903 1.8118 -0.21198 2.3867
45.52 5645.7 265.57 22838 1.1204 0.034907 1.8122 -0.21196 2.3867
47.125 6039.2 277.29 22608 1.1349 0.033918 1.8126 -0.21193 2.3867
48.62 6423.7 288.19 22393 1.1489 0.031757 1.8131 -0.2119 2.3867
49.606 6686.5 295.04 22251 1.1569 0.029787 1.8134 -0.21189 2.3867
49.854 6753.8 296.68 22215 1.1586 0.029189 1.8135 -0.21188 2.3867
51.177 7119.2 305.07 22025 1.1657 0.025566 1.814 -0.21186 2.3867
53.534 7795.6 318.54 21687 1.1679 0.016945 1.8148 -0.21181 2.3867
55.534 8390.2 329.05 21399 1.1574 0.0074539 1.8154 -0.21177 2.3867
56.086 8557.1 331.89 21320 1.1523 0.0044818 1.8156 -0.21176 2.3867
56.7 8743.9 335.06 21232 1.1455 0.0011329 1.8158 -0.21175 2.3867
57.984 9138.1 341.78 21047 1.1275 -0.0052853 1.8162 -0.21172 2.3867
59.588 9636.5 350.67 20817 1.0994 -0.012108 1.8167 -0.21169 2.3867
61.084 10106 359.54 20602 1.069 -0.017358 1.8171 -0.21165 2.3867
62.07 10417 365.7 20460 1.0471 -0.020163 1.8174 -0.21162 2.3867
62.318 10496 367.29 20424 1.0414 -0.02081 1.8175 -0.21161 2.3867
63.189 10773 372.99 20299 1.021 -0.022798 1.8177 -0.21159 2.3866
64.913 11322 384.89 20051 0.97877 -0.025621 1.8181 -0.21154 2.3866
66.824 11934 399.16 19777 0.93078 -0.027003 1.8185 -0.21147 2.3866
68.194 12372 410.15 19580 0.89665 -0.026894 1.8188 -0.21142 2.3866
68.549 12486 413.12 19529 0.88791 -0.026732 1.8188 -0.2114 2.3866
69.211 12698 418.75 19434 0.87185 -0.026364 1.819 -0.21138 2.3866
70.389 13076 429.18 19264 0.84395 -0.025552 1.8192 -0.21133 2.3866
71.389 13397 438.44 19121 0.82104 -0.024816 1.8194 -0.21128 2.3866
71.665 13485 441.06 19081 0.81484 -0.024642 1.8194 -0.21127 2.3866
72.327 13698 447.46 18986 0.8002 -0.02431 1.8195 -0.21124 2.3866
73.505 14076 459.26 18816 0.77479 -0.024175 1.8197 -0.21118 2.3865
74.505 14398 469.69 18673 0.75376 -0.024589 1.8199 -0.21113 2.3865
74.781 14486 472.64 18633 0.74802 -0.024778 1.8199 -0.21112 2.3865
75.652 14766 482.13 18508 0.73009 -0.025547 1.82 -0.21107 2.3865
77.376 15321 501.79 18260 0.69507 -0.028151 1.8203 -0.21097 2.3865
79.288 15934 524.98 17985 0.65635 -0.032829 1.8205 -0.21086 2.3865
80.657 16372 542.51 17788 0.62826 -0.037247 1.8207 -0.21077 2.3864
81.013 16485 547.19 17737 0.62089 -0.038571 1.8208 -0.21074 2.3864
81.675 16695 556.06 17641 0.60708 -0.041128 1.8208 -0.2107 2.3864
82.853 17068 572.36 17472 0.58214 -0.046112 1.821 -0.21062 2.3864
83.853 17381 586.76 17328 0.5607 -0.05065 1.8211 -0.21054 2.3864
84.129 17467 590.83 17288 0.55474 -0.051889 1.8211 -0.21052 2.3864
84.79 17672 600.76 17193 0.54046 -0.054769 1.8212 -0.21047 2.3864
85.969 18034 619.12 17024 0.51517 -0.059389 1.8213 -0.21038 2.3863
86.969 18337 635.39 16880 0.49409 -0.062741 1.8214 -0.21029 2.3863
87.245 18420 639.99 16840 0.48836 -0.06359 1.8214 -0.21027 2.3863
88.568 18814 662.75 16650 0.46154 -0.067142 1.8216 -0.21015 2.3863
90.925 19499 706.03 16310 0.41675 -0.071273 1.8218 -0.20993 2.3862
92.924 20063 745.44 16023 0.38195 -0.072685 1.8219 -0.20973 2.3862
93.476 20215 756.73 15943 0.37285 -0.072827 1.822 -0.20967 2.3861
94.8 20577 784.51 15753 0.35181 -0.073032 1.8221 -0.20953 2.3861
97.157 21202 836.33 15413 0.31656 -0.073248 1.8222 -0.20925 2.386
99.156 21713 882.51 15125 0.28815 -0.073091 1.8224 -0.209 2.386
99.708 21851 895.59 15046 0.28046 -0.072887 1.8224 -0.20893 2.386
100.58 22065 916.52 14920 0.26843 -0.072391 1.8224 -0.20882 2.3859
102.3 22475 958.9 14672 0.24491 -0.070339 1.8225 -0.20858 2.3859
104.21 22907 1007.3 14397 0.21919 -0.066258 1.8226 -0.2083 2.3858
105.58 23200 1042.7 14199 0.20101 -0.062282 1.8227 -0.20809 2.3857
105.94 23273 1052 14148 0.19632 -0.061066 1.8227 -0.20804 2.3857
106.6 23407 1069.5 14053 0.18766 -0.058708 1.8228 -0.20793 2.3857
107.78 23636 1100.9 13883 0.17248 -0.053997 1.8228 -0.20774 2.3856
108.78 23820 1127.9 13739 0.15996 -0.049643 1.8229 -0.20758 2.3856
109.06 23869 1135.5 13699 0.15657 -0.048463 1.8229 -0.20753 2.3856
109.72 23985 1153.7 13604 0.14857 -0.045747 1.8229 -0.20742 2.3856
110.9 24179 1186.6 13434 0.13478 -0.041434 1.8229 -0.20721 2.3855
111.9 24334 1215.1 13290 0.12348 -0.03834 1.823 -0.20703 2.3855
112.17 24375 1223.1 13250 0.12042 -0.037564 1.823 -0.20698 2.3854
112.83 24470 1242.4 13155 0.11319 -0.035843 1.823 -0.20686 2.3854
114.01 24628 1277.2 12985 0.10063 -0.033315 1.823 -0.20663 2.3853
115.01 24751 1307.3 12841 0.090243 -0.031705 1.8231 -0.20644 2.3853
115.29 24783 1315.7 12801 0.087414 -0.031308 1.8231 -0.20638 2.3853
115.95 24857 1335.9 12705 0.080707 -0.030364 1.8231 -0.20625 2.3852
117.13 24976 1372.5 12536 0.069077 -0.028401 1.8231 -0.20601 2.3852
118.13 25065 1404.1 12391 0.059663 -0.026234 1.8232 -0.2058 2.3851
118.4 25088 1412.9 12352 0.057162 -0.025542 1.8232 -0.20574 2.3851
119.02 25135 1432.5 12263 0.051783 -0.023884 1.8232 -0.20561 2.3851
120.3 25222 1474 12078 0.041482 -0.019811 1.8232 -0.20533 2.385
121.91 25309 1526.4 11847 0.031144 -0.01356 1.8232 -0.20496 2.3849
123.4 25373 1576.1 11631 0.024168 -0.0065767 1.8233 -0.20461 2.3848
124.39 25408 1609.5 11489 0.02076 -0.0013675 1.8233 -0.20437 2.3848
124.64 25416 1618 11453 0.020103 1.291e-07 1.8233 -0.20431 2.3847
