time (s) altitude (m) longitude (rad) latitude (rad) velocity (m/s) trajectory angle (rad) heading angle (rad) angle of attack (rad) bank angle (rad) fuel mass (kg) 
124.64 25416 2.3847 -0.20431 1618 0.020103 1.8233 1.291e-07 1562
127.37 25496 2.3846 -0.20364 1626.9 0.01654 1.8233 0.0077684 1555
132.24 25616 2.3842 -0.20244 1644.2 0.013856 1.8234 0.0095765 1542
136.38 25704 2.384 -0.2014 1659.5 0.011925 1.8235 0.011081 1530.5
137.52 25726 2.3839 -0.20112 1664 0.011803 1.8235 0.011949 1527.3
140.25 25779 2.3837 -0.20042 1674.8 0.011635 1.8236 0.012537 1519.4
145.12 25877 2.3834 -0.19918 1694.9 0.012317 1.8236 0.014118 1504.8
149.26 25969 2.3831 -0.19812 1712.9 0.013974 1.8237 0.01531 1491.8
150.4 25997 2.383 -0.19782 1718 0.01457 1.8237 0.015987 1488.2
152.22 26044 2.3829 -0.19735 1726.2 0.015682 1.8238 0.015999 1482.3
155.47 26139 2.3827 -0.19649 1741.2 0.017793 1.8238 0.016047 1471.5
158.22 26228 2.3825 -0.19576 1754.1 0.019134 1.8239 0.013353 1462.3
158.99 26254 2.3824 -0.19556 1757.7 0.019227 1.8239 0.012597 1459.7
160.81 26315 2.3823 -0.19508 1766.3 0.019272 1.8239 0.011373 1453.6
164.06 26425 2.3821 -0.1942 1781.6 0.018779 1.824 0.010413 1442.6
166.81 26516 2.3819 -0.19346 1794.4 0.018269 1.824 0.010879 1433.3
167.57 26541 2.3818 -0.19325 1798 0.018182 1.824 0.011102 1430.8
169.4 26601 2.3817 -0.19276 1806.5 0.018005 1.824 0.011309 1424.6
172.64 26707 2.3815 -0.19186 1821.6 0.017991 1.8241 0.012441 1413.6
175.4 26798 2.3813 -0.1911 1834.5 0.018423 1.8241 0.013468 1404.2
176.16 26824 2.3812 -0.19089 1838.1 0.018603 1.8241 0.014844 1401.6
177.98 26889 2.3811 -0.19038 1846.9 0.020763 1.8242 0.024603 1395.2
181.23 27035 2.3808 -0.18947 1862.8 0.02757 1.8242 0.024649 1383.4
183.99 27183 2.3806 -0.18869 1875.4 0.02853 1.8243 6.9515e-07 1374
184.75 27223 2.3806 -0.18848 1878.6 0.026677 1.8243 1.7842e-05 1371.7
186.57 27309 2.3804 -0.18796 1886.4 0.023632 1.8243 2.7922e-07 1366.1
189.82 27438 2.3802 -0.18703 1900.3 0.018169 1.8244 2.9175e-07 1356.1
192.58 27521 2.38 -0.18623 1912.3 0.013535 1.8244 3.5303e-07 1347.6
193.34 27540 2.3799 -0.18601 1915.7 0.01226 1.8244 0.0012759 1345.3
195.16 27579 2.3798 -0.18548 1923.7 0.0094731 1.8244 2.241e-07 1339.6
198.41 27618 2.3795 -0.18453 1938.2 0.003423 1.8245 2.0701e-07 1329.7
201.16 27633 2.3793 -0.18372 1951.5 0.0035241 1.8245 0.032581 1320.5
201.92 27639 2.3792 -0.1835 1955.6 0.0064905 1.8245 0.035995 1317.5
203.75 27673 2.3791 -0.18296 1965.2 0.012284 1.8245 0.035469 1310.6
206.99 27783 2.3788 -0.18199 1982.1 0.022156 1.8246 0.034287 1298.3
209.75 27927 2.3786 -0.18116 1996.2 0.030359 1.8246 0.035941 1287.9
210.51 27975 2.3786 -0.18093 2000 0.032749 1.8246 0.033844 1285
212.33 28104 2.3784 -0.18038 2009 0.037668 1.8247 0.03414 1278.3
215.58 28381 2.3782 -0.17939 2024.5 0.046473 1.8247 0.032874 1266.4
218.34 28651 2.3779 -0.17854 2036.3 0.048758 1.8248 0.0020585 1257.3
219.1 28725 2.3779 -0.17831 2039.1 0.046841 1.8248 4.1001e-07 1255.2
220.92 28894 2.3777 -0.17774 2046 0.043577 1.8248 1.6893e-07 1250
224.17 29164 2.3775 -0.17674 2058 0.037565 1.8249 1.5452e-07 1241
226.93 29363 2.3772 -0.17588 2068 0.032303 1.8249 2.4349e-07 1233.5
227.69 29413 2.3772 -0.17564 2070.8 0.030829 1.8249 1.0565e-06 1231.5
230.42 29572 2.3769 -0.17478 2080.7 0.02547 1.825 1.1223e-07 1224.3
235.29 29782 2.3765 -0.17324 2098.3 0.015778 1.825 8.2501e-08 1211.7
239.43 29884 2.3762 -0.17193 2113.3 0.0075194 1.8251 1.2818e-07 1201
240.57 29899 2.3761 -0.17156 2117.5 0.0052495 1.8251 8.4659e-07 1198.1
243.3 29910 2.3759 -0.17068 2127.5 -0.00073345 1.8251 1.4721e-07 1191.1
248.17 29883 2.3755 -0.16911 2146.6 -0.0026829 1.8252 0.031357 1177.3
252.31 29885 2.3751 -0.16776 2163.7 0.0046533 1.8252 0.030872 1164
253.45 29901 2.375 -0.16739 2168.1 0.0054851 1.8252 0.029793 1160.5
258.92 30002 2.3745 -0.16559 2188.8 0.011227 1.8253 0.027185 1143.4
268.66 30332 2.3737 -0.16234 2222.4 0.018925 1.8254 0.025815 1113.4
276.93 30724 2.3729 -0.15955 2247.6 0.023256 1.8255 0.024242 1089
279.21 30846 2.3727 -0.15877 2254 0.023843 1.8255 0.023683 1082.5
281.95 30995 2.3725 -0.15784 2261.4 0.024283 1.8255 0.023104 1074.8
286.82 31264 2.372 -0.15617 2273.8 0.024303 1.8256 0.022331 1061.5
290.95 31490 2.3717 -0.15474 2283.7 0.023612 1.8256 0.021642 1050.6
292.09 31551 2.3716 -0.15435 2286.3 0.023305 1.8256 0.021425 1047.7
294.83 31694 2.3713 -0.1534 2292.5 0.022363 1.8257 0.020867 1040.7
299.7 31933 2.3709 -0.15171 2303 0.020088 1.8257 0.020284 1028.6
303.83 32113 2.3705 -0.15027 2311.5 0.017671 1.8258 0.019786 1018.6
304.97 32159 2.3704 -0.14987 2313.8 0.016925 1.8258 0.019644 1015.9
310.44 32349 2.3699 -0.14796 2324.6 0.012999 1.8258 0.01915 1003.1
320.19 32556 2.369 -0.14452 2343 0.005122 1.8259 0.018852 980.91
328.45 32590 2.3682 -0.14158 2358.5 -0.0015274 1.826 0.019385 962.17
330.74 32577 2.368 -0.14077 2362.7 -0.0032175 1.826 0.019673 956.94
334.38 32537 2.3676 -0.13947 2369.6 -0.0058459 1.826 0.020201 948.52
340.88 32427 2.367 -0.13713 2382 -0.0079148 1.826 0.027405 932.88
346.39 32321 2.3665 -0.13515 2392.6 -0.008116 1.8261 0.022298 919.07
347.91 32292 2.3664 -0.1346 2395.5 -0.0088569 1.8261 0.022428 915.32
349.74 32252 2.3662 -0.13394 2398.9 -0.0092207 1.8261 0.022619 910.72
352.98 32175 2.3659 -0.13276 2405 -0.010866 1.8261 0.014205 902.6
355.74 32095 2.3656 -0.13175 2410.1 -0.013319 1.8261 0.014328 895.79
356.5 32070 2.3655 -0.13148 2411.5 -0.013798 1.8261 0.014352 893.86
358.32 32006 2.3654 -0.13081 2415 -0.015229 1.8261 0.01444 889.24
361.57 31882 2.365 -0.12963 2421.2 -0.015998 1.8261 0.024047 880.6
364.33 31775 2.3648 -0.12862 2426.4 -0.015934 1.8261 0.014348 873.03
365.09 31746 2.3647 -0.12834 2427.9 -0.01663 1.8262 0.01429 871.03
366.91 31670 2.3645 -0.12767 2431.4 -0.017584 1.8262 0.014316 866.09
370.16 31525 2.3642 -0.12647 2437.8 -0.019054 1.8262 0.014357 857.11
372.91 31393 2.3639 -0.12546 2443.3 -0.020049 1.8262 0.014436 849.28
373.67 31356 2.3639 -0.12518 2444.8 -0.020279 1.8262 0.01445 847.09
375.5 31265 2.3637 -0.1245 2448.5 -0.020712 1.8262 0.014504 841.76
378.75 31096 2.3634 -0.1233 2455.2 -0.021437 1.8262 0.014667 832.07
381.5 30953 2.3631 -0.12228 2461 -0.020283 1.8262 0.027461 823.35
382.26 30916 2.363 -0.12199 2462.6 -0.01907 1.8262 0.027496 820.77
384.09 30837 2.3629 -0.12131 2466.6 -0.015862 1.8262 0.035377 814.47
387.33 30740 2.3625 -0.1201 2473.6 -0.0083218 1.8262 0.03553 802.78
390.09 30702 2.3623 -0.11907 2479.3 -0.003041 1.8262 0.027231 792.95
390.85 30698 2.3622 -0.11879 2480.9 -0.0020259 1.8262 0.027231 790.3
392.67 30694 2.362 -0.1181 2484.7 0.00068447 1.8262 0.027011 783.88
395.92 30719 2.3617 -0.11688 2491.3 0.0054651 1.8263 0.026695 772.45
398.68 30771 2.3614 -0.11584 2496.6 0.0094339 1.8263 0.026513 762.77
399.44 30790 2.3613 -0.11555 2498.1 0.01051 1.8263 0.026461 760.11
401.26 30842 2.3612 -0.11487 2501.4 0.012193 1.8263 0.016677 753.9
404.51 30938 2.3608 -0.11364 2507 0.010415 1.8263 5.6289e-08 743.73
407.26 30996 2.3606 -0.11259 2511.8 0.0062219 1.8263 1.633e-07 735.6
408.02 31006 2.3605 -0.1123 2513.1 0.0053435 1.8263 8.4284e-07 733.32
409.85 31026 2.3603 -0.11161 2516.3 0.00294 1.8263 1.0293e-07 727.9
413.1 31030 2.36 -0.11037 2522.1 -0.0017063 1.8264 1.0712e-07 718.31
415.85 31010 2.3597 -0.10932 2527.1 -0.0034533 1.8264 0.01806 709.76
416.61 31004 2.3596 -0.10903 2528.6 -0.002672 1.8264 0.017989 707.18
418.44 30994 2.3594 -0.10833 2532 -0.0016952 1.8264 0.018098 701.14
421.68 30987 2.3591 -0.10709 2538 0.00012018 1.8264 0.018008 690.31
424.44 30993 2.3588 -0.10603 2543 0.0016782 1.8264 0.017904 681.1
425.2 30997 2.3588 -0.10574 2544.4 0.0021108 1.8264 0.017948 678.56
427.02 31009 2.3586 -0.10504 2547.7 0.0031458 1.8264 0.017805 672.45
430.27 31043 2.3582 -0.10379 2553.4 0.0049842 1.8264 0.017883 661.59
433.03 31084 2.358 -0.10272 2558.2 0.006565 1.8265 0.017984 652.38
433.79 31097 2.3579 -0.10243 2559.5 0.0069994 1.8265 0.016097 649.85
435.61 31128 2.3577 -0.10172 2562.6 0.0059723 1.8265 3.3253e-07 644.13
438.86 31157 2.3574 -0.10046 2568 0.00097879 1.8265 1.7618e-07 634.5
441.61 31157 2.3571 -0.099392 2572.8 -0.00012622 1.8265 0.018926 625.79
442.38 31157 2.357 -0.099096 2574.1 0.0006503 1.8265 0.017286 623.2
444.2 31163 2.3568 -0.098387 2577.2 0.0017298 1.8265 0.018567 617.11
447.45 31186 2.3565 -0.09712 2582.7 0.0038935 1.8265 0.018645 606.23
450.2 31221 2.3562 -0.096044 2587.3 0.0057231 1.8265 0.019044 597.01
450.96 31232 2.3561 -0.095747 2588.5 0.0062685 1.8265 0.020496 594.46
452.79 31266 2.356 -0.095033 2591.5 0.0078178 1.8265 0.018682 588.32
456.03 31331 2.3556 -0.09376 2596.6 0.006883 1.8266 5.5241e-07 578.06
458.79 31367 2.3553 -0.092678 2600.9 0.0026804 1.8266 4.7018e-07 569.97
459.55 31371 2.3553 -0.092379 2602.2 0.0019662 1.8266 1.5002e-05 567.66
461.37 31374 2.3551 -0.091661 2605.1 -0.00054894 1.8266 4.2791e-07 562.26
464.62 31362 2.3547 -0.090382 2610.4 -0.0016478 1.8266 0.018666 552.05
467.38 31357 2.3544 -0.089294 2614.9 0.00093052 1.8266 0.018562 542.75
468.14 31360 2.3544 -0.088993 2616.1 0.0011741 1.8266 0.017392 540.26
470.54 31372 2.3541 -0.088043 2619.9 0.0023714 1.8266 0.015998 532.33
475.29 31408 2.3536 -0.08616 2627.3 0.003203 1.8266 0.011444 516.9
480.56 31450 2.3531 -0.084065 2635.4 0.0027412 1.8266 0.011289 500.06
484.33 31477 2.3527 -0.082561 2641.2 0.0027763 1.8267 0.011833 487.94
485.31 31484 2.3526 -0.082169 2642.7 0.0027581 1.8267 0.011651 484.79
488.05 31504 2.3523 -0.081076 2646.8 0.0027531 1.8267 0.011663 476.02
492.92 31540 2.3518 -0.079125 2654.1 0.0027451 1.8267 0.011559 460.42
497.05 31569 2.3513 -0.077466 2660.2 0.002694 1.8267 0.011366 447.19
498.19 31578 2.3512 -0.077007 2661.8 0.0026673 1.8267 0.011523 443.55
500.93 31597 2.3509 -0.075906 2665.8 0.0026508 1.8267 0.011459 434.81
505.8 31631 2.3504 -0.073941 2672.9 0.0026164 1.8267 0.011413 419.25
509.93 31660 2.35 -0.07227 2678.8 0.0025775 1.8267 0.011291 406.06
511.08 31668 2.3499 -0.071808 2680.4 0.0025578 1.8267 0.011367 402.42
513.81 31687 2.3496 -0.070699 2684.3 0.0025343 1.8268 0.0113 393.71
518.68 31719 2.349 -0.068721 2691.1 0.0024983 1.8268 0.011294 378.19
522.82 31747 2.3486 -0.067039 2696.8 0.0024659 1.8268 0.01115 365.04
523.96 31755 2.3485 -0.066574 2698.4 0.0024443 1.8268 0.011218 361.42
526.69 31773 2.3482 -0.065458 2702.1 0.0024123 1.8268 0.011133 352.73
531.56 31804 2.3477 -0.063466 2708.7 0.0023877 1.8268 0.011216 337.26
535.7 31831 2.3472 -0.061773 2714.2 0.0023517 1.8268 0.010844 324.15
536.84 31838 2.3471 -0.061305 2715.7 0.0023023 1.8268 0.011223 320.54
542.31 31872 2.3465 -0.059058 2723 0.0022979 1.8268 0.011025 303.2
552.05 31933 2.3455 -0.05504 2735.5 0.0022309 1.8269 0.010914 272.38
560.32 31982 2.3446 -0.051617 2746 0.0021416 1.8269 0.010669 246.29
562.6 31996 2.3443 -0.05067 2748.8 0.0020804 1.8269 0.010753 239.1
565.34 32011 2.344 -0.049533 2752.2 0.0020437 1.8269 0.010674 230.49
570.21 32038 2.3435 -0.047505 2758.2 0.001984 1.8269 0.010681 215.15
574.34 32061 2.343 -0.045781 2763.2 0.0019554 1.8269 0.010636 202.15
575.48 32067 2.3429 -0.045305 2764.6 0.0019447 1.8269 0.01049 198.56
578.22 32081 2.3426 -0.044162 2767.8 0.0018822 1.8269 0.010501 189.98
583.09 32107 2.3421 -0.042122 2773.6 0.0019194 1.8269 0.010828 174.67
587.22 32129 2.3416 -0.040389 2778.5 0.0018535 1.8269 0.0096289 161.71
588.36 32134 2.3415 -0.03991 2779.8 0.0017058 1.8269 0.010905 158.16
590.19 32144 2.3413 -0.039144 2781.9 0.0019085 1.8269 0.011855 152.41
593.43 32161 2.3409 -0.037778 2785.6 0.0019454 1.8269 0.0091588 142.23
596.19 32175 2.3406 -0.036618 2788.8 0.0015467 1.8269 0.010012 133.68
596.95 32178 2.3405 -0.036297 2789.6 0.0015761 1.8269 0.010192 131.29
598.77 32187 2.3403 -0.035528 2791.7 0.0019848 1.8269 0.01326 125.52
602.02 32205 2.34 -0.034158 2795.4 0.0017261 1.8269 0.0062715 115.41
604.78 32217 2.3397 -0.032993 2798.4 0.001605 1.8269 0.019506 106.82
605.54 32221 2.3396 -0.032672 2799.2 0.0026742 1.8269 0.026705 104.26
607.36 32244 2.3394 -0.0319 2800.9 0.0069371 1.827 0.041759 97.835
610.61 32362 2.339 -0.030526 2802.4 0.019963 1.827 0.061685 85.587
613.37 32573 2.3387 -0.02936 2801.5 0.035381 1.827 0.07895 74.718
614.13 32654 2.3386 -0.029038 2800.7 0.040358 1.827 0.086535 71.66
615.95 32891 2.3384 -0.028268 2798.2 0.052811 1.827 0.090316 64.382
619.2 33480 2.3381 -0.0269 2790.1 0.077716 1.827 0.11879 51.596
621.95 34166 2.3378 -0.025746 2778.8 0.10162 1.8271 0.13351 41.076
622.71 34387 2.3377 -0.025428 2775.5 0.10779 1.8271 0.13649 38.371
624.54 34969 2.3375 -0.02467 2766.2 0.12308 1.8271 0.1528 32.07
627.79 36182 2.3371 -0.023331 2748.7 0.14769 1.8272 0.15596 22.109
630.54 37355 2.3368 -0.022204 2735.9 0.16312 1.8272 0.15176 15.249
631.3 37696 2.3368 -0.021894 2732.6 0.16662 1.8273 0.16171 13.581
633.12 38541 2.3366 -0.021154 2724.6 0.17422 1.8273 0.15537 9.8916
636.37 40115 2.3362 -0.019844 2712 0.18351 1.8274 0.15574 4.5048
639.13 41495 2.3359 -0.018738 2702.3 0.18824 1.8275 0.15431 0.8666
639.89 41880 2.3359 -0.018433 2699.9 0.18903 1.8275 0.15413 0
