time (s) altitude (m) velocity (m/s) mass (kg) dynamic pressure (Pa)trajectory angle (rad) Lift (N)Drag (N)heading angle (rad) latitude (rad) angle of attack (rad) 
639.89 41880 2699.9 3300 10672 0.18903 12100 4162.4 1.8275 -0.018433 0.27251
641.45 42675 2715.5 3276.9 9632.4 0.1886 10956 3772.4 1.8275 -0.017806 0.2731
644.24 44095 2744.2 3235.7 8041.2 0.18744 9291.7 3216.1 1.8276 -0.016681 0.27611
646.6 45304 2769.3 3200.7 6914.6 0.18613 8024.2 2780.9 1.8277 -0.015717 0.27693
647.25 45638 2776.3 3191 6635 0.18572 7694.5 2665.9 1.8277 -0.015449 0.27679
648.81 46440 2793.5 3167.9 6014.1 0.18465 6990.6 2423.5 1.8277 -0.014804 0.27723
651.59 47867 2824.7 3126.7 5104.6 0.18253 5938.1 2057.9 1.8278 -0.013646 0.27734
653.96 49077 2851.9 3091.7 4466.3 0.18057 5195.4 1799.2 1.8279 -0.012653 0.2773
654.61 49411 2859.5 3082.1 4304.9 0.18 4994.6 1727.8 1.8279 -0.012377 0.27678
656.17 50211 2878 3058.9 3942.1 0.1786 4572.2 1580.7 1.8279 -0.011712 0.27669
658.95 51632 2911.6 3017.7 3393.2 0.17603 3957.7 1369.3 1.828 -0.010518 0.2777
661.32 52835 2940.7 2982.8 3005.7 0.1738 3507.4 1212.1 1.828 -0.0094934 0.27772
661.97 53166 2948.8 2973.1 2906.1 0.17318 3383.6 1167.9 1.8281 -0.0092087 0.27727
663.53 53959 2968.5 2950 2679.6 0.17167 3118.7 1075 1.8281 -0.008523 0.27717
666.31 55368 3004.2 2908.8 2316.2 0.16894 2664.1 912.47 1.8282 -0.0072902 0.27485
668.68 56559 3035.1 2873.8 2044.1 0.16657 2312.2 785.64 1.8282 -0.0062323 0.27163
669.33 56887 3043.8 2864.2 1974.4 0.1659 2221.1 752.72 1.8282 -0.0059383 0.27058
670.89 57671 3064.7 2841 1816.2 0.16431 2026.4 683.68 1.8283 -0.00523 0.26901
673.67 59063 3102.7 2799.8 1563.3 0.16143 1700.9 566.88 1.8283 -0.0039562 0.26434
676.04 60238 3135.6 2764.9 1374.9 0.15895 1461.3 481.38 1.8284 -0.0028627 0.2601
676.69 60561 3144.8 2755.2 1326.8 0.15826 1398.4 458.77 1.8284 -0.0025587 0.25861
678.25 61335 3167.1 2732.1 1217.7 0.15661 1268.9 413.6 1.8284 -0.0018264 0.25658
681.03 62705 3207.4 2690.9 1043.9 0.15364 1049.8 335.88 1.8285 -0.000509 0.25046
683.4 63861 3242.4 2655.9 915.03 0.15111 894.87 281.82 1.8286 0.00062223 0.24579
684.05 64179 3252.1 2646.2 882.17 0.15041 858.5 269.52 1.8286 0.00093675 0.24498
685.61 64939 3275.7 2623.1 807.86 0.14875 784.44 245.5 1.8286 0.0016946 0.24459
688.39 66286 3318.4 2581.9 689.82 0.14583 656.51 203.53 1.8287 0.0030582 0.24108
690.76 67422 3355.4 2546.9 602.56 0.14337 550.82 169.1 1.8287 0.0042294 0.23435
691.41 67734 3365.7 2537.3 580.37 0.14268 523.67 160.27 1.8287 0.0045551 0.23224
692.97 68480 3390.7 2514.1 530.25 0.14104 467.85 142.5 1.8288 0.0053399 0.22867
695.75 69802 3436 2472.9 450.95 0.1381 375.77 112.84 1.8288 0.0067523 0.2199
698.12 70915 3475.3 2438 392.59 0.13558 310.53 91.978 1.8289 0.0079658 0.21234
698.77 71221 3486.2 2428.3 377.47 0.13489 293 86.308 1.8289 0.0083033 0.2097
700.33 71952 3512.7 2405.2 343.27 0.13324 266.49 78.663 1.8289 0.0091167 0.20973
703.11 73245 3560.8 2364 289.74 0.13023 187.76 54.218 1.829 0.010581 0.18483
705.48 74332 3602.7 2329 250.94 0.12731 107.15 31.2 1.829 0.011839 0.13793
706.13 74630 3614.5 2319.4 241.21 0.1264 93.962 28.101 1.829 0.012189 0.12845
707.69 75338 3643 2296.2 219.44 0.12412 62.464 20.838 1.829 0.013033 0.10118
710.47 76580 3694.8 2255 185.72 0.11958 23.809 13.732 1.8291 0.014553 0.052597
712.84 77609 3739.8 2220.1 161.59 0.11524 3.9535 10.874 1.8291 0.01586 0.01138
713.49 77888 3752.4 2210.4 155.57 0.11396 6.9799e-16 10.315 1.8291 0.016224 0
713.49 77888 3752.4 2210.4 155.57 0.11396 6.9799e-16 10.315 1.8291 0.016224 0
714.49 78315 3751.3 2210.4 145.2 0.11198 -5.5837e-16 9.6236 1.8292 0.016783 0
715.49 78730 3750.3 2210.4 135.72 0.10999 -1.2178e-15 8.9925 1.8292 0.017342 0
716.49 79138 3749.3 2210.4 126.98 0.108 5.6972e-16 8.4108 1.8292 0.017901 0
717.49 79538 3748.3 2210.4 118.92 0.10601 -4.5734e-16 7.8743 1.8292 0.018459 0
718.49 79931 3747.3 2210.4 111.48 0.10401 -4.2873e-16 7.3793 1.8292 0.019018 0
719.49 80316 3746.3 2210.4 104.61 0.10202 -9.3872e-16 6.9222 1.8292 0.019576 0
720.49 80694 3745.4 2210.4 98.266 0.10003 -3.7789e-16 6.5001 1.8292 0.020135 0
721.49 81064 3744.5 2210.4 92.396 0.098032 4.1454e-16 6.1099 1.8293 0.020693 0
722.49 81427 3743.6 2210.4 86.965 0.096036 3.9018e-16 5.749 1.8293 0.021252 0
723.49 81782 3742.7 2210.4 81.94 0.094039 -9.9785e-16 5.4151 1.8293 0.02181 0
724.49 82130 3741.9 2210.4 77.286 0.092042 -1.4861e-16 5.106 1.8293 0.022368 0
725.49 82470 3741 2210.4 72.973 0.090043 9.3543e-17 4.8196 1.8293 0.022926 0
726.49 82803 3740.2 2210.4 68.975 0.088044 -4.863e-16 4.5542 1.8293 0.023485 0
727.49 83128 3739.4 2210.4 65.267 0.086044 -1.255e-16 4.3081 1.8293 0.024043 0
728.49 83446 3738.6 2210.4 61.827 0.084044 3.9627e-16 4.0798 1.8293 0.024601 0
729.49 83756 3737.9 2210.4 58.632 0.082042 7.5159e-17 3.868 1.8294 0.025159 0
730.49 84058 3737.1 2210.4 55.665 0.08004 5.3517e-16 3.6712 1.8294 0.025717 0
731.49 84353 3736.4 2210.4 52.908 0.078037 -2.7129e-16 3.4885 1.8294 0.026274 0
732.49 84641 3735.7 2210.4 50.345 0.076033 6.4536e-17 3.3186 1.8294 0.026832 0
733.49 84921 3735 2210.4 47.928 0.074029 -3.3791e-16 3.1587 1.8294 0.02739 0
734.49 85193 3734.3 2079.5 0 0.072024 -0 0 1.8294 0.027948 0
735.49 85458 3733.7 2079.5 0 0.070018 -0 0 1.8294 0.028506 0
736.49 85716 3733.1 2079.5 0 0.068012 0 0 1.8294 0.029063 0
737.49 85966 3732.5 2079.5 0 0.066005 -0 0 1.8294 0.029621 0
738.49 86208 3731.9 2079.5 0 0.063998 0 0 1.8295 0.030178 0
739.49 86443 3731.3 2079.5 0 0.06199 -0 0 1.8295 0.030736 0
740.49 86670 3730.8 2079.5 0 0.059981 -0 0 1.8295 0.031294 0
741.49 86890 3730.2 2079.5 0 0.057972 -0 0 1.8295 0.031851 0
742.49 87103 3729.7 2079.5 0 0.055962 -0 0 1.8295 0.032408 0
743.49 87307 3729.2 2079.5 0 0.053952 0 0 1.8295 0.032966 0
744.49 87505 3728.8 2079.5 0 0.051942 0 0 1.8295 0.033523 0
745.49 87695 3728.3 2079.5 0 0.04993 -0 0 1.8295 0.034081 0
746.49 87877 3727.9 2079.5 0 0.047919 0 0 1.8295 0.034638 0
747.49 88052 3727.5 2079.5 0 0.045907 -0 0 1.8295 0.035195 0
748.49 88219 3727.1 2079.5 0 0.043895 -0 0 1.8295 0.035753 0
749.49 88379 3726.7 2079.5 0 0.041882 -0 0 1.8295 0.03631 0
750.49 88531 3726.3 2079.5 0 0.039869 0 0 1.8295 0.036867 0
751.49 88676 3726 2079.5 0 0.037856 -0 0 1.8295 0.037424 0
752.49 88813 3725.7 2079.5 0 0.035842 -0 0 1.8296 0.037981 0
753.49 88943 3725.4 2079.5 0 0.033828 -0 0 1.8296 0.038539 0
754.49 89065 3725.1 2079.5 0 0.031813 -0 0 1.8296 0.039096 0
755.49 89180 3724.9 2079.5 0 0.029799 -0 0 1.8296 0.039653 0
756.49 89287 3724.6 2079.5 0 0.027784 -0 0 1.8296 0.04021 0
757.49 89387 3724.4 2079.5 0 0.025769 0 0 1.8296 0.040767 0
758.49 89479 3724.2 2079.5 0 0.023754 -0 0 1.8296 0.041324 0
759.49 89564 3724 2079.5 0 0.021738 -0 0 1.8296 0.041881 0
760.49 89641 3723.8 2079.5 0 0.019722 -0 0 1.8296 0.042439 0
761.49 89711 3723.7 2079.5 0 0.017706 -0 0 1.8296 0.042996 0
762.49 89773 3723.6 2079.5 0 0.015691 -0 0 1.8296 0.043553 0
763.49 89827 3723.5 2079.5 0 0.013674 0 0 1.8296 0.04411 0
764.49 89875 3723.4 2079.5 0 0.011658 -0 0 1.8296 0.044667 0
765.49 89914 3723.3 2079.5 0 0.009642 0 0 1.8296 0.045224 0
766.49 89946 3723.3 2079.5 0 0.0076256 0 0 1.8296 0.045781 0
767.49 89971 3723.2 2079.5 0 0.0056092 -0 0 1.8296 0.046338 0
768.49 89988 3723.2 2079.5 0 0.0035928 -0 0 1.8296 0.046895 0
769.49 89998 3723.2 2079.5 0 0.0015764 0 0 1.8296 0.047452 0
770.49 90000 3723.3 2079.5 0 0 0 0 1.8296 0.048009 0
