5 0 20 0.0021143 -0.00046531 -0.00046587
5 0 25 0.0021031 -0.00045636 -0.00046293
5 0 30 0.0020846 -0.00043736 -0.00045995
5 0 35 0.0021072 -0.00045183 -0.00046303
5 0 40 0.0019462 -0.00031594 -0.00043363
5 1 20 0.0021876 -0.00053841 -0.00047818
5 1 25 0.0017 -0.00072983 -0.00036063
5 1 30 0.0014912 -0.0008375 -0.00030608
5 1 35 0.0014419 -0.00080926 -0.00029688
5 1 40 0.0013514 -0.00065759 -0.00028324
5 2 20 0.002327 -0.00062476 -0.00050358
5 2 25 0.0020353 -0.00064226 -0.00044507
5 2 30 0.0021057 -0.00061588 -0.00046177
5 2 35 0.0019825 -0.00054313 -0.00043791
5 2 40 0.0020176 -0.00058854 -0.00044519
5 4 20 0.0021043 -0.0010278 -0.00041959
5 4 25 0.0020569 -0.0009763 -0.00041258
5 4 30 0.0020258 -0.00093546 -0.00040792
5 4 35 0.001938 -0.00083174 -0.00039589
5 4 40 0.001794 -0.0006969 -0.00037325
5 6 20 0.0022817 -0.0011826 -0.00044033
5 6 25 0.0022299 -0.0010757 -0.00044658
5 6 30 0.0022194 -0.0010942 -0.00043191
5 6 35 0.0022396 -0.0011125 -0.00043378
5 6 40 0.0021268 -0.0009555 -0.0004251
7 0 20 0.0034063 -0.0027042 -0.00065445
7 0 25 0.0022357 -0.0018267 -0.00044322
7 0 30 0.001929 -0.0014857 -0.00039342
7 0 35 0.0013435 -0.00080874 -0.000302
7 0 40 0.0015142 -0.0010533 -0.00033374
7 1 20 0.0023198 -0.0016863 -0.00045599
7 1 25 0.0021967 -0.0015608 -0.00043804
7 1 30 0.0017122 -0.0009481 -0.00037057
7 1 35 0.001969 -0.0015099 -0.00040206
7 1 40 0.0018121 -0.0011869 -0.00038153
7 2 20 0.0016463 -0.0011023 -0.00035363
7 2 25 0.0020022 -0.0013558 -0.00041014
7 2 30 0.0022832 -0.0017398 -0.00045112
7 2 35 0.0018808 -0.0012743 -0.00039056
7 2 40 0.0018745 -0.001385 -0.00039172
7 4 20 0.0020101 -0.0015113 -0.00040026
7 4 25 0.0023382 -0.0017899 -0.00044787
7 4 30 0.0026426 -0.0020359 -0.00050296
7 4 35 0.0027987 -0.0020164 -0.00053422
7 4 40 0.0027335 -0.0021157 -0.00051547
7 6 20 0.0032358 -0.0023512 -0.00058118
7 6 25 0.0034138 -0.0022091 -0.00062954
7 6 30 0.0036821 -0.0023291 -0.0006759
7 6 35 0.0035205 -0.0022984 -0.00064578
7 6 40 0.0035939 -0.0022811 -0.00066724
9 0 20 0.0010213 -0.0017044 -0.00018388
9 0 25 0.0019403 -0.0022461 -0.00040544
9 0 30 0.0016485 -0.001547 -0.00037502
9 0 35 0.0010226 -0.0013025 -0.00024538
9 0 40 0.0011046 -0.0012997 -0.00027002
9 1 20 0.0016396 -0.0016679 -0.00036638
9 1 25 0.0014514 -0.0015428 -0.00033481
9 1 30 0.0013701 -0.0013973 -0.00032046
9 1 35 0.0013876 -0.0016483 -0.00030835
9 1 40 0.0011022 -0.0015712 -0.00026069
9 2 20 0.001922 -0.0019055 -0.00041365
9 2 25 0.0019402 -0.0018969 -0.00041666
9 2 30 0.0017842 -0.0019031 -0.00038996
9 2 35 0.0016511 -0.0017903 -0.0003706
9 2 40 0.0014432 -0.0016493 -0.00033702
9 4 20 0.0015906 -0.0023158 -0.00031773
9 4 25 0.0021784 -0.0022379 -0.0004523
9 4 30 0.0022552 -0.002397 -0.00045407
9 4 35 0.0025729 -0.002193 -0.00053284
9 4 40 0.0017177 -0.0020352 -0.00035647
9 6 20 0.0030691 -0.0024462 -0.00060146
9 6 25 0.0027205 -0.0027564 -0.00048547
9 6 35 0.0028462 -0.0025063 -0.00055882
9 6 40 0.0021734 -0.0023404 -0.0004225
