5 0 0.02265 0.0064737 -0.0012156
5 1 0.037218 0.0075176 -0.0014844
5 2 0.051693 0.0090357 -0.0017489
5 4 0.079793 0.013776 -0.0020106
5 6 0.10768 0.020651 -0.0021213
5 8 0.13527 0.029667 -0.0020472
5 10 0.15871 0.04041 -0.00016017
7 0 0.017204 0.0052989 -0.00079438
7 1 0.029669 0.0062231 -0.00085223
7 2 0.042223 0.0076458 -0.00090263
7 4 0.066863 0.011913 -0.00094281
7 6 0.090323 0.017945 -0.00073888
7 8 0.11363 0.0258 -0.0004809
7 10 0.13757 0.035676 -0.00027794
9 0 0.014304 0.0047016 -0.00046077
9 1 0.025048 0.0055313 -0.00034865
9 2 0.035565 0.0067401 -0.00027921
9 4 0.057355 0.010506 -0.00013931
9 6 0.080062 0.016154 -4.851e-05
9 8 0.10245 0.023649 0.00014661
9 10 0.12531 0.033023 0.0003516
10 0 0.013334 0.0044601 -0.00036958
10 1 0.023257 0.0052248 -0.00023952
10 2 0.033235 0.0063833 -0.00011482
10 4 0.053814 0.0099894 0.00012825
10 6 0.07574 0.015471 0.00032834
10 8 0.098266 0.022877 0.00044737
10 10 0.12109 0.032171 0.00057466
