5 0 20 -0.0021572 0.0010368 0.00055873
5 0 25 -0.0021184 0.0010256 0.00055485
5 0 30 -0.0021207 0.0010463 0.00055589
5 0 35 -0.0019518 0.00088034 0.00052445
5 0 40 -0.0020686 0.0011649 0.00054737
5 0.5 20 0.0047753 -0.006952 -0.0009425
5 0.5 25 -0.0020727 0.00094069 0.0005389
5 0.5 30 -0.0021152 0.00097432 0.0005477
5 0.5 35 -0.0020899 0.00098572 0.00054202
5 0.5 40 -0.0021994 0.0012382 0.00056616
5 1 20 -0.0017436 0.00055485 0.00047821
5 1 30 -0.0020214 0.00084085 0.00052548
5 1 35 -0.002045 0.00089093 0.00053062
5 1 40 -0.0022056 0.0011493 0.00056438
5 2 20 -0.0019114 0.00055665 0.00050132
5 2 25 -0.0019122 0.00057753 0.00049972
5 2 30 -0.0017392 0.00046198 0.00047092
5 2 35 -0.0020041 0.00077566 0.00052003
5 2 40 -0.0019482 0.00067337 0.00050807
5 4 20 -0.0016586 4.4369e-05 0.00044837
5 4 25 -0.0017298 0.0001521 0.00046354
5 4 30 -0.0017615 0.00023779 0.00046751
5 4 35 -0.0018426 0.00041378 0.00048344
5 4 40 -0.0019234 0.00060849 0.0005014
7 0 20 -0.0012002 -0.00046372 0.00038459
7 0 25 1.2359e-05 -0.0022829 4.5395e-05
7 0 30 -0.00024383 -0.0016581 9.7605e-05
7 0 35 -0.00075205 -0.00041351 0.00021381
7 0 40 -0.00060366 -0.00082595 0.00018026
7 0.5 20 0.00010803 -0.00247 2.9396e-05
7 0.5 25 -8.2885e-05 -0.0019278 7.1368e-05
7 0.5 30 -0.00027642 -0.0015474 0.00011089
7 0.5 35 -0.00054664 -0.00090035 0.00017003
7 0.5 40 -0.00041203 -0.0012601 0.00013995
7 1 20 0.00015738 -0.0022349 2.5824e-05
7 1 25 -0.00016168 -0.0017872 8.7586e-05
7 1 35 -0.00017479 -0.001755 9.2592e-05
7 1 40 -0.00043728 -0.0011493 0.00014861
7 2 20 -0.00047705 -0.001026 0.00016142
7 2 25 -0.00028137 -0.0015002 0.00012204
7 2 35 -0.00028933 -0.0013629 0.00012272
7 2 40 -0.00028541 -0.0015103 0.00011894
7 4 20 0.0001365 -0.0019918 5.4746e-05
7 4 25 0.00025184 -0.002443 3.2387e-05
7 4 30 0.00047554 -0.0029237 -9.5815e-06
7 4 35 0.0004718 -0.0029198 -4.672e-06
7 4 40 0.00050435 -0.0030029 -1.1887e-05
7 6 20 0.00099464 -0.0036871 -7.7805e-05
7 6 25 0.00098328 -0.0036068 -7.192e-05
7 6 30 0.0011685 -0.0039045 -0.00010565
7 6 35 0.00091921 -0.003623 -6.5225e-05
7 6 40 0.0008781 -0.0036318 -5.587e-05
9 0 20 0.0014959 -0.0058174 -0.00029444
9 0 25 0.0023154 -0.0035259 -0.00044469
9 0 30 0.00010772 -0.0020797 9.1614e-06
9 0 35 -0.00010864 -0.001584 5.8188e-05
9 0 40 -0.00012964 -0.0015901 6.3807e-05
9 0.5 20 0.00037798 -0.0028054 -4.1175e-05
9 0.5 25 0.00010285 -0.0020108 1.6912e-05
9 0.5 30 1.0589e-05 -0.0019123 3.6713e-05
9 0.5 35 0.00036271 -0.0021659 -3.2848e-05
9 0.5 40 -5.706e-05 -0.0018167 5.1757e-05
9 1 20 0.00022606 -0.0023636 -4.1085e-06
9 1 25 6.0483e-05 -0.0020872 3.2443e-05
9 1 30 0.00030028 -0.0020584 -1.7144e-05
9 1 35 0.00015157 -0.002161 9.6894e-06
9 1 40 5.4974e-05 -0.0020801 3.5997e-05
9 2 20 0.00042342 -0.0027873 -3.7611e-05
9 2 25 0.00048744 -0.0028196 -4.9092e-05
9 2 30 0.00043155 -0.0028285 -3.4948e-05
9 2 35 0.00069056 -0.0028515 -8.6499e-05
9 2 40 0.00023126 -0.002373 5.0415e-06
9 4 25 0.0010041 -0.003565 -0.00012467
9 4 30 0.0013198 -0.0039486 -0.00017933
9 4 35 0.00077258 -0.0034113 -7.8691e-05
9 4 40 0.00069779 -0.0030014 -6.6985e-05
9 6 20 0.0015915 -0.0042491 -0.00020617
9 6 25 0.0014226 -0.0041913 -0.00017309
9 6 30 0.0013908 -0.004276 -0.00016559
9 6 35 0.0015784 -0.0042746 -0.00020076
9 6 40 0.001105 -0.0036608 -0.00011233
9 8 20 0.0022902 -0.0051565 -0.00029676
9 8 25 0.001796 -0.0046913 -0.00020773
9 8 30 0.0019482 -0.0045388 -0.00024207
9 8 35 0.0014179 -0.003907 -0.0001482
9 8 40 0.001272 -0.0037836 -0.00012269
9 10 20 0.0023113 -0.0048065 -0.00027288
9 10 25 0.0025815 -0.0049906 -0.00032491
9 10 35 0.0024683 -0.0049356 -0.00030474
9 10 40 0.0025681 -0.0049301 -0.00031498
10 0 20 0.0011679 -0.0054057 -0.0002149
10 0 25 0.00050135 -0.003012 -6.9711e-05
10 0 30 0.00038916 -0.0024035 -4.5323e-05
10 0 35 2.5142e-05 -0.0017552 3.0974e-05
10 0 40 -2.2192e-05 -0.0015549 4.0317e-05
10 0.5 20 0.00022958 -0.0025799 -8.2211e-06
10 0.5 25 0.00030168 -0.0022602 -2.3268e-05
10 0.5 30 0.00027976 -0.0021277 -2.2508e-05
10 0.5 35 0.00027192 -0.0019435 -1.7847e-05
10 0.5 40 1.9903e-05 -0.0016299 3.397e-05
10 1 20 0.00013402 -0.0021735 1.254e-05
10 1 25 0.00034456 -0.0023828 -2.7776e-05
10 1 30 0.00042652 -0.0023738 -4.5135e-05
10 1 35 0.00034128 -0.002094 -2.8011e-05
10 1 40 0.00019295 -0.0017756 1.9064e-06
10 2 20 0.00047378 -0.0028123 -4.5299e-05
10 2 25 0.00056889 -0.0028464 -6.2089e-05
10 2 30 0.00067276 -0.0028972 -8.178e-05
10 2 35 0.0004818 -0.0024324 -4.8519e-05
10 2 40 0.00034034 -0.0019958 -2.2492e-05
10 4 25 0.0011985 -0.0037242 -0.00016104
10 4 30 0.0011288 -0.0036197 -0.00014506
10 4 35 0.001053 -0.0033034 -0.00013662
10 4 40 0.00082596 -0.0027668 -9.6419e-05
10 6 20 0.0013514 -0.0041324 -0.00016294
10 6 25 0.0011845 -0.0039568 -0.0001299
10 6 30 0.0017737 -0.0042596 -0.00024342
10 6 35 0.00093695 -0.0034596 -8.4455e-05
10 6 40 0.00091155 -0.003219 -8.5334e-05
10 8 20 0.0019035 -0.0045137 -0.00023796
10 8 25 0.0017822 -0.0044062 -0.00021332
10 8 30 0.0021006 -0.0045262 -0.00027149
10 8 35 0.0015316 -0.0041469 -0.0001663
10 8 40 0.0017728 -0.0041881 -0.00020853
10 10 25 0.0027759 -0.0052031 -0.00035358
10 10 30 0.0030188 -0.0053591 -0.00040402
