5 0 0.02265 0.0064737 -0.0012454
5 1 0.037218 0.0075176 -0.0015336
5 2 0.051693 0.0090357 -0.0018174
5 4 0.079793 0.013776 -0.0021166
5 6 0.10768 0.020651 -0.0022652
5 8 0.13527 0.029667 -0.0022291
5 10 0.15871 0.04041 -0.00037524
7 0 0.017204 0.0052989 -0.00081704
7 1 0.029669 0.0062231 -0.00089144
7 2 0.042223 0.0076458 -0.00095855
7 4 0.066863 0.011913 -0.0010317
7 6 0.090323 0.017945 -0.00085964
7 8 0.11363 0.0258 -0.0006338
7 10 0.13757 0.035676 -0.00046451
9 0 0.014304 0.0047016 -0.00047961
9 1 0.025048 0.0055313 -0.00038176
9 2 0.035565 0.0067401 -0.00032633
9 4 0.057355 0.010506 -0.00021562
9 6 0.080062 0.016154 -0.00015559
9 8 0.10245 0.023649 8.6825e-06
9 10 0.12531 0.033023 0.00018154
10 0 0.013334 0.0044601 -0.00038714
10 1 0.023257 0.0052248 -0.00027026
10 2 0.033235 0.0063833 -0.00015885
10 4 0.053814 0.0099894 5.6639e-05
10 6 0.07574 0.015471 0.00022702
10 8 0.098266 0.022877 0.00031503
10 10 0.12109 0.032171 0.00041027
