0.2 0 0.044664 0.040636 0.0024867
0.2 1 0.077822 0.045731 0.0046437
0.2 2 0.099809 0.039997 0.0059105
0.2 4 0.17663 0.059714 0.0068049
0.2 6 0.22994 0.066292 0.0078519
0.2 8 0.30469 0.090505 0.01294
0.2 10 0.3711 0.11129 0.013699
0.5 0 0.035188 0.040485 0.0036707
0.5 1 0.077175 0.042063 0.0028653
0.5 2 0.098015 0.050564 0.0054386
0.5 4 0.16589 0.056372 0.0054739
0.5 6 0.22566 0.068196 0.0084395
0.5 8 0.29853 0.089728 0.011037
0.5 10 0.39221 0.11128 0.010011
0.9 0 0.042511 0.047096 0.0021981
0.9 1 0.062004 0.071356 0.0031757
0.9 2 0.11147 0.051109 0.001168
0.9 4 0.18354 0.063728 0.0022673
0.9 6 0.27141 0.075176 0.0016676
0.9 8 0.34937 0.10361 0.0038864
0.9 10 0.43744 0.12712 0.0052452
1.1 0 0.027508 0.069675 0.0039112
1.1 1 0.062004 0.071356 0.0031757
1.1 2 0.096609 0.075363 0.002166
1.1 4 0.17612 0.084429 0.00042711
1.1 6 0.254 0.10144 -0.00060163
1.1 8 0.34577 0.12564 -0.0042353
1.1 10 0.43131 0.15535 -0.0057574
3 0 0.041616 0.051702 0.0051069
3 1 0.061593 0.053733 0.0051525
3 2 0.08151 0.056598 0.0053698
3 4 0.1215 0.064633 0.0056703
3 6 0.16093 0.075523 0.0062553
3 8 0.19923 0.089382 0.0070889
3 10 0.2364 0.10596 0.0082002
5 0 0.019458 0.012628 0.0017081
5 1 0.035356 0.013759 0.0020758
5 2 0.051149 0.015336 0.0025292
5 4 0.082111 0.020511 0.0036354
5 6 0.11311 0.028022 0.0050054
5 8 0.14411 0.037965 0.0066045
5 10 0.18637 0.08836 0.01043
7 0 0.012539 0.0089575 0.001499
7 1 0.026185 0.0099188 0.0020799
7 2 0.040028 0.011428 0.0026937
7 4 0.067255 0.016034 0.0040775
7 6 0.093432 0.022608 0.0057895
7 8 0.11999 0.031351 0.0076361
7 10 0.14798 0.042549 0.0094868
9 0 0.0090801 0.007464 0.0014602
9 1 0.020738 0.0084304 0.0022444
9 2 0.031489 0.0096298 0.0030576
9 4 0.055214 0.01367 0.0046986
9 6 0.08124 0.019818 0.0063752
9 8 0.1086 0.028251 0.0080768
9 10 0.13599 0.038865 0.010022
10 0 0.0080094 0.0069288 0.0014425
10 1 0.01857 0.007772 0.0022427
10 2 0.029124 0.0090387 0.0031005
10 4 0.051361 0.012962 0.0049295
10 6 0.076423 0.018908 0.0067118
10 8 0.10372 0.027167 0.0083355
10 10 0.13152 0.037783 0.010133
