0.2 -20 -0.10287 0.073429 0.022766
0.2 -10 -0.024489 0.051613 0.010091
0.2 0 0.044664 0.040636 0.0013744
0.2 10 0.11344 0.047622 -0.0066202
0.2 20 0.18113 0.075169 -0.013382
0.5 -20 -0.089379 0.06408 0.020738
0.5 -10 -0.022549 0.044855 0.011107
0.5 0 0.035188 0.040485 0.0027945
0.5 10 0.099839 0.053623 -0.0044142
0.5 20 0.18679 0.065264 -0.016552
0.9 -20 -0.12354 0.08569 0.029201
0.9 -10 0.13862 0.053566 -0.015155
0.9 0 0.042511 0.047096 0.0011395
0.9 10 0.13862 0.053566 -0.015155
0.9 20 0.223 0.086799 -0.031151
1.1 -20 -0.11089 0.09957 0.031311
1.1 -10 -0.047116 0.076904 0.018744
1.1 0 0.027508 0.069675 0.0032262
1.1 10 0.097652 0.08107 -0.010875
1.1 20 0.15203 0.10641 -0.020829
3 -20 0.022535 0.059157 0.0076384
3 -10 0.029811 0.053473 0.0067483
3 0 0.041616 0.051702 0.0040706
3 10 0.054514 0.053426 0.0015142
3 20 0.068648 0.059855 -0.0015539
5 -20 -7.5705e-05 0.019151 0.0054922
5 -10 0.011777 0.013826 0.0029279
5 0 0.019458 0.012628 0.0012235
5 10 0.027608 0.013959 -0.00038959
7 -20 -0.0070055 0.01529 0.0054674
7 -10 0.005733 0.0099033 0.002698
7 0 0.012539 0.0089575 0.0011868
7 10 0.019851 0.010124 -0.00026885
7 20 0.033662 0.016092 -0.0032972
9 -20 -0.0091105 0.013266 0.005285
9 -10 0.0027885 0.0082279 0.0026079
9 0 0.0090801 0.007464 0.0012341
9 10 0.015494 0.0084715 -4.944e-05
9 20 0.030202 0.014566 -0.0032716
10 -20 -0.010868 0.012843 0.0053749
10 -10 0.0028103 0.0075959 0.0024469
10 0 0.0080094 0.0069288 0.0012431
10 10 0.013654 0.0078221 9.5006e-05
10 20 0.028159 0.013929 -0.0031362
