5 0 0.02265 0.0064737 -0.00065153
5 1 0.037218 0.0075176 -0.0005545
5 2 0.051693 0.0090357 -0.00045463
5 4 0.079793 0.013776 -4.4625e-06
5 6 0.10768 0.020651 0.0005993
5 8 0.13527 0.029667 0.0013914
5 10 0.15871 0.04041 0.0039068
7 0 0.017204 0.0052989 -0.00036597
7 1 0.029669 0.0062231 -0.00011083
7 2 0.042223 0.0076458 0.0001548
7 4 0.066863 0.011913 0.00073884
7 6 0.090323 0.017945 0.0015447
7 8 0.11363 0.0258 0.0024105
7 10 0.13757 0.035676 0.0032501
9 0 0.014304 0.0047016 -0.00010457
9 1 0.025048 0.0055313 0.00027741
9 2 0.035565 0.0067401 0.00061174
9 4 0.057355 0.010506 0.0013037
9 6 0.080062 0.016154 0.0019763
9 8 0.10245 0.023649 0.0027549
9 10 0.12531 0.033023 0.0035674
10 0 0.013334 0.0044601 -3.7532e-05
10 1 0.023257 0.0052248 0.0003418
10 2 0.033235 0.0063833 0.00071784
10 4 0.053814 0.0099894 0.0014824
10 6 0.07574 0.015471 0.0022444
10 8 0.098266 0.022877 0.0029498
10 10 0.12109 0.032171 0.0036833
