time (s) altitude (m) velocity (m/s) mass (kg)trajectory angle (rad) angle of attack (rad) heading angle (rad) latitude (rad)
0 90 30 29388 1.5691 0 1.2838 -0.2123 2.3868
0.88202 117.78 32.995 29261 1.568 -0.002641 1.3622 -0.2123 2.3868
2.453 173.87 38.445 29035 1.5627 -0.0067939 1.4234 -0.2123 2.3868
3.7858 228.26 43.185 28843 1.5547 -0.0095023 1.4424 -0.2123 2.3868
4.1538 244.39 44.512 28790 1.5519 -0.01013 1.4458 -0.2123 2.3868
5.0358 285.05 47.727 28663 1.5442 -0.011476 1.4522 -0.2123 2.3868
6.6068 364.55 53.573 28437 1.5268 -0.01299 1.4594 -0.2123 2.3868
7.9396 439.23 58.656 28245 1.5086 -0.013304 1.4635 -0.2123 2.3868
8.3076 461.03 60.08 28192 1.5031 -0.013288 1.4643 -0.2123 2.3868
9.1896 515.38 63.532 28065 1.4889 -0.013061 1.4662 -0.2123 2.3868
10.761 619.62 69.82 27839 1.4607 -0.011778 1.4687 -0.2123 2.3868
12.093 715.58 75.308 27647 1.4344 -0.0097359 1.4704 -0.2123 2.3868
12.461 743.3 76.849 27594 1.4268 -0.0090796 1.4708 -0.2123 2.3868
13.372 814.17 80.712 27463 1.4074 -0.0072854 1.4717 -0.21229 2.3868
15.337 978.29 89.284 27180 1.3635 -0.002219 1.4734 -0.21229 2.3868
17.961 1221.1 101.29 26802 1.3045 0.0073224 1.4751 -0.21228 2.3868
20.724 1506.2 114.66 26405 1.2482 0.018621 1.4765 -0.21227 2.3868
23.078 1773.5 126.64 26066 1.2076 0.026342 1.4776 -0.21225 2.3868
24.558 1953.3 134.43 25853 1.1858 0.02972 1.4782 -0.21224 2.3868
24.923 1999.1 136.38 25800 1.1809 0.030471 1.4783 -0.21224 2.3868
26.246 2169.7 143.54 25610 1.1644 0.032776 1.4788 -0.21223 2.3868
28.602 2492.7 156.65 25271 1.1402 0.034895 1.4797 -0.2122 2.3868
30.602 2786.5 168.12 24983 1.124 0.034873 1.4804 -0.21218 2.3868
31.154 2870.9 171.35 24904 1.12 0.034795 1.4805 -0.21218 2.3868
32.477 3079.2 179.19 24714 1.1117 0.034627 1.481 -0.21216 2.3868
34.833 3471.6 193.54 24375 1.101 0.034652 1.4817 -0.21213 2.3868
36.832 3827.3 206.09 24087 1.0966 0.034808 1.4824 -0.2121 2.3868
37.384 3929.4 209.62 24008 1.0961 0.034823 1.4825 -0.21209 2.3868
38.707 4181.1 218.19 23818 1.0965 0.034901 1.483 -0.21207 2.3868
41.064 4655.3 233.83 23479 1.1019 0.034867 1.4837 -0.21203 2.3868
43.063 5085.4 247.5 23192 1.1112 0.034805 1.4843 -0.212 2.3869
43.615 5208.9 251.35 23112 1.1146 0.034832 1.4845 -0.21199 2.3869
44.938 5513.6 260.67 22922 1.1241 0.034905 1.485 -0.21197 2.3869
47.294 6088.6 277.8 22583 1.1455 0.034002 1.4858 -0.21193 2.3869
49.294 6610 292.19 22296 1.1647 0.031244 1.4865 -0.21189 2.3869
49.846 6759.3 295.9 22217 1.1692 0.030112 1.4867 -0.21188 2.3869
51.169 7125.5 304.34 22027 1.1777 0.026819 1.4872 -0.21186 2.3869
53.525 7804.1 317.88 21688 1.183 0.018801 1.4881 -0.21181 2.3869
55.524 8401.6 328.38 21401 1.1758 0.0098239 1.4888 -0.21177 2.3869
56.076 8569.5 331.2 21321 1.1717 0.0069991 1.489 -0.21176 2.3869
57.399 8976.3 338.06 21131 1.1583 0.00017126 1.4895 -0.21174 2.3869
59.756 9714.2 350.89 20793 1.1231 -0.010235 1.4903 -0.21168 2.3869
61.755 10351 362.69 20505 1.0846 -0.016771 1.491 -0.21163 2.3869
62.307 10528 366.15 20426 1.0731 -0.018314 1.4911 -0.21162 2.3869
63.189 10813 371.83 20299 1.054 -0.020435 1.4914 -0.21159 2.3869
64.76 11323 382.48 20073 1.0184 -0.023308 1.4918 -0.21155 2.3869
66.093 11758 392.12 19882 0.98732 -0.024769 1.4922 -0.2115 2.3869
66.461 11878 394.88 19829 0.97867 -0.025041 1.4923 -0.21149 2.3869
67.343 12168 401.68 19702 0.95793 -0.025472 1.4925 -0.21146 2.3869
68.914 12685 414.45 19476 0.92138 -0.025417 1.4928 -0.2114 2.3869
70.247 13126 425.96 19285 0.89125 -0.024647 1.4931 -0.21135 2.3869
70.615 13248 429.25 19232 0.88313 -0.024407 1.4932 -0.21133 2.3869
71.497 13541 437.35 19105 0.86403 -0.023804 1.4934 -0.21129 2.3869
73.068 14064 452.47 18879 0.83129 -0.023002 1.4937 -0.21122 2.3869
74.401 14511 466.02 18688 0.80467 -0.022893 1.4939 -0.21115 2.3869
74.769 14635 469.88 18635 0.79748 -0.02298 1.494 -0.21114 2.3869
75.651 14932 479.35 18508 0.78049 -0.023311 1.4941 -0.21109 2.3869
77.222 15463 496.97 18282 0.75093 -0.024728 1.4944 -0.211 2.3869
78.554 15916 512.69 18090 0.7263 -0.026888 1.4946 -0.21093 2.3869
78.922 16041 517.16 18037 0.71953 -0.027602 1.4947 -0.2109 2.3869
79.804 16342 528.09 17910 0.70332 -0.029545 1.4948 -0.21085 2.3869
81.375 16880 548.38 17684 0.67439 -0.033884 1.4951 -0.21075 2.387
82.708 17336 566.44 17493 0.64958 -0.038484 1.4952 -0.21066 2.387
83.076 17462 571.58 17440 0.64267 -0.039841 1.4953 -0.21063 2.387
83.958 17764 584.15 17313 0.62601 -0.043222 1.4954 -0.21057 2.387
85.529 18301 607.56 17087 0.59615 -0.049482 1.4956 -0.21045 2.387
86.862 18755 628.53 16895 0.57087 -0.054699 1.4958 -0.21034 2.387
87.23 18880 634.51 16842 0.56395 -0.056047 1.4958 -0.21031 2.387
88.112 19178 649.18 16715 0.54753 -0.05919 1.496 -0.21023 2.387
89.683 19707 676.51 16489 0.51909 -0.063928 1.4961 -0.21009 2.387
91.016 20153 700.9 16297 0.49598 -0.066962 1.4963 -0.20997 2.387
91.384 20276 707.83 16244 0.48977 -0.06769 1.4963 -0.20993 2.387
92.266 20569 724.75 16117 0.4752 -0.069216 1.4964 -0.20984 2.387
93.837 21088 756.02 15891 0.45027 -0.07112 1.4966 -0.20968 2.387
95.17 21525 783.62 15699 0.43011 -0.071908 1.4967 -0.20954 2.387
95.538 21645 791.41 15646 0.4247 -0.072049 1.4967 -0.2095 2.3871
96.42 21932 810.37 15519 0.41196 -0.072218 1.4968 -0.2094 2.3871
97.991 22439 845.13 15293 0.39003 -0.071873 1.497 -0.20921 2.3871
99.323 22866 875.58 15101 0.3721 -0.070884 1.4971 -0.20904 2.3871
99.691 22983 884.14 15048 0.36725 -0.070538 1.4971 -0.209 2.3871
100.25 23159 897.19 14967 0.35998 -0.069957 1.4972 -0.20892 2.3871
101.49 23550 926.84 14788 0.34401 -0.06831 1.4973 -0.20876 2.3871
103.27 24100 970.33 14533 0.32174 -0.06479 1.4974 -0.20851 2.3871
105.36 24734 1023.2 14231 0.29625 -0.05867 1.4976 -0.2082 2.3871
107.52 25368 1079.4 13920 0.27105 -0.050509 1.4978 -0.20786 2.3872
109.48 25927 1132.2 13636 0.24944 -0.042974 1.4979 -0.20753 2.3872
111.01 26349 1174.6 13415 0.23353 -0.038006 1.498 -0.20726 2.3872
111.93 26596 1200.6 13283 0.22439 -0.035469 1.4981 -0.2071 2.3872
112.15 26655 1206.9 13251 0.22222 -0.034892 1.4981 -0.20706 2.3872
113.03 26888 1232.4 13124 0.21372 -0.032699 1.4981 -0.20689 2.3872
114.61 27292 1278.7 12897 0.19912 -0.029542 1.4982 -0.20659 2.3873
115.94 27624 1319 12705 0.18722 -0.02746 1.4983 -0.20633 2.3873
116.31 27714 1330.3 12652 0.18401 -0.026875 1.4983 -0.20625 2.3873
117.19 27926 1357.6 12525 0.17647 -0.02543 1.4984 -0.20607 2.3873
118.76 28294 1407.1 12298 0.16369 -0.022179 1.4985 -0.20574 2.3873
120.09 28594 1449.9 12106 0.1537 -0.018481 1.4986 -0.20544 2.3874
120.46 28676 1461.9 12053 0.15111 -0.017316 1.4986 -0.20536 2.3874
121.34 28868 1490.7 11925 0.14527 -0.014308 1.4986 -0.20516 2.3874
122.91 29202 1542.9 11699 0.13632 -0.0080127 1.4987 -0.20479 2.3874
124.25 29479 1588.1 11506 0.13017 -0.0017631 1.4988 -0.20447 2.3874
124.61 29554 1600.8 11453 0.12864 1.8121e-05 1.4988 -0.20438 2.3874
