time (s) altitude (m) velocity (m/s) mass (kg)trajectory angle (rad) angle of attack (rad) heading angle (rad) latitude (rad)
0 90 30 29209 1.5691 0 0.13247 -0.2123 2.3868
0.11125 300.99 30.376 29209 1.5533 -0.00029015 0.14825 -0.2123 2.3868
0.35982 300.99 31.219 29209 1.5533 -0.00093644 0.18188 -0.2123 2.3868
0.71489 300.99 32.428 29209 1.5533 -0.0018449 0.22419 -0.2123 2.3868
1.1336 300.99 33.865 29209 1.5533 -0.0028802 0.26419 -0.2123 2.3868
1.5654 300.99 35.357 29162 1.5533 -0.0038979 0.29534 -0.2123 2.3868
1.9583 300.99 36.724 29105 1.5533 -0.004776 0.31661 -0.2123 2.3868
2.2648 300.99 37.797 29061 1.5533 -0.0054298 0.32965 -0.2123 2.3868
2.4481 300.99 38.441 29035 1.5533 -0.0058092 0.33627 -0.2123 2.3868
2.4924 300.99 38.597 29028 1.5533 -0.0059 0.33775 -0.2123 2.3868
2.6326 300.99 39.092 29008 1.5533 -0.0061857 0.3422 -0.2123 2.3868
2.9417 300.99 40.186 28963 1.5533 -0.0067982 0.35074 -0.2123 2.3868
3.3713 300.99 41.716 28902 1.5533 -0.0076013 0.36032 -0.2123 2.3868
3.8562 300.99 43.457 28832 1.5533 -0.008434 0.36875 -0.2123 2.3868
4.3224 300.99 45.143 28765 1.5533 -0.0091586 0.37512 -0.2123 2.3868
4.699 300.99 46.516 28710 1.5521 -0.0096922 0.37935 -0.2123 2.3868
4.9288 300.99 47.357 28677 1.5504 -0.009997 0.3816 -0.2123 2.3868
4.9848 300.99 47.563 28669 1.55 -0.01007 0.38212 -0.2123 2.3868
5.1251 300.99 48.078 28649 1.5489 -0.010249 0.38336 -0.2123 2.3868
5.4341 304.43 49.218 28605 1.5464 -0.010627 0.38586 -0.2123 2.3868
5.8637 325.91 50.813 28543 1.5426 -0.011103 0.38887 -0.2123 2.3868
6.3486 350.97 52.627 28473 1.538 -0.011564 0.39174 -0.2123 2.3868
6.8148 375.9 54.384 28406 1.5332 -0.011932 0.39408 -0.2123 2.3868
7.1914 396.64 55.814 28351 1.5291 -0.012178 0.39573 -0.2123 2.3868
7.4212 409.55 56.691 28318 1.5265 -0.012307 0.39664 -0.2123 2.3868
7.4773 412.73 56.905 28310 1.5259 -0.012337 0.39685 -0.2123 2.3868
7.6175 420.74 57.442 28290 1.5242 -0.01241 0.39737 -0.2123 2.3868
7.9265 438.65 58.63 28246 1.5205 -0.012552 0.39844 -0.2123 2.3868
8.3561 464.16 60.292 28184 1.5151 -0.012702 0.39978 -0.2123 2.3868
8.841 493.8 62.182 28114 1.5086 -0.012798 0.40112 -0.2123 2.3868
9.3072 523.16 64.014 28047 1.502 -0.012817 0.40226 -0.2123 2.3868
9.6838 547.48 65.504 27993 1.4965 -0.012782 0.40308 -0.2123 2.3868
9.9136 562.6 66.418 27960 1.493 -0.012741 0.40355 -0.2123 2.3868
9.9697 566.31 66.642 27951 1.4922 -0.01273 0.40367 -0.2123 2.3868
10.11 575.67 67.202 27931 1.49 -0.0127 0.40394 -0.2123 2.3868
10.419 596.55 68.442 27887 1.4852 -0.012616 0.40451 -0.2123 2.3868
10.849 626.21 70.178 27825 1.4782 -0.012453 0.40524 -0.2123 2.3868
11.333 660.56 72.153 27755 1.47 -0.0122 0.40599 -0.2123 2.3868
11.8 694.46 74.07 27688 1.4618 -0.011886 0.40664 -0.2123 2.3868
12.176 722.47 75.63 27634 1.455 -0.011586 0.40713 -0.2123 2.3868
12.406 739.84 76.588 27601 1.4508 -0.011385 0.40741 -0.2123 2.3868
12.462 744.1 76.822 27593 1.4498 -0.011335 0.40748 -0.2123 2.3868
12.696 762.03 77.801 27559 1.4454 -0.011119 0.40775 -0.2123 2.3868
13.211 802.32 79.974 27485 1.4355 -0.010588 0.40831 -0.2123 2.3868
13.927 860.09 83.033 27382 1.4213 -0.0097031 0.40901 -0.2123 2.3868
14.735 927.74 86.536 27265 1.4047 -0.0084895 0.40971 -0.2123 2.3868
15.512 995.27 89.958 27154 1.3883 -0.0071058 0.41031 -0.2123 2.3868
16.14 1051.6 92.76 27063 1.3747 -0.0058454 0.41075 -0.2123 2.3868
16.523 1086.7 94.487 27008 1.3663 -0.00502 0.411 -0.2123 2.3868
16.616 1095.4 94.91 26995 1.3642 -0.0048149 0.41106 -0.2123 2.3868
16.733 1106.3 95.44 26978 1.3616 -0.0045567 0.41114 -0.2123 2.3868
16.99 1130.5 96.613 26941 1.3559 -0.0039765 0.41129 -0.2123 2.3868
17.349 1164.5 98.252 26889 1.348 -0.0031444 0.41151 -0.2123 2.3868
17.753 1203.5 100.11 26831 1.3389 -0.0021593 0.41173 -0.21229 2.3868
18.141 1241.7 101.92 26775 1.3302 -0.0011689 0.41194 -0.21229 2.3868
18.455 1273 103.39 26730 1.3231 -0.00033535 0.41211 -0.21229 2.3868
18.646 1292.2 104.29 26702 1.3188 0.00018688 0.4122 -0.21229 2.3868
18.693 1297 104.51 26696 1.3178 0.00031565 0.41223 -0.21229 2.3868
18.81 1308.8 105.06 26679 1.3152 0.0006403 0.41228 -0.21229 2.3868
19.067 1335.1 106.28 26642 1.3095 0.001369 0.41241 -0.21229 2.3868
19.426 1372.1 108 26590 1.3016 0.0024148 0.41258 -0.21229 2.3868
19.83 1414.5 109.95 26532 1.2927 0.0036255 0.41276 -0.21229 2.3869
20.218 1455.9 111.83 26476 1.2842 0.0048219 0.41293 -0.21229 2.3869
20.532 1489.8 113.37 26431 1.2775 0.0058029 0.41306 -0.21229 2.3869
20.723 1510.6 114.31 26404 1.2733 0.0064057 0.41314 -0.21229 2.3869
20.77 1515.7 114.54 26397 1.2723 0.0065528 0.41316 -0.21229 2.3869
21.004 1541.4 115.7 26363 1.2674 0.0072907 0.41325 -0.21229 2.3869
21.519 1598.8 118.27 26289 1.2565 0.0089271 0.41345 -0.21229 2.3869
22.235 1680.4 121.89 26186 1.2418 0.01122 0.41372 -0.21229 2.3869
23.043 1774.9 126.04 26070 1.2258 0.013798 0.41401 -0.21228 2.3869
23.82 1868.3 130.09 25958 1.2111 0.016233 0.41426 -0.21228 2.3869
24.448 1945.5 133.4 25868 1.1997 0.018153 0.41446 -0.21228 2.3869
24.831 1993.5 135.44 25813 1.193 0.019304 0.41458 -0.21228 2.3869
24.924 2005.2 135.94 25799 1.1914 0.019583 0.41461 -0.21228 2.3869
25.835 2121.8 140.86 25668 1.1764 0.022251 0.41488 -0.21228 2.3869
27.8 2385.7 151.75 25385 1.1481 0.027279 0.41542 -0.21227 2.3869
30.424 2764.3 166.8 25008 1.1193 0.031747 0.41608 -0.21226 2.3869
33.187 3196.7 183.3 24611 1.0987 0.033546 0.41671 -0.21224 2.387
35.541 3594.8 197.89 24272 1.088 0.033685 0.41723 -0.21223 2.387
37.021 3860 207.32 24059 1.084 0.033685 0.41754 -0.21222 2.387
37.386 3927.5 209.68 24007 1.0834 0.033685 0.41761 -0.21222 2.387
37.62 3971 211.2 23973 1.0832 0.033685 0.41766 -0.21222 2.387
38.135 4067.6 214.55 23899 1.0827 0.033685 0.41777 -0.21221 2.387
38.851 4205.1 219.26 23796 1.0826 0.033685 0.41792 -0.21221 2.387
39.659 4363.6 224.63 23680 1.0833 0.033685 0.41808 -0.2122 2.3871
40.436 4519.3 229.84 23568 1.0847 0.033685 0.41824 -0.2122 2.3871
41.064 4648.1 234.1 23478 1.0861 0.033685 0.41837 -0.21219 2.3871
41.447 4728.1 236.72 23423 1.087 0.033685 0.41844 -0.21219 2.3871
41.54 4747.7 237.36 23409 1.0873 0.033685 0.41846 -0.21219 2.3871
41.774 4797.1 238.96 23376 1.0881 0.033685 0.41851 -0.21219 2.3871
42.289 4907.1 242.51 23302 1.0902 0.033685 0.41861 -0.21219 2.3871
43.005 5062.8 247.48 23199 1.0938 0.033685 0.41876 -0.21218 2.3871
43.813 5242.5 253.16 23083 1.0985 0.033685 0.41892 -0.21217 2.3871
44.59 5419.5 258.69 22971 1.1033 0.033685 0.41908 -0.21217 2.3871
45.218 5566.1 263.23 22881 1.1079 0.033685 0.41921 -0.21216 2.3871
45.601 5657.1 266.04 22826 1.1111 0.033685 0.41929 -0.21216 2.3871
45.694 5679.4 266.72 22812 1.1119 0.033685 0.41931 -0.21216 2.3872
45.928 5735.6 268.44 22779 1.1139 0.033685 0.41936 -0.21216 2.3872
46.443 5860.9 272.24 22705 1.1184 0.033685 0.41946 -0.21216 2.3872
47.159 6037.8 277.49 22602 1.1247 0.033199 0.41961 -0.21215 2.3872
47.967 6242 283.39 22486 1.1316 0.032249 0.41978 -0.21214 2.3872
48.744 6444.2 289.04 22374 1.1384 0.030772 0.41995 -0.21214 2.3872
49.372 6610 293.46 22284 1.1432 0.029507 0.42008 -0.21213 2.3872
49.755 6712.8 296.02 22229 1.1457 0.028737 0.42016 -0.21213 2.3872
49.848 6738.1 296.63 22215 1.1463 0.028534 0.42018 -0.21213 2.3872
50.55 6929.2 301.18 22114 1.1505 0.026885 0.42033 -0.21212 2.3872
52.095 7361.7 310.53 21892 1.1536 0.022367 0.42067 -0.21211 2.3873
54.243 7983.3 322.5 21584 1.1531 0.014434 0.42113 -0.21209 2.3873
56.667 8709.3 335.1 21235 1.1336 0.0035862 0.42164 -0.21207 2.3874
58.998 9424.9 347.55 20900 1.1016 -0.0061061 0.4221 -0.21205 2.3874
60.881 10012 358.36 20630 1.0679 -0.01244 0.42245 -0.21203 2.3875
62.03 10374 365.42 20465 1.0447 -0.015638 0.42266 -0.21202 2.3875
62.31 10463 367.19 20424 1.0388 -0.016348 0.4227 -0.21201 2.3875
63.012 10685 371.73 20324 1.0238 -0.018012 0.42282 -0.212 2.3875
64.557 11177 382.23 20102 0.98921 -0.021055 0.42307 -0.21198 2.3876
66.705 11866 398.07 19793 0.93932 -0.023639 0.42339 -0.21195 2.3876
69.129 12646 417.8 19444 0.88279 -0.02444 0.42373 -0.21192 2.3877
71.46 13400 438.7 19109 0.82999 -0.024664 0.42403 -0.21187 2.3878
73.343 14010 457.05 18839 0.78902 -0.025058 0.42426 -0.21184 2.3879
74.492 14383 468.91 18673 0.76468 -0.025883 0.4244 -0.21181 2.3879
74.773 14474 471.88 18633 0.75881 -0.026109 0.42443 -0.2118 2.388
75.474 14702 479.44 18532 0.74421 -0.026752 0.42451 -0.21179 2.388
77.019 15203 496.77 18310 0.71247 -0.028664 0.42468 -0.21175 2.3881
79.167 15900 522.47 18001 0.66896 -0.032671 0.42491 -0.2117 2.3882
81.591 16684 553.8 17652 0.61998 -0.039182 0.42516 -0.21163 2.3884
83.922 17429 586.52 17317 0.57261 -0.047022 0.42539 -0.21156 2.3885
85.805 18024 615.1 17046 0.53456 -0.053383 0.42557 -0.2115 2.3887
86.954 18382 633.58 16881 0.51183 -0.056927 0.42568 -0.21146 2.3887
87.235 18469 638.21 16841 0.50637 -0.057752 0.4257 -0.21145 2.3888
87.936 18685 650.02 16740 0.49288 -0.059764 0.42577 -0.21142 2.3888
89.481 19157 677.13 16517 0.46413 -0.063734 0.42591 -0.21136 2.389
91.629 19802 717.33 16208 0.42659 -0.067945 0.4261 -0.21128 2.3892
94.053 20512 766.02 15859 0.38761 -0.070779 0.42631 -0.21117 2.3894
96.384 21179 815.96 15523 0.35301 -0.071669 0.4265 -0.21106 2.3896
98.268 21704 858.36 15252 0.32671 -0.071262 0.42666 -0.21096 2.3899
99.417 22018 885.09 15087 0.31121 -0.070577 0.42676 -0.2109 2.39
99.697 22094 891.69 15046 0.30748 -0.070377 0.42678 -0.21088 2.39
100.61 22337 913.41 14915 0.29547 -0.069642 0.42685 -0.21083 2.3902
102.57 22851 961.51 14632 0.26995 -0.067218 0.42702 -0.21072 2.3904
105.2 23504 1028.1 14254 0.23644 -0.061883 0.42723 -0.21055 2.3908
107.96 24143 1100.7 13856 0.20195 -0.053675 0.42745 -0.21037 2.3912
110.31 24640 1165 13516 0.17391 -0.045516 0.42765 -0.2102 2.3916
111.79 24929 1206.8 13303 0.15723 -0.040808 0.42777 -0.21009 2.3918
112.16 24998 1217.2 13250 0.15322 -0.03973 0.4278 -0.21006 2.3919
112.86 25126 1237.5 13149 0.14565 -0.037691 0.42785 -0.21 2.392
114.4 25393 1283.2 12927 0.1296 -0.033673 0.42798 -0.20988 2.3923
116.55 25728 1348.7 12617 0.10869 -0.028529 0.42815 -0.2097 2.3927
118.98 26056 1425.1 12267 0.08776 -0.021687 0.42835 -0.20948 2.3932
121.31 26327 1500.7 11931 0.071819 -0.012926 0.42855 -0.20926 2.3937
123.19 26520 1563 11660 0.062881 -0.0041583 0.42871 -0.20907 2.3941
124.34 26630 1601.9 11632 0.059243 0.0017244 0.42881 -0.20895 2.3944
124.62 26657 1611.5 11632 0.058513 0.0032102 0.42883 -0.20892 2.3944
