time (s) altitude (m) velocity (m/s) mass (kg)trajectory angle (rad) angle of attack (rad) heading angle (rad) latitude (rad)
0 90 30 29388 1.5691 0 1.6941 -0.2123 2.3868
0.44101 103.56 31.492 29325 1.5686 -0.0014321 1.7195 -0.2123 2.3868
1.2265 129.35 34.178 29211 1.567 -0.0038726 1.7496 -0.2123 2.3868
1.8929 152.89 36.485 29116 1.5648 -0.0057574 1.764 -0.2123 2.3868
2.0769 159.66 37.127 29089 1.564 -0.0062453 1.767 -0.2123 2.3868
2.5179 176.38 38.674 29026 1.5618 -0.0073711 1.7729 -0.2123 2.3868
3.3034 207.84 41.457 28912 1.5571 -0.0091492 1.7803 -0.2123 2.3868
3.9698 236.26 43.848 28816 1.5521 -0.010412 1.7847 -0.2123 2.3868
4.1538 244.39 44.513 28790 1.5506 -0.010731 1.7857 -0.2123 2.3868
5.0358 285.05 47.728 28663 1.5423 -0.012065 1.7896 -0.2123 2.3868
6.6068 364.55 53.576 28437 1.5238 -0.013515 1.7943 -0.2123 2.3868
7.9396 439.21 58.663 28245 1.5045 -0.013741 1.797 -0.2123 2.3868
8.3076 461.01 60.088 28192 1.4986 -0.013668 1.7976 -0.2123 2.3868
9.1896 515.35 63.543 28065 1.4836 -0.013237 1.7989 -0.2123 2.3868
10.761 619.55 69.841 27839 1.454 -0.011545 1.8008 -0.2123 2.3868
12.093 715.46 75.341 27647 1.4265 -0.0091111 1.802 -0.2123 2.3868
12.461 743.16 76.886 27594 1.4186 -0.0083038 1.8023 -0.2123 2.3868
13.123 794.29 79.692 27499 1.4041 -0.0067018 1.8028 -0.21229 2.3868
14.301 889.6 84.782 27329 1.3776 -0.0033365 1.8036 -0.21229 2.3868
15.301 974.74 89.197 27185 1.3547 6.8858e-05 1.8042 -0.21229 2.3868
15.577 998.93 90.433 27145 1.3485 0.0010695 1.8044 -0.21229 2.3868
16.238 1058.1 93.424 27050 1.3335 0.0035823 1.8047 -0.21229 2.3868
17.416 1167.9 98.857 26880 1.3073 0.0084082 1.8053 -0.21228 2.3868
18.416 1265.2 103.57 26737 1.286 0.012738 1.8058 -0.21228 2.3868
18.692 1292.8 104.89 26697 1.2802 0.01393 1.8059 -0.21228 2.3868
20.015 1429.3 111.32 26506 1.254 0.019446 1.8065 -0.21227 2.3868
22.372 1689.8 123.18 26167 1.213 0.02726 1.8074 -0.21226 2.3868
24.371 1928.8 133.64 25880 1.1838 0.031535 1.8081 -0.21224 2.3868
24.923 1997.8 136.59 25800 1.1765 0.032452 1.8083 -0.21224 2.3868
25.584 2082.1 140.16 25705 1.1683 0.033332 1.8085 -0.21223 2.3868
26.763 2237.1 146.61 25536 1.1549 0.034399 1.8089 -0.21222 2.3868
27.762 2373.4 152.17 25392 1.1446 0.034783 1.8092 -0.21221 2.3868
28.038 2411.8 153.71 25352 1.1419 0.034844 1.8093 -0.21221 2.3868
28.7 2505.2 157.45 25257 1.1357 0.034906 1.8095 -0.2122 2.3868
29.878 2676.6 164.19 25087 1.1255 0.034861 1.8098 -0.21219 2.3868
30.878 2827.1 170 24944 1.1177 0.034795 1.8101 -0.21218 2.3868
31.153 2869.5 171.62 24904 1.1157 0.034796 1.8102 -0.21218 2.3868
32.477 3077.6 179.48 24714 1.1072 0.034815 1.8106 -0.21216 2.3868
34.833 3469.8 193.87 24375 1.0964 0.034906 1.8112 -0.21213 2.3868
36.832 3825.3 206.46 24087 1.0918 0.034898 1.8118 -0.2121 2.3868
37.384 3927.2 210 24008 1.0913 0.034877 1.812 -0.21209 2.3868
38.707 4178.8 218.59 23818 1.0914 0.034891 1.8123 -0.21207 2.3868
41.064 4652.6 234.28 23479 1.0964 0.034906 1.813 -0.21204 2.3868
43.063 5082.4 248 23192 1.1056 0.034865 1.8136 -0.212 2.3868
43.615 5205.7 251.85 23112 1.1089 0.034844 1.8137 -0.21199 2.3867
44.276 5356.4 256.51 23017 1.1133 0.034871 1.8139 -0.21198 2.3867
45.455 5632.6 264.92 22848 1.1224 0.034906 1.8143 -0.21196 2.3867
46.454 5875 272.17 22704 1.1312 0.034643 1.8146 -0.21194 2.3867
46.73 5943.3 274.19 22664 1.1338 0.034468 1.8147 -0.21194 2.3867
47.392 6109.3 279.06 22569 1.1402 0.033941 1.8149 -0.21193 2.3867
48.57 6413.5 287.68 22400 1.1517 0.032471 1.8152 -0.21191 2.3867
49.57 6680 294.66 22256 1.1604 0.030667 1.8156 -0.21189 2.3867
49.846 6754.8 296.5 22217 1.1625 0.030087 1.8157 -0.21188 2.3867
51.169 7120.7 304.92 22027 1.1706 0.026759 1.8161 -0.21186 2.3867
53.525 7798.3 318.41 21688 1.1752 0.018666 1.8169 -0.21182 2.3867
55.524 8394.8 328.89 21401 1.1673 0.0096241 1.8176 -0.21178 2.3867
56.076 8562.3 331.71 21321 1.163 0.0067777 1.8178 -0.21177 2.3867
56.531 8701.3 334.04 21256 1.1587 0.004365 1.818 -0.21176 2.3867
57.514 9003.6 339.08 21115 1.1473 -0.00070463 1.8183 -0.21174 2.3867
58.826 9411.5 346.04 20926 1.128 -0.0067774 1.8187 -0.21171 2.3867
60.207 9845.7 353.82 20728 1.1036 -0.01222 1.8191 -0.21168 2.3867
61.384 10219 360.84 20558 1.0804 -0.016126 1.8194 -0.21165 2.3867
62.124 10455 365.44 20452 1.0648 -0.01821 1.8196 -0.21163 2.3867
62.307 10513 366.6 20426 1.0609 -0.01869 1.8197 -0.21162 2.3867
63.178 10793 372.23 20301 1.0416 -0.020735 1.8199 -0.2116 2.3866
64.902 11348 384.01 20053 1.0017 -0.023677 1.8203 -0.21155 2.3866
66.813 11969 398.17 19778 0.95627 -0.025189 1.8208 -0.21148 2.3866
68.182 12415 409.06 19582 0.92386 -0.025197 1.8211 -0.21144 2.3866
68.538 12531 411.99 19530 0.91554 -0.025066 1.8211 -0.21142 2.3866
69.199 12747 417.57 19435 0.90026 -0.02475 1.8213 -0.2114 2.3866
70.377 13133 427.89 19266 0.87368 -0.023934 1.8215 -0.21135 2.3866
71.377 13461 437.04 19122 0.8519 -0.023047 1.8217 -0.21131 2.3866
71.653 13552 439.63 19083 0.84601 -0.022801 1.8217 -0.21129 2.3866
72.315 13770 445.96 18987 0.83216 -0.02221 1.8218 -0.21126 2.3866
73.493 14159 457.62 18818 0.80829 -0.021307 1.822 -0.21121 2.3865
74.492 14491 467.92 18674 0.78883 -0.020791 1.8222 -0.21116 2.3865
74.768 14582 470.83 18635 0.78357 -0.020691 1.8223 -0.21115 2.3865
75.639 14872 480.21 18509 0.76731 -0.020495 1.8224 -0.2111 2.3865
77.363 15449 499.64 18262 0.73633 -0.021117 1.8227 -0.21101 2.3865
79.274 16092 522.58 17987 0.70324 -0.023569 1.8229 -0.2109 2.3865
80.643 16556 539.95 17790 0.67989 -0.02638 1.8231 -0.21081 2.3864
80.999 16677 544.59 17739 0.67384 -0.027287 1.8232 -0.21079 2.3864
81.661 16902 553.36 17643 0.66257 -0.029075 1.8233 -0.21074 2.3864
82.839 17304 569.47 17474 0.64239 -0.032776 1.8234 -0.21067 2.3864
83.838 17645 583.63 17330 0.62508 -0.036471 1.8235 -0.21059 2.3864
84.114 17739 587.63 17290 0.62026 -0.037556 1.8236 -0.21057 2.3864
84.776 17965 597.36 17195 0.60864 -0.040274 1.8236 -0.21053 2.3864
85.954 18367 615.26 17026 0.58772 -0.045401 1.8238 -0.21044 2.3863
86.954 18708 631.06 16882 0.56984 -0.049807 1.8239 -0.21036 2.3863
87.23 18802 635.52 16842 0.5649 -0.050977 1.8239 -0.21034 2.3863
88.14 19111 650.58 16711 0.54866 -0.054735 1.824 -0.21026 2.3863
90.105 19776 684.87 16428 0.51439 -0.061484 1.8242 -0.21009 2.3862
92.729 20655 734.39 16050 0.47134 -0.067431 1.8245 -0.20984 2.3862
95.492 21571 790.84 15653 0.42967 -0.070064 1.8247 -0.20955 2.3861
97.846 22342 842.16 15314 0.39687 -0.069226 1.8249 -0.20929 2.386
99.326 22822 875.82 15100 0.37737 -0.067364 1.825 -0.20911 2.386
99.691 22940 884.29 15048 0.37267 -0.066709 1.8251 -0.20906 2.386
101.01 23364 915.43 14857 0.356 -0.063919 1.8252 -0.20889 2.3859
103.37 24108 972.61 14518 0.32748 -0.056768 1.8253 -0.20858 2.3858
105.37 24728 1022.7 14229 0.30453 -0.048602 1.8255 -0.20829 2.3858
105.92 24897 1036.8 14150 0.29846 -0.046124 1.8255 -0.20821 2.3857
106.79 25161 1059.3 14024 0.28913 -0.042249 1.8255 -0.20808 2.3857
108.52 25677 1104.8 13776 0.27162 -0.035504 1.8256 -0.2078 2.3856
110.43 26237 1156.9 13500 0.25354 -0.029794 1.8258 -0.20749 2.3856
111.8 26631 1195.3 13303 0.24127 -0.026773 1.8258 -0.20725 2.3855
112.15 26733 1205.4 13251 0.23816 -0.026162 1.8258 -0.20719 2.3855
112.5 26832 1215.5 13201 0.23512 -0.025588 1.8259 -0.20713 2.3855
113.28 27050 1237.8 13089 0.2285 -0.024466 1.8259 -0.20699 2.3854
114.35 27349 1269.3 12934 0.21947 -0.023202 1.826 -0.20679 2.3854
115.56 27681 1305.5 12760 0.20953 -0.021675 1.826 -0.20656 2.3853
116.73 27995 1341 12591 0.20029 -0.019589 1.8261 -0.20633 2.3852
117.67 28244 1370 12456 0.19315 -0.017395 1.8261 -0.20614 2.3852
118.24 28395 1387.9 12373 0.18897 -0.015848 1.8261 -0.20602 2.3852
118.38 28431 1392.3 12352 0.18797 -0.015443 1.8261 -0.20599 2.3852
118.73 28522 1403.3 12302 0.18552 -0.014398 1.8262 -0.20592 2.3851
119.51 28721 1427.7 12190 0.18034 -0.011882 1.8262 -0.20576 2.3851
120.58 28994 1461.9 12035 0.17373 -0.007883 1.8262 -0.20553 2.385
121.79 29298 1501 11860 0.16722 -0.0026871 1.8263 -0.20526 2.385
122.96 29589 1539.3 11692 0.1621 0.0030138 1.8263 -0.20499 2.3849
123.9 29822 1570.9 11556 0.15875 0.0080853 1.8264 -0.20478 2.3848
124.47 29965 1590.4 11473 0.15697 0.011317 1.8264 -0.20464 2.3848
124.61 30000 1595.2 11453 0.15657 0.012105 1.8264 -0.20461 2.3848
