time (s) altitude (m) velocity (m/s) mass (kg)trajectory angle (rad) angle of attack (rad) heading angle (rad) latitude (rad)
0 90 30 29388 1.5691 0 1.6687 -0.2123 2.3868
0.17531 95.311 30.592 29363 1.5689 -0.00051747 1.6802 -0.2123 2.3868
0.56161 107.38 31.902 29307 1.5685 -0.0016505 1.7018 -0.2123 2.3868
1.0987 125.01 33.738 29230 1.5675 -0.0031799 1.7236 -0.2123 2.3868
1.7049 146.09 35.831 29143 1.5657 -0.0047981 1.7398 -0.2123 2.3868
2.2877 167.57 37.865 29059 1.5634 -0.0062211 1.7501 -0.2123 2.3868
2.7586 185.78 39.522 28991 1.5611 -0.007272 1.7561 -0.2123 2.3868
3.0458 197.28 40.54 28949 1.5595 -0.007876 1.7591 -0.2123 2.3868
3.1159 200.13 40.789 28939 1.5591 -0.0080203 1.7597 -0.2123 2.3868
3.2912 207.34 41.413 28914 1.558 -0.0083785 1.7613 -0.2123 2.3868
3.6775 223.6 42.795 28859 1.5555 -0.0091345 1.7643 -0.2123 2.3868
4.2146 247.1 44.732 28781 1.5514 -0.010081 1.7677 -0.2123 2.3868
4.8208 274.88 46.938 28694 1.5462 -0.010984 1.7707 -0.2123 2.3868
5.4036 302.85 49.082 28610 1.5406 -0.011681 1.7731 -0.2123 2.3868
5.8744 326.36 50.828 28542 1.5356 -0.012128 1.7748 -0.2123 2.3868
6.1617 341.1 51.901 28501 1.5323 -0.012357 1.7756 -0.2123 2.3868
6.2318 344.74 52.163 28491 1.5315 -0.01241 1.7758 -0.2123 2.3868
6.4071 353.94 52.821 28465 1.5294 -0.012539 1.7763 -0.2123 2.3868
6.7934 374.6 54.277 28410 1.5246 -0.012788 1.7773 -0.2123 2.3868
7.3305 404.27 56.318 28332 1.5175 -0.013026 1.7786 -0.2123 2.3868
7.9366 439.05 58.644 28245 1.5089 -0.013125 1.7798 -0.2123 2.3868
8.5195 473.81 60.904 28161 1.5001 -0.013049 1.7808 -0.2123 2.3868
8.9903 502.84 62.747 28093 1.4926 -0.012875 1.7816 -0.2123 2.3868
9.2776 520.97 63.878 28052 1.4878 -0.012728 1.782 -0.2123 2.3868
9.3477 525.44 64.155 28042 1.4866 -0.01269 1.7821 -0.2123 2.3868
9.523 536.7 64.849 28017 1.4836 -0.01259 1.7824 -0.2123 2.3868
9.9093 561.95 66.387 27961 1.4769 -0.012339 1.7829 -0.2123 2.3868
10.446 598.01 68.545 27884 1.4672 -0.011889 1.7835 -0.2123 2.3868
11.053 640.05 71.007 27797 1.4558 -0.011224 1.7842 -0.2123 2.3868
11.635 681.83 73.403 27713 1.4443 -0.010425 1.7848 -0.2123 2.3868
12.106 716.54 75.358 27645 1.4348 -0.0096788 1.7852 -0.2123 2.3868
12.394 738.16 76.56 27604 1.4289 -0.0091883 1.7855 -0.2123 2.3868
12.464 743.47 76.854 27593 1.4274 -0.0090666 1.7855 -0.2123 2.3868
12.697 761.36 77.839 27560 1.4225 -0.0086548 1.7857 -0.2123 2.3868
13.212 801.54 80.025 27486 1.4116 -0.0076866 1.7861 -0.21229 2.3868
13.929 859.13 83.103 27383 1.396 -0.0061522 1.7867 -0.21229 2.3868
14.737 926.56 86.628 27266 1.3779 -0.0041363 1.7872 -0.21229 2.3868
15.514 993.82 90.07 27154 1.3603 -0.0019212 1.7877 -0.21229 2.3868
16.142 1049.9 92.886 27064 1.3459 3.3527e-05 1.7881 -0.21229 2.3868
16.525 1084.9 94.622 27009 1.3371 0.0012794 1.7883 -0.21229 2.3868
16.618 1093.5 95.048 26995 1.335 0.001586 1.7883 -0.21229 2.3868
16.852 1115.2 96.12 26962 1.3297 0.0023573 1.7885 -0.21228 2.3868
17.367 1163.8 98.5 26888 1.3181 0.0040889 1.7887 -0.21228 2.3868
18.083 1233.1 101.85 26785 1.3021 0.0065817 1.7891 -0.21228 2.3868
18.891 1313.8 105.7 26668 1.2844 0.0094832 1.7895 -0.21228 2.3868
19.668 1393.8 109.46 26556 1.2678 0.012308 1.7898 -0.21227 2.3868
20.296 1460.1 112.55 26466 1.2547 0.014575 1.7901 -0.21227 2.3868
20.679 1501.4 114.45 26411 1.247 0.015947 1.7902 -0.21227 2.3868
20.773 1511.5 114.92 26397 1.2451 0.01628 1.7903 -0.21227 2.3868
21.006 1537.1 116.09 26364 1.2405 0.017112 1.7904 -0.21227 2.3868
21.521 1594.2 118.68 26290 1.2305 0.018925 1.7906 -0.21226 2.3868
22.238 1675.4 122.34 26187 1.2172 0.021356 1.7908 -0.21226 2.3868
23.046 1769.4 126.52 26070 1.203 0.023914 1.7911 -0.21225 2.3868
23.823 1862.4 130.6 25959 1.1902 0.026144 1.7914 -0.21225 2.3868
24.451 1939.4 133.94 25868 1.1804 0.02778 1.7916 -0.21224 2.3868
24.834 1987.1 136 25813 1.1747 0.02872 1.7917 -0.21224 2.3868
24.927 1998.8 136.5 25800 1.1733 0.028945 1.7918 -0.21224 2.3868
26.155 2156.6 143.19 25623 1.1567 0.031681 1.7922 -0.21223 2.3868
28.723 2507.6 157.57 25254 1.1284 0.034829 1.793 -0.2122 2.3868
31.932 2988.3 176.33 24792 1.1026 0.034905 1.7939 -0.21217 2.3868
34.923 3481 194.63 24362 1.0869 0.034727 1.7948 -0.21213 2.3868
36.894 3831 207.14 24078 1.0818 0.034899 1.7953 -0.2121 2.3868
37.391 3922.4 210.35 24007 1.0811 0.034878 1.7954 -0.21209 2.3868
37.624 3966 211.86 23973 1.081 0.034882 1.7955 -0.21209 2.3868
38.139 4063 215.22 23899 1.0807 0.034891 1.7956 -0.21208 2.3868
38.856 4200.5 219.93 23796 1.0809 0.034902 1.7958 -0.21207 2.3868
39.664 4359.3 225.3 23680 1.0818 0.034903 1.7961 -0.21206 2.3868
40.441 4515.7 230.52 23568 1.0834 0.034886 1.7963 -0.21204 2.3868
41.069 4644.8 234.78 23478 1.0851 0.034867 1.7965 -0.21203 2.3868
41.452 4724.8 237.39 23423 1.0864 0.034856 1.7966 -0.21203 2.3868
41.545 4744.4 238.03 23410 1.0867 0.034854 1.7966 -0.21203 2.3868
41.779 4793.9 239.64 23376 1.0876 0.034848 1.7967 -0.21202 2.3868
42.294 4904 243.19 23302 1.0898 0.034841 1.7968 -0.21201 2.3868
43.01 5060.2 248.18 23199 1.0933 0.034844 1.797 -0.212 2.3868
43.818 5240.6 253.87 23083 1.0979 0.034868 1.7972 -0.21199 2.3868
44.595 5418.3 259.4 22971 1.1031 0.034906 1.7975 -0.21197 2.3867
45.223 5565.1 263.91 22881 1.1078 0.034898 1.7976 -0.21196 2.3867
45.606 5656.1 266.69 22826 1.1109 0.034844 1.7978 -0.21195 2.3867
45.7 5678.5 267.37 22813 1.1117 0.034825 1.7978 -0.21195 2.3867
45.933 5734.7 269.07 22779 1.1136 0.03477 1.7978 -0.21195 2.3867
46.449 5860.1 272.84 22705 1.1181 0.034566 1.798 -0.21194 2.3867
47.165 6037.8 278.12 22602 1.1247 0.034062 1.7982 -0.21193 2.3867
47.973 6243.1 284.14 22486 1.1325 0.033189 1.7985 -0.21191 2.3867
48.75 6445.4 289.81 22374 1.1397 0.032038 1.7987 -0.2119 2.3867
49.378 6612.2 294.17 22284 1.1448 0.030892 1.7989 -0.21188 2.3867
49.761 6715.3 296.75 22229 1.1476 0.030093 1.799 -0.21188 2.3867
49.854 6740.6 297.37 22215 1.1483 0.029888 1.7991 -0.21188 2.3867
51.082 7078.7 305.18 22039 1.1553 0.026801 1.7995 -0.21185 2.3867
53.65 7814.2 319.86 21670 1.1587 0.017781 1.8003 -0.2118 2.3867
56.859 8775.8 336.53 21209 1.1368 0.0026287 1.8014 -0.21174 2.3867
59.85 9701 352.7 20779 1.0908 -0.011102 1.8023 -0.21167 2.3867
61.822 10321 364.56 20496 1.0505 -0.017863 1.8028 -0.21162 2.3867
62.318 10479 367.7 20424 1.0395 -0.019296 1.803 -0.2116 2.3867
63.228 10768 373.64 20294 1.0187 -0.021591 1.8032 -0.21158 2.3867
65.194 11395 387.27 20011 0.97122 -0.02519 1.8037 -0.21151 2.3866
67.818 12235 407.38 19634 0.90588 -0.026862 1.8042 -0.21142 2.3866
70.581 13121 431.17 19237 0.83942 -0.025444 1.8047 -0.21131 2.3866
72.936 13877 453.69 18898 0.78684 -0.0243 1.8051 -0.2112 2.3866
74.416 14353 468.92 18685 0.75538 -0.024811 1.8054 -0.21112 2.3865
74.781 14471 472.81 18633 0.74774 -0.025031 1.8054 -0.2111 2.3865
75.692 14763 482.72 18502 0.72892 -0.025801 1.8056 -0.21106 2.3865
77.657 15395 505.24 18219 0.68891 -0.028832 1.8058 -0.21094 2.3865
80.282 16236 537.72 17842 0.63548 -0.035963 1.8062 -0.21078 2.3865
83.045 17111 575.15 17444 0.57751 -0.04684 1.8065 -0.21059 2.3864
85.399 17843 610.19 17106 0.52698 -0.056811 1.8068 -0.21041 2.3864
86.879 18293 633.95 16893 0.4957 -0.061887 1.8069 -0.21028 2.3863
87.245 18403 640.03 16840 0.48815 -0.063013 1.807 -0.21025 2.3863
88.155 18675 655.55 16709 0.46965 -0.06561 1.807 -0.21017 2.3863
90.121 19250 690.89 16426 0.43156 -0.069868 1.8072 -0.20999 2.3863
92.745 19995 741.8 16048 0.38501 -0.072538 1.8074 -0.20973 2.3862
95.508 20750 799.75 15651 0.34102 -0.073055 1.8076 -0.20943 2.3861
97.863 21368 852.38 15312 0.30653 -0.072986 1.8078 -0.20915 2.3861
99.343 21743 886.87 15098 0.28573 -0.07275 1.8079 -0.20896 2.386
99.708 21834 895.55 15046 0.28066 -0.072576 1.8079 -0.20891 2.386
100.62 22058 917.42 14915 0.26812 -0.072104 1.808 -0.20879 2.386
102.58 22524 965.86 14631 0.24137 -0.06982 1.8081 -0.20852 2.3859
105.21 23105 1032.9 14253 0.20618 -0.06375 1.8082 -0.20813 2.3858
107.97 23656 1105.9 13855 0.17011 -0.053874 1.8084 -0.20769 2.3857
110.33 24071 1170.5 13516 0.14109 -0.044435 1.8085 -0.20728 2.3856
111.81 24304 1212.4 13303 0.12396 -0.039627 1.8085 -0.20702 2.3855
112.17 24358 1222.9 13250 0.11984 -0.038606 1.8085 -0.20695 2.3855
113.4 24530 1258.8 13073 0.1063 -0.035575 1.8086 -0.20672 2.3855
115.97 24837 1336.2 12703 0.079342 -0.030878 1.8086 -0.20622 2.3853
119.18 25120 1437.4 12240 0.048999 -0.023617 1.8087 -0.20554 2.3852
122.17 25288 1534.8 11809 0.028313 -0.01212 1.8088 -0.20487 2.385
124.14 25361 1600.7 11525 0.020416 -0.0024338 1.8088 -0.2044 2.3849
124.64 25377 1617.7 11453 0.018962 0.00034327 1.8088 -0.20428 2.3849
