time (s) altitude (m) longitude (rad) latitude (rad) velocity (m/s) trajectory angle (rad) heading angle (rad) angle of attack (rad) bank angle (rad) fuel mass (kg) Third Stage (flag)
124.64 25377 2.3849 -0.20428 1617.7 0.018962 1.8088 0.00034327 5.6991e-06 1562 1
125.58 25405 2.3848 -0.20404 1620.7 0.017471 1.8089 0.0036765 9.8631e-06 1559.6 1
127.68 25461 2.3847 -0.20353 1628 0.015803 1.8089 0.0097344 2.0132e-05 1554.1 1
130.58 25535 2.3845 -0.2028 1638.8 0.015374 1.809 0.011765 2.8253e-05 1546.2 1
133.87 25617 2.3843 -0.20198 1651.4 0.015111 1.809 0.011657 3.3547e-05 1537.1 1
137.02 25696 2.3841 -0.20119 1663.9 0.015083 1.8091 0.012335 3.2997e-05 1528.2 1
139.57 25760 2.3839 -0.20054 1674.3 0.015141 1.8091 0.011943 2.499e-05 1520.8 1
141.12 25800 2.3838 -0.20015 1680.8 0.015162 1.8091 0.012581 1.3945e-05 1516.2 1
141.5 25809 2.3838 -0.20005 1682.4 0.015213 1.8092 0.012505 1.305e-05 1515.1 1
142.45 25834 2.3837 -0.19981 1686.4 0.015289 1.8092 0.012482 1.9586e-05 1512.2 1
144.54 25888 2.3836 -0.19927 1695.4 0.015484 1.8092 0.012624 3.6701e-05 1505.9 1
147.45 25966 2.3834 -0.19852 1708.2 0.015855 1.8093 0.012794 4.9709e-05 1497 1
150.73 26056 2.3832 -0.19766 1723.1 0.016374 1.8093 0.012987 5.6827e-05 1486.6 1
153.89 26148 2.383 -0.19684 1737.8 0.017031 1.8094 0.013299 5.4848e-05 1476.4 1
156.44 26225 2.3828 -0.19616 1750 0.017605 1.8094 0.013106 4.0239e-05 1468 1
157.99 26273 2.3827 -0.19575 1757.5 0.017904 1.8094 0.013007 2.2468e-05 1462.8 1
158.37 26285 2.3827 -0.19564 1759.4 0.017979 1.8095 0.012984 2.104e-05 1461.6 1
159.32 26315 2.3826 -0.19539 1764 0.018143 1.8095 0.012781 3.0914e-05 1458.4 1
161.41 26383 2.3825 -0.19483 1774.3 0.018397 1.8095 0.012313 5.7098e-05 1451.3 1
164.32 26479 2.3823 -0.19404 1788.5 0.018538 1.8096 0.011843 7.5822e-05 1441.4 1
167.6 26588 2.3821 -0.19315 1804.4 0.018512 1.8096 0.011651 8.3919e-05 1430.3 1
170.76 26693 2.3819 -0.19228 1819.7 0.018468 1.8097 0.011786 7.8189e-05 1419.6 1
173.31 26779 2.3817 -0.19157 1832 0.018426 1.8097 0.011677 5.5883e-05 1411 1
174.86 26832 2.3816 -0.19114 1839.6 0.018383 1.8097 0.011875 3.0929e-05 1405.8 1
175.24 26845 2.3816 -0.19103 1841.4 0.018386 1.8097 0.011891 2.8966e-05 1404.5 1
176.19 26877 2.3815 -0.19077 1846 0.018376 1.8098 0.011841 4.1974e-05 1401.3 1
178.28 26948 2.3814 -0.19018 1856.2 0.018346 1.8098 0.011962 7.6558e-05 1394.2 1
181.19 27047 2.3812 -0.18936 1870.4 0.018428 1.8098 0.012565 0.00010042 1384.3 1
184.47 27162 2.3809 -0.18842 1886.5 0.018798 1.8099 0.013291 0.00010918 1373.2 1
187.63 27276 2.3807 -0.18751 1901.9 0.019387 1.8099 0.013908 9.9818e-05 1362.4 1
190.18 27372 2.3805 -0.18678 1914.4 0.020018 1.81 0.014473 7.0527e-05 1353.7 1
191.73 27432 2.3804 -0.18632 1922 0.020483 1.81 0.014923 3.8967e-05 1348.4 1
192.11 27447 2.3804 -0.18621 1923.9 0.020609 1.81 0.014961 3.6516e-05 1347.1 1
193.06 27485 2.3803 -0.18593 1928.6 0.020912 1.81 0.01494 5.2539e-05 1343.9 1
195.15 27571 2.3801 -0.18532 1938.8 0.02155 1.8101 0.014997 9.5213e-05 1336.8 1
198.06 27695 2.3799 -0.18446 1952.9 0.022407 1.8101 0.015176 0.00012441 1326.9 1
201.34 27842 2.3797 -0.18348 1968.7 0.023282 1.8102 0.015168 0.0001349 1315.8 1
204.5 27990 2.3795 -0.18254 1983.8 0.024026 1.8102 0.015661 0.00012311 1305.3 1
207.04 28114 2.3793 -0.18177 1996 0.024854 1.8103 0.017297 8.6731e-05 1296.7 1
208.6 28192 2.3792 -0.1813 2003.4 0.025601 1.8103 0.018504 4.7904e-05 1291.5 1
208.98 28212 2.3791 -0.18118 2005.2 0.025808 1.8103 0.018645 4.4905e-05 1290.3 1
209.93 28261 2.3791 -0.18089 2009.7 0.026317 1.8103 0.018768 6.4122e-05 1287.1 1
212.02 28375 2.3789 -0.18025 2019.5 0.027605 1.8103 0.020492 0.0001157 1280.1 1
214.93 28543 2.3787 -0.17936 2033.1 0.029519 1.8104 0.019142 0.00014772 1270.5 1
218.21 28743 2.3784 -0.17834 2047.9 0.029496 1.8104 0.011906 0.00015273 1260.1 1
221.36 28928 2.3782 -0.17736 2061.7 0.027506 1.8105 0.010807 0.00013336 1250.5 1
223.91 29068 2.378 -0.17656 2072.7 0.025971 1.8105 0.011515 9.1711e-05 1242.8 1
225.47 29151 2.3779 -0.17607 2079.5 0.024963 1.8106 0.01155 4.988e-05 1238.1 1
225.85 29170 2.3778 -0.17595 2081.1 0.024737 1.8106 0.011594 4.6687e-05 1237 1
226.8 29219 2.3777 -0.17565 2085.2 0.02412 1.8106 0.011462 6.6473e-05 1234.2 1
228.89 29321 2.3776 -0.17499 2094.1 0.022704 1.8106 0.011518 0.00011885 1228 1
231.8 29454 2.3774 -0.17406 2106.4 0.020686 1.8106 0.011681 0.00015259 1219.5 1
235.08 29589 2.3771 -0.17301 2120.1 0.018449 1.8107 0.012715 0.0001625 1210 1
238.23 29707 2.3768 -0.17199 2133 0.01685 1.8107 0.015452 0.00014616 1200.8 1
240.78 29797 2.3766 -0.17116 2143.3 0.016084 1.8108 0.016828 0.00010186 1193.3 1
242.34 29850 2.3765 -0.17066 2149.5 0.015714 1.8108 0.017492 5.5871e-05 1188.7 1
242.72 29862 2.3765 -0.17053 2151 0.015645 1.8108 0.017551 5.2334e-05 1187.6 1
243.67 29894 2.3764 -0.17022 2154.7 0.015455 1.8108 0.017623 7.4591e-05 1184.8 1
245.76 29963 2.3762 -0.16954 2162.9 0.015034 1.8108 0.017678 0.00013387 1178.7 1
248.66 30056 2.376 -0.16858 2173.9 0.01434 1.8109 0.017309 0.0001723 1170.3 1
251.95 30155 2.3757 -0.1675 2186.1 0.013421 1.8109 0.017397 0.00018268 1160.8 1
255.1 30245 2.3755 -0.16645 2197.5 0.012611 1.8109 0.018185 0.00016273 1151.7 1
257.65 30314 2.3753 -0.16559 2206.6 0.012185 1.811 0.019659 0.00011291 1144.3 1
259.21 30356 2.3751 -0.16507 2212.1 0.012112 1.811 0.020754 6.197e-05 1139.8 1
259.58 30366 2.3751 -0.16495 2213.4 0.012113 1.811 0.020868 5.8075e-05 1138.7 1
260.53 30392 2.375 -0.16463 2216.7 0.012124 1.811 0.021118 8.2898e-05 1135.9 1
262.63 30448 2.3748 -0.16392 2224 0.012262 1.811 0.022173 0.00014938 1129.8 1
265.53 30529 2.3746 -0.16294 2233.9 0.01266 1.8111 0.022827 0.00019455 1121.3 1
268.81 30624 2.3743 -0.16182 2244.8 0.013095 1.8111 0.022814 0.00020724 1111.8 1
271.97 30718 2.374 -0.16075 2255 0.013462 1.8111 0.023127 0.000183 1102.7 1
274.52 30796 2.3738 -0.15987 2263 0.013746 1.8112 0.023192 0.00012711 1095.3 1
276.07 30845 2.3737 -0.15934 2267.8 0.013882 1.8112 0.023184 7.3809e-05 1090.9 1
276.45 30857 2.3737 -0.15921 2269 0.013914 1.8112 0.023179 7.1828e-05 1089.8 1
277.88 30902 2.3735 -0.15872 2273.3 0.014005 1.8112 0.023045 0.00013084 1085.7 1
281.01 31002 2.3733 -0.15763 2282.7 0.014055 1.8113 0.022635 0.00025411 1076.9 1
285.38 31142 2.3729 -0.15612 2295.1 0.013802 1.8113 0.022346 0.00031851 1064.7 1
290.3 31295 2.3725 -0.1544 2308.7 0.013236 1.8114 0.022353 0.00034291 1051.1 1
295.03 31436 2.3721 -0.15274 2321.1 0.012432 1.8114 0.022136 0.00030654 1038.2 1
298.85 31543 2.3717 -0.15139 2330.8 0.01157 1.8115 0.022025 0.00021825 1027.9 1
301.19 31604 2.3715 -0.15057 2336.6 0.010979 1.8115 0.021989 0.00010298 1021.7 1
301.76 31619 2.3715 -0.15036 2338 0.010826 1.8115 0.022015 8.935e-05 1020.1 1
303.18 31654 2.3713 -0.14986 2341.5 0.010434 1.8115 0.021925 0.00015383 1016.4 1
306.32 31727 2.3711 -0.14874 2349 0.0095119 1.8115 0.021951 0.00028899 1008.1 1
310.68 31818 2.3707 -0.14718 2359.2 0.008188 1.8116 0.022183 0.00037401 996.56 1
315.6 31905 2.3702 -0.14542 2370.5 0.0067179 1.8116 0.022602 0.00040749 983.65 1
320.33 31973 2.3698 -0.14371 2381.1 0.005452 1.8117 0.02324 0.00036848 971.24 1
324.16 32019 2.3695 -0.14233 2389.4 0.0045367 1.8117 0.023403 0.00027332 961.21 1
326.49 32043 2.3693 -0.14148 2394.5 0.0039848 1.8117 0.023485 0.00015992 955.09 1
327.06 32048 2.3692 -0.14128 2395.7 0.0038557 1.8117 0.023494 0.00017212 953.6 1
332.05 32088 2.3688 -0.13946 2406.1 0.0028927 1.8118 0.023365 0.000709 940.48 1
342.47 32103 2.3678 -0.13564 2426.9 -0.0029481 1.8119 0.013785 0.0010711 913.63 1
355.5 31802 2.3666 -0.13082 2452.7 -0.015566 1.812 0.013652 0.0011952 880.03 1
367.64 31287 2.3655 -0.12628 2479.7 -0.015904 1.8121 0.026535 0.001361 844.32 1
375.65 31041 2.3647 -0.12326 2498.8 -0.0084456 1.8122 0.026033 0.00059518 817.88 1
377.67 31002 2.3646 -0.12249 2503.4 -0.0068748 1.8122 0.0263 0.00014178 811.15 1
378.61 30987 2.3645 -0.12213 2505.6 -0.0059718 1.8122 0.025637 0.00018335 807.93 1
380.71 30961 2.3643 -0.12134 2510.5 -0.0040169 1.8122 0.025867 0.00030798 800.82 1
383.61 30943 2.364 -0.12023 2517.1 -0.0010243 1.8122 0.025044 0.00038271 790.82 1
386.9 30944 2.3637 -0.11897 2524.3 0.00096753 1.8123 0.017307 0.00036846 779.74 1
390.05 30954 2.3634 -0.11776 2531.1 0.0015828 1.8123 0.017233 0.00031656 769.3 1
392.6 30967 2.3631 -0.11679 2536.5 0.0024104 1.8123 0.017097 0.0002153 760.79 1
394.15 30977 2.363 -0.11619 2539.8 0.0027599 1.8123 0.017138 0.00011712 755.62 1
394.53 30980 2.363 -0.11604 2540.6 0.0028992 1.8123 0.017241 0.00010952 754.35 1
395.48 30987 2.3629 -0.11567 2542.6 0.0031774 1.8123 0.017149 0.00015389 751.19 1
397.57 31006 2.3627 -0.11487 2547 0.0037566 1.8123 0.016829 0.0002723 744.22 1
400.48 31036 2.3624 -0.11374 2553 0.0045044 1.8123 0.016663 0.00034592 734.54 1
403.76 31078 2.3621 -0.11247 2559.6 0.005344 1.8124 0.016673 0.00036141 723.64 1
406.92 31124 2.3618 -0.11124 2565.9 0.0061379 1.8124 0.016561 0.0003156 713.18 1
409.47 31166 2.3615 -0.11025 2570.9 0.0067276 1.8124 0.016342 0.00021424 704.77 1
411.02 31194 2.3614 -0.10964 2573.9 0.0070528 1.8124 0.016212 0.00011634 699.66 1
411.4 31201 2.3613 -0.1095 2574.7 0.0071286 1.8124 0.016224 0.00010892 698.41 1
412.35 31218 2.3612 -0.10913 2576.5 0.0073119 1.8124 0.016087 0.00015291 695.3 1
414.44 31259 2.361 -0.10831 2580.4 0.0076848 1.8124 0.015983 0.00027013 688.47 1
417.35 31318 2.3608 -0.10717 2585.8 0.0079087 1.8125 0.013373 0.00033811 679.06 1
420.63 31381 2.3604 -0.10588 2591.6 0.0066848 1.8125 0.0074772 0.00034259 668.76 1
423.79 31427 2.3601 -0.10464 2597.1 0.0044131 1.8125 0.0071606 0.00029611 659.1 1
426.34 31451 2.3599 -0.10363 2601.6 0.0030687 1.8125 0.010284 0.00020405 651.23 1
427.89 31462 2.3597 -0.10302 2604.4 0.0025811 1.8125 0.011654 0.00011181 646.36 1
428.27 31465 2.3597 -0.10287 2605 0.0024936 1.8125 0.011799 0.00010489 645.17 1
429.22 31471 2.3596 -0.1025 2606.7 0.0022783 1.8125 0.012 0.00014873 642.19 1
431.31 31482 2.3594 -0.10167 2610.5 0.0019113 1.8126 0.012734 0.00026638 635.6 1
434.22 31495 2.3591 -0.10052 2615.6 0.0015812 1.8126 0.013019 0.00034481 626.4 1
437.5 31508 2.3588 -0.099214 2621.4 0.0012461 1.8126 0.012883 0.00036728 616 1
440.66 31517 2.3585 -0.097958 2627 0.00097947 1.8126 0.01313 0.00032688 605.97 1
443.21 31523 2.3582 -0.096942 2631.5 0.00088419 1.8126 0.013561 0.00022585 597.84 1
444.76 31526 2.3581 -0.096321 2634.2 0.00089977 1.8126 0.01393 0.00012391 592.86 1
445.14 31527 2.358 -0.096169 2634.9 0.00091418 1.8126 0.013966 0.00011612 591.64 1
446.09 31530 2.3579 -0.09579 2636.5 0.0009497 1.8126 0.013923 0.00016446 588.6 1
448.18 31535 2.3577 -0.094953 2640.2 0.0010395 1.8126 0.013959 0.00029385 581.88 1
451.09 31544 2.3574 -0.093788 2645.2 0.0012454 1.8127 0.014237 0.00037903 572.51 1
454.37 31556 2.3571 -0.09247 2650.9 0.0015853 1.8127 0.014269 0.00040269 561.91 1
457.53 31571 2.3568 -0.091201 2656.2 0.0018923 1.8127 0.01388 0.00035664 551.72 1
460.07 31584 2.3565 -0.090173 2660.5 0.0020839 1.8127 0.01367 0.00024513 543.49 1
461.63 31593 2.3564 -0.089545 2663.1 0.0022071 1.8127 0.013814 0.00013408 538.46 1
462.01 31595 2.3563 -0.089392 2663.8 0.0022431 1.8127 0.013824 0.0001256 537.24 1
462.96 31601 2.3563 -0.089009 2665.3 0.0023283 1.8127 0.013723 0.00017745 534.17 1
465.05 31615 2.356 -0.088163 2668.8 0.0024932 1.8127 0.013555 0.00031596 527.42 1
467.96 31635 2.3558 -0.086985 2673.6 0.0027431 1.8127 0.013734 0.00040456 518.02 1
471.24 31660 2.3554 -0.085654 2678.9 0.0030759 1.8128 0.01354 0.00042492 507.43 1
474.39 31687 2.3551 -0.084371 2683.9 0.0032164 1.8128 0.012488 0.0003717 497.28 1
476.94 31709 2.3548 -0.083333 2687.9 0.0031132 1.8128 0.011831 0.00025353 489.13 1
478.5 31722 2.3547 -0.082698 2690.3 0.0030118 1.8128 0.011834 0.00013802 484.17 1
478.88 31725 2.3547 -0.082544 2690.9 0.0029893 1.8128 0.011813 0.00012922 482.96 1
479.83 31732 2.3546 -0.082156 2692.4 0.0029222 1.8128 0.011589 0.000182 479.93 1
481.92 31748 2.3543 -0.081302 2695.6 0.00268 1.8128 0.010883 0.00032181 473.29 1
484.83 31768 2.3541 -0.080113 2700.1 0.002275 1.8128 0.011294 0.00040927 464.07 1
488.11 31787 2.3537 -0.078768 2705.1 0.0023152 1.8128 0.013809 0.00043013 453.58 1
491.26 31810 2.3534 -0.077473 2710 0.0031606 1.8129 0.016212 0.00037832 443.35 1
493.81 31836 2.3531 -0.076424 2713.8 0.0042313 1.8129 0.017009 0.00025868 435.02 1
495.37 31855 2.353 -0.075784 2716.1 0.0049319 1.8129 0.017034 0.00014085 429.94 1
495.75 31860 2.3529 -0.075628 2716.7 0.0051017 1.8129 0.016965 0.00013184 428.71 1
496.7 31874 2.3528 -0.075237 2718.1 0.0054989 1.8129 0.016408 0.00018499 425.62 1
498.79 31907 2.3526 -0.074375 2721.1 0.0060262 1.8129 0.012903 0.0003231 418.89 1
501.69 31952 2.3523 -0.073174 2725.2 0.0049931 1.8129 0.0039568 0.0004015 409.89 1
504.98 31982 2.352 -0.071817 2729.8 0.0014216 1.8129 5.057e-07 0.0004169 400.18 1
508.13 31981 2.3517 -0.07051 2734.3 -0.0011647 1.8129 0.008669 0.00037387 390.7 1
510.68 31973 2.3514 -0.069453 2737.9 -0.00096297 1.8129 0.016326 0.00026193 382.61 1
512.24 31970 2.3513 -0.068807 2740.2 -0.00015049 1.813 0.018735 0.00014433 377.54 1
512.61 31970 2.3512 -0.068649 2740.8 0.00010516 1.813 0.018781 0.00013538 376.3 1
513.56 31971 2.3511 -0.068255 2742.1 0.00071862 1.813 0.018811 0.00019064 373.18 1
515.66 31979 2.3509 -0.067385 2745.1 0.0019896 1.813 0.017144 0.00033454 366.32 1
518.56 31999 2.3506 -0.066174 2749.2 0.0026434 1.813 0.010996 0.00041922 356.99 1
521.84 32020 2.3503 -0.064805 2753.6 0.0019878 1.813 0.0097279 0.00044343 346.72 1
525 32037 2.3499 -0.063486 2757.9 0.0022545 1.813 0.015697 0.0004048 336.7 1
527.55 32058 2.3497 -0.06242 2761.4 0.0037668 1.813 0.019552 0.00028522 328.37 1
529.1 32076 2.3495 -0.061768 2763.5 0.0050315 1.813 0.021023 0.00015789 323.24 1
529.48 32082 2.3495 -0.06161 2764 0.0053746 1.813 0.021083 0.00014808 321.98 1
530.43 32097 2.3494 -0.061212 2765.3 0.0062197 1.813 0.02119 0.00020787 318.84 1
532.52 32138 2.3492 -0.060335 2768 0.0078324 1.813 0.017484 0.00035897 311.99 1
535.43 32203 2.3489 -0.059114 2771.6 0.0078142 1.813 0.005935 0.00042523 302.93 1
538.71 32262 2.3485 -0.057734 2775.5 0.0047771 1.8131 2.2349e-06 0.00041834 293.31 1
541.87 32288 2.3482 -0.056405 2779.6 0.0011787 1.8131 0 0.00037407 284.22 1
544.42 32287 2.3479 -0.05533 2782.9 -0.0015219 1.8131 0.0018325 0.00027211 276.84 1
545.97 32277 2.3478 -0.054674 2784.8 -0.0027591 1.8131 0.0050287 0.0001543 272.26 1
546.35 32274 2.3477 -0.054514 2785.3 -0.0029809 1.8131 0.005645 0.00014556 271.12 1
547.3 32266 2.3476 -0.054113 2786.5 -0.003465 1.8131 0.0070239 0.00020845 268.27 1
549.39 32244 2.3474 -0.053229 2789.2 -0.0037655 1.8131 0.013213 0.00037927 261.83 1
552.3 32218 2.3471 -0.051999 2793 -0.0021858 1.8131 0.01993 0.00050655 252.48 1
555.58 32212 2.3467 -0.050608 2797.2 0.00071666 1.8131 0.01997 0.0005601 241.69 1
558.74 32229 2.3464 -0.049269 2801.1 0.0031569 1.8131 0.018881 0.00051332 231.37 1
561.29 32259 2.3461 -0.048186 2804.2 0.0053716 1.8131 0.021917 0.00036095 223.01 1
562.84 32286 2.346 -0.047525 2806 0.0071211 1.8131 0.023658 0.00019991 217.85 1
563.22 32294 2.3459 -0.047363 2806.5 0.0075683 1.8131 0.023804 0.00018715 216.59 1
564.17 32316 2.3458 -0.04696 2807.6 0.0087045 1.8131 0.023726 0.0002604 213.44 1
566.26 32373 2.3456 -0.046069 2809.9 0.010785 1.8132 0.019144 0.00043553 206.6 1
569.17 32466 2.3453 -0.04483 2813 0.011415 1.8132 0.0081145 0.00048285 197.59 1
572.45 32562 2.345 -0.04343 2816.4 0.0088479 1.8132 6.7312e-06 0.00045151 188.11 1
575.61 32624 2.3446 -0.042082 2819.8 0.0052231 1.8132 1.5126e-06 0.00039446 179.29 1
578.15 32652 2.3444 -0.040992 2822.5 0.0024585 1.8132 0.00024475 0.00028698 172.17 1
579.71 32659 2.3442 -0.040326 2824.2 0.00072829 1.8132 3.5098e-06 0.00018903 167.84 1
580.09 32660 2.3442 -0.040164 2824.7 0.0003124 1.8132 0.0015046 0.000196 166.79 1
583.79 32642 2.3438 -0.038579 2828.7 -0.0026052 1.8132 0.0067523 0.001044 156.27 1
591.77 32589 2.3429 -0.035152 2837.4 -0.0024501 1.8133 0.011618 0.0018131 132.27 1
602.42 32442 2.3418 -0.030559 2849.6 -0.0066226 1.8133 0.0079931 0.0020968 100.47 1
613.64 32481 2.3406 -0.025704 2858.4 0.017387 1.8135 0.061255 0.0035739 61.396 1
623.2 33682 2.3396 -0.021569 2852.6 0.073836 1.8139 0.085059 0.0034327 24.292 1
629.21 35235 2.3389 -0.018988 2839.6 0.10472 1.8141 0.11252 0.0019531 5.2406 1
630.7 35683 2.3388 -0.018353 2835.2 0.11407 1.8142 0.11519 0 0.71814 1
630.7 35683 2.3388 -0.018353 2835.2 0.11407 1.8142 0.11519 0 0.71814 0
631.14 35831 2.3387 -0.018162 2828.7 0.1191 1.8142 0.11432 0.024938 0.7179 0
632.13 36177 2.3386 -0.017742 2815.2 0.12938 1.8151 0.11128 0.10351 0.71783 0
633.51 36700 2.3385 -0.017163 2797.9 0.14175 1.8177 0.10728 0.20879 0.71762 0
635.06 37337 2.3383 -0.016515 2780.5 0.15303 1.8222 0.10255 0.33269 0.71751 0
636.56 37985 2.3381 -0.015898 2765.7 0.16129 1.8276 0.098212 0.44535 0.7173 0
637.76 38529 2.338 -0.015403 2754.8 0.1663 1.8323 0.094938 0.53431 0.71716 0
638.5 38866 2.3379 -0.015102 2748.7 0.1687 1.8353 0.093716 0.57642 0.71696 0
638.68 38949 2.3379 -0.015029 2747.2 0.16923 1.836 0.093555 0.58383 0.71691 0
639.13 39158 2.3379 -0.014846 2743.6 0.17047 1.8378 0.093119 0.60149 0.7168 0
640.12 39621 2.3377 -0.014444 2736.1 0.17269 1.8417 0.091244 0.6655 0.71661 0
641.49 40270 2.3376 -0.013888 2726.5 0.17464 1.8472 0.088306 0.75401 0.71639 0
643.04 41007 2.3374 -0.013264 2716.7 0.17542 1.8531 0.08504 0.85303 0.71617 0
644.54 41713 2.3372 -0.012667 2708.1 0.175 1.8586 0.082469 0.93283 0.71594 0
645.74 42280 2.3371 -0.012187 2701.8 0.17404 1.8627 0.080934 0.98364 0.71572 0
646.48 42623 2.337 -0.011895 2698.1 0.17323 1.8651 0.080422 1.0011 0.71548 0
646.66 42706 2.337 -0.011824 2697.2 0.17302 1.8656 0.080359 1.0035 0.71539 0
647.11 42914 2.3369 -0.011646 2695 0.17246 1.867 0.080179 1.0104 0.71328 0
648.1 43370 2.3368 -0.011255 2690.4 0.17108 1.8699 0.079379 1.0382 0.71401 0
649.47 43996 2.3366 -0.010712 2684.4 0.16882 1.8738 0.078067 1.0759 0.71302 0
651.03 44689 2.3364 -0.010102 2678.2 0.16587 1.8777 0.076583 1.1073 0.71336 0
652.52 45343 2.3363 -0.0095168 2672.5 0.16275 1.8811 0.075396 1.12 0.71261 0
653.73 45860 2.3361 -0.0090452 2668.3 0.1601 1.8837 0.07468 1.121 0.71274 0
654.46 46172 2.336 -0.008758 2665.8 0.15843 1.8851 0.074437 1.1196 0.71218 0
654.64 46247 2.336 -0.008688 2665.2 0.15801 1.8855 0.074407 1.1197 0.71219 0
655.09 46435 2.3359 -0.0085129 2663.7 0.15697 1.8863 0.074319 1.1204 0.7093 0
656.08 46843 2.3358 -0.0081275 2660.5 0.15464 1.8881 0.07392 1.1229 0.71031 0
657.46 47401 2.3356 -0.0075926 2656.3 0.1513 1.8905 0.073252 1.1227 0.709 0
659.01 48014 2.3354 -0.0069901 2651.9 0.14743 1.8929 0.072486 1.1138 0.70949 0
660.5 48588 2.3352 -0.0064119 2647.8 0.14363 1.895 0.071871 1.098 0.70849 0
661.71 49040 2.3351 -0.0059455 2644.7 0.14052 1.8966 0.071503 1.0844 0.70867 0
662.44 49310 2.335 -0.0056612 2642.8 0.13861 1.8975 0.071379 1.0789 0.70791 0
662.62 49376 2.335 -0.005592 2642.4 0.13814 1.8977 0.071363 1.0784 0.70791 0
663.07 49539 2.3349 -0.0054186 2641.3 0.13696 1.8983 0.071317 1.0776 0.70545 0
664.06 49892 2.3348 -0.005037 2638.9 0.13434 1.8994 0.071105 1.0742 0.70621 0
665.44 50371 2.3346 -0.0045069 2635.7 0.13065 1.9009 0.070754 1.0667 0.70493 0
666.99 50896 2.3344 -0.0039096 2632.3 0.12644 1.9025 0.070362 1.0531 0.70522 0
668.48 51383 2.3342 -0.0033359 2629.2 0.12234 1.9039 0.07006 1.0373 0.70416 0
669.69 51765 2.334 -0.002873 2626.8 0.11901 1.905 0.069886 1.0255 0.70428 0
670.43 51992 2.3339 -0.0025907 2625.4 0.11696 1.9056 0.069829 1.0212 0.70293 0
670.61 52047 2.3339 -0.0025219 2625.1 0.11646 1.9057 0.069822 1.0208 0.70239 0
671.17 52217 2.3338 -0.0023068 2624 0.11489 1.9062 0.069787 1.02 0.69979 0
672.4 52583 2.3337 -0.001833 2621.7 0.11141 1.9072 0.069633 1.0165 0.70037 0
674.12 53073 2.3334 -0.0011748 2618.7 0.10652 1.9084 0.069403 1.0079 0.69889 0
676.06 53599 2.3332 -0.00043302 2615.5 0.10096 1.9098 0.069185 0.99131 0.69899 0
677.93 54078 2.3329 0.00027948 2612.5 0.095568 1.911 0.069059 0.97115 0.69768 0
679.44 54445 2.3327 0.00085451 2610.3 0.091189 1.9119 0.069013 0.95564 0.69762 0
680.36 54661 2.3326 0.0012051 2609 0.088505 1.9124 0.069005 0.94969 0.69568 0
680.58 54712 2.3326 0.0012906 2608.7 0.087849 1.9125 0.069004 0.94913 0.69477 0
681.14 54839 2.3325 0.0015044 2607.9 0.086203 1.9129 0.068998 0.94819 0.69166 0
682.38 55111 2.3323 0.0019755 2606.2 0.082568 1.9135 0.068978 0.94417 0.69123 0
684.1 55469 2.3321 0.0026299 2604 0.077484 1.9144 0.068974 0.93608 0.68964 0
686.04 55846 2.3318 0.0033679 2601.7 0.071718 1.9154 0.069022 0.92247 0.68912 0
687.91 56180 2.3316 0.0040769 2599.6 0.066147 1.9162 0.069116 0.907 0.68745 0
689.42 56430 2.3314 0.0046492 2598 0.061632 1.9169 0.069204 0.89542 0.68631 0
690.34 56574 2.3312 0.0049983 2597.1 0.05887 1.9173 0.069243 0.89107 0.68356 0
690.56 56608 2.3312 0.0050834 2596.9 0.058195 1.9174 0.069247 0.89066 0.68239 0
691.12 56692 2.3311 0.0052963 2596.3 0.056504 1.9176 0.069259 0.89002 0.67907 0
692.36 56867 2.331 0.0057653 2595.1 0.052774 1.9181 0.069317 0.88735 0.67745 0
694.08 57091 2.3307 0.0064171 2593.6 0.047571 1.9188 0.069447 0.88205 0.67499 0
696.02 57316 2.3305 0.0071522 2592 0.041682 1.9196 0.069653 0.87296 0.67342 0
697.89 57503 2.3302 0.0078586 2590.6 0.036007 1.9203 0.069879 0.86244 0.67094 0
699.39 57635 2.33 0.0084289 2589.6 0.031415 1.9208 0.070048 0.8545 0.669 0
700.31 57707 2.3299 0.0087768 2589 0.02861 1.9212 0.070115 0.85153 0.66599 0
700.54 57723 2.3298 0.0088616 2588.8 0.027925 1.9212 0.070123 0.85127 0.66478 0
701.1 57762 2.3298 0.0090738 2588.5 0.02621 1.9214 0.070145 0.85093 0.66149 0
702.34 57840 2.3296 0.0095413 2587.7 0.022431 1.9219 0.070256 0.84967 0.65943 0
704.06 57928 2.3293 0.010191 2586.8 0.017169 1.9225 0.070478 0.84704 0.6566 0
706 58000 2.3291 0.010924 2585.8 0.011227 1.9231 0.070794 0.84179 0.65453 0
707.86 58040 2.3288 0.011628 2585 0.005512 1.9237 0.071113 0.83516 0.65174 0
709.37 58052 2.3286 0.012197 2584.5 0.00089586 1.9243 0.071342 0.82996 0.64952 0
710.29 58051 2.3285 0.012544 2584.1 -0.0019208 1.9246 0.071431 0.82801 0.64646 0
710.52 58050 2.3284 0.012628 2584.1 -0.0026078 1.9246 0.071442 0.82785 0.64526 0
711.08 58045 2.3284 0.01284 2583.9 -0.0043273 1.9248 0.071474 0.82779 0.64201 0
712.31 58025 2.3282 0.013306 2583.5 -0.0081131 1.9252 0.07163 0.82771 0.63982 0
714.03 57977 2.328 0.013954 2583.1 -0.013374 1.9258 0.071936 0.82728 0.63685 0
715.97 57895 2.3277 0.014685 2582.7 -0.019304 1.9265 0.072357 0.82504 0.63461 0
717.84 57789 2.3274 0.015388 2582.4 -0.024995 1.9271 0.072769 0.82132 0.63171 0
719.35 57682 2.3272 0.015955 2582.2 -0.029582 1.9276 0.073061 0.81812 0.6294 0
720.27 57609 2.3271 0.016301 2582.2 -0.032377 1.9279 0.073174 0.81691 0.62634 0
720.49 57590 2.3271 0.016385 2582.2 -0.033058 1.928 0.073188 0.81684 0.62515 0
721.05 57541 2.327 0.016597 2582.1 -0.034762 1.9282 0.073231 0.81699 0.62186 0
722.29 57424 2.3268 0.017062 2582.1 -0.038509 1.9287 0.073441 0.81796 0.61967 0
724.01 57241 2.3266 0.017708 2582.1 -0.043706 1.9293 0.073849 0.81942 0.61663 0
725.95 57008 2.3263 0.018437 2582.2 -0.049548 1.93 0.074401 0.81966 0.61435 0
727.82 56755 2.326 0.019138 2582.3 -0.05514 1.9308 0.074936 0.81824 0.61139 0
729.33 56532 2.3258 0.019704 2582.5 -0.059634 1.9314 0.075311 0.81659 0.60905 0
730.25 56387 2.3257 0.020049 2582.6 -0.062367 1.9317 0.075458 0.81596 0.60599 0
730.47 56351 2.3256 0.020133 2582.6 -0.063033 1.9318 0.075476 0.81596 0.6048 0
731.03 56258 2.3256 0.020344 2582.7 -0.064696 1.9321 0.075534 0.81633 0.6014 0
732.27 56046 2.3254 0.020808 2582.9 -0.068348 1.9326 0.075819 0.81832 0.59928 0
733.99 55731 2.3251 0.021453 2583.3 -0.073399 1.9334 0.076368 0.82166 0.59617 0
735.93 55350 2.3249 0.02218 2583.7 -0.079056 1.9343 0.077105 0.82425 0.59391 0
737.8 54956 2.3246 0.022879 2584.1 -0.084447 1.9352 0.077813 0.8249 0.59089 0
739.3 54619 2.3244 0.023443 2584.5 -0.088761 1.936 0.078308 0.82458 0.58857 0
740.22 54405 2.3243 0.023787 2584.8 -0.091376 1.9365 0.078502 0.82445 0.58548 0
740.45 54352 2.3242 0.023871 2584.8 -0.092012 1.9367 0.078526 0.82451 0.58431 0
741.01 54217 2.3241 0.024081 2585 -0.093599 1.937 0.078605 0.82512 0.58072 0
742.25 53913 2.324 0.024544 2585.3 -0.097075 1.9377 0.078996 0.82826 0.57873 0
743.97 53471 2.3237 0.025186 2585.8 -0.10186 1.9388 0.079743 0.83365 0.5755 0
745.91 52947 2.3234 0.025911 2586.3 -0.10718 1.9401 0.080736 0.83868 0.57331 0
747.77 52419 2.3232 0.026608 2586.9 -0.11222 1.9414 0.081682 0.84132 0.57021 0
749.28 51974 2.3229 0.02717 2587.2 -0.11622 1.9426 0.082342 0.84223 0.56794 0
750.2 51696 2.3228 0.027513 2587.5 -0.11863 1.9433 0.0826 0.84255 0.56482 0
750.43 51627 2.3228 0.027596 2587.5 -0.11921 1.9435 0.082633 0.84268 0.56367 0
750.99 51453 2.3227 0.027805 2587.7 -0.12067 1.944 0.082741 0.84356 0.55982 0
752.22 51062 2.3225 0.028266 2588 -0.12384 1.945 0.083272 0.84805 0.55799 0
753.94 50503 2.3223 0.028906 2588.3 -0.12816 1.9467 0.084277 0.85581 0.55464 0
755.88 49849 2.322 0.029627 2588.6 -0.13291 1.9487 0.085596 0.86344 0.55253 0
757.75 49198 2.3217 0.03032 2588.7 -0.13731 1.9508 0.08684 0.86799 0.54936 0
759.26 48657 2.3215 0.030879 2588.7 -0.14074 1.9527 0.087705 0.86994 0.54714 0
760.18 48321 2.3213 0.031219 2588.7 -0.14277 1.9539 0.088044 0.87062 0.54398 0
760.4 48238 2.3213 0.031303 2588.7 -0.14326 1.9542 0.088087 0.87081 0.54288 0
760.96 48030 2.3212 0.03151 2588.6 -0.14448 1.955 0.088232 0.872 0.53867 0
762.2 47565 2.321 0.031968 2588.4 -0.14708 1.9568 0.088931 0.87793 0.53703 0
763.92 46904 2.3208 0.032603 2588 -0.15054 1.9596 0.090228 0.88805 0.53353 0
765.86 46142 2.3205 0.033318 2587.2 -0.15419 1.9631 0.0919 0.89796 0.53153 0
767.73 45393 2.3202 0.034004 2586 -0.1574 1.967 0.093453 0.9038 0.52826 0
769.24 44777 2.32 0.034557 2584.7 -0.15973 1.9704 0.094524 0.9062 0.5261 0
770.16 44398 2.3198 0.034894 2583.8 -0.16103 1.9727 0.094943 0.90699 0.5229 0
770.38 44305 2.3198 0.034976 2583.6 -0.16133 1.9733 0.094997 0.90722 0.52183 0
770.94 44071 2.3197 0.035181 2582.9 -0.16206 1.9748 0.095177 0.9087 0.51727 0
772.18 43553 2.3195 0.035633 2581.3 -0.16354 1.9782 0.096034 0.91598 0.51582 0
773.9 42827 2.3192 0.036259 2578.6 -0.16528 1.9836 0.097583 0.92822 0.51217 0
775.84 42000 2.3189 0.036962 2574.7 -0.16673 1.9905 0.099529 0.93989 0.51029 0
777.71 41201 2.3186 0.037635 2570.1 -0.16753 1.9981 0.10129 0.94634 0.50692 0
779.21 40555 2.3184 0.038176 2565.6 -0.16768 2.0051 0.10248 0.94868 0.50482 0
780.13 40162 2.3182 0.038505 2562.5 -0.16753 2.0097 0.10293 0.9494 0.50156 0
780.36 40066 2.3182 0.038585 2561.8 -0.16746 2.0108 0.10299 0.94967 0.50052 0
780.92 39827 2.3181 0.038785 2559.7 -0.16725 2.0138 0.10319 0.95147 0.49577 0
782.16 39301 2.3179 0.039223 2554.8 -0.16654 2.0209 0.10412 0.96032 0.49441 0
783.88 38577 2.3176 0.03983 2546.8 -0.16497 2.0318 0.10574 0.9752 0.49068 0
785.82 37773 2.3172 0.040508 2536.3 -0.16232 2.0459 0.10769 0.98932 0.48885 0
787.68 37017 2.3169 0.041152 2524.3 -0.15875 2.0614 0.10936 0.99708 0.48542 0
789.19 36424 2.3166 0.041666 2513.3 -0.15503 2.0755 0.11042 0.99985 0.48336 0
790.11 36070 2.3164 0.041977 2505.9 -0.15238 2.0847 0.1108 1.0007 0.48007 0
790.34 35985 2.3164 0.042053 2504 -0.15168 2.087 0.11085 1.0011 0.47903 0
790.9 35774 2.3163 0.042241 2499.2 -0.14987 2.093 0.11102 1.0034 0.47422 0
792.13 35320 2.3161 0.042652 2487.9 -0.14555 2.1069 0.11181 1.0148 0.47288 0
793.85 34715 2.3157 0.043215 2470.6 -0.13882 2.1283 0.11312 1.0339 0.46912 0
795.79 34075 2.3153 0.043836 2448.7 -0.13025 2.1552 0.11455 1.0521 0.4673 0
797.66 33504 2.3149 0.044418 2425.3 -0.12095 2.184 0.11558 1.0616 0.46385 0
799.17 33080 2.3146 0.044876 2404.8 -0.11261 2.2091 0.11611 1.0643 0.46179 0
800.09 32838 2.3144 0.045149 2391.6 -0.10714 2.2253 0.11627 1.0648 0.45847 0
800.31 32781 2.3143 0.045215 2388.4 -0.10577 2.2293 0.1163 1.0652 0.45743 0
800.87 32642 2.3142 0.045379 2380 -0.10227 2.2395 0.11638 1.0678 0.45261 0
802.11 32354 2.3139 0.045733 2361.1 -0.094368 2.2628 0.11676 1.0804 0.45126 0
803.83 31996 2.3135 0.04621 2333.6 -0.083172 2.2971 0.11727 1.0999 0.44748 0
805.77 31651 2.313 0.046724 2301.1 -0.070382 2.3381 0.11758 1.1144 0.44565 0
807.64 31377 2.3126 0.047193 2269 -0.057822 2.3791 0.11752 1.1166 0.44218 0
809.15 31198 2.3122 0.047553 2242.7 -0.047342 2.4129 0.11729 1.1123 0.44011 0
810.07 31108 2.3119 0.047764 2226.5 -0.040804 2.4337 0.11717 1.1097 0.43678 0
810.29 31088 2.3119 0.047815 2222.6 -0.039197 2.4388 0.11716 1.1096 0.43573 0
810.85 31042 2.3117 0.047939 2212.7 -0.035179 2.4516 0.11714 1.111 0.43088 0
812.09 30958 2.3114 0.048205 2191 -0.026428 2.4799 0.11701 1.1175 0.42952 0
813.81 30881 2.3109 0.048555 2161 -0.014643 2.5195 0.11664 1.1242 0.42572 0
815.75 30847 2.3104 0.048922 2127.7 -0.0017638 2.5637 0.1159 1.1207 0.42387 0
817.62 30864 2.3099 0.049248 2096.7 0.010486 2.6053 0.11497 1.106 0.42039 0
819.12 30913 2.3094 0.049492 2072.5 0.020407 2.6379 0.11423 1.0907 0.4183 0
820.04 30957 2.3092 0.049632 2058 0.026434 2.6572 0.11394 1.0839 0.41494 0
820.27 30970 2.3091 0.049666 2054.6 0.027891 2.6619 0.1139 1.0834 0.41389 0
820.83 31004 2.3089 0.049748 2046 0.031489 2.6735 0.11382 1.0829 0.409 0
822.07 31093 2.3086 0.049921 2027.3 0.039182 2.6986 0.1134 1.0804 0.40763 0
823.79 31246 2.3081 0.050144 2002.4 0.049336 2.7323 0.11258 1.0725 0.4038 0
825.73 31458 2.3075 0.050374 1975.8 0.060184 2.7683 0.11139 1.054 0.40193 0
827.59 31696 2.307 0.050573 1951.6 0.070164 2.8007 0.11018 1.0297 0.39841 0
829.1 31913 2.3066 0.05072 1933.1 0.077913 2.8252 0.10932 1.01 0.39631 0
830.02 32055 2.3063 0.050804 1922.3 0.082454 2.8394 0.10899 1.0022 0.39292 0
830.25 32091 2.3062 0.050824 1919.7 0.08353 2.8428 0.10895 1.0014 0.39185 0
830.81 32182 2.3061 0.050873 1913.3 0.086154 2.8512 0.10885 0.99998 0.38694 0
832.04 32391 2.3057 0.050975 1899.6 0.091622 2.8692 0.10839 0.99353 0.38555 0
833.76 32700 2.3052 0.051105 1881.5 0.098543 2.8927 0.10755 0.98028 0.38169 0
835.71 33071 2.3047 0.051237 1862.4 0.10551 2.9172 0.10643 0.95888 0.37981 0
837.57 33445 2.3042 0.051351 1845.3 0.11144 2.9386 0.10536 0.93534 0.37627 0
839.08 33760 2.3037 0.051434 1832.3 0.11569 2.9546 0.10462 0.91791 0.37415 0
840 33956 2.3035 0.051481 1824.7 0.11803 2.9639 0.10434 0.91126 0.37076 0
840.22 34004 2.3034 0.051492 1822.9 0.11856 2.966 0.10431 0.91058 0.36969 0
840.78 34126 2.3033 0.05152 1818.5 0.11984 2.9714 0.10422 0.90914 0.36477 0
842.02 34397 2.3029 0.051577 1808.9 0.12236 2.9829 0.1038 0.90269 0.36338 0
843.74 34780 2.3024 0.051649 1796.3 0.12523 2.9978 0.10301 0.89044 0.35953 0
845.68 35218 2.3019 0.051722 1783 0.12766 3.0132 0.10197 0.87252 0.35766 0
847.55 35643 2.3014 0.051784 1771 0.12926 3.0267 0.10098 0.85414 0.35414 0
849.06 35987 2.301 0.051829 1761.9 0.13004 3.0368 0.1003 0.84104 0.35204 0
849.98 36198 2.3007 0.051855 1756.5 0.13029 3.0426 0.10005 0.83616 0.34867 0
850.2 36249 2.3007 0.051861 1755.3 0.13033 3.044 0.10002 0.83565 0.34762 0
850.76 36377 2.3005 0.051875 1752.1 0.13037 3.0473 0.099934 0.8345 0.34277 0
852 36658 2.3002 0.051906 1745.4 0.13025 3.0546 0.099539 0.82937 0.34141 0
853.72 37046 2.2997 0.051944 1736.4 0.12959 3.064 0.098823 0.81994 0.33762 0
855.66 37478 2.2992 0.051981 1726.9 0.12824 3.0738 0.0979 0.80675 0.33579 0
857.53 37886 2.2987 0.052013 1718.3 0.12639 3.0824 0.097049 0.79371 0.33233 0
859.03 38210 2.2983 0.052035 1711.8 0.12452 3.0889 0.096479 0.78461 0.33028 0
859.95 38404 2.2981 0.052048 1707.9 0.12322 3.0927 0.096269 0.78125 0.32698 0
860.18 38451 2.298 0.052051 1707 0.12288 3.0936 0.096245 0.78089 0.32596 0
860.74 38568 2.2979 0.052057 1704.7 0.12201 3.0958 0.096175 0.78003 0.32119 0
861.98 38823 2.2975 0.052072 1699.8 0.11995 3.1005 0.09585 0.7762 0.31987 0
863.7 39167 2.2971 0.052089 1693.2 0.11677 3.1068 0.095268 0.76921 0.31612 0
865.64 39543 2.2966 0.052105 1686.2 0.11277 3.1134 0.094529 0.75966 0.3143 0
867.5 39890 2.2961 0.052117 1679.9 0.10856 3.1193 0.093858 0.75037 0.31085 0
869.01 40159 2.2957 0.052125 1675 0.10491 3.1238 0.093414 0.74391 0.30878 0
869.93 40319 2.2955 0.052129 1672.1 0.10258 3.1264 0.093253 0.7415 0.30551 0
870.16 40357 2.2954 0.05213 1671.4 0.102 3.127 0.093234 0.74123 0.30451 0
870.61 40433 2.2953 0.052131 1670 0.10083 3.1283 0.0932 0.74079 0.30007 0
871.59 40597 2.295 0.052134 1667.1 0.098185 3.131 0.093042 0.73877 0.29852 0
872.97 40817 2.2947 0.052138 1663.1 0.094382 3.1347 0.092764 0.73516 0.29478 0
874.52 41055 2.2943 0.052139 1658.8 0.089925 3.1386 0.092417 0.73046 0.29272 0
876.02 41271 2.2939 0.05214 1654.8 0.085482 3.1423 0.09211 0.7261 0.28918 0
877.22 41438 2.2936 0.052139 1651.7 0.081791 3.1451 0.091913 0.72318 0.28686 0
877.96 41536 2.2934 0.052138 1649.8 0.079492 3.1468 0.091842 0.72211 0.28349 0
878.14 41559 2.2933 0.052138 1649.4 0.078927 3.1472 0.091834 0.72199 0.28242 0
878.59 41617 2.2932 0.052138 1648.3 0.077501 3.1482 0.091812 0.72167 0.27825 0
879.58 41741 2.293 0.052136 1645.9 0.074331 3.1504 0.091712 0.72017 0.27623 0
880.95 41904 2.2926 0.052132 1642.7 0.069837 3.1534 0.091539 0.71749 0.27219 0
882.51 42075 2.2922 0.052127 1639.3 0.06466 3.1567 0.091329 0.71401 0.26958 0
884 42227 2.2918 0.05212 1636.1 0.059582 3.1598 0.091148 0.71079 0.2656 0
885.2 42340 2.2915 0.052114 1633.6 0.055414 3.1622 0.091034 0.70864 0.26267 0
885.94 42405 2.2913 0.05211 1632.1 0.052842 3.1637 0.090996 0.70784 0.25885 0
886.12 42421 2.2913 0.052109 1631.7 0.052212 3.1641 0.090992 0.70775 0.2576 0
886.57 42458 2.2912 0.052107 1630.9 0.050626 3.1649 0.090981 0.70748 0.25322 0
887.56 42537 2.2909 0.0521 1629 0.047121 3.1669 0.090938 0.70621 0.25077 0
888.93 42637 2.2906 0.052091 1626.4 0.042196 3.1695 0.09087 0.7039 0.24564 0
890.49 42736 2.2902 0.05208 1623.6 0.036582 3.1724 0.090795 0.70094 0.24288 0
891.98 42818 2.2898 0.052068 1621.1 0.031126 3.1752 0.090736 0.69824 0.23654 0
893.19 42875 2.2895 0.052057 1619.1 0.026687 3.1774 0.090705 0.69643 0.23251 0
893.92 42905 2.2893 0.05205 1617.9 0.023959 3.1787 0.090697 0.69576 0.22643 0
894.1 42912 2.2893 0.052049 1617.6 0.023288 3.179 0.090697 0.69568 0.22233 0
894.55 42928 2.2892 0.052044 1617 0.021611 3.1798 0.090698 0.69541 0.21488 0
895.54 42960 2.2889 0.052034 1615.4 0.017922 3.1816 0.090711 0.69414 0.20788 0
896.92 42994 2.2886 0.05202 1613.4 0.012782 3.184 0.090749 0.69182 0.20301 0
898.47 43019 2.2882 0.052003 1611.2 0.0069764 3.1868 0.090809 0.6889 0.20457 0
899.96 43029 2.2878 0.051986 1609.1 0.0013778 3.1894 0.090873 0.68631 0.20347 0
901.17 43027 2.2875 0.051971 1607.5 -0.003146 3.1916 0.090921 0.68461 0.2043 0
901.9 43022 2.2873 0.051962 1606.6 -0.0059089 3.1929 0.090942 0.68397 0.20372 0
902.08 43020 2.2873 0.051959 1606.4 -0.0065819 3.1932 0.090945 0.68389 0.20394 0
902.53 43014 2.2872 0.051953 1605.8 -0.0082675 3.194 0.090955 0.68359 0.20394 0
903.52 42998 2.2869 0.05194 1604.6 -0.01198 3.1957 0.09101 0.68217 0.20394 0
904.9 42966 2.2866 0.051921 1602.9 -0.017133 3.1981 0.091116 0.67957 0.20394 0
906.45 42916 2.2862 0.051899 1601.2 -0.022927 3.2009 0.091252 0.67635 0.20394 0
907.94 42855 2.2858 0.051876 1599.5 -0.02847 3.2035 0.091377 0.67349 0.20394 0
909.15 42796 2.2855 0.051857 1598.2 -0.032925 3.2057 0.091462 0.6716 0.20394 0
909.89 42756 2.2853 0.051845 1597.5 -0.035631 3.207 0.091494 0.67086 0.20394 0
910.07 42745 2.2853 0.051842 1597.3 -0.03629 3.2073 0.091499 0.67076 0.20394 0
914 42473 2.2843 0.051775 1593.4 -0.05048 3.2145 0.092402 0.64886 0.20394 0
922.22 41631 2.2823 0.051611 1585.9 -0.077839 3.23 0.094343 0.59402 0.20394 0
932.5 40126 2.2798 0.051362 1576.6 -0.10664 3.2519 0.09242 0.59328 0.20394 0
942.07 38358 2.2774 0.051076 1566.5 -0.12798 3.278 0.086295 0.64885 0.20394 0
948.39 37044 2.2759 0.050853 1558.1 -0.13886 3.2999 0.081719 0.69585 0.20394 0
949.98 36698 2.2756 0.050791 1555.7 -0.14112 3.3062 0.081056 0.70216 0.20394 0
950.72 36534 2.2754 0.050762 1554.4 -0.14207 3.3093 0.080974 0.70303 0.20394 0
952.37 36169 2.275 0.050694 1551.6 -0.14389 3.3164 0.080566 0.70735 0.20394 0
954.67 35656 2.2744 0.050596 1547.3 -0.14582 3.3268 0.0798 0.71576 0.20394 0
957.26 35072 2.2738 0.050478 1541.8 -0.14715 3.3397 0.078857 0.72679 0.20394 0
959.74 34510 2.2733 0.050358 1535.9 -0.14751 3.3533 0.078006 0.73689 0.20394 0
961.75 34057 2.2728 0.050255 1530.6 -0.14709 3.3651 0.077443 0.74364 0.20394 0
962.98 33783 2.2725 0.05019 1527.1 -0.14648 3.3728 0.077239 0.74625 0.20394 0
963.28 33716 2.2724 0.050174 1526.2 -0.14628 3.3747 0.077215 0.74661 0.20394 0
964.03 33550 2.2723 0.050133 1523.9 -0.14572 3.3795 0.077134 0.74807 0.20394 0
965.68 33188 2.2719 0.050039 1518.6 -0.1441 3.3907 0.07676 0.75515 0.20394 0
967.97 32694 2.2714 0.049903 1510.6 -0.14106 3.4075 0.076126 0.76783 0.20394 0
970.56 32154 2.2708 0.049739 1500.5 -0.13654 3.428 0.075408 0.78228 0.20394 0
973.05 31658 2.2702 0.04957 1489.8 -0.13106 3.4496 0.074812 0.79335 0.20394 0
975.06 31275 2.2698 0.049426 1480.3 -0.12579 3.4683 0.07442 0.79964 0.20394 0
976.28 31051 2.2695 0.049334 1474.2 -0.12217 3.4802 0.074272 0.80187 0.20394 0
976.58 30998 2.2695 0.049311 1472.7 -0.12124 3.4832 0.074254 0.80225 0.20394 0
977.33 30866 2.2693 0.049253 1468.8 -0.11883 3.4908 0.074193 0.80399 0.20394 0
978.98 30586 2.269 0.049122 1459.9 -0.11316 3.508 0.073937 0.81236 0.20394 0
981.27 30224 2.2685 0.048931 1446.7 -0.10459 3.5334 0.07354 0.82603 0.20394 0
983.86 29854 2.2679 0.048702 1430.8 -0.094057 3.564 0.073141 0.83858 0.20394 0
986.35 29541 2.2675 0.048468 1414.5 -0.083028 3.5952 0.072913 0.8445 0.20394 0
988.36 29319 2.2671 0.04827 1400.6 -0.073413 3.6215 0.072832 0.84551 0.20394 0
989.59 29199 2.2668 0.048145 1391.9 -0.067236 3.638 0.072821 0.84535 0.20394 0
989.89 29171 2.2668 0.048114 1389.7 -0.065695 3.642 0.072817 0.84548 0.20394 0
990.63 29105 2.2666 0.048035 1384.2 -0.06179 3.6523 0.072796 0.84661 0.20394 0
992.28 28975 2.2663 0.047858 1371.9 -0.053014 3.6753 0.072712 0.8518 0.20394 0
994.58 28829 2.2659 0.047603 1354.3 -0.040551 3.7082 0.072645 0.85809 0.20394 0
997.17 28712 2.2654 0.047303 1333.8 -0.026145 3.7463 0.072742 0.85828 0.20394 0
999.65 28650 2.265 0.047003 1313.6 -0.011852 3.7835 0.073018 0.85042 0.20394 0
1001.7 28634 2.2647 0.046752 1296.9 3.4317e-05 3.8135 0.073296 0.84123 0.20394 0
1002.9 28640 2.2645 0.046597 1286.7 0.0073763 3.8318 0.073421 0.83704 0.20394 0
1003.2 28643 2.2645 0.046558 1284.2 0.0091662 3.8363 0.073434 0.83667 0.20394 0
1003.9 28654 2.2643 0.046462 1277.9 0.013624 3.8474 0.073467 0.83615 0.20394 0
1005.6 28693 2.2641 0.046246 1263.9 0.023339 3.8719 0.073636 0.8335 0.20394 0
1007.9 28779 2.2638 0.045941 1244.5 0.036583 3.9056 0.074015 0.82612 0.20394 0
1010.5 28919 2.2634 0.04559 1222.5 0.051166 3.9427 0.074619 0.81151 0.20394 0
1013 29094 2.2631 0.045246 1201.5 0.064783 3.9772 0.075266 0.79397 0.20394 0
1015 29262 2.2628 0.044966 1184.7 0.075347 4.004 0.075728 0.78079 0.20394 0
1016.2 29375 2.2627 0.044793 1174.5 0.081498 4.0199 0.075902 0.77578 0.20394 0
1016.5 29404 2.2627 0.044751 1172 0.082951 4.0237 0.07592 0.77527 0.20394 0
1017.2 29478 2.2626 0.044646 1165.8 0.086493 4.0332 0.075968 0.77408 0.20394 0
1018.9 29650 2.2624 0.044412 1152.4 0.093844 4.0537 0.076183 0.76896 0.20394 0
1021.2 29908 2.2622 0.044087 1134 0.10304 4.081 0.076546 0.7604 0.20394 0
1023.8 30220 2.2619 0.043718 1113.8 0.11192 4.1101 0.076974 0.75018 0.20394 0
1026.3 30537 2.2617 0.043364 1095 0.11888 4.1365 0.077311 0.74208 0.20394 0
1028.3 30801 2.2615 0.043077 1080.2 0.12328 4.1567 0.077492 0.7377 0.20394 0
1029.5 30965 2.2614 0.042903 1071.3 0.1254 4.1686 0.07754 0.73654 0.20394 0
1029.8 31005 2.2613 0.04286 1069.2 0.12585 4.1714 0.077544 0.73645 0.20394 0
