time (s) altitude (m) velocity (m/s) mass (kg) dynamic pressure (Pa)trajectory angle (rad) Lift (N)Drag (N)heading angle (rad) latitude (rad) angle of attack (rad) 
630.7 35683 2835.2 3300 29692 0.11407 29329 9486.8 1.8142 -0.018353 0.24777
630.95 35766 2837.4 3296.2 29358 0.11456 29290 9514.3 1.8142 -0.018244 0.24942
631.52 35951 2842.3 3287.8 28630 0.11563 29288 9613.7 1.8142 -0.018001 0.25365
632.31 36212 2849.1 3276.1 27635 0.11713 29247 9731.2 1.8142 -0.017663 0.25954
633.2 36511 2856.8 3262.9 26538 0.11884 29201 9860.8 1.8142 -0.017281 0.26656
634.06 36803 2864.1 3250.2 25509 0.1205 29159 9982.8 1.8142 -0.016913 0.2737
634.75 37043 2870.1 3240 24695 0.12186 29109 10074 1.8142 -0.016615 0.27961
635.17 37191 2873.7 3233.8 24207 0.12267 28456 9835 1.8142 -0.016433 0.27909
635.27 37227 2874.6 3232.2 24089 0.12287 28324 9790 1.8142 -0.016388 0.27914
635.53 37318 2876.8 3228.4 23796 0.12335 27966 9664.5 1.8142 -0.016277 0.27905
636.1 37520 2881.8 3220 23159 0.12436 27192 9393.4 1.8142 -0.016031 0.27886
636.89 37804 2888.9 3208.3 22295 0.12571 26353 9131.4 1.8143 -0.015689 0.28013
637.78 38128 2897 3195.2 21349 0.12715 25418 8839 1.8143 -0.015302 0.28148
638.63 38445 2904.9 3182.5 20469 0.12844 24366 8471.4 1.8143 -0.014929 0.28144
639.32 38703 2911.3 3172.3 19781 0.12941 23518 8170.7 1.8143 -0.014627 0.28121
639.75 38862 2915.3 3166 19370 0.12997 23002 7986.3 1.8143 -0.014443 0.28099
639.85 38901 2916.3 3164.5 19271 0.1301 22888 7947.1 1.8143 -0.014398 0.28102
641.13 39389 2928.7 3145.5 18075 0.13164 21449 7443.1 1.8143 -0.013837 0.28086
643.66 40377 2954 3108 15897 0.13418 19147 6692.1 1.8144 -0.012719 0.28365
646.47 41502 2983.1 3066.5 13761 0.13645 17274 6158.5 1.8144 -0.011469 0.2917
648.48 42325 3004.5 3036.7 12397 0.1378 15794 5668.4 1.8145 -0.010566 0.29465
649 42541 3010.2 3029 12065 0.1381 15395 5529.1 1.8145 -0.010331 0.29498
650.95 43352 3031.6 3000.2 10900 0.13906 14108 5098.5 1.8145 -0.0094509 0.29786
654.41 44823 3071.1 2948.9 9093.3 0.14024 11961 4351.7 1.8146 -0.0078686 0.30118
657.35 46094 3105.9 2905.4 7796.9 0.14075 10336 3771.7 1.8147 -0.0065102 0.3028
658.16 46448 3115.7 2893.4 7473.2 0.14082 9898.9 3610.5 1.8147 -0.0061326 0.30263
660.1 47301 3139.6 2864.7 6773.2 0.14086 8981.7 3276 1.8147 -0.0052225 0.30285
663.56 48837 3183.5 2813.4 5736.9 0.14058 7541.4 2736 1.8148 -0.0035844 0.30098
666.5 50152 3222 2769.9 4977.3 0.14005 6527 2362.3 1.8149 -0.0021767 0.30044
667.31 50518 3232.8 2757.9 4785.1 0.13986 6248.3 2256.2 1.8149 -0.001785 0.29955
669.25 51396 3259.1 2729.1 4370.6 0.13936 5695.4 2052.4 1.8149 -0.00084102 0.2991
672.72 52968 3307.2 2677.9 3742.1 0.13828 4807.9 1716.9 1.815 0.00085941 0.29613
675.65 54311 3349.2 2634.4 3270.6 0.13721 4127 1457.5 1.815 0.0023218 0.29243
676.46 54683 3361 2622.4 3149.7 0.13688 3941.8 1385.5 1.815 0.0027288 0.29077
678.41 55575 3389.7 2593.6 2875.5 0.13607 3571 1248.3 1.8151 0.0037102 0.28921
681.87 57170 3442 2542.4 2437.8 0.13453 2960 1019.5 1.8152 0.005479 0.28475
684.81 58528 3487.6 2498.9 2112.9 0.13314 2532.8 864.25 1.8152 0.0070011 0.28224
685.62 58904 3500.4 2486.9 2030.1 0.13275 2423.3 825.37 1.8152 0.0074249 0.28145
687.56 59805 3531.4 2458.1 1843 0.13181 2183.4 741.5 1.8153 0.008447 0.28005
691.02 61415 3587.8 2406.9 1546.5 0.13014 1813.5 614.55 1.8153 0.01029 0.27813
693.96 62784 3636.9 2363.4 1328.3 0.12873 1522.3 512.72 1.8154 0.011877 0.27372
694.77 63163 3650.7 2351.4 1273 0.12834 1436.3 481.27 1.8154 0.012319 0.27076
696.72 64072 3684.1 2322.6 1148.5 0.12737 1269.7 422.87 1.8154 0.013385 0.26699
700.18 65694 3745.1 2271.3 952.92 0.1256 996.55 325.71 1.8155 0.015308 0.25706
703.12 67073 3798.3 2227.8 810.51 0.12403 801.71 256.67 1.8155 0.016964 0.24766
703.93 67454 3813.2 2215.8 774.65 0.12358 750.39 238.24 1.8156 0.017426 0.24426
705.87 68368 3849.4 2187.1 694.31 0.12254 676.25 215.69 1.8156 0.018539 0.24517
709.33 69999 3915.4 2135.8 569.17 0.12065 484.52 149.12 1.8156 0.020549 0.22325
712.27 71382 3973.3 2092.3 478.62 0.11858 280.47 80.895 1.8157 0.022281 0.17265
713.08 71763 3989.7 2080.3 455.66 0.11786 239.8 69.456 1.8157 0.022764 0.15974
715.02 72672 4029.5 2051.5 404.97 0.11595 152.94 46.371 1.8157 0.023929 0.12584
718.49 74272 4102.5 2000.3 328.41 0.11178 54.241 25.131 1.8158 0.026035 0.065413
721.42 75602 4166.4 1956.8 275.44 0.10747 8.4231 18.243 1.8158 0.027851 0.014155
722.23 75963 4184.3 1944.8 262.53 0.10616 1.5565e-15 17.062 1.8159 0.028358 0
722.23 75963 4184.3 1944.8 262.53 0.10616 1.5565e-15 17.062 1.8159 0.028358 0
723.23 76406 4183.3 1944.8 244.71 0.10449 1.9606e-15 15.898 1.8159 0.028984 0
724.23 76839 4182.4 1944.8 228.42 0.10283 4.0261e-16 14.833 1.8159 0.02961 0
725.23 77265 4181.4 1944.8 213.39 0.10117 -3.4192e-17 13.851 1.8159 0.030236 0
726.23 77683 4180.5 1944.8 199.51 0.099507 -1.1509e-15 12.946 1.8159 0.030861 0
727.23 78095 4179.6 1944.8 186.7 0.097843 8.9748e-17 12.11 1.8159 0.031487 0
728.23 78500 4178.7 1944.8 174.86 0.096178 -5.3236e-16 11.337 1.816 0.032113 0
729.23 78898 4177.8 1944.8 163.92 0.094513 1.2082e-15 10.624 1.816 0.032738 0
730.23 79289 4176.9 1944.8 153.8 0.092847 7.393e-17 9.9638 1.816 0.033364 0
731.23 79672 4176.1 1944.8 144.43 0.091181 1.5737e-15 9.3533 1.816 0.033989 0
732.23 80049 4175.2 1944.8 135.75 0.089514 2.3928e-16 8.7883 1.816 0.034615 0
733.23 80419 4174.4 1944.8 127.72 0.087846 1.0898e-15 8.2652 1.816 0.03524 0
734.23 80782 4173.6 1944.8 120.27 0.086178 1.2045e-16 7.7805 1.816 0.035865 0
735.23 81137 4172.8 1944.8 113.37 0.084509 5.2226e-16 7.3311 1.816 0.036491 0
736.23 81486 4172 1944.8 106.96 0.08284 1.2211e-15 6.9143 1.8161 0.037116 0
737.23 81828 4171.3 1944.8 101.01 0.08117 3.7531e-16 6.5276 1.8161 0.037741 0
738.23 82162 4170.6 1944.8 95.491 0.079499 0 6.1686 1.8161 0.038366 0
739.23 82490 4169.8 1944.8 90.358 0.077828 0 5.835 1.8161 0.038991 0
740.23 82811 4169.1 1944.8 85.587 0.076156 0 5.5251 1.8161 0.039615 0
741.23 83125 4168.4 1944.8 81.15 0.074484 0 5.237 1.8161 0.04024 0
742.23 83431 4167.8 1944.8 77.022 0.072812 0 4.9689 1.8161 0.040865 0
743.23 83731 4167.1 1944.8 73.179 0.071139 0 4.7195 1.8161 0.04149 0
744.23 84024 4166.5 1944.8 69.6 0.069465 0 4.4873 1.8161 0.042114 0
745.23 84309 4165.8 1944.8 66.265 0.067791 0 4.271 1.8162 0.042739 0
746.23 84588 4165.2 1944.8 63.158 0.066117 0 4.0695 1.8162 0.043364 0
747.23 84860 4164.6 1944.8 60.246 0.064442 0 3.8809 1.8162 0.043988 0
748.23 85124 4164.1 1813.9 0 0.062767 0 0 1.8162 0.044612 0
749.23 85382 4163.5 1813.9 0 0.061091 0 0 1.8162 0.045237 0
750.23 85633 4163 1813.9 0 0.059415 0 0 1.8162 0.045861 0
751.23 85876 4162.4 1813.9 0 0.057739 0 0 1.8162 0.046486 0
752.23 86113 4161.9 1813.9 0 0.056062 0 0 1.8162 0.04711 0
753.23 86343 4161.4 1813.9 0 0.054385 0 0 1.8162 0.047734 0
754.23 86566 4161 1813.9 0 0.052707 0 0 1.8162 0.048358 0
755.23 86781 4160.5 1813.9 0 0.051029 0 0 1.8162 0.048982 0
756.23 86990 4160.1 1813.9 0 0.049351 0 0 1.8163 0.049607 0
757.23 87192 4159.6 1813.9 0 0.047672 0 0 1.8163 0.050231 0
758.23 87386 4159.2 1813.9 0 0.045993 0 0 1.8163 0.050855 0
759.23 87574 4158.8 1813.9 0 0.044314 0 0 1.8163 0.051479 0
760.23 87755 4158.4 1813.9 0 0.042635 0 0 1.8163 0.052103 0
761.23 87929 4158.1 1813.9 0 0.040955 0 0 1.8163 0.052727 0
762.23 88095 4157.7 1813.9 0 0.039275 0 0 1.8163 0.053351 0
763.23 88255 4157.4 1813.9 0 0.037595 0 0 1.8163 0.053974 0
764.23 88408 4157.1 1813.9 0 0.035914 0 0 1.8163 0.054598 0
765.23 88554 4156.8 1813.9 0 0.034234 0 0 1.8163 0.055222 0
766.23 88692 4156.5 1813.9 0 0.032553 0 0 1.8163 0.055846 0
767.23 88824 4156.2 1813.9 0 0.030872 0 0 1.8163 0.05647 0
768.23 88949 4156 1813.9 0 0.02919 0 0 1.8163 0.057094 0
769.23 89067 4155.7 1813.9 0 0.027509 0 0 1.8163 0.057717 0
770.23 89178 4155.5 1813.9 0 0.025827 0 0 1.8163 0.058341 0
771.23 89281 4155.3 1813.9 0 0.024145 0 0 1.8163 0.058965 0
772.23 89378 4155.1 1813.9 0 0.022463 0 0 1.8163 0.059589 0
773.23 89468 4155 1813.9 0 0.020781 0 0 1.8164 0.060212 0
774.23 89551 4154.8 1813.9 0 0.019099 0 0 1.8164 0.060836 0
775.23 89627 4154.7 1813.9 0 0.017417 0 0 1.8164 0.06146 0
776.23 89696 4154.5 1813.9 0 0.015734 0 0 1.8164 0.062083 0
777.23 89758 4154.4 1813.9 0 0.014052 0 0 1.8164 0.062707 0
778.23 89812 4154.3 1813.9 0 0.012369 0 0 1.8164 0.063331 0
779.23 89860 4154.3 1813.9 0 0.010687 0 0 1.8164 0.063954 0
780.23 89901 4154.2 1813.9 0 0.009004 0 0 1.8164 0.064578 0
781.23 89935 4154.2 1813.9 0 0.0073213 0 0 1.8164 0.065202 0
782.23 89962 4154.1 1813.9 0 0.0056385 0 0 1.8164 0.065825 0
783.23 89982 4154.1 1813.9 0 0.0039557 0 0 1.8164 0.066449 0
784.23 89995 4154.1 1813.9 0 0.002273 0 0 1.8164 0.067073 0
785.23 90001 4154.1 1813.9 0 0.0005902 0 0 1.8164 0.067696 0
786.23 90000 4154.2 1813.9 0 0 0 0 1.8164 0.06832 0
