time (s) altitude (m) velocity (m/s) mass (kg)trajectory angle (rad) angle of attack (rad) heading angle (rad) latitude (rad)
0 150 30 29388 1.5691 0 1.6886 -0.21673 2.3889
0.44101 163.56 31.496 29325 1.5687 -0.001131 1.7143 -0.21673 2.3889
1.2265 189.35 34.189 29211 1.5673 -0.0030804 1.7457 -0.21673 2.3889
1.8929 212.91 36.503 29116 1.5654 -0.004628 1.7615 -0.21673 2.3889
2.0769 219.68 37.147 29089 1.5647 -0.0050372 1.7649 -0.21673 2.3889
2.5179 236.41 38.698 29026 1.563 -0.0059929 1.7715 -0.21673 2.3889
3.3034 267.89 41.488 28912 1.559 -0.0075601 1.78 -0.21673 2.3889
3.9698 296.34 43.885 28816 1.5548 -0.0087418 1.785 -0.21673 2.3889
4.1538 304.47 44.551 28790 1.5535 -0.0090508 1.7862 -0.21673 2.3889
5.0358 345.18 47.775 28663 1.5465 -0.010415 1.7908 -0.21673 2.3889
6.6068 424.77 53.634 28437 1.5306 -0.012024 1.7962 -0.21673 2.3889
7.9396 499.55 58.727 28245 1.5138 -0.012469 1.7994 -0.21673 2.3889
8.3076 521.38 60.154 28192 1.5087 -0.012492 1.8001 -0.21673 2.3889
9.1896 575.83 63.61 28065 1.4956 -0.012379 1.8015 -0.21673 2.3889
10.761 680.27 69.902 27839 1.4695 -0.011382 1.8036 -0.21673 2.3889
12.093 776.45 75.39 27647 1.4449 -0.0096598 1.805 -0.21673 2.3889
12.461 804.24 76.929 27594 1.4378 -0.0090966 1.8054 -0.21673 2.3889
13.123 855.55 79.724 27499 1.4247 -0.0079977 1.8059 -0.21673 2.3889
14.301 951.24 84.792 27329 1.4004 -0.005714 1.8068 -0.21673 2.3889
15.301 1036.8 89.182 27185 1.3791 -0.0034034 1.8075 -0.21672 2.3889
15.577 1061.1 90.408 27145 1.3732 -0.0027243 1.8077 -0.21672 2.3889
16.238 1120.6 93.371 27050 1.3588 -0.0010267 1.8081 -0.21672 2.3889
17.416 1230.9 98.75 26881 1.3331 0.0022695 1.8088 -0.21672 2.3889
18.416 1328.8 103.43 26737 1.3116 0.0053095 1.8093 -0.21671 2.3889
18.692 1356.6 104.74 26697 1.3057 0.0061653 1.8094 -0.21671 2.3889
19.354 1424.3 107.9 26602 1.2917 0.0082372 1.8097 -0.21671 2.3889
20.532 1549.3 113.65 26432 1.2675 0.011974 1.8102 -0.2167 2.3889
21.531 1659.8 118.63 26288 1.2478 0.015155 1.8106 -0.2167 2.3889
21.807 1691 120.03 26249 1.2425 0.016024 1.8108 -0.2167 2.3889
22.469 1767 123.4 26153 1.2303 0.018096 1.811 -0.21669 2.3889
23.647 1906.9 129.51 25984 1.2096 0.021645 1.8114 -0.21668 2.3889
24.647 2030.1 134.79 25840 1.1935 0.024467 1.8118 -0.21668 2.3889
24.923 2064.8 136.27 25800 1.1893 0.02522 1.8119 -0.21668 2.3889
26.246 2235.9 143.44 25610 1.1707 0.028613 1.8123 -0.21666 2.3889
28.602 2559.3 156.57 25271 1.1436 0.032795 1.8131 -0.21664 2.3889
30.602 2853.4 168.06 24984 1.1261 0.034269 1.8137 -0.21662 2.3889
31.154 2937.8 171.29 24904 1.1221 0.034489 1.8139 -0.21662 2.3889
31.815 3041 175.2 24809 1.1176 0.034679 1.814 -0.21661 2.3889
32.993 3230 182.26 24640 1.1108 0.034876 1.8144 -0.21659 2.3889
33.993 3395.8 188.35 24496 1.1062 0.034902 1.8147 -0.21658 2.3889
34.269 3442.4 190.04 24456 1.1051 0.0349 1.8148 -0.21658 2.3889
34.93 3555.9 194.13 24361 1.1028 0.03487 1.8149 -0.21657 2.3889
36.109 3763.7 201.51 24192 1.0998 0.034787 1.8153 -0.21655 2.3889
37.108 3946 207.87 24048 1.0983 0.034721 1.8156 -0.21654 2.3889
37.384 3997.3 209.64 24008 1.0981 0.034707 1.8156 -0.21653 2.3889
38.707 4249.3 218.22 23818 1.0982 0.034649 1.816 -0.21652 2.3889
41.064 4723.9 233.9 23479 1.103 0.034654 1.8167 -0.21648 2.3889
43.063 5154.4 247.6 23192 1.1119 0.034805 1.8173 -0.21645 2.3889
43.615 5278 251.46 23112 1.1152 0.034865 1.8174 -0.21644 2.3889
44.07 5381.5 254.66 23047 1.1182 0.034905 1.8176 -0.21643 2.3889
45.053 5610 261.65 22906 1.1254 0.034904 1.8179 -0.21641 2.3889
46.365 5926.2 271.11 22717 1.1365 0.034394 1.8183 -0.21639 2.3888
47.746 6273.3 281.28 22519 1.1495 0.032961 1.8187 -0.21637 2.3888
48.923 6580.8 289.81 22349 1.1602 0.030987 1.8191 -0.21634 2.3888
49.663 6779.4 294.87 22243 1.1658 0.029394 1.8193 -0.21633 2.3888
49.846 6829 296.09 22217 1.167 0.028965 1.8194 -0.21633 2.3888
50.507 7010.6 300.38 22122 1.171 0.027316 1.8196 -0.21632 2.3888
51.685 7340.9 307.61 21952 1.1759 0.023858 1.82 -0.2163 2.3888
52.685 7627.6 313.4 21809 1.1774 0.020356 1.8204 -0.21628 2.3888
52.961 7707.6 314.95 21769 1.1773 0.019321 1.8205 -0.21627 2.3888
53.622 7901.2 318.58 21674 1.1764 0.016705 1.8207 -0.21626 2.3888
54.801 8250.8 324.86 21505 1.1718 0.011574 1.8211 -0.21624 2.3888
55.8 8552.1 330.06 21361 1.1647 0.0068527 1.8215 -0.21622 2.3888
56.076 8635.9 331.49 21321 1.1622 0.0055414 1.8215 -0.21621 2.3888
56.738 8837.9 334.91 21226 1.1554 0.0023899 1.8218 -0.2162 2.3888
57.916 9201 341.08 21057 1.1403 -0.0030029 1.8222 -0.21617 2.3888
58.916 9512.2 346.5 20913 1.1248 -0.0071733 1.8225 -0.21615 2.3888
59.192 9598.6 348.04 20874 1.1202 -0.0082477 1.8225 -0.21615 2.3888
59.853 9806.4 351.8 20779 1.1086 -0.010724 1.8227 -0.21613 2.3888
61.031 10179 358.77 20609 1.0861 -0.014611 1.8231 -0.2161 2.3888
62.031 10497 364.98 20466 1.0656 -0.017344 1.8234 -0.21608 2.3888
62.307 10585 366.74 20426 1.0598 -0.018029 1.8234 -0.21607 2.3888
62.969 10797 371.03 20331 1.0454 -0.019545 1.8236 -0.21605 2.3888
64.147 11177 378.98 20162 1.019 -0.021725 1.8239 -0.21602 2.3888
65.146 11500 386.05 20018 0.99605 -0.023009 1.8241 -0.21598 2.3887
65.422 11589 388.06 19978 0.98965 -0.023301 1.8242 -0.21598 2.3887
66.084 11804 392.98 19883 0.97425 -0.023875 1.8244 -0.21595 2.3887
67.262 12188 402.09 19714 0.94677 -0.02442 1.8246 -0.21591 2.3887
68.262 12515 410.18 19570 0.92365 -0.024419 1.8248 -0.21588 2.3887
68.538 12605 412.48 19531 0.91733 -0.024378 1.8249 -0.21587 2.3887
69.199 12822 418.09 19435 0.9023 -0.024227 1.825 -0.21584 2.3887
70.377 13209 428.46 19266 0.87606 -0.023753 1.8252 -0.21579 2.3887
71.377 13539 437.65 19122 0.85443 -0.02318 1.8254 -0.21575 2.3887
71.653 13630 440.26 19083 0.84857 -0.02302 1.8255 -0.21574 2.3887
72.315 13848 446.61 18988 0.83473 -0.022637 1.8256 -0.21571 2.3887
73.493 14239 458.32 18818 0.81079 -0.022062 1.8258 -0.21565 2.3887
74.492 14572 468.66 18675 0.79118 -0.021755 1.826 -0.2156 2.3886
74.768 14664 471.58 18635 0.78587 -0.021703 1.826 -0.21559 2.3886
76.091 15106 486 18445 0.76105 -0.021716 1.8262 -0.21552 2.3886
78.448 15899 513.4 18106 0.71876 -0.023761 1.8266 -0.21539 2.3886
80.447 16577 538.42 17818 0.68383 -0.027814 1.8268 -0.21527 2.3886
80.999 16765 545.62 17739 0.67419 -0.029204 1.8269 -0.21523 2.3885
81.661 16991 554.43 17644 0.66263 -0.031055 1.827 -0.21519 2.3885
82.839 17393 570.59 17474 0.64193 -0.03474 1.8272 -0.21511 2.3885
83.838 17735 584.81 17330 0.62424 -0.038281 1.8273 -0.21504 2.3885
84.114 17829 588.83 17291 0.61932 -0.039297 1.8273 -0.21502 2.3885
84.776 18055 598.6 17195 0.60751 -0.041793 1.8274 -0.21497 2.3885
85.954 18457 616.59 17026 0.58639 -0.046401 1.8275 -0.21488 2.3884
86.954 18798 632.46 16882 0.56845 -0.050381 1.8276 -0.2148 2.3884
87.23 18892 636.95 16842 0.56352 -0.051468 1.8277 -0.21478 2.3884
88.458 19309 657.47 16666 0.54171 -0.056181 1.8278 -0.21468 2.3884
91.025 20175 703.42 16296 0.49781 -0.064127 1.8281 -0.21445 2.3883
94.233 21246 766.45 15834 0.44729 -0.069463 1.8284 -0.21413 2.3882
97.224 22231 830.29 15403 0.40453 -0.069858 1.8286 -0.2138 2.3882
99.195 22871 874.85 15119 0.37831 -0.067639 1.8288 -0.21357 2.3881
99.691 23032 886.34 15048 0.37193 -0.066815 1.8288 -0.2135 2.3881
100.35 23244 901.84 14953 0.36353 -0.065576 1.8289 -0.21342 2.3881
101.53 23620 929.9 14783 0.34888 -0.062946 1.8289 -0.21327 2.388
102.53 23937 954.14 14639 0.33672 -0.060246 1.829 -0.21313 2.388
102.81 24024 960.89 14599 0.33341 -0.059452 1.829 -0.2131 2.388
103.47 24231 977.21 14504 0.32553 -0.05746 1.8291 -0.213 2.3879
104.65 24597 1006.7 14334 0.31177 -0.053602 1.8292 -0.21284 2.3879
105.65 24904 1032.1 14190 0.30038 -0.050068 1.8292 -0.21269 2.3879
105.92 24988 1039.1 14150 0.29728 -0.04908 1.8292 -0.21265 2.3878
106.58 25189 1056.2 14054 0.28997 -0.046697 1.8293 -0.21255 2.3878
107.76 25542 1087.1 13885 0.2773 -0.042504 1.8293 -0.21236 2.3878
108.76 25838 1113.9 13740 0.26692 -0.039098 1.8294 -0.2122 2.3877
109.04 25919 1121.3 13701 0.26412 -0.038194 1.8294 -0.21216 2.3877
109.7 26111 1139.3 13605 0.25751 -0.036078 1.8295 -0.21205 2.3877
110.88 26451 1172 13435 0.2461 -0.032644 1.8295 -0.21185 2.3876
111.88 26734 1200.2 13291 0.23676 -0.0301 1.8296 -0.21168 2.3876
112.15 26812 1208.1 13251 0.23423 -0.029437 1.8296 -0.21163 2.3876
112.81 26996 1227.1 13156 0.22827 -0.027893 1.8296 -0.21151 2.3875
113.99 27320 1261.5 12986 0.21795 -0.025364 1.8297 -0.21129 2.3875
114.99 27591 1291.2 12842 0.2095 -0.023404 1.8297 -0.2111 2.3874
115.27 27665 1299.5 12802 0.20722 -0.022865 1.8297 -0.21105 2.3874
115.93 27841 1319.5 12707 0.20183 -0.021573 1.8298 -0.21092 2.3874
117.11 28150 1355.7 12537 0.19257 -0.019101 1.8298 -0.21069 2.3873
118.11 28407 1386.7 12392 0.18511 -0.01671 1.8299 -0.21049 2.3873
118.38 28477 1395.4 12352 0.18312 -0.015997 1.8299 -0.21043 2.3872
119.04 28644 1416.3 12257 0.1785 -0.014227 1.8299 -0.21029 2.3872
120.22 28938 1453.8 12087 0.17081 -0.010622 1.83 -0.21004 2.3871
121.22 29183 1486 11943 0.16492 -0.0070301 1.83 -0.20982 2.3871
121.5 29251 1495 11903 0.16342 -0.0059786 1.83 -0.20976 2.3871
122.16 29411 1516.6 11807 0.16004 -0.0033644 1.83 -0.20961 2.387
123.34 29694 1555.7 11637 0.15483 0.001636 1.8301 -0.20934 2.3869
124.34 29934 1589.6 11493 0.15109 0.0061359 1.8301 -0.20911 2.3869
124.61 30000 1599.1 11453 0.15014 0.0073803 1.8301 -0.20904 2.3869
