time (s) altitude (m) longitude (rad) latitude (rad) velocity (m/s) trajectory angle (rad) heading angle (rad) angle of attack (rad) bank angle (rad) fuel mass (kg) 
124.61 30000 2.3869 -0.20904 1599.1 0.15014 1.8301 0.0073803 1562
126.45 30433 2.3867 -0.2086 1599.6 0.14504 1.8302 0.025278 1559.7
129.73 31171 2.3865 -0.20782 1595.1 0.13791 1.8303 0.031512 1557.6
132.51 31763 2.3864 -0.20716 1586.3 0.12982 1.8304 0.017406 1558.1
133.28 31919 2.3863 -0.20697 1584.8 0.127 1.8304 0.020514 1557.9
135.12 32279 2.3862 -0.20654 1580.4 0.12046 1.8305 0.017707 1557.9
138.4 32867 2.386 -0.20576 1573.3 0.10758 1.8306 0.013744 1557.9
141.18 33311 2.3858 -0.20511 1567.9 0.095881 1.8307 0.014145 1557.9
141.95 33424 2.3858 -0.20493 1566.5 0.092617 1.8307 0.013992 1557.9
143.79 33679 2.3856 -0.20449 1563.3 0.084564 1.8308 0.012397 1557.9
147.07 34074 2.3854 -0.20372 1558.1 0.069679 1.8308 0.01108 1557.9
149.85 34347 2.3852 -0.20307 1554.3 0.056748 1.8309 0.011844 1557.9
150.62 34413 2.3852 -0.20289 1553.3 0.053163 1.8309 0.01183 1557.9
153.38 34612 2.385 -0.20225 1550 0.039982 1.831 0.0089753 1557.9
158.3 34825 2.3847 -0.2011 1545.3 0.01591 1.8311 0.0093814 1557.9
162.47 34863 2.3844 -0.20013 1542.2 -0.0041896 1.8311 0.015985 1557.9
163.62 34850 2.3844 -0.19986 1541.4 -0.0095547 1.8312 0.016966 1557.9
166.38 34782 2.3842 -0.19922 1539.9 -0.022463 1.8312 0.016323 1557.9
171.3 34525 2.3839 -0.19808 1537.9 -0.045691 1.8313 0.01247 1557.9
175.47 34168 2.3836 -0.19711 1537.1 -0.065723 1.8313 0.0086548 1557.9
176.63 34047 2.3836 -0.19684 1537 -0.071285 1.8313 0.0090775 1557.9
178.47 33833 2.3834 -0.19642 1536.9 -0.080074 1.8313 0.0084454 1557.9
181.74 33391 2.3832 -0.19566 1537 -0.095535 1.8313 0.0087301 1557.9
184.53 32956 2.3831 -0.19502 1537.2 -0.10818 1.8313 0.011458 1557.9
185.29 32826 2.383 -0.19484 1537.3 -0.11154 1.8313 0.011861 1557.9
187.13 32500 2.3829 -0.19442 1537.5 -0.1195 1.8313 0.011565 1557.9
190.41 31864 2.3827 -0.19366 1538 -0.13328 1.8313 0.011037 1557.9
193.19 31272 2.3825 -0.19302 1538.5 -0.14445 1.8313 0.011313 1557.9
193.96 31100 2.3825 -0.19285 1538.6 -0.14742 1.8313 0.012465 1557.9
195.8 30675 2.3824 -0.19243 1538.4 -0.15389 1.8313 0.020796 1558.1
199.08 29882 2.3821 -0.19167 1542.7 -0.15995 1.8313 0.051053 1556.2
201.86 29199 2.382 -0.19103 1551.3 -0.15812 1.8312 0.067013 1552.1
202.63 29012 2.3819 -0.19085 1553.1 -0.1568 1.8312 0.068214 1551
205.39 28354 2.3818 -0.19021 1560.9 -0.14985 1.8312 0.071676 1546.5
210.31 27277 2.3814 -0.18906 1575.6 -0.12873 1.8312 0.075588 1536.8
214.48 26510 2.3812 -0.18807 1588.9 -0.10286 1.8312 0.07481 1526.7
215.63 26330 2.3811 -0.18779 1592.8 -0.094758 1.8312 0.074387 1523.7
218.39 25958 2.3809 -0.18713 1602.3 -0.073583 1.8312 0.073963 1515.8
223.31 25540 2.3806 -0.18593 1620.1 -0.032003 1.8312 0.068339 1500.3
227.48 25431 2.3803 -0.18491 1636.1 -0.0015419 1.8313 0.047242 1486.6
228.64 25435 2.3802 -0.18462 1640.7 0.0040089 1.8313 0.039888 1482.9
230.48 25458 2.3801 -0.18417 1648.1 0.011124 1.8313 0.031698 1477.1
233.76 25539 2.3799 -0.18335 1661.3 0.017615 1.8314 0.016784 1467
236.54 25625 2.3797 -0.18265 1672.5 0.018601 1.8314 0.012529 1458.8
237.31 25648 2.3796 -0.18245 1675.7 0.018817 1.8314 0.012168 1456.5
239.15 25707 2.3795 -0.18199 1683.2 0.018923 1.8314 0.011384 1450.9
242.42 25811 2.3793 -0.18115 1696.9 0.018868 1.8315 0.011382 1441
245.21 25901 2.3791 -0.18043 1708.9 0.019048 1.8315 0.012315 1432.3
245.97 25926 2.379 -0.18024 1712.3 0.019178 1.8315 0.012665 1429.9
247.81 25987 2.3789 -0.17976 1720.4 0.019413 1.8316 0.011562 1424.1
251.09 26096 2.3787 -0.1789 1735 0.018793 1.8316 0.0091558 1413.6
253.87 26185 2.3785 -0.17817 1747.7 0.018216 1.8317 0.012175 1404.6
254.64 26210 2.3784 -0.17797 1751.3 0.018437 1.8317 0.014725 1402
256.11 26258 2.3783 -0.17758 1758.4 0.01976 1.8317 0.021274 1397
259.33 26396 2.3781 -0.17672 1774.7 0.030312 1.8317 0.045151 1384.9
263.81 26746 2.3778 -0.17551 1797 0.058679 1.8318 0.062059 1366.5
268.87 27438 2.3774 -0.17414 1819.2 0.091639 1.8319 0.061222 1346.4
273.74 28366 2.377 -0.1728 1836.8 0.11605 1.8321 0.058427 1329.1
277.67 29257 2.3767 -0.17172 1848.1 0.12969 1.8322 0.054285 1317.1
280.06 29844 2.3766 -0.17105 1853.8 0.13522 1.8322 0.052978 1310.6
280.65 29991 2.3765 -0.17089 1855 0.13635 1.8323 0.052311 1309.1
282.49 30460 2.3764 -0.17038 1858.7 0.13905 1.8323 0.05067 1304.6
285.77 31315 2.3761 -0.16947 1864 0.14164 1.8324 0.049817 1297.4
288.55 32049 2.3759 -0.16869 1867.4 0.14181 1.8325 0.047063 1292
289.32 32251 2.3759 -0.16848 1868.3 0.14147 1.8325 0.044754 1290.6
291.16 32734 2.3757 -0.16796 1870.3 0.13964 1.8326 0.036318 1287.5
294.44 33568 2.3755 -0.16705 1867.7 0.13278 1.8327 0.01973 1284.9
297.22 34234 2.3753 -0.16627 1859.8 0.12443 1.8328 0.015979 1285.5
297.99 34409 2.3752 -0.16606 1858.6 0.12205 1.8328 0.015664 1285.3
299.83 34815 2.3751 -0.16555 1854.7 0.11601 1.8328 0.014488 1285.3
303.1 35484 2.3748 -0.16464 1848.4 0.10462 1.8329 0.0138 1285.3
305.89 35994 2.3746 -0.16387 1843.6 0.094542 1.833 0.014786 1285.3
306.65 36126 2.3745 -0.16366 1842.3 0.091723 1.833 0.0146 1285.3
312.18 36950 2.3741 -0.16213 1834.3 0.070613 1.8331 0.013278 1285.3
322.01 37866 2.3734 -0.15942 1823.9 0.030882 1.8333 0.013178 1285.3
330.36 38073 2.3728 -0.15713 1818.4 -0.003619 1.8334 0.014167 1285.3
332.66 38038 2.3726 -0.1565 1817.4 -0.013155 1.8334 0.017145 1285.3
335.42 37944 2.3724 -0.15575 1816.5 -0.024409 1.8335 0.016179 1285.3
340.34 37636 2.372 -0.1544 1815.5 -0.044381 1.8335 0.016377 1285.3
344.51 37237 2.3717 -0.15326 1815.2 -0.060932 1.8335 0.018854 1285.3
345.66 37105 2.3716 -0.15295 1815.2 -0.065384 1.8335 0.019436 1285.3
348.42 36752 2.3714 -0.1522 1815.3 -0.075955 1.8335 0.018308 1285.3
353.34 35991 2.3711 -0.15086 1815.9 -0.094404 1.8335 0.018112 1285.3
357.51 35222 2.3708 -0.14972 1816.6 -0.1088 1.8335 0.026049 1285.3
358.66 34991 2.3707 -0.14941 1816.8 -0.11233 1.8335 0.029343 1285.3
360.51 34607 2.3705 -0.1489 1816.9 -0.1176 1.8334 0.032761 1285.3
363.78 33884 2.3703 -0.14801 1816.8 -0.12519 1.8334 0.044971 1285.3
366.57 33242 2.3701 -0.14726 1816 -0.12933 1.8334 0.053179 1285.3
367.33 33062 2.37 -0.14705 1815.7 -0.13013 1.8334 0.054299 1285.3
369.17 32625 2.3699 -0.14655 1814.4 -0.13167 1.8334 0.054719 1285.5
372.45 31841 2.3697 -0.14566 1819 -0.13168 1.8334 0.066223 1282.5
375.23 31186 2.3694 -0.1449 1830.5 -0.1266 1.8333 0.085868 1275.9
376 31010 2.3694 -0.14469 1832.6 -0.12407 1.8333 0.088339 1274.3
377.84 30603 2.3692 -0.14418 1839 -0.11708 1.8333 0.09102 1269.7
381.12 29940 2.369 -0.14328 1850.8 -0.10205 1.8333 0.086677 1260.6
383.9 29449 2.3688 -0.1425 1861.5 -0.088635 1.8333 0.076375 1252.3
384.67 29325 2.3687 -0.14229 1864.6 -0.085088 1.8333 0.07503 1249.9
387.43 28920 2.3685 -0.14151 1876.5 -0.072319 1.8333 0.064834 1241.2
392.35 28344 2.3681 -0.14011 1900.6 -0.052166 1.8333 0.050476 1224.9
396.52 27996 2.3678 -0.13891 1922.9 -0.034835 1.8333 0.052273 1210
397.67 27924 2.3677 -0.13857 1929 -0.029035 1.8333 0.049535 1205.7
400.43 27803 2.3675 -0.13777 1944.2 -0.016393 1.8333 0.047353 1195.2
405.35 27750 2.3671 -0.13631 1971.3 0.0049885 1.8333 0.041149 1176.1
409.52 27856 2.3668 -0.13507 1993.6 0.019867 1.8334 0.033751 1160.1
410.68 27906 2.3667 -0.13472 1999.6 0.023172 1.8334 0.031364 1155.8
412.52 27999 2.3665 -0.13416 2008.7 0.027058 1.8334 0.022029 1149.1
415.8 28181 2.3663 -0.13317 2023.8 0.026593 1.8335 5.1974e-05 1138.3
418.58 28318 2.366 -0.13231 2035.9 0.021465 1.8335 1.6637e-08 1129.9
419.34 28350 2.366 -0.13208 2039.3 0.020561 1.8335 0.00077893 1127.5
421.19 28422 2.3658 -0.13151 2047.4 0.01779 1.8335 2.4834e-05 1121.9
424.46 28525 2.3655 -0.13049 2061.9 0.012697 1.8335 3.3093e-05 1111.9
427.25 28586 2.3653 -0.12963 2074.3 0.0084376 1.8336 6.6871e-08 1103.4
428.01 28598 2.3652 -0.12939 2077.8 0.0072534 1.8336 0.0008681 1101.1
429.85 28621 2.3651 -0.12881 2086.1 0.004455 1.8336 1.8633e-06 1095.5
433.13 28638 2.3648 -0.12777 2101.3 0.0011765 1.8336 0.010935 1085.2
435.91 28650 2.3646 -0.12689 2115 0.0041356 1.8336 0.031911 1075.5
436.68 28658 2.3645 -0.12664 2119.1 0.0064586 1.8336 0.03404 1072.6
438.52 28694 2.3643 -0.12605 2128.6 0.011829 1.8337 0.034355 1065.7
441.8 28804 2.364 -0.12499 2144.4 0.018623 1.8337 0.019735 1053.8
444.58 28917 2.3638 -0.12409 2156.1 0.018031 1.8337 1.6855e-05 1044.6
445.35 28946 2.3637 -0.12384 2159.2 0.016685 1.8337 3.1718e-05 1042.2
447.19 29007 2.3636 -0.12324 2166.6 0.014043 1.8337 2.5799e-06 1036.5
450.47 29090 2.3633 -0.12217 2179.5 0.0093217 1.8338 2.9836e-06 1026.4
453.25 29135 2.363 -0.12125 2190.4 0.0053367 1.8338 1.9462e-06 1017.8
454.02 29143 2.363 -0.121 2193.3 0.0042429 1.8338 0.0041975 1015.4
455.86 29158 2.3628 -0.12039 2200.6 0.0037142 1.8338 0.015541 1009.4
459.14 29199 2.3625 -0.11929 2214.1 0.0085334 1.8338 0.029923 997.75
461.92 29268 2.3622 -0.11836 2225.4 0.013308 1.8338 0.016881 987.76
462.69 29291 2.3622 -0.11811 2228.1 0.013297 1.8338 0.012637 985.2
464.53 29344 2.362 -0.11749 2234.7 0.01194 1.8339 1.6423e-06 979.28
467.81 29411 2.3617 -0.11638 2246.1 0.0063935 1.8339 5.4469e-06 969.25
470.59 29446 2.3615 -0.11543 2256.2 0.0061777 1.8339 0.02703 960.04
471.36 29458 2.3614 -0.11517 2259.1 0.0080694 1.8339 0.0276 957.2
473.2 29499 2.3612 -0.11454 2266 0.01154 1.8339 0.028374 950.55
476.48 29608 2.3609 -0.11342 2277.7 0.017619 1.8339 0.027745 938.75
479.26 29736 2.3606 -0.11246 2287.1 0.022593 1.834 0.029076 928.84
480.02 29777 2.3606 -0.1122 2289.6 0.024061 1.834 0.032446 926.11
481.87 29887 2.3604 -0.11156 2295.5 0.027867 1.834 0.02782 919.55
485.14 30103 2.3601 -0.11042 2304.8 0.028072 1.834 1.8762e-05 909.06
487.93 30268 2.3598 -0.10946 2311.8 0.022701 1.8341 1.8525e-05 901.2
488.69 30307 2.3598 -0.10919 2313.8 0.021887 1.8341 0.0026329 898.94
490.53 30394 2.3596 -0.10855 2318.4 0.019214 1.8341 1.4829e-05 893.69
493.81 30521 2.3593 -0.1074 2326.4 0.013928 1.8341 1.9135e-05 884.52
496.59 30597 2.359 -0.10642 2333.1 0.0095353 1.8341 1.5554e-05 876.79
497.36 30613 2.3589 -0.10615 2334.9 0.0082792 1.8341 0.00054477 874.67
499.2 30642 2.3588 -0.1055 2339.3 0.0053683 1.8341 1.6191e-08 869.58
502.48 30663 2.3584 -0.10434 2347.1 6.3469e-05 1.8341 1.4061e-05 860.53
505.26 30649 2.3582 -0.10336 2353.7 -0.0040785 1.8342 0.0023977 852.76
506.03 30641 2.3581 -0.10308 2355.5 -0.005055 1.8342 0.0054691 850.58
507.87 30615 2.3579 -0.10243 2359.9 -0.007421 1.8342 1.3705e-05 845.33
511.15 30535 2.3576 -0.10126 2367.8 -0.013008 1.8342 7.0598e-06 836.11
513.93 30442 2.3573 -0.10027 2374.9 -0.014215 1.8342 0.025178 827.58
514.7 30417 2.3573 -0.09999 2377.1 -0.012789 1.8342 0.025801 824.93
516.54 30366 2.3571 -0.09933 2382.1 -0.010461 1.8342 0.025185 818.69
519.82 30301 2.3568 -0.098149 2391 -0.0060884 1.8342 0.025711 807.41
522.6 30273 2.3565 -0.097145 2398.3 -0.0020549 1.8342 0.025729 797.69
523.37 30271 2.3564 -0.096867 2400.3 -0.00094238 1.8342 0.025687 795
525.21 30272 2.3562 -0.0962 2404.9 0.0017353 1.8342 0.025663 788.52
528.49 30306 2.3559 -0.095009 2412.8 0.0067505 1.8342 0.025639 776.93
531.27 30363 2.3556 -0.093995 2419.1 0.0097559 1.8343 0.016046 767.32
532.04 30381 2.3556 -0.093715 2420.8 0.009863 1.8343 0.015641 764.78
533.88 30427 2.3554 -0.093043 2424.7 0.010592 1.8343 0.016003 758.65
537.15 30516 2.3551 -0.091842 2431.5 0.011825 1.8343 0.015705 747.8
539.94 30599 2.3548 -0.090821 2437.1 0.012699 1.8343 0.015662 738.69
540.7 30623 2.3547 -0.090539 2438.6 0.012935 1.8343 0.015625 736.19
543.47 30706 2.3544 -0.089522 2443.8 0.011105 1.8343 9.9644e-06 727.67
548.38 30793 2.3539 -0.087706 2452.8 0.0031141 1.8343 1.1423e-05 713.39
552.56 30804 2.3535 -0.086161 2460.8 0.00045521 1.8344 0.015335 700.61
553.71 30807 2.3534 -0.085733 2463.1 0.0010143 1.8344 0.015587 696.87
556.47 30816 2.3531 -0.084706 2468.4 0.0017634 1.8344 0.015699 687.97
561.39 30846 2.3526 -0.082872 2477.7 0.0032628 1.8344 0.016 672.08
565.56 30888 2.3522 -0.081311 2485.4 0.0047284 1.8344 0.01646 658.56
566.71 30902 2.3521 -0.080879 2487.5 0.0051722 1.8344 0.016419 654.82
569.47 30934 2.3518 -0.079842 2492.5 0.0035532 1.8344 5.2091e-06 646.32
574.39 30929 2.3513 -0.077991 2501.6 -0.0044543 1.8344 3.1849e-06 631.99
578.56 30870 2.3509 -0.076414 2509.8 -0.0049182 1.8345 0.026233 618.67
579.71 30859 2.3508 -0.075978 2512.1 -0.0025558 1.8345 0.026026 614.55
582.47 30855 2.3505 -0.074931 2517.5 0.00157 1.8345 0.025794 604.9
587.39 30915 2.35 -0.07306 2526.7 0.007348 1.8345 0.018026 587.98
591.56 30995 2.3495 -0.071468 2534.1 0.0065991 1.8345 7.5249e-06 574.61
592.72 31012 2.3494 -0.071028 2536.2 0.0047222 1.8345 1.559e-05 571.21
595.48 31029 2.3491 -0.069971 2541.1 0.00070789 1.8345 7.187e-06 562.99
600.39 31034 2.3486 -0.068083 2549.9 0.0016464 1.8345 0.027705 546.96
604.57 31086 2.3482 -0.066477 2557.3 0.0089875 1.8345 0.019232 532.27
605.72 31116 2.3481 -0.066033 2559.3 0.0090179 1.8345 0.015207 528.55
608.48 31177 2.3478 -0.064966 2563.9 0.0074982 1.8346 1.3487e-05 519.96
613.4 31226 2.3473 -0.063062 2572.2 0.0001512 1.8346 6.7485e-06 505.47
617.57 31211 2.3468 -0.061441 2579.4 -0.0014872 1.8346 0.017898 492.4
618.72 31208 2.3467 -0.060993 2581.4 -0.00034995 1.8346 0.016982 488.51
620.56 31209 2.3465 -0.060276 2584.5 0.00071687 1.8346 0.017093 482.42
623.84 31223 2.3462 -0.058997 2590.1 0.002536 1.8346 0.016241 471.56
626.62 31246 2.3459 -0.05791 2594.7 0.0038201 1.8346 0.015337 462.4
627.39 31254 2.3458 -0.057609 2596 0.0041349 1.8346 0.015901 459.87
629.23 31276 2.3456 -0.056888 2599 0.0051092 1.8346 0.016733 453.79
632.51 31327 2.3452 -0.055602 2604.2 0.0066458 1.8346 0.014101 443.02
635.29 31376 2.3449 -0.054509 2608.6 0.0064786 1.8346 0.0067086 434.17
636.06 31388 2.3449 -0.054207 2609.8 0.0059847 1.8346 0.0059393 431.81
637.9 31414 2.3447 -0.053483 2612.7 0.0043041 1.8346 1.036e-05 426.23
641.18 31431 2.3443 -0.05219 2617.9 -8.3991e-05 1.8346 0 416.54
643.96 31423 2.344 -0.051091 2622.5 -0.0013909 1.8346 0.016828 407.9
644.73 31421 2.3439 -0.050787 2623.7 -0.00064932 1.8346 0.018164 405.33
646.57 31421 2.3437 -0.050058 2626.6 0.00065256 1.8346 0.017772 399.23
649.85 31434 2.3434 -0.048759 2631.8 0.002201 1.8347 0.013547 388.48
652.63 31453 2.3431 -0.047654 2636.1 0.0026113 1.8347 0.012314 379.51
653.4 31458 2.343 -0.047349 2637.3 0.0027418 1.8347 0.012651 377.04
655.24 31472 2.3428 -0.046616 2640.2 0.0028928 1.8347 0.011145 371.13
658.51 31496 2.3425 -0.04531 2645.2 0.0028173 1.8347 0.010816 360.66
661.3 31517 2.3422 -0.0442 2649.4 0.0029629 1.8347 0.012343 351.76
662.06 31524 2.3421 -0.043893 2650.5 0.0030974 1.8347 0.012588 349.28
663.9 31539 2.3419 -0.043157 2653.3 0.0032125 1.8347 0.010354 343.39
667.18 31564 2.3415 -0.041844 2658.2 0.0024466 1.8347 0.0078974 333.07
669.96 31581 2.3412 -0.040729 2662.3 0.0022353 1.8347 0.01436 324.24
670.73 31586 2.3411 -0.04042 2663.5 0.0026634 1.8347 0.017034 321.72
673.49 31615 2.3408 -0.039311 2667.4 0.0058793 1.8347 0.02825 312.38
678.41 31771 2.3403 -0.037331 2673.3 0.019294 1.8347 0.048182 294.6
682.58 32076 2.3398 -0.035649 2676.5 0.035927 1.8347 0.056326 279.02
683.74 32194 2.3397 -0.035184 2677.1 0.040572 1.8347 0.060843 274.82
686.5 32541 2.3394 -0.034071 2677.5 0.053211 1.8348 0.06763 264.78
691.41 33384 2.3389 -0.032091 2676.4 0.074535 1.8348 0.070067 248.2
695.59 34299 2.3384 -0.030414 2674.3 0.088726 1.8349 0.070483 236.03
696.74 34577 2.3383 -0.029952 2673.6 0.092049 1.8349 0.071257 232.98
698.58 35041 2.3381 -0.029214 2672.3 0.096714 1.8349 0.070693 228.39
701.86 35916 2.3378 -0.027901 2669.7 0.10327 1.835 0.072248 221.03
704.64 36698 2.3375 -0.026789 2667.1 0.10747 1.835 0.075547 215.52
705.41 36918 2.3374 -0.026482 2666.3 0.10845 1.835 0.075766 214.1
707.25 37454 2.3372 -0.025747 2664.7 0.11018 1.835 0.071545 210.76
710.53 38417 2.3368 -0.024441 2659.2 0.11041 1.8351 0.055491 208.03
713.31 39224 2.3365 -0.023335 2651.8 0.10815 1.8351 0.050455 208.67
714.08 39443 2.3364 -0.02303 2650.4 0.10741 1.8352 0.050392 208.46
715.92 39961 2.3362 -0.022301 2646.5 0.10526 1.8352 0.048821 208.46
719.19 40852 2.3359 -0.021003 2640.1 0.1006 1.8352 0.047705 208.46
721.98 41572 2.3356 -0.019904 2635.2 0.096031 1.8353 0.047618 208.46
722.74 41765 2.3355 -0.019601 2633.9 0.094684 1.8353 0.0473 208.46
725.5 42433 2.3352 -0.018512 2629.5 0.089549 1.8353 0.047159 208.46
730.42 43525 2.3347 -0.016576 2622.4 0.079579 1.8354 0.048691 208.46
734.59 44345 2.3342 -0.014936 2617.1 0.070561 1.8354 0.051436 208.46
735.75 44554 2.3341 -0.014484 2615.8 0.068008 1.8354 0.05215 208.46
738.51 45022 2.3338 -0.0134 2612.7 0.061774 1.8355 0.053415 208.46
743.43 45742 2.3333 -0.011472 2607.7 0.050472 1.8355 0.059927 208.46
747.6 46238 2.3329 -0.0098389 2603.9 0.040885 1.8355 0.067527 208.46
748.75 46357 2.3327 -0.0093883 2603 0.038253 1.8355 0.068913 208.46
751.51 46609 2.3324 -0.0083086 2600.8 0.031889 1.8356 0.069631 208.46
756.43 46943 2.3319 -0.0063871 2597.6 0.02033 1.8356 0.069168 208.46
760.6 47109 2.3315 -0.0047583 2595.3 0.010354 1.8356 0.069543 208.46
761.75 47136 2.3314 -0.0043088 2594.8 0.0075922 1.8356 0.069667 208.46
764.51 47167 2.3311 -0.0032318 2593.6 0.0009518 1.8356 0.069475 208.46
769.43 47103 2.3305 -0.0013146 2591.9 -0.010923 1.8356 0.068134 208.46
773.6 46931 2.3301 0.00031109 2591 -0.021007 1.8356 0.066886 208.46
774.76 46864 2.33 0.00075977 2590.8 -0.023782 1.8356 0.066814 208.46
777.52 46670 2.3297 0.001835 2590.4 -0.03038 1.8356 0.067339 208.46
782.43 46209 2.3292 0.0037493 2590 -0.041932 1.8355 0.065823 208.46
786.61 45704 2.3287 0.0053728 2590 -0.051634 1.8355 0.059901 208.46
787.76 45546 2.3286 0.0058209 2590.1 -0.054325 1.8355 0.058514 208.46
790.52 45135 2.3283 0.0068949 2590.3 -0.060709 1.8355 0.056086 208.46
795.44 44291 2.3278 0.0088072 2591 -0.071895 1.8354 0.051382 208.46
799.61 43464 2.3274 0.010429 2591.9 -0.081082 1.8354 0.049044 208.46
800.76 43219 2.3272 0.010877 2592.2 -0.083533 1.8354 0.048251 208.46
803.52 42601 2.327 0.01195 2592.8 -0.089273 1.8353 0.046816 208.46
808.44 41402 2.3264 0.013861 2593.9 -0.098739 1.8353 0.046622 208.46
812.61 40297 2.326 0.015482 2594.4 -0.10555 1.8352 0.049424 208.46
813.76 39980 2.3259 0.015929 2594.5 -0.10715 1.8352 0.050723 208.46
816.52 39202 2.3256 0.017001 2594.5 -0.11051 1.8351 0.049913 208.37
821.44 37767 2.3251 0.01891 2592.8 -0.11427 1.8351 0.057205 208.79
825.61 36537 2.3246 0.020529 2593.5 -0.11263 1.835 0.075185 205.91
826.77 36203 2.3245 0.020976 2595.7 -0.11083 1.835 0.076665 203.23
828.61 35682 2.3243 0.021692 2598 -0.10755 1.8349 0.077005 199.5
831.89 34799 2.324 0.02297 2602 -0.099678 1.8349 0.076955 192.05
834.67 34108 2.3237 0.024056 2605.3 -0.091052 1.8349 0.075438 184.88
835.44 33929 2.3236 0.024356 2606.2 -0.088393 1.8348 0.074646 182.76
837.28 33521 2.3234 0.025077 2608.4 -0.081561 1.8348 0.073539 177.46
840.55 32882 2.3231 0.026364 2612.3 -0.067664 1.8348 0.071676 167.19
843.34 32437 2.3228 0.027457 2615.6 -0.054731 1.8348 0.066826 157.76
844.1 32331 2.3227 0.02776 2616.5 -0.051163 1.8348 0.063474 155.07
845.94 32104 2.3225 0.028486 2619 -0.04293 1.8347 0.059622 148.56
849.22 31796 2.3221 0.02978 2623.7 -0.028849 1.8347 0.052853 136.66
852 31627 2.3218 0.030881 2627.9 -0.017683 1.8347 0.048391 126.41
852.77 31594 2.3217 0.031186 2629 -0.014709 1.8347 0.047726 123.56
855.53 31521 2.3215 0.032281 2633.3 -0.0065695 1.8347 0.029703 113.64
860.45 31477 2.3209 0.034236 2641.3 -0.00082839 1.8347 0.017732 97.195
864.62 31507 2.3205 0.0359 2647.3 0.0079056 1.8347 0.048451 82.588
865.78 31538 2.3203 0.03636 2648.6 0.013734 1.8347 0.05733 78.02
868.54 31694 2.3201 0.037463 2650.2 0.030022 1.8347 0.075297 66.846
873.45 32345 2.3195 0.039423 2643.8 0.072177 1.8347 0.11724 45.907
877.63 33366 2.3191 0.041075 2629.5 0.11413 1.8348 0.13253 28.829
878.78 33728 2.319 0.041527 2625.3 0.12418 1.8348 0.13303 24.671
880.62 34364 2.3188 0.042248 2617.8 0.13984 1.8348 0.14461 18.385
883.9 35666 2.3184 0.043523 2602.8 0.16499 1.8349 0.15636 8.5191
886.68 36915 2.3181 0.044594 2590.3 0.18169 1.8349 0.15666 1.6542
887.45 37277 2.318 0.044889 2587.1 0.1854 1.835 0.15597 0.0032714
889.29 38171 2.3179 0.045592 2575 0.19263 1.835 0.15596 0.0032714
892.57 39820 2.3175 0.046833 2555.9 0.20143 1.8351 0.15814 0.0032714
895.35 41254 2.3172 0.047879 2541.7 0.20558 1.8352 0.1606 0.0032714
896.11 41653 2.3172 0.048166 2538.1 0.20627 1.8352 0.16003 0.0032714
897.96 42611 2.317 0.048853 2529.9 0.2072 1.8352 0.16312 0.0032714
901.23 44313 2.3166 0.050071 2516.6 0.20683 1.8353 0.16779 0.0032714
904.02 45741 2.3164 0.0511 2506.5 0.20476 1.8354 0.16712 0.0032714
904.78 46132 2.3163 0.051383 2503.8 0.20393 1.8354 0.1662 0.0032714
