time (s) altitude (m) velocity (m/s) mass (kg) dynamic pressure (Pa)trajectory angle (rad) Lift (N)Drag (N)heading angle (rad) latitude (rad) angle of attack (rad) 
904.78 46132 2503.8 3300 5041 0.20393 6537.8 2396.6 1.8354 0.051383 0.29905
906.3 46898 2519.5 3277.6 4594.6 0.2025 6021.3 2216.5 1.8355 0.051942 0.30119
908.99 48261 2548 3237.8 3952 0.19984 5223.3 1928.4 1.8355 0.052948 0.30292
911.27 49416 2572.8 3203.9 3482.9 0.19744 4551.4 1671.8 1.8356 0.05381 0.30053
911.9 49734 2579.8 3194.6 3363.9 0.19676 4388 1610.3 1.8356 0.054049 0.30015
913.42 50496 2596.6 3172.2 3095.4 0.1951 4075.4 1500.9 1.8357 0.054626 0.30204
916.11 51849 2627.1 3132.3 2693.5 0.1921 3551.7 1307.8 1.8357 0.055663 0.3023
918.39 52993 2653.5 3098.5 2402.1 0.18949 3095.9 1128 1.8358 0.056553 0.29753
919.02 53308 2660.9 3089.2 2327 0.18875 2987.5 1086.5 1.8358 0.0568 0.29672
920.54 54062 2678.9 3066.8 2155.7 0.18697 2779.1 1011.9 1.8358 0.057396 0.29752
923.23 55400 2711.3 3026.9 1879.5 0.1838 2400.8 869.66 1.8359 0.058467 0.29558
925.51 56529 2739.5 2993.1 1671.4 0.18106 2079.4 743.48 1.836 0.059387 0.29024
926.14 56840 2747.4 2983.8 1617.9 0.18029 2003.2 714.42 1.836 0.059642 0.28928
927.66 57584 2766.4 2961.4 1496.1 0.17845 1853.9 660.95 1.836 0.060258 0.2894
930.35 58902 2800.9 2921.5 1300.1 0.17518 1588.9 561.94 1.8361 0.061366 0.28661
932.63 60015 2830.7 2887.7 1153 0.1724 1375.8 480.22 1.8361 0.062317 0.28196
933.26 60321 2839.1 2878.3 1115.3 0.17162 1325.2 461.33 1.8361 0.062581 0.28117
934.78 61053 2859.3 2856 1029.4 0.16978 1225.1 426.26 1.8362 0.063218 0.28142
937.47 62349 2895.7 2816.1 891.69 0.16654 1046 360.58 1.8362 0.064364 0.27864
939.75 63443 2927.3 2782.3 788.62 0.16379 897.5 305.49 1.8363 0.065348 0.27277
940.38 63744 2936.1 2772.9 762.2 0.16303 861.37 292.28 1.8363 0.065621 0.27143
941.9 64463 2957.5 2750.6 702.25 0.16121 786.33 265.52 1.8363 0.066281 0.26967
944.59 65737 2996.1 2710.7 606.33 0.15796 649.18 214.87 1.8364 0.067467 0.26144
946.87 66810 3029.5 2676.9 534.81 0.15517 547.14 177.26 1.8364 0.068486 0.25344
947.5 67105 3038.9 2667.5 516.53 0.15439 523.89 168.96 1.8364 0.06877 0.25196
949.02 67810 3061.5 2645.1 475.08 0.15255 476.24 152.52 1.8365 0.069453 0.24996
951.71 69058 3102.4 2605.3 408.97 0.14927 392.79 123.14 1.8365 0.070682 0.24279
953.99 70108 3137.8 2571.4 359.84 0.14648 332.67 102.9 1.8366 0.071738 0.2363
954.63 70396 3147.7 2562.1 347.3 0.14571 318.23 98.103 1.8366 0.072032 0.23481
956.14 71086 3171.6 2539.7 318.82 0.14388 287.66 88.093 1.8366 0.07274 0.23226
958.83 72305 3214.8 2499.9 272.57 0.14063 233.78 70.265 1.8367 0.074015 0.22423
961.11 73330 3252.3 2466 238.59 0.13786 194.77 57.76 1.8367 0.07511 0.21683
961.75 73612 3262.8 2456.7 229.98 0.1371 184.61 54.482 1.8367 0.075415 0.2144
963.26 74284 3288.1 2434.3 210.58 0.13526 162.1 47.303 1.8367 0.076149 0.20842
965.95 75471 3334 2394.4 180.02 0.13181 107.96 30.374 1.8368 0.077472 0.17538
968.23 76466 3374 2360.6 157.69 0.12848 64.708 18.722 1.8368 0.078609 0.13355
968.87 76738 3385.3 2351.3 152.06 0.12748 56.252 16.759 1.8368 0.078925 0.12327
970.38 77385 3412.4 2328.9 139.42 0.12496 38.589 12.744 1.8369 0.079688 0.098222
973.07 78516 3461.8 2289 119.7 0.12002 14.838 8.548 1.8369 0.081062 0.050629
975.36 79451 3504.6 2255.2 105.45 0.11535 2.501 6.9094 1.837 0.082245 0.011156
975.99 79704 3516.6 2245.9 101.88 0.11399 0 6.6025 1.837 0.082574 0
975.99 79704 3516.6 2245.9 101.88 0.11399 0 6.6025 1.837 0.082574 0
976.99 80104 3515.5 2245.9 95.378 0.1118 -5.8849e-16 6.1879 1.837 0.083096 0
977.99 80493 3514.5 2245.9 89.439 0.1096 6.1874e-16 5.8089 1.837 0.083619 0
978.99 80873 3513.5 2245.9 83.958 0.10741 -3.4535e-16 5.4587 1.837 0.084141 0
979.99 81246 3512.5 2245.9 78.895 0.10521 -1.0326e-16 5.1349 1.837 0.084663 0
980.99 81611 3511.6 2245.9 74.217 0.10301 3.6079e-16 4.8355 1.837 0.085186 0
981.99 81968 3510.6 2245.9 69.892 0.10081 3.3976e-16 4.5583 1.8371 0.085708 0
982.99 82318 3509.7 2245.9 65.892 0.098612 4.0656e-16 4.3017 1.8371 0.08623 0
983.99 82659 3508.8 2245.9 62.188 0.09641 0 4.0639 1.8371 0.086752 0
984.99 82993 3507.9 2245.9 58.759 0.094207 1.7578e-16 3.8435 1.8371 0.087274 0
985.99 83319 3507.1 2245.9 55.582 0.092003 1.5588e-16 3.6391 1.8371 0.087796 0
986.99 83638 3506.2 2245.9 52.636 0.089799 -1.7715e-16 3.4495 1.8371 0.088318 0
987.99 83948 3505.4 2245.9 49.904 0.087593 3.0791e-16 3.2734 1.8371 0.08884 0
988.99 84251 3504.6 2245.9 47.37 0.085387 -1.9485e-16 3.1099 1.8371 0.089362 0
989.99 84546 3503.8 2245.9 45.017 0.083179 8.8377e-17 2.958 1.8372 0.089884 0
990.99 84833 3503.1 2245.9 42.827 0.080971 -1.0009e-16 2.8165 1.8372 0.090406 0
991.99 85113 3502.4 2115 0 0.078761 -0 0 1.8372 0.090927 0
992.99 85384 3501.6 2115 0 0.076551 -0 0 1.8372 0.091449 0
993.99 85648 3501 2115 0 0.07434 -0 0 1.8372 0.091971 0
994.99 85904 3500.3 2115 0 0.072129 0 0 1.8372 0.092492 0
995.99 86153 3499.7 2115 0 0.069916 -0 0 1.8372 0.093014 0
996.99 86393 3499 2115 0 0.067703 -0 0 1.8372 0.093535 0
997.99 86626 3498.4 2115 0 0.065489 0 0 1.8372 0.094057 0
998.99 86851 3497.8 2115 0 0.063275 -0 0 1.8373 0.094578 0
999.99 87068 3497.3 2115 0 0.061059 -0 0 1.8373 0.0951 0
1001 87278 3496.7 2115 0 0.058843 -0 0 1.8373 0.095621 0
1002 87480 3496.2 2115 0 0.056627 0 0 1.8373 0.096143 0
1003 87674 3495.7 2115 0 0.05441 -0 0 1.8373 0.096664 0
1004 87860 3495.3 2115 0 0.052192 -0 0 1.8373 0.097186 0
1005 88038 3494.8 2115 0 0.049974 0 0 1.8373 0.097707 0
1006 88209 3494.4 2115 0 0.047755 -0 0 1.8373 0.098228 0
1007 88372 3494 2115 0 0.045536 0 0 1.8373 0.098749 0
1008 88527 3493.6 2115 0 0.043316 0 0 1.8373 0.099271 0
1009 88675 3493.2 2115 0 0.041096 -0 0 1.8373 0.099792 0
1010 88814 3492.9 2115 0 0.038875 0 0 1.8373 0.10031 0
1011 88946 3492.5 2115 0 0.036654 0 0 1.8373 0.10083 0
1012 89070 3492.2 2115 0 0.034433 -0 0 1.8373 0.10136 0
1013 89186 3491.9 2115 0 0.032211 -0 0 1.8373 0.10188 0
1014 89295 3491.7 2115 0 0.029989 0 0 1.8374 0.1024 0
1015 89396 3491.4 2115 0 0.027766 0 0 1.8374 0.10292 0
1016 89489 3491.2 2115 0 0.025544 0 0 1.8374 0.10344 0
1017 89574 3491 2115 0 0.023321 -0 0 1.8374 0.10396 0
1018 89652 3490.8 2115 0 0.021097 0 0 1.8374 0.10448 0
1019 89721 3490.7 2115 0 0.018874 -0 0 1.8374 0.105 0
1020 89783 3490.5 2115 0 0.016651 -0 0 1.8374 0.10552 0
1021 89838 3490.4 2115 0 0.014427 -0 0 1.8374 0.10605 0
1022 89884 3490.3 2115 0 0.012203 -0 0 1.8374 0.10657 0
1023 89923 3490.3 2115 0 0.0099791 0 0 1.8374 0.10709 0
1024 89954 3490.2 2115 0 0.0077551 0 0 1.8374 0.10761 0
1025 89977 3490.2 2115 0 0.005531 0 0 1.8374 0.10813 0
1026 89992 3490.2 2115 0 0.0033069 0 0 1.8374 0.10865 0
1027 90000 3490.2 2115 0 0.0010828 0 0 1.8374 0.10917 0
1028 90000 3490.2 2115 0 0 0 0 1.8374 0.10969 0
