time (s) altitude (m) longitude (rad) latitude (rad) velocity (m/s) trajectory angle (rad) heading angle (rad) angle of attack (rad) bank angle (rad) fuel mass (kg) 
124.61 25536 2.3867 -0.20877 1615.7 0.039536 1.843 0.014813 1562
139.72 27277 2.3856 -0.20504 1657.8 0.10054 1.8434 0.071226 1518.1
166.63 33367 2.3837 -0.19838 1648.7 0.15 1.8443 0.017177 1478.4
189.47 37112 2.3821 -0.19285 1595.5 0.012065 1.8449 0.0090696 1488.2
195.77 36821 2.3817 -0.19135 1599.2 -0.0072601 1.845 0.02767 1484.9
210.88 35735 2.3807 -0.18773 1595.1 -0.080841 1.8451 0.014278 1486
237.79 30494 2.3788 -0.18127 1634.4 -0.13845 1.845 0.071033 1468.3
260.62 26526 2.3772 -0.17555 1727.4 -0.043824 1.8449 0.062167 1408.8
266.93 26336 2.3767 -0.17389 1759.9 0.001782 1.845 0.023889 1383.7
282.04 26831 2.3755 -0.1698 1834.6 0.028021 1.8452 0.019653 1329.8
308.95 28110 2.3733 -0.16214 1953.2 0.015688 1.8455 0.00040037 1243.9
331.78 28472 2.3714 -0.15526 2056 0.0048705 1.8458 0.033094 1173.1
338.08 28557 2.3708 -0.15329 2090.4 0.030996 1.8458 0.034644 1148.4
353.19 29632 2.3694 -0.14847 2152.2 0.030508 1.846 2.5538e-07 1101
380.11 30415 2.3669 -0.13958 2240.5 -0.0019512 1.8462 0.022613 1026.6
402.94 30627 2.3647 -0.13177 2313.3 0.025893 1.8464 0.025129 955.25
409.24 31196 2.3641 -0.12957 2327.1 0.025056 1.8465 0.026312 936.65
424.35 32103 2.3625 -0.12425 2357.2 0.023768 1.8466 0.020142 896.76
451.26 32875 2.3598 -0.11463 2403.4 -0.0027294 1.8468 0.012108 836.17
474.1 31967 2.3574 -0.10631 2445.9 -0.028661 1.8468 0.010905 783.23
480.4 31485 2.3568 -0.10399 2457.7 -0.033312 1.8468 0.025328 766.21
495.51 30717 2.3552 -0.098372 2490.9 -0.0087847 1.8468 0.03098 714.93
522.42 31058 2.3523 -0.08819 2542.1 0.012733 1.8469 0.0062257 622.92
545.25 31482 2.3498 -0.079406 2577.7 -0.004888 1.847 0.016377 554.24
551.56 31305 2.3491 -0.07696 2589.1 0.0022399 1.847 0.035877 533.39
566.67 31665 2.3474 -0.071057 2611.3 0.010034 1.8471 0.0055534 484.93
593.58 31546 2.3444 -0.060414 2652.8 -0.011337 1.8471 0.013507 404.46
616.41 31695 2.3418 -0.05126 2683.4 0.034736 1.8472 0.050857 323.37
622.71 32575 2.341 -0.048718 2686.3 0.062784 1.8472 0.070054 298.86
637.82 36255 2.3393 -0.042657 2676.2 0.11102 1.8474 0.0772 256.43
664.74 44408 2.3363 -0.031994 2637.4 0.1014 1.8479 0.065637 232.52
687.57 48871 2.3337 -0.023052 2608.5 0.044834 1.8481 0.071717 236.5
693.87 49471 2.333 -0.020592 2605.3 0.029725 1.8482 0.072173 235.31
708.98 49873 2.3314 -0.014704 2599.8 -0.0097073 1.8482 0.074524 235.31
735.89 46648 2.3284 -0.0042314 2604.8 -0.082413 1.848 0.033785 235.31
758.73 39980 2.3259 0.0046516 2618.8 -0.14066 1.8477 0.015757 235.31
765.03 37542 2.3252 0.0071039 2622.7 -0.15392 1.8476 0.0064769 235.31
780.14 31517 2.3235 0.013029 2648.6 -0.12424 1.8472 0.0654 200.71
807.05 31475 2.3205 0.023679 2640 0.1404 1.8472 0.11079 63.399
829.88 45110 2.318 0.032404 2547.9 0.28359 1.8479 0.060491 0.1748
836.19 49463 2.3173 0.034677 2534.9 0.24658 1.8482 0.075677 6.4644
