time (s) altitude (m) velocity (m/s) mass (kg)trajectory angle (rad) angle of attack (rad) heading angle (rad) latitude (rad)
0 150 30 29388 1.5691 0 1.6999 -0.21673 2.3889
2.6462 241.4 39.151 29007 1.5632 -0.0051246 1.7909 -0.21673 2.3889
7.3593 466.18 56.484 28328 1.5296 -0.0096958 1.8043 -0.21673 2.3889
11.358 722.69 72.288 27753 1.4788 -0.008151 1.8229 -0.21673 2.3889
12.462 804.59 76.845 27594 1.462 -0.0072119 1.8197 -0.21673 2.3889
15.108 1020.9 88.126 27213 1.4171 -0.004344 1.8222 -0.21673 2.3889
19.821 1476.7 109.61 26534 1.328 0.0031281 1.8252 -0.21671 2.3889
23.82 1935.2 129.42 25959 1.2526 0.011145 1.827 -0.21669 2.3889
24.924 2073.4 135.16 25800 1.2332 0.013308 1.8274 -0.21668 2.3889
27.57 2425.6 149.39 25420 1.1904 0.018618 1.8284 -0.21666 2.3889
32.283 3128.1 176.35 24742 1.1331 0.026825 1.8299 -0.21662 2.3889
36.282 3805.9 200.8 24167 1.1079 0.031736 1.8311 -0.21657 2.3889
37.386 4007.5 207.82 24008 1.105 0.032765 1.8314 -0.21655 2.3889
40.032 4518.9 225.09 23627 1.1056 0.034906 1.8321 -0.21651 2.3889
44.746 5540.2 257.62 22950 1.1295 0.034655 1.8335 -0.21644 2.3889
48.744 6530.2 286.25 22375 1.1599 0.028681 1.8348 -0.21637 2.3888
49.848 6824.5 294.09 22216 1.1669 0.026238 1.8352 -0.21635 2.3888
52.495 7561.9 310.52 21836 1.1735 0.019678 1.8361 -0.2163 2.3888
57.208 8963.1 336.14 21159 1.1498 0.0052955 1.8376 -0.21621 2.3888
61.206 10215 358.14 20584 1.0957 -0.0074061 1.8389 -0.21612 2.3888
62.31 10568 364.85 20426 1.0765 -0.010354 1.8392 -0.21609 2.3888
64.957 11425 382.4 20045 1.0255 -0.017114 1.8399 -0.21602 2.3887
69.67 12985 419.34 19368 0.92304 -0.025987 1.8409 -0.21586 2.3887
73.669 14330 456.63 18793 0.83147 -0.031378 1.8417 -0.21569 2.3886
74.773 14702 467.93 18634 0.80621 -0.033022 1.8419 -0.21564 2.3886
77.419 15596 496.93 18254 0.74587 -0.037013 1.8423 -0.2155 2.3886
82.132 17176 556.04 17576 0.64119 -0.045839 1.8429 -0.21521 2.3885
86.131 18493 615.03 17000 0.55779 -0.054655 1.8434 -0.21492 2.3884
87.235 18851 632.97 16842 0.53613 -0.057023 1.8435 -0.21483 2.3884
89.881 19699 678.98 16461 0.4872 -0.062431 1.8438 -0.2146 2.3883
94.594 21174 771.35 15782 0.41066 -0.068281 1.8442 -0.21414 2.3882
98.593 22387 859.32 15206 0.35464 -0.067869 1.8445 -0.21369 2.3881
99.697 22715 884.98 15047 0.34015 -0.067019 1.8446 -0.21355 2.388
102.34 23485 948.68 14666 0.30648 -0.064281 1.8447 -0.2132 2.3879
107.06 24783 1069 13987 0.24855 -0.055644 1.845 -0.21251 2.3877
111.05 25782 1177.9 13410 0.20157 -0.045505 1.8452 -0.21186 2.3875
112.16 26038 1209.3 13251 0.18929 -0.042785 1.8453 -0.21166 2.3875
114.81 26612 1287 12869 0.16114 -0.036166 1.8454 -0.21117 2.3873
119.52 27494 1434.2 12189 0.11733 -0.025092 1.8456 -0.21022 2.3871
123.52 28105 1567.3 11612 0.088591 -0.016189 1.8457 -0.20932 2.3868
124.62 28254 1605.2 11453 0.082338 -0.013702 1.8457 -0.20905 2.3867
