time (s) altitude (m) longitude (rad) latitude (rad) velocity (m/s) trajectory angle (rad) heading angle (rad) angle of attack (rad) bank angle (rad) fuel mass (kg) 
124.62 28254 2.3867 -0.20905 1605.2 0.082338 1.8457 -0.013702 1562
139.57 29584 2.3857 -0.20543 1622.7 0.031992 1.846 0.017304 1540.9
166.19 29781 2.3838 -0.19885 1669.8 -0.017222 1.8464 0.023785 1501.5
188.78 28509 2.3821 -0.19309 1731.9 -0.050249 1.8466 0.020183 1458.7
195.02 27901 2.3817 -0.19146 1755.4 -0.053122 1.8466 0.024733 1443.5
209.97 26732 2.3805 -0.18744 1825.3 -0.027782 1.8467 0.031644 1394.2
236.59 27615 2.3783 -0.17987 1955.2 0.062606 1.8471 0.03521 1289
259.18 31557 2.3764 -0.17312 2025.3 0.099573 1.8476 0.031895 1219.1
265.42 32785 2.3758 -0.17123 2033.7 0.092759 1.8477 0.016443 1207.8
280.36 34886 2.3745 -0.16667 2030 0.042199 1.848 -0.018472 1197.1
306.99 34309 2.3722 -0.15865 1988.9 -0.059537 1.8482 0.020708 1204.9
329.58 30860 2.3703 -0.1519 2016.9 -0.074909 1.8481 0.044982 1180.4
335.81 30019 2.3697 -0.15 2044.8 -0.064802 1.8481 0.044233 1161.4
350.76 28609 2.3684 -0.14534 2114.5 -0.024564 1.8481 0.035835 1110
377.39 29272 2.3659 -0.13664 2226.7 0.040302 1.8484 0.022572 1008.8
399.98 31575 2.3637 -0.12899 2277.1 0.036711 1.8486 0.0046797 941.72
406.21 31983 2.3631 -0.12686 2287.7 0.024149 1.8487 0.01345 928.36
421.16 32560 2.3616 -0.1217 2312.6 0.0091553 1.8488 0.016889 894.94
447.78 32334 2.3589 -0.11236 2357.2 -0.014403 1.8489 0.017501 835.69
470.37 31365 2.3566 -0.1043 2397.9 -0.018041 1.849 0.024388 776.7
476.61 31117 2.3559 -0.10205 2409.3 -0.012443 1.849 0.024917 757.67
491.56 30813 2.3544 -0.096613 2434.4 -0.0053844 1.849 0.015434 711.19
518.18 30641 2.3515 -0.086793 2476.1 -5.8707e-05 1.8491 0.014242 625.2
540.77 30905 2.3491 -0.078339 2507 0.011857 1.8492 0.01719 550.11
547.01 31139 2.3484 -0.075988 2514.6 0.015649 1.8492 0.018092 529.72
561.96 31574 2.3468 -0.070325 2531 0.0051982 1.8493 -0.0006715 486.41
588.58 31096 2.3439 -0.060139 2564.8 -0.013392 1.8493 0.017164 407.67
611.17 31219 2.3414 -0.051397 2589.2 0.032397 1.8493 0.037161 326.8
617.4 31980 2.3407 -0.048971 2590.5 0.050092 1.8494 0.068331 304.4
632.35 35212 2.3391 -0.043199 2572.1 0.10997 1.8496 0.08445 259.14
658.98 43531 2.3362 -0.033106 2519 0.11756 1.8501 0.070109 231.35
681.57 48585 2.3337 -0.024687 2485.1 0.053713 1.8504 0.04311 236.48
687.8 49231 2.3331 -0.02237 2481.7 0.03683 1.8504 0.045286 234.89
702.75 49742 2.3315 -0.016825 2476.2 -0.009472 1.8505 0.034212 234.89
729.37 46395 2.3287 -0.0069631 2482.6 -0.091071 1.8503 0.033844 234.89
751.96 39537 2.3263 0.0013993 2496.3 -0.15139 1.8499 0.014723 234.89
758.2 37077 2.3256 0.0037066 2499.8 -0.16586 1.8498 -0.032629 234.89
773.15 30872 2.324 0.0092785 2520.8 -0.13716 1.8494 0.069673 199.36
799.77 30738 2.3211 0.01925 2494.9 0.15212 1.8494 0.10476 61.593
822.36 44225 2.3188 0.027368 2397.7 0.29078 1.8502 0.068078 0.00033967
828.6 48282 2.3182 0.029478 2381.9 0.25619 1.8504 0.0868 5.9413
