time (s) altitude (m) longitude (rad) latitude (rad) velocity (m/s) trajectory angle (rad) heading angle (rad) angle of attack (rad) bank angle (rad) fuel mass (kg) 
124.6 26959 2.3868 -0.2123 1601.6 0.068619 -0.16388 0.0038356 0.90823 1562
128.7 27363 2.3879 -0.21246 1609 0.054355 -0.15213 0.007855 0.90736 1554.4
136.01 27866 2.3897 -0.21272 1623.7 0.031725 -0.12827 0.017636 0.89704 1540.9
142.2 28104 2.3913 -0.21291 1637.7 0.015853 -0.1048 0.02413 0.88411 1529.1
143.91 28143 2.3918 -0.21295 1641.8 0.011893 -0.097993 0.025677 0.88207 1525.8
148.01 28193 2.3929 -0.21304 1652.2 0.0031212 -0.081003 0.028428 0.87667 1517.7
155.32 28152 2.3948 -0.21317 1672.7 -0.0089318 -0.047672 0.036194 0.86128 1502.3
161.51 28024 2.3965 -0.21322 1692.4 -0.014846 -0.015588 0.041005 0.85403 1487.8
163.22 27980 2.3969 -0.21322 1698.2 -0.015926 -0.0062369 0.041959 0.85333 1483.6
167.32 27862 2.398 -0.21322 1712.8 -0.017575 0.017056 0.0436 0.85362 1473
174.63 27639 2.4001 -0.21314 1741.7 -0.017031 0.062273 0.047914 0.86186 1452.2
180.82 27472 2.4018 -0.213 1769 -0.013232 0.10473 0.049966 0.87465 1432.3
182.53 27434 2.4023 -0.21295 1777.1 -0.011834 0.11696 0.050273 0.8774 1426.5
186.63 27362 2.4034 -0.2128 1796.8 -0.0079083 0.14703 0.050455 0.88732 1412.1
193.94 27307 2.4055 -0.21244 1833.2 -0.00032398 0.20311 0.050641 0.92375 1385.3
200.13 27339 2.4073 -0.21203 1865.2 0.0057796 0.25283 0.050294 0.95142 1361.7
201.85 27360 2.4078 -0.2119 1874.1 0.0073688 0.26671 0.050104 0.9562 1355.1
205.95 27431 2.409 -0.21156 1895.6 0.010961 0.29999 0.049191 0.96945 1339.1
213.25 27618 2.4111 -0.21086 1934 0.015267 0.35846 0.046316 1.0058 1310.6
219.45 27813 2.4129 -0.21015 1966.5 0.016595 0.40661 0.044468 1.022 1286.5
221.16 27869 2.4134 -0.20994 1975.5 0.016807 0.41963 0.044151 1.0238 1279.9
225.26 28007 2.4146 -0.2094 1996.9 0.017018 0.45043 0.043333 1.0272 1264
232.56 28255 2.4167 -0.20835 2034.7 0.016542 0.50324 0.041201 1.0273 1236
238.76 28459 2.4184 -0.20735 2066.6 0.015597 0.5458 0.039872 1.0171 1212.5
240.47 28514 2.4189 -0.20706 2075.4 0.015362 0.55724 0.039543 1.015 1206.1
244.57 28643 2.4201 -0.20634 2096.3 0.014675 0.5841 0.038569 1.0091 1190.7
251.87 28858 2.4221 -0.20496 2132.8 0.013197 0.62938 0.035845 0.98721 1163.5
258.07 29025 2.4238 -0.20371 2162.2 0.011839 0.66528 0.034582 0.9709 1140.7
259.78 29068 2.4242 -0.20335 2170 0.011498 0.67497 0.034508 0.96819 1134.4
263.88 29167 2.4253 -0.20246 2188.1 0.010741 0.69791 0.034399 0.96239 1119.3
271.18 29331 2.4273 -0.20081 2218.6 0.0097298 0.73775 0.033857 0.9455 1092.5
277.38 29461 2.4289 -0.19933 2243 0.0090815 0.77036 0.03303 0.9356 1069.9
279.09 29496 2.4293 -0.19891 2249.5 0.0088766 0.77918 0.032871 0.93377 1063.6
283.19 29576 2.4304 -0.19788 2264.7 0.0083944 0.80007 0.032545 0.93037 1048.7
290.49 29710 2.4322 -0.19598 2290.4 0.0077764 0.83673 0.032905 0.92112 1022.1
296.69 29820 2.4337 -0.19431 2310.9 0.0077774 0.8677 0.033797 0.9164 999.47
298.4 29851 2.4341 -0.19383 2316.4 0.0078641 0.87627 0.033764 0.91555 993.21
302.5 29926 2.435 -0.19268 2329.4 0.0080222 0.89661 0.033518 0.91471 978.24
309.8 30063 2.4367 -0.19056 2351.6 0.0078769 0.93201 0.032271 0.91722 951.74
316 30174 2.4381 -0.18871 2369.6 0.0071111 0.9612 0.031515 0.92439 929.46
317.71 30202 2.4384 -0.18819 2374.3 0.0068161 0.96919 0.03181 0.92601 923.33
321.81 30265 2.4393 -0.18692 2385.3 0.0060806 0.98834 0.031358 0.93273 908.65
329.12 30354 2.4408 -0.18461 2403.4 0.004029 1.0224 0.031694 0.95963 882.58
335.31 30403 2.442 -0.18261 2417 0.0026497 1.0531 0.037671 0.98104 860.14
337.02 30413 2.4423 -0.18204 2420.4 0.0027068 1.0625 0.039794 0.9843 853.78
341.12 30443 2.4431 -0.18068 2428.8 0.0032908 1.0857 0.042889 0.99353 838.37
348.43 30515 2.4443 -0.17819 2443.5 0.0047779 1.1292 0.044604 1.0177 810.57
354.62 30593 2.4453 -0.17603 2455.7 0.0052884 1.1662 0.042705 1.0277 787.05
356.33 30615 2.4456 -0.17542 2459.1 0.0052414 1.1761 0.042961 1.029 780.62
360.43 30667 2.4462 -0.17396 2467.1 0.0051316 1.2 0.04233 1.0319 765.21
367.74 30755 2.4472 -0.17131 2481.1 0.0045425 1.2422 0.042022 1.0369 737.9
373.93 30821 2.4479 -0.16901 2492.7 0.0039267 1.2778 0.042059 1.0363 714.81
375.65 30837 2.4481 -0.16838 2495.8 0.0037774 1.2876 0.041962 1.036 708.44
379.75 30874 2.4485 -0.16683 2503.4 0.0034113 1.311 0.042004 1.0354 693.18
387.05 30931 2.4492 -0.16405 2516.6 0.0028859 1.3524 0.041552 1.0286 666.03
393.25 30974 2.4497 -0.16166 2527.6 0.0026183 1.3869 0.040801 1.018 643.04
394.96 30985 2.4498 -0.16099 2530.6 0.0025805 1.3963 0.040736 1.0153 636.7
399.06 31012 2.4501 -0.15939 2537.8 0.0025777 1.4188 0.040302 1.0071 621.51
406.36 31063 2.4505 -0.15651 2550.4 0.0031042 1.4578 0.039402 0.97791 594.52
412.56 31121 2.4507 -0.15405 2560.9 0.0042811 1.4899 0.039428 0.95842 571.68
414.27 31141 2.4508 -0.15337 2563.7 0.0047102 1.4988 0.039508 0.95594 565.38
418.37 31196 2.4509 -0.15173 2570.3 0.0058109 1.5199 0.039724 0.95198 550.31
425.67 31325 2.451 -0.14879 2581.7 0.0078384 1.5572 0.040059 0.95385 523.64
431.87 31461 2.451 -0.14629 2590.9 0.0089904 1.5885 0.039212 0.96807 501.34
433.58 31501 2.451 -0.1456 2593.3 0.0090765 1.597 0.038787 0.97032 495.27
437.68 31598 2.4509 -0.14394 2599.2 0.0089189 1.617 0.036957 0.97839 480.89
444.98 31749 2.4507 -0.14097 2609.6 0.0065743 1.6498 0.030619 0.97565 456.12
451.18 31827 2.4505 -0.13845 2618.4 0.0029279 1.674 0.02559 0.93386 435.94
452.89 31838 2.4504 -0.13776 2620.9 0.0018853 1.6801 0.024354 0.9201 430.45
456.99 31844 2.4502 -0.13609 2626.9 -0.00089972 1.6938 0.020717 0.88296 417.45
464.29 31774 2.4498 -0.13311 2637.9 -0.0061486 1.7145 0.016355 0.76959 394.63
470.49 31653 2.4494 -0.13058 2647.5 -0.0079413 1.7306 0.022919 0.67402 374.76
472.2 31618 2.4493 -0.12988 2650.1 -0.0072529 1.7356 0.025505 0.64569 369
476.3 31554 2.449 -0.12821 2656.3 -0.0038173 1.7475 0.031087 0.58393 354.82
483.6 31604 2.4484 -0.12523 2666.1 0.010642 1.7693 0.044221 0.4568 328.19
489.8 31938 2.4479 -0.1227 2671.9 0.031019 1.7867 0.054472 0.35355 304.91
491.51 32096 2.4477 -0.122 2672.8 0.03747 1.7909 0.057543 0.32417 298.58
495.61 32596 2.4474 -0.12034 2673.9 0.053971 1.7999 0.064315 0.25792 283.86
502.92 33942 2.4466 -0.11738 2670.9 0.08368 1.8107 0.077528 0.13242 260.27
509.11 35505 2.446 -0.11489 2664.5 0.10463 1.8141 0.083238 0.028827 243.93
510.82 35991 2.4459 -0.1142 2662.4 0.10889 1.8143 0.081716 0 240.11
510.82 35991 2.4459 -0.1142 2662.4 0.10889 1.8143 0.081716 0 240.11
519.44 38832 2.445 -0.1108 2598.4 0.13608 1.8355 0.078727 0.78614 239.46
534.78 43846 2.4432 -0.10501 2519.2 0.10862 1.9077 0.12692 1.5619 239.55
547.8 46589 2.4414 -0.1003 2467.4 0.061931 1.9548 0.15225 1.486 239.26
551.39 47095 2.4409 -0.099026 2456.8 0.050919 1.9676 0.15095 1.5153 239.26
560.01 47854 2.4395 -0.096018 2434.1 0.020875 1.9931 0.15833 1.5342 238.86
575.35 47631 2.437 -0.090805 2399.3 -0.032748 2.0386 0.16396 1.4659 238.88
588.37 45962 2.4348 -0.086537 2373.1 -0.073903 2.0807 0.15491 1.3232 238.63
591.96 45291 2.4341 -0.085386 2365.7 -0.083871 2.0935 0.15489 1.2523 238.59
600.58 43370 2.4325 -0.082684 2344.6 -0.10452 2.1301 0.16152 1.2302 238.08
615.92 39324 2.4293 -0.078163 2276.7 -0.11876 2.2323 0.16368 1.0979 238.11
628.94 36031 2.4264 -0.074781 2184.2 -0.10325 2.3625 0.14155 1.0893 237.82
632.53 35263 2.4255 -0.073948 2153.7 -0.096423 2.4055 0.13583 1.089 237.79
638.99 34046 2.4238 -0.072581 2094.1 -0.08138 2.4915 0.12888 1.1295 237.47
650.5 32364 2.4207 -0.070621 1982.9 -0.064906 2.6634 0.10398 1.2536 237.4
660.26 31124 2.418 -0.069463 1896 -0.069901 2.8133 0.08417 1.3254 237.18
662.96 30755 2.4173 -0.069223 1873.1 -0.073049 2.8545 0.080629 1.2995 237.14
669.42 29825 2.4155 -0.068785 1820.9 -0.084438 2.9558 0.072309 1.4004 236.48
680.93 27879 2.4123 -0.06851 1704.3 -0.1031 3.1636 0.071753 1.2875 238.23
690.69 26407 2.4098 -0.06884 1659.6 -0.063821 3.3886 0.094995 1.0665 225.35
693.38 26179 2.4091 -0.069034 1687.1 -0.036376 3.461 0.095918 1.0838 213.51
699.85 26095 2.4075 -0.069726 1730.4 0.015152 3.6477 0.091757 1.1869 186.64
711.35 26785 2.405 -0.071688 1830.7 0.041266 3.951 0.065703 1.4003 135.9
721.12 27468 2.4033 -0.073951 1928.7 0.031314 4.1388 0.050998 1.2038 95.218
723.81 27623 2.4028 -0.074645 1954.5 0.040582 4.1832 0.050938 1.0129 84.347
730.27 28412 2.4019 -0.07641 2013.2 0.083496 4.2589 0.046387 0.62517 59.227
741.78 31285 2.4004 -0.07977 2096.2 0.15503 4.322 0.038737 0.38364 22.412
751.54 34787 2.3992 -0.082709 2094.2 0.17949 4.3531 0.059021 0.51591 8.8819
754.24 35783 2.3989 -0.083519 2068.2 0.18762 4.3646 0.062465 0.46188 10.131
762.85 39120 2.398 -0.086066 2022.7 0.19069 4.3857 0.066379 0.48545 9.4229
778.2 44566 2.3966 -0.090527 1968.2 0.16147 4.4066 0.074932 0.45675 9.4138
791.21 48145 2.3954 -0.094272 1938.9 0.12023 4.4154 0.076499 0.44004 8.5738
794.81 48940 2.3951 -0.095302 1932.8 0.10699 4.4172 0.07828 0.45812 8.3788
803.42 50445 2.3943 -0.097766 1920.8 0.074447 4.4209 0.083508 0.39553 7.8148
818.77 51763 2.393 -0.10214 1906.7 0.015084 4.4258 0.099267 0.3074 7.1616
831.78 51517 2.3919 -0.10584 1901.2 -0.034859 4.43 0.10765 0.337 6.6361
835.38 51233 2.3916 -0.10686 1900.7 -0.048513 4.4313 0.10895 0.34322 6.4656
843.99 50181 2.3909 -0.10931 1900.7 -0.080059 4.4346 0.1126 0.27706 6.0541
859.34 47109 2.3897 -0.11366 1902.6 -0.12869 4.4407 0.12341 0.19263 5.5707
872.35 43576 2.3887 -0.11734 1900 -0.15486 4.448 0.13201 0.19522 5.0366
875.95 42510 2.3884 -0.11836 1897.3 -0.15805 4.451 0.13309 0.20519 4.8236
884.56 39938 2.3878 -0.12078 1884.7 -0.15532 4.459 0.13329 0.15101 4.2816
899.9 36126 2.3867 -0.12507 1830.2 -0.10304 4.4773 0.127 0.138 4.3153
912.92 34614 2.3859 -0.12861 1755.8 -0.020759 4.5003 0.12262 0.16975 3.9845
916.52 34569 2.3857 -0.12957 1732.4 0.0041113 4.5082 0.1212 0.19093 3.9755
925.13 35009 2.3852 -0.13182 1680.9 0.053532 4.5264 0.1163 0.18305 2.4221
940.47 37071 2.3845 -0.13568 1602.9 0.10305 4.5524 0.11223 0.1971 0.13164
953.49 39301 2.384 -0.13883 1550.1 0.10987 4.5699 0.11813 0.21094 0.085993
957.09 39902 2.3839 -0.13968 1537.5 0.10811 4.5742 0.11835 0.24072 0.0014943
965.7 41251 2.3836 -0.1417 1511 0.09622 4.5833 0.11927 0.2013 0.0014927
981.04 43052 2.3832 -0.14523 1475.1 0.057876 4.5936 0.11412 0.15574 0.0014852
994.06 43749 2.3829 -0.14818 1454.2 0.013928 4.6002 0.10763 0.18822 0.0014778
997.66 43788 2.3828 -0.14899 1449.8 0.00079441 4.6023 0.10892 0.21567 0.0014764
1004.1 43686 2.3826 -0.15044 1442.8 -0.022456 4.6059 0.11227 0.1449 0.0014708
1015.6 42993 2.3823 -0.153 1432.8 -0.060476 4.6095 0.12153 0.057107 0.0014505
1025.4 41955 2.3821 -0.15516 1425.4 -0.087463 4.6128 0.12346 0.12964 0.0014347
1028.1 41608 2.382 -0.15575 1423.4 -0.093993 4.6147 0.12321 0.1445 0.0014317
1034.5 40683 2.3819 -0.15717 1418.1 -0.10692 4.6182 0.12511 0.077185 0.0014223
1046.1 38842 2.3817 -0.15968 1405 -0.11701 4.6215 0.12896 0.033547 0.0013894
1055.8 37278 2.3815 -0.16179 1387.5 -0.10992 4.627 0.12908 0.12285 0.0013651
1058.5 36877 2.3814 -0.16237 1381.4 -0.10531 4.6304 0.13054 0.13323 0.0013607
1065 36012 2.3813 -0.16374 1363.9 -0.088794 4.6372 0.12843 0.089343 0.0013477
1076.5 34942 2.3812 -0.16615 1325.3 -0.047204 4.6472 0.12332 0.078351 0.0013028
1086.2 34602 2.381 -0.16813 1286.2 -0.0057872 4.6569 0.12288 0.091878 0.0012711
1088.9 34602 2.381 -0.16867 1274.6 0.0059038 4.66 0.11834 0.11589 0.0012656
1095.4 34748 2.3809 -0.16994 1247.4 0.028172 4.6668 0.11038 0.077844 0.0012501
1106.9 35291 2.3808 -0.17214 1202.4 0.043264 4.6735 0.078276 0.056233 0.0011977
1116.7 35738 2.3808 -0.17395 1171.8 0.029105 4.6787 0.056797 0.12147 0.0011608
1119.4 35817 2.3808 -0.17444 1165 0.022822 4.681 0.055636 0.13929 0.0011541
1128 35933 2.3807 -0.17599 1144.5 -0.00052779 4.6863 0.051399 0.076778 0.0011351
1143.3 35534 2.3806 -0.17869 1112.9 -0.045077 4.6904 0.055988 0.031664 0.001071
1156.3 34696 2.3806 -0.18092 1082.6 -0.068678 4.6959 0.080654 0.086493 0.0010271
1159.9 34426 2.3806 -0.18152 1072 -0.069739 4.6991 0.086747 0.11247 0.0010196
1168.5 33801 2.3806 -0.18294 1044.1 -0.064516 4.7054 0.10091 0.037829 0.00099947
1183.9 33058 2.3806 -0.18537 979.36 -0.027057 4.7072 0.12055 -0.0048502 0.00093324
1196.9 32943 2.3806 -0.1873 912.95 0.0062151 4.7107 0.11428 0.067395 0.00088877
1200.5 32973 2.3806 -0.1878 894.81 0.0088021 4.7145 0.11377 0.099588 0.00088125
1209.1 33051 2.3806 -0.18898 850.93 0.0095641 4.7205 0.11132 0.028837 0.00086167
1224.5 33028 2.3806 -0.19093 778.3 -0.019852 4.7228 0.10167 0.021845 0.000798
1237.5 32602 2.3806 -0.19246 725.22 -0.070893 4.7307 0.094944 0.12047 0.00075611
1241.1 32397 2.3806 -0.19286 711.88 -0.087374 4.7353 0.093957 0.15398 0.00074914
1249.7 31751 2.3806 -0.19379 681.44 -0.12851 4.7445 0.092134 0.078301 0.00073173
1265 30122 2.3807 -0.19534 627.73 -0.19566 4.7523 0.096028 0.034818 0.00067615
1278 28434 2.3807 -0.19654 575.66 -0.23434 4.764 0.10518 0.10459 0.00064061
1281.6 27954 2.3808 -0.19684 559.29 -0.24057 4.7709 0.10513 0.14212 0.00063481
1290.3 26818 2.3808 -0.19755 519.5 -0.25229 4.7853 0.1049 0.053569 0.00062107
1305.6 24928 2.3809 -0.19867 448.47 -0.25947 4.7881 0.10416 -0.018151 0.00057813
1318.6 23541 2.381 -0.19949 392.66 -0.25264 4.7936 0.1087 0.064229 0.00055147
1322.2 23199 2.381 -0.1997 378.35 -0.24757 4.8024 0.11084 0.094607 0.00054714
1330.8 22461 2.381 -0.20018 346.83 -0.23046 4.814 0.11542 -0.0015845 0.0005373
1346.2 21443 2.3811 -0.20093 300.07 -0.18547 4.7916 0.12235 -0.064521 0.00050685
1359.2 20818 2.3811 -0.2015 270.04 -0.16067 4.7782 0.1193 0.032865 0.00048809
1362.8 20665 2.3812 -0.20165 263.49 -0.16291 4.7865 0.11912 0.071733 0.000485
1371.4 20297 2.3812 -0.20199 249.83 -0.17368 4.7934 0.11854 -0.021581 0.00047787
1386.7 19577 2.3812 -0.20256 234.09 -0.22209 4.7645 0.11263 -0.054136 0.00045551
1399.8 18842 2.3812 -0.20301 228.52 -0.27147 4.761 0.10699 0.055803 0.00044135
1403.3 18618 2.3813 -0.20314 227.74 -0.28014 4.7728 0.10662 0.093827 0.00043895
1412 18071 2.3813 -0.20343 225.12 -0.28278 4.7878 0.1073 -0.006123 0.00043305
1427.3 17178 2.3813 -0.20394 215.39 -0.24628 4.7556 0.1063 -0.058536 0.00041401
1440.3 16553 2.3813 -0.20435 203.22 -0.22148 4.7448 0.10235 0.04926 0.00040143
1443.9 16394 2.3813 -0.20446 200.07 -0.22255 4.7587 0.10178 0.0868 0.00039926
1452.5 16018 2.3813 -0.20472 192.87 -0.22673 4.7732 0.10157 -0.012135 0.00039357
1467.9 15342 2.3814 -0.20516 182.93 -0.24979 4.7364 0.098577 -0.055809 0.00037476
1480.9 14731 2.3814 -0.20551 178 -0.27838 4.7296 0.094368 0.056372 0.00036198
1484.5 14553 2.3814 -0.20561 177.13 -0.28426 4.7458 0.093813 0.093169 0.00035976
1493.1 14125 2.3814 -0.20584 174.61 -0.28619 4.7644 0.093042 -0.0076382 0.00035372
1508.4 13395 2.3814 -0.20623 168.12 -0.27466 4.7255 0.089476 -0.053293 0.00033358
1521.5 12815 2.3814 -0.20656 161.7 -0.27687 4.7192 0.086194 0.059544 0.00031972
1525.1 12655 2.3814 -0.20665 160.19 -0.27981 4.7383 0.085818 0.096887 0.00031731
1533.7 12277 2.3814 -0.20685 156.44 -0.28296 4.7601 0.084931 -0.0072169 0.00031065
1549 11612 2.3814 -0.2072 150.22 -0.29076 4.7164 0.081497 -0.054478 0.00028839
1562 11050 2.3814 -0.20749 145.73 -0.30298 4.7098 0.078851 0.061078 0.00027301
1565.6 10893 2.3814 -0.20757 144.62 -0.30425 4.7316 0.078596 0.099345 0.00027032
1574.2 10522 2.3814 -0.20775 141.81 -0.30658 4.7566 0.077597 -0.0070871 0.00026289
1589.6 9868.3 2.3814 -0.20807 137.2 -0.31468 4.7066 0.074946 -0.056966 0.00023797
1602.6 9315.9 2.3814 -0.20834 133.65 -0.32269 4.6986 0.073615 0.063024 0.00022071
1606.2 9163.6 2.3814 -0.20841 132.71 -0.3228 4.7234 0.073455 0.10158 0.00021769
1614.8 8804.3 2.3814 -0.20858 130.18 -0.32331 4.7517 0.072305 -0.0064624 0.00020928
1630.2 8173 2.3814 -0.20887 125.86 -0.33295 4.6972 0.069045 -0.056712 0.00018105
1643.2 7632.5 2.3814 -0.20911 123 -0.34886 4.6939 0.066821 0.075983 0.0001614
1646.8 7480.5 2.3814 -0.20917 122.36 -0.35052 4.7253 0.066245 0.11369 0.00015795
1655.4 7119.2 2.3814 -0.20933 120.51 -0.35699 4.7639 0.06301 0.0044033 0.00014821
1670.7 6451.8 2.3814 -0.20959 118.12 -0.39422 4.7207 0.052596 -0.04162 0.00011535
1683.7 5833.3 2.3814 -0.20981 117.93 -0.43536 4.7487 0.047335 0.1257 9.2124e-05
1687.3 5652.2 2.3814 -0.20987 118.1 -0.43716 4.7984 0.047318 0.16061 8.789e-05
1695.9 5222.3 2.3815 -0.21002 117.07 -0.42923 4.8878 0.047201 0.085496 7.6421e-05
1711.3 4563.4 2.3815 -0.21027 109.28 -0.33334 4.9801 0.066025 0.078821 3.4478e-05
1724.3 4180.9 2.3816 -0.21046 96.807 -0.24725 5.205 0.086906 0.2958 3.5439e-06
1727.9 4099.8 2.3816 -0.2105 93.049 -0.25428 5.3373 0.087151 0.36668 0
