time (s) altitude (m) velocity (m/s) mass (kg)trajectory angle (rad) angle of attack (rad) heading angle (rad) latitude (rad)
0 90 30 29388 1.5691 0 1.3856 -0.2123 2.3868
0.44109 103.56 31.492 29325 1.5686 -0.0015472 1.4265 -0.2123 2.3868
1.2267 129.35 34.178 29211 1.567 -0.0041493 1.4741 -0.2123 2.3868
1.8932 152.9 36.486 29115 1.5646 -0.0061226 1.4957 -0.2123 2.3868
2.0773 159.68 37.128 29089 1.5638 -0.0066289 1.5003 -0.2123 2.3868
2.5184 176.39 38.675 29025 1.5616 -0.0077783 1.5088 -0.2123 2.3868
3.304 207.87 41.459 28912 1.5567 -0.0095888 1.5193 -0.2123 2.3868
3.9705 236.29 43.85 28816 1.5515 -0.010878 1.5254 -0.2123 2.3868
4.1545 244.42 44.515 28790 1.5499 -0.011197 1.5268 -0.2123 2.3868
5.0367 285.09 47.732 28663 1.5414 -0.012492 1.5321 -0.2123 2.3868
6.6079 364.6 53.581 28437 1.5223 -0.013841 1.5383 -0.2123 2.3868
7.941 439.28 58.67 28245 1.5025 -0.014011 1.5417 -0.2123 2.3868
8.3091 461.08 60.096 28192 1.4965 -0.013904 1.5425 -0.2123 2.3868
9.1912 515.44 63.553 28065 1.4812 -0.013374 1.5441 -0.2123 2.3868
10.762 619.64 69.857 27838 1.451 -0.011471 1.5463 -0.2123 2.3868
12.096 715.55 75.364 27646 1.423 -0.0088828 1.5478 -0.2123 2.3868
12.464 743.25 76.91 27593 1.415 -0.0080142 1.5482 -0.21229 2.3868
13.125 794.38 79.721 27498 1.4002 -0.0063078 1.5488 -0.21229 2.3868
14.304 889.67 84.818 27329 1.3734 -0.0027436 1.5497 -0.21229 2.3868
15.303 974.78 89.239 27185 1.3504 0.00084515 1.5504 -0.21229 2.3868
15.579 998.97 90.478 27145 1.3441 0.0019092 1.5506 -0.21229 2.3868
16.241 1058.2 93.475 27050 1.3291 0.0046039 1.551 -0.21228 2.3868
17.42 1167.8 98.919 26880 1.3029 0.0097248 1.5517 -0.21228 2.3868
18.419 1265.2 103.65 26736 1.2817 0.014136 1.5523 -0.21228 2.3868
18.695 1292.8 104.97 26696 1.276 0.015315 1.5524 -0.21227 2.3868
19.566 1381.7 109.19 26571 1.2587 0.018953 1.5528 -0.21227 2.3868
21.29 1566.9 117.75 26323 1.2273 0.025087 1.5536 -0.21226 2.3868
23.202 1786.3 127.58 26048 1.197 0.030073 1.5544 -0.21225 2.3868
24.571 1952.9 134.81 25851 1.178 0.032601 1.5549 -0.21224 2.3868
24.927 1997.5 136.72 25800 1.1734 0.033071 1.5551 -0.21223 2.3868
25.589 2081.9 140.3 25704 1.1653 0.03385 1.5553 -0.21223 2.3868
26.767 2236.8 146.76 25535 1.152 0.034703 1.5557 -0.21222 2.3868
27.767 2373.1 152.33 25391 1.1416 0.034898 1.5561 -0.21221 2.3868
28.043 2411.5 153.88 25351 1.1389 0.034906 1.5562 -0.21221 2.3868
28.705 2504.9 157.62 25256 1.1327 0.034885 1.5564 -0.2122 2.3868
29.883 2676.3 164.38 25087 1.1223 0.034846 1.5568 -0.21219 2.3868
30.883 2826.7 170.2 24943 1.1145 0.034871 1.5571 -0.21217 2.3868
31.159 2869.1 171.82 24903 1.1125 0.034882 1.5572 -0.21217 2.3868
32.482 3077.2 179.7 24713 1.1039 0.034906 1.5576 -0.21215 2.3868
34.839 3469.3 194.12 24374 1.093 0.034906 1.5584 -0.21212 2.3868
36.839 3824.6 206.74 24086 1.0883 0.034905 1.559 -0.21209 2.3868
37.391 3926.6 210.29 24007 1.0878 0.034899 1.5591 -0.21209 2.3868
38.052 4051 214.57 23912 1.0876 0.034906 1.5593 -0.21208 2.3868
39.231 4279 222.3 23742 1.0884 0.034905 1.5597 -0.21206 2.3868
40.231 4478.9 228.96 23599 1.0903 0.034899 1.56 -0.21204 2.3868
40.507 4535.2 230.81 23559 1.091 0.034901 1.5601 -0.21204 2.3868
41.168 4672 235.28 23464 1.0931 0.034906 1.5603 -0.21202 2.3868
42.347 4922.8 243.35 23295 1.098 0.034896 1.5606 -0.212 2.3868
43.346 5142.8 250.3 23151 1.1035 0.034875 1.561 -0.21199 2.3868
43.623 5204.7 252.23 23111 1.1051 0.034874 1.561 -0.21198 2.3868
44.237 5344.4 256.57 23023 1.1092 0.034906 1.5612 -0.21197 2.3868
45.52 5645.3 265.75 22838 1.1191 0.034906 1.5616 -0.21195 2.3868
47.125 6038.8 277.47 22608 1.1337 0.033913 1.5622 -0.21192 2.3868
48.62 6423.3 288.38 22393 1.1476 0.031735 1.5627 -0.21189 2.3868
49.606 6686.2 295.21 22251 1.1556 0.029764 1.563 -0.21187 2.3868
49.854 6753.4 296.85 22215 1.1573 0.029161 1.5631 -0.21187 2.3868
51.178 7118.9 305.23 22025 1.1644 0.025529 1.5636 -0.21184 2.3868
53.534 7795.1 318.69 21687 1.1665 0.016892 1.5645 -0.2118 2.3868
55.534 8389.7 329.19 21399 1.1559 0.0073864 1.5652 -0.21176 2.3868
56.086 8556.5 332.03 21320 1.1508 0.0044101 1.5654 -0.21175 2.3868
56.7 8743.3 335.19 21232 1.144 0.0010573 1.5656 -0.21173 2.3868
57.984 9137.3 341.91 21047 1.1259 -0.0053668 1.566 -0.2117 2.3868
59.589 9635.6 350.8 20817 1.0978 -0.012197 1.5665 -0.21166 2.3868
61.084 10105 359.68 20602 1.0673 -0.017454 1.567 -0.21163 2.3868
62.07 10416 365.84 20460 1.0453 -0.020263 1.5673 -0.2116 2.3868
62.318 10495 367.43 20424 1.0397 -0.020912 1.5673 -0.21159 2.3868
63.189 10771 373.14 20299 1.0192 -0.022903 1.5676 -0.21157 2.3868
64.913 11320 385.04 20051 0.97687 -0.025733 1.568 -0.21151 2.3868
66.824 11931 399.32 19777 0.92878 -0.027125 1.5684 -0.21144 2.3868
68.194 12369 410.31 19580 0.89458 -0.027014 1.5687 -0.21139 2.3868
68.55 12483 413.28 19529 0.88582 -0.026847 1.5688 -0.21137 2.3868
69.211 12695 418.92 19434 0.86973 -0.026452 1.5689 -0.21135 2.3868
70.39 13072 429.35 19264 0.8418 -0.02558 1.5692 -0.21129 2.3868
71.39 13392 438.61 19120 0.81889 -0.02482 1.5694 -0.21125 2.3868
71.666 13481 441.24 19081 0.8127 -0.024645 1.5694 -0.21124 2.3868
72.327 13693 447.64 18986 0.79806 -0.024313 1.5695 -0.2112 2.3868
73.506 14070 459.45 18816 0.77266 -0.024181 1.5697 -0.21114 2.3868
74.505 14391 469.89 18673 0.75164 -0.024592 1.5699 -0.21109 2.3868
74.781 14480 472.84 18633 0.74591 -0.024781 1.5699 -0.21108 2.3868
75.652 14759 482.33 18508 0.72798 -0.025549 1.5701 -0.21103 2.3868
77.376 15312 502.01 18260 0.69299 -0.028153 1.5703 -0.21093 2.3868
79.288 15925 525.2 17985 0.65431 -0.03283 1.5706 -0.21081 2.3868
80.657 16361 542.74 17788 0.62625 -0.037248 1.5708 -0.21072 2.3868
81.013 16474 547.43 17737 0.61889 -0.038573 1.5709 -0.21069 2.3868
81.675 16684 556.29 17641 0.60508 -0.041144 1.5709 -0.21064 2.3868
82.853 17056 572.6 17472 0.58016 -0.046189 1.5711 -0.21056 2.3868
83.853 17368 587 17328 0.55872 -0.050772 1.5712 -0.21048 2.3868
84.129 17454 591.08 17288 0.55276 -0.052018 1.5712 -0.21046 2.3868
84.791 17659 601.02 17193 0.53847 -0.054897 1.5713 -0.21041 2.3868
85.969 18019 619.39 17024 0.51318 -0.059503 1.5715 -0.21031 2.3868
86.969 18322 635.66 16880 0.4921 -0.062843 1.5716 -0.21022 2.3868
87.245 18404 640.27 16840 0.48638 -0.063688 1.5716 -0.2102 2.3868
88.116 18663 655.12 16715 0.4686 -0.066131 1.5717 -0.21012 2.3868
89.84 19168 685.97 16467 0.4349 -0.069893 1.5719 -0.20996 2.3868
91.752 19713 722.34 16191 0.40005 -0.072254 1.572 -0.20977 2.3868
93.121 20094 749.75 15994 0.37672 -0.072917 1.5722 -0.20962 2.3868
93.477 20192 757.06 15943 0.37088 -0.07296 1.5722 -0.20958 2.3868
94.8 20552 784.85 15753 0.34987 -0.073038 1.5723 -0.20943 2.3868
97.157 21174 836.7 15413 0.31472 -0.073141 1.5725 -0.20915 2.3868
99.157 21683 882.89 15125 0.28639 -0.073093 1.5726 -0.20889 2.3868
99.709 21820 895.98 15046 0.27871 -0.072911 1.5727 -0.20882 2.3868
100.58 22032 916.91 14920 0.26669 -0.072417 1.5727 -0.2087 2.3868
102.3 22440 959.3 14672 0.2432 -0.070363 1.5729 -0.20845 2.3868
104.22 22869 1007.7 14397 0.21751 -0.066284 1.573 -0.20817 2.3868
105.58 23159 1043.1 14199 0.19934 -0.062304 1.5731 -0.20795 2.3868
105.94 23232 1052.4 14148 0.19465 -0.061089 1.5731 -0.2079 2.3868
106.6 23365 1069.9 14053 0.186 -0.058717 1.5731 -0.20779 2.3868
107.78 23592 1101.3 13883 0.17083 -0.053973 1.5732 -0.20759 2.3868
108.78 23774 1128.3 13739 0.15832 -0.049607 1.5732 -0.20742 2.3868
109.06 23823 1135.9 13699 0.15493 -0.048419 1.5732 -0.20737 2.3868
109.72 23937 1154.1 13604 0.14695 -0.045692 1.5733 -0.20725 2.3868
110.9 24129 1187 13434 0.13318 -0.041362 1.5733 -0.20704 2.3868
111.9 24282 1215.5 13290 0.1219 -0.038253 1.5734 -0.20685 2.3868
112.17 24323 1223.5 13250 0.11885 -0.037472 1.5734 -0.2068 2.3868
112.83 24416 1242.7 13155 0.11164 -0.035747 1.5734 -0.20667 2.3868
114.01 24572 1277.6 12985 0.099109 -0.033217 1.5735 -0.20644 2.3868
115.01 24694 1307.7 12841 0.088755 -0.031601 1.5735 -0.20624 2.3868
115.29 24725 1316.1 12801 0.085934 -0.031207 1.5735 -0.20618 2.3868
115.95 24798 1336.3 12705 0.079247 -0.030272 1.5736 -0.20605 2.3868
117.13 24915 1372.9 12536 0.067651 -0.028335 1.5736 -0.2058 2.3868
118.13 25002 1404.5 12391 0.058263 -0.026189 1.5737 -0.20558 2.3868
118.4 25024 1413.2 12352 0.055769 -0.025503 1.5737 -0.20552 2.3868
119.02 25070 1432.9 12263 0.050408 -0.02385 1.5737 -0.20539 2.3868
120.3 25155 1474.3 12078 0.040152 -0.019785 1.5737 -0.20509 2.3868
121.91 25238 1526.7 11847 0.029885 -0.013548 1.5738 -0.20472 2.3868
123.4 25299 1576.4 11631 0.02299 -0.0065724 1.5738 -0.20435 2.3868
124.39 25332 1609.8 11489 0.019646 -0.0013717 1.5739 -0.20411 2.3868
124.64 25340 1618.3 11453 0.019007 3.0156e-07 1.5739 -0.20405 2.3868
