time (s) altitude (m) longitude (rad) latitude (rad) velocity (m/s) trajectory angle (rad) heading angle (rad) angle of attack (rad) bank angle (rad) fuel mass (kg) 
124.64 25340 2.3868 -0.20405 1618.3 0.019007 1.5739 3.0156e-07 0.18134 1562
126.43 25392 2.3868 -0.20359 1624.2 0.016782 1.5754 0.0082569 0.17733 1557.3
129.63 25475 2.3868 -0.20278 1635.6 0.015301 1.5783 0.0097196 0.15584 1548.7
132.35 25540 2.3868 -0.20208 1645.4 0.014004 1.5805 0.010353 0.13105 1541.3
133.1 25557 2.3868 -0.20189 1648.2 0.013852 1.581 0.011735 0.12452 1539.2
134.89 25598 2.3868 -0.20142 1655.1 0.013633 1.5822 0.011616 0.10745 1534.1
138.09 25670 2.3868 -0.20059 1667.6 0.013532 1.5839 0.012535 0.07373 1524.9
140.81 25732 2.3868 -0.19988 1678.5 0.013936 1.585 0.013323 0.053141 1516.9
141.56 25750 2.3868 -0.19969 1681.6 0.014103 1.5852 0.013477 0.049282 1514.6
143.35 25793 2.3868 -0.19921 1689.1 0.014586 1.5857 0.013743 0.039885 1509.2
146.55 25875 2.3868 -0.19836 1702.7 0.015703 1.5864 0.014283 0.020251 1499.3
149.27 25951 2.3867 -0.19764 1714.6 0.01685 1.5867 0.014454 0.0083829 1490.7
150.02 25973 2.3867 -0.19744 1718 0.017174 1.5867 0.014554 0.0063712 1488.3
151.81 26027 2.3867 -0.19696 1726 0.017935 1.5868 0.01418 0.0023971 1482.5
155.01 26130 2.3867 -0.19609 1740.6 0.019012 1.5869 0.013274 -0.0016897 1472
157.73 26221 2.3867 -0.19535 1753.2 0.019434 1.587 0.011704 -0.0019752 1463
158.47 26247 2.3867 -0.19514 1756.7 0.019417 1.587 0.011328 -0.0020492 1460.5
160.27 26308 2.3867 -0.19465 1765.2 0.019254 1.587 0.010637 -0.0024302 1454.5
163.47 26416 2.3867 -0.19376 1780.2 0.01874 1.5871 0.010435 -0.0021887 1443.7
166.19 26505 2.3867 -0.193 1792.9 0.018308 1.5872 0.010503 0.0012091 1434.6
166.93 26530 2.3867 -0.19279 1796.4 0.018188 1.5872 0.010602 0.0028285 1432.1
168.73 26588 2.3867 -0.19229 1804.7 0.018003 1.5873 0.011239 0.0068086 1426
171.93 26693 2.3866 -0.19138 1819.6 0.0181 1.5876 0.012102 0.01437 1415.2
174.64 26783 2.3866 -0.19061 1832.3 0.017982 1.5879 0.00986 0.019568 1406
175.39 26807 2.3866 -0.19039 1835.7 0.017717 1.588 0.0091514 0.020344 1403.5
176.59 26846 2.3866 -0.19005 1841.2 0.017204 1.5881 0.0085768 0.021154 1399.5
178.72 26912 2.3866 -0.18943 1851.1 0.016817 1.5884 0.013102 0.024004 1392.4
180.53 26970 2.3866 -0.18891 1859.8 0.01798 1.5887 0.019493 0.028943 1386.1
181.03 26987 2.3866 -0.18876 1862.2 0.018595 1.5888 0.020517 0.030797 1384.3
182.23 27030 2.3866 -0.18841 1868 0.020233 1.5891 0.022299 0.036367 1380.1
184.36 27118 2.3866 -0.18779 1878.4 0.023819 1.5898 0.024831 0.050603 1372.4
186.17 27205 2.3866 -0.18726 1887.2 0.027064 1.5905 0.024124 0.065451 1365.9
186.67 27231 2.3866 -0.18711 1889.6 0.027866 1.5908 0.022184 0.069482 1364.1
187.87 27296 2.3866 -0.18676 1895.1 0.02896 1.5913 0.014963 0.079411 1360
190 27411 2.3865 -0.18612 1904.5 0.027451 1.5921 1.7585e-06 0.099181 1353
191.81 27500 2.3865 -0.18558 1912.2 0.024091 1.5928 1.2906e-06 0.11465 1347.5
192.31 27523 2.3865 -0.18544 1914.4 0.023383 1.593 0.00036434 0.11783 1346
193.51 27574 2.3865 -0.18508 1919.5 0.021412 1.5935 1.1293e-06 0.12608 1342.3
195.64 27655 2.3865 -0.18444 1928.7 0.017831 1.5944 9.1448e-07 0.14862 1335.7
197.45 27712 2.3865 -0.18389 1936.5 0.014788 1.5954 1.2797e-06 0.17165 1330.2
197.95 27726 2.3865 -0.18374 1938.7 0.013941 1.5957 8.3015e-05 0.17738 1328.7
199.15 27756 2.3865 -0.18337 1943.9 0.01192 1.5964 8.3444e-07 0.19194 1325
201.28 27798 2.3865 -0.18273 1953.3 0.0083005 1.5977 7.6231e-07 0.22146 1318.5
203.09 27822 2.3864 -0.18217 1961.4 0.0052307 1.5991 1.146e-06 0.24596 1312.9
203.59 27827 2.3864 -0.18202 1963.6 0.004383 1.5995 1.4713e-06 0.25223 1311.4
204.79 27835 2.3864 -0.18165 1969 0.0026455 1.6005 0.0056579 0.26749 1307.7
206.92 27845 2.3864 -0.18099 1979.3 0.0031096 1.6036 0.025953 0.29927 1300.4
208.73 27862 2.3864 -0.18043 1988.7 0.0070969 1.6076 0.033848 0.32259 1293.8
209.23 27870 2.3864 -0.18028 1991.3 0.0082825 1.6087 0.031922 0.32693 1291.9
211.03 27907 2.3864 -0.17972 2000.6 0.012103 1.613 0.030414 0.34678 1285.2
214.23 28004 2.3863 -0.17871 2016.9 0.01806 1.621 0.029208 0.39817 1273.4
216.94 28116 2.3863 -0.17786 2030.6 0.022546 1.6285 0.029266 0.43477 1263.4
217.69 28151 2.3862 -0.17762 2034.4 0.023734 1.6306 0.029089 0.44145 1260.7
219.49 28243 2.3862 -0.17705 2043.2 0.026391 1.6358 0.028815 0.45567 1254.1
222.69 28431 2.3861 -0.17603 2058.8 0.030747 1.6453 0.029396 0.482 1242.6
225.4 28613 2.3861 -0.17515 2071.8 0.034282 1.6536 0.03055 0.49575 1232.9
226.15 28667 2.3861 -0.17491 2075.3 0.035255 1.6559 0.030915 0.49768 1230.3
228.85 28875 2.386 -0.17404 2087.8 0.038752 1.6643 0.032195 0.50858 1220.8
233.65 29293 2.3858 -0.17248 2109 0.044161 1.6796 0.032646 0.54487 1204.5
237.72 29689 2.3857 -0.17114 2125.7 0.047213 1.6924 0.03197 0.56881 1191.2
238.84 29802 2.3856 -0.17077 2130 0.047791 1.6959 0.031759 0.57249 1187.7
241.54 30080 2.3855 -0.16988 2139.9 0.048713 1.7039 0.031093 0.58161 1179.5
246.34 30584 2.3853 -0.16829 2155.9 0.048738 1.7177 0.029911 0.60497 1165.5
250.41 31007 2.385 -0.16693 2168 0.047114 1.7285 0.027715 0.60895 1154.5
251.53 31121 2.385 -0.16655 2171.2 0.04639 1.7312 0.025852 0.60699 1151.6
255.08 31466 2.3848 -0.16536 2180.5 0.043136 1.7392 0.023725 0.59805 1142.8
262.1 32068 2.3844 -0.163 2197.3 0.034828 1.7528 0.022033 0.56138 1126.6
269.89 32573 2.3839 -0.16037 2214.3 0.023746 1.7649 0.018718 0.47799 1110.1
275.46 32813 2.3835 -0.15847 2225.8 0.014903 1.7715 0.017972 0.42078 1099
276.91 32857 2.3834 -0.15798 2228.7 0.012644 1.7731 0.018051 0.41134 1096.2
282.3 32958 2.383 -0.15614 2239.8 0.0042023 1.7785 0.017728 0.34967 1085.7
291.9 32896 2.3823 -0.15284 2260.1 -0.0095897 1.7852 0.018247 0.17379 1067
300.04 32627 2.3816 -0.15002 2278.3 -0.019118 1.7879 0.019199 0.079348 1050.2
302.29 32523 2.3815 -0.14924 2283.5 -0.021366 1.7885 0.020057 0.064547 1045.4
304.09 32432 2.3813 -0.14862 2287.7 -0.022964 1.7888 0.019889 0.055986 1041.5
307.29 32254 2.3811 -0.1475 2295.5 -0.025454 1.7893 0.020766 0.039311 1034.2
310 32090 2.3809 -0.14655 2302.2 -0.027088 1.7896 0.021372 0.026077 1027.8
310.75 32043 2.3808 -0.14629 2304.1 -0.027473 1.7897 0.02176 0.022879 1026
312.55 31928 2.3807 -0.14565 2308.7 -0.028237 1.7898 0.021876 0.016104 1021.6
315.75 31715 2.3804 -0.14453 2317 -0.029197 1.7899 0.022154 0.0088059 1013.5
318.46 31530 2.3802 -0.14357 2324.2 -0.029585 1.79 0.022389 0.0072291 1006.4
319.21 31478 2.3801 -0.1433 2326.2 -0.02962 1.7901 0.022747 0.00704 1004.4
321.01 31354 2.38 -0.14266 2331 -0.029529 1.7901 0.022676 0.0067619 999.44
324.21 31135 2.3797 -0.14152 2339.8 -0.02906 1.7902 0.023138 0.0073715 990.4
326.92 30955 2.3795 -0.14056 2347.4 -0.027275 1.7903 0.031468 0.0082965 982.28
327.67 30907 2.3795 -0.14029 2349.6 -0.026205 1.7904 0.031464 0.0079196 979.91
329.47 30802 2.3793 -0.13964 2354.8 -0.023874 1.7904 0.03142 0.0068098 974.2
332.67 30638 2.379 -0.13849 2364 -0.019314 1.7906 0.031311 0.0063023 963.76
335.38 30528 2.3788 -0.13751 2371.7 -0.01509 1.7907 0.031199 0.0077402 954.65
336.13 30502 2.3788 -0.13724 2373.9 -0.013874 1.7907 0.031161 0.0080801 952.1
337.93 30449 2.3786 -0.13659 2378.9 -0.010823 1.7908 0.031059 0.0087474 945.93
341.13 30385 2.3784 -0.13543 2387.5 -0.0061682 1.791 0.025487 0.01089 934.94
343.84 30356 2.3781 -0.13444 2394.5 -0.0030524 1.7912 0.025671 0.012237 925.65
344.59 30351 2.3781 -0.13417 2396.4 -0.0020196 1.7912 0.025698 0.012015 923.05
346.39 30345 2.3779 -0.13351 2400.8 -0.00063917 1.7913 0.017235 0.011127 916.97
349.59 30345 2.3777 -0.13234 2408.3 0.00036913 1.7915 0.016833 0.011906 906.35
352.3 30351 2.3774 -0.13134 2414.5 0.0016146 1.7917 0.016499 0.01421 897.23
353.05 30354 2.3774 -0.13106 2416.2 0.0018257 1.7917 0.016398 0.014864 894.73
354.85 30363 2.3772 -0.1304 2420.2 0.0024868 1.7918 0.016218 0.016066 888.72
358.05 30387 2.377 -0.12922 2427.2 0.0036061 1.7921 0.015894 0.017705 877.99
360.76 30414 2.3767 -0.12821 2433 0.0044945 1.7923 0.015681 0.019233 868.9
361.51 30422 2.3767 -0.12794 2434.6 0.0047315 1.7924 0.015629 0.019679 866.39
363.31 30445 2.3765 -0.12727 2438.4 0.0053225 1.7925 0.015507 0.01959 860.38
366.51 30489 2.3762 -0.12608 2445 0.006049 1.7928 0.015281 0.016702 849.73
369.22 30534 2.376 -0.12507 2450.4 0.0080506 1.793 0.027315 0.015875 840.49
369.97 30550 2.3759 -0.12479 2452 0.0094404 1.7931 0.027377 0.016336 837.81
371.77 30598 2.3758 -0.12411 2455.5 0.01225 1.7932 0.027466 0.017288 831.47
374.97 30708 2.3755 -0.12292 2461.6 0.015189 1.7935 0.014753 0.019498 820.61
377.68 30807 2.3753 -0.1219 2466.4 0.013464 1.7937 4.0026e-07 0.022187 812.19
378.43 30831 2.3752 -0.12162 2467.7 0.012282 1.7937 1.378e-06 0.022435 809.99
380.23 30879 2.3751 -0.12094 2470.8 0.0097627 1.7938 2.6968e-07 0.022164 804.71
383.42 30939 2.3748 -0.11973 2476.4 0.0052488 1.794 2.2255e-07 0.022312 795.34
386.14 30961 2.3746 -0.11871 2481.3 0.001417 1.7942 3.848e-07 0.023323 787.41
386.89 30963 2.3745 -0.11843 2482.7 0.00036222 1.7942 1.3799e-06 0.02353 785.22
388.69 30958 2.3743 -0.11775 2485.9 -0.0023446 1.7943 2.3844e-07 0.023643 779.99
391.88 30929 2.3741 -0.11653 2491.9 -0.0043402 1.7946 0.015737 0.024215 770.16
394.6 30902 2.3738 -0.1155 2497 -0.0030246 1.7948 0.016119 0.024566 761.26
395.35 30898 2.3738 -0.11522 2498.5 -0.0030096 1.7949 0.016218 0.024105 758.85
398.94 30876 2.3734 -0.11385 2505.2 -0.0017391 1.7953 0.016753 0.024953 747.06
405.34 30871 2.3729 -0.1114 2517.3 0.0011621 1.7962 0.017329 0.044528 725.8
410.77 30905 2.3724 -0.10932 2527.3 0.0039403 1.7974 0.017424 0.063377 707.64
412.27 30922 2.3723 -0.10874 2530 0.0047094 1.7978 0.0010649 0.065462 702.62
414.06 30941 2.3721 -0.10805 2533.2 0.004206 1.7982 0.016305 0.065619 696.86
417.26 30984 2.3718 -0.10681 2539 0.0064722 1.7991 0.017527 0.066779 686.07
419.98 31029 2.3716 -0.10576 2543.7 0.0057288 1.7997 2.605e-07 0.066045 677.39
420.73 31039 2.3715 -0.10547 2545 0.0045091 1.7997 1.8842e-06 0.065489 675.17
422.52 31053 2.3713 -0.10478 2548.1 0.0019986 1.8 2.1154e-07 0.063666 669.79
425.72 31061 2.371 -0.10354 2553.8 0.00051944 1.8006 0.016551 0.061226 659.68
428.44 31069 2.3708 -0.10248 2558.6 0.0023469 1.8013 0.016305 0.058856 650.57
429.19 31075 2.3707 -0.10219 2559.9 0.0024234 1.8014 0.016133 0.058033 648.12
431.88 31095 2.3705 -0.10114 2564.6 0.0034653 1.802 0.015914 0.052523 639.2
436.68 31149 2.37 -0.099266 2572.8 0.0052466 1.8029 0.015817 0.037615 623.35
440.75 31212 2.3697 -0.097672 2579.5 0.0067627 1.8034 0.016064 0.028947 609.95
441.88 31232 2.3696 -0.097231 2581.3 0.007194 1.8035 0.015628 0.028211 606.26
444.57 31284 2.3693 -0.096173 2585.7 0.0080815 1.8038 0.016252 0.025613 597.47
449.37 31400 2.3688 -0.094285 2593.2 0.010293 1.8043 0.016642 0.01986 581.82
453.44 31507 2.3685 -0.092678 2599.3 0.0092224 1.8045 4.7916e-07 0.01886 569.18
454.57 31532 2.3684 -0.092234 2601 0.0072442 1.8046 1.7695e-06 0.018057 566
457.26 31572 2.3681 -0.091169 2605.1 0.0038011 1.8047 3.9635e-07 0.015017 558.18
462.06 31576 2.3676 -0.089267 2612.6 -0.0028457 1.8048 3.8987e-07 0.011082 544.34
466.13 31528 2.3673 -0.087648 2619.1 -0.0053744 1.8049 0.01756 0.011071 531.99
467.26 31513 2.3672 -0.087201 2620.9 -0.0042929 1.805 0.017817 0.011238 528.26
469.95 31487 2.3669 -0.086127 2625.2 -0.0029017 1.8051 0.017517 0.010885 519.47
474.75 31466 2.3664 -0.084211 2632.8 -0.00040344 1.8054 0.017089 0.012048 503.73
478.82 31473 2.366 -0.08258 2639.1 0.001544 1.8056 0.015961 0.01552 490.36
479.95 31478 2.3659 -0.082129 2640.8 0.0019891 1.8056 0.014914 0.015718 486.67
482.64 31495 2.3657 -0.081048 2644.9 0.0025976 1.8058 0.01307 0.014266 477.93
487.44 31530 2.3652 -0.079117 2652.1 0.0028101 1.806 0.011375 0.013951 462.51
491.51 31560 2.3648 -0.077475 2658.1 0.0026845 1.8063 0.011363 0.015749 449.5
492.64 31568 2.3647 -0.077021 2659.8 0.0026745 1.8063 0.01152 0.016007 445.91
495.33 31587 2.3644 -0.075932 2663.7 0.0026628 1.8065 0.011457 0.015532 437.29
500.13 31621 2.364 -0.073988 2670.7 0.0026288 1.8067 0.011383 0.015665 421.96
504.2 31649 2.3636 -0.072335 2676.5 0.0025868 1.807 0.011287 0.017622 408.97
505.33 31657 2.3635 -0.071878 2678.1 0.0025697 1.807 0.011392 0.017891 405.39
508.02 31675 2.3632 -0.070782 2681.9 0.002551 1.8072 0.011289 0.016812 396.8
512.82 31708 2.3627 -0.068825 2688.7 0.0025134 1.8074 0.011269 0.015539 381.51
516.89 31735 2.3623 -0.067161 2694.3 0.002464 1.8077 0.011043 0.016439 368.56
518.02 31743 2.3622 -0.066701 2695.9 0.0024294 1.8077 0.011495 0.01649 364.99
520.71 31761 2.362 -0.065598 2699.6 0.0024758 1.8079 0.011298 0.015579 356.41
525.51 31792 2.3615 -0.063628 2706.1 0.002359 1.8081 0.010811 0.016246 341.18
529.58 31818 2.3611 -0.061954 2711.6 0.0024055 1.8084 0.012232 0.019429 328.25
530.7 31825 2.361 -0.061491 2713.1 0.0025767 1.8085 0.012484 0.019766 324.65
532.5 31838 2.3608 -0.060751 2715.5 0.0025656 1.8086 0.010008 0.018943 318.96
535.7 31858 2.3605 -0.059432 2719.7 0.0020942 1.8088 0.010102 0.018464 308.9
538.42 31874 2.3602 -0.05831 2723.3 0.00225 1.8089 0.013658 0.019194 300.28
539.16 31879 2.3601 -0.058001 2724.2 0.0024929 1.809 0.013103 0.019439 297.86
540.96 31891 2.3599 -0.057258 2726.6 0.0025691 1.8091 0.010173 0.019608 292.16
544.16 31912 2.3596 -0.055933 2730.7 0.0020547 1.8093 0.0095614 0.020394 282.13
546.88 31926 2.3593 -0.054807 2734.2 0.0020855 1.8095 0.013259 0.020804 273.54
547.62 31931 2.3593 -0.054496 2735.1 0.0023144 1.8095 0.012284 0.020443 271.13
549.42 31942 2.3591 -0.05375 2737.4 0.0023678 1.8097 0.010471 0.019022 265.45
552.62 31962 2.3587 -0.05242 2741.5 0.0021083 1.8098 0.0102 0.018218 255.39
555.33 31977 2.3585 -0.051291 2744.9 0.0020595 1.81 0.011253 0.018944 246.83
556.08 31982 2.3584 -0.050978 2745.8 0.0020985 1.8101 0.010931 0.019056 244.46
557.88 31992 2.3582 -0.05023 2748.1 0.0020922 1.8102 0.010733 0.018936 238.79
561.08 32010 2.3579 -0.048895 2752 0.0020566 1.8104 0.010704 0.018896 228.72
563.79 32026 2.3576 -0.047761 2755.4 0.0020213 1.8105 0.010538 0.020181 220.17
564.54 32030 2.3575 -0.047448 2756.3 0.0019998 1.8106 0.010663 0.020722 217.81
566.34 32040 2.3573 -0.046696 2758.5 0.0019704 1.8107 0.010552 0.021085 212.16
569.54 32057 2.357 -0.045356 2762.4 0.0019422 1.8109 0.01073 0.019906 202.1
572.25 32071 2.3567 -0.044218 2765.6 0.0019549 1.8111 0.010637 0.01942 193.56
573 32075 2.3567 -0.043904 2766.5 0.0019479 1.8111 0.010663 0.019359 191.21
574.8 32085 2.3565 -0.04315 2768.7 0.0018974 1.8112 0.010231 0.018853 185.57
578 32102 2.3561 -0.041805 2772.5 0.001879 1.8114 0.011068 0.019624 175.53
580.71 32116 2.3559 -0.040663 2775.6 0.0021148 1.8116 0.011691 0.022073 166.97
581.46 32121 2.3558 -0.040348 2776.5 0.0021958 1.8117 0.01037 0.022583 164.61
582.66 32128 2.3557 -0.039843 2777.9 0.0020953 1.8118 0.0091227 0.022808 160.87
584.79 32139 2.3554 -0.038944 2780.4 0.0016945 1.8119 0.008635 0.022989 154.25
586.6 32147 2.3553 -0.038181 2782.5 0.0015288 1.812 0.011083 0.023093 148.61
587.1 32150 2.3552 -0.03797 2783.1 0.0015885 1.8121 0.011384 0.023114 147.04
588.3 32155 2.3551 -0.037465 2784.5 0.0017076 1.8122 0.011588 0.023051 143.27
590.43 32166 2.3549 -0.036564 2786.9 0.0019548 1.8123 0.011565 0.023759 136.55
592.24 32176 2.3547 -0.035799 2788.9 0.0020977 1.8125 0.01076 0.024913 130.86
592.74 32179 2.3546 -0.035587 2789.5 0.0021044 1.8125 0.0095161 0.02514 129.3
593.94 32186 2.3545 -0.035081 2790.9 0.0018493 1.8126 0.0076766 0.025376 125.59
596.07 32195 2.3543 -0.034178 2793.3 0.0014994 1.8128 0.010487 0.025649 118.98
597.88 32203 2.3541 -0.033411 2795.3 0.001742 1.8129 0.012273 0.025013 113.29
598.38 32206 2.354 -0.033199 2795.9 0.0018252 1.8129 0.010727 0.024358 111.71
600.18 32215 2.3538 -0.032437 2797.9 0.0018768 1.8131 0.010166 0.021893 106.09
603.38 32231 2.3535 -0.03108 2801.4 0.0015249 1.8133 0.0092027 0.018551 96.162
606.09 32244 2.3532 -0.029926 2804.4 0.0021887 1.8134 0.018947 0.015749 87.577
606.84 32249 2.3531 -0.029607 2805.2 0.0030277 1.8135 0.027138 0.014684 85.095
608.64 32273 2.353 -0.028843 2806.8 0.0070709 1.8136 0.039083 0.011405 78.806
611.84 32382 2.3526 -0.027482 2808.8 0.017773 1.8138 0.049994 0.0069415 67.1
614.55 32559 2.3523 -0.026326 2809.7 0.028603 1.8139 0.056706 0.0069502 57.056
615.3 32622 2.3522 -0.026007 2809.8 0.031837 1.814 0.058536 0.0067086 54.286
617.1 32802 2.3521 -0.025243 2809.7 0.03966 1.8141 0.061381 0.0055171 47.726
620.3 33224 2.3517 -0.023882 2808.4 0.054381 1.8142 0.071101 0.0047776 36.313
623.01 33688 2.3514 -0.02273 2805.9 0.067611 1.8143 0.078349 0.0053143 26.998
623.76 33834 2.3514 -0.022412 2805 0.071215 1.8144 0.085196 0.0054651 24.522
625.56 34216 2.3512 -0.021651 2802.3 0.080176 1.8145 0.084215 0.0049223 18.709
628.76 34994 2.3508 -0.020299 2797.8 0.093423 1.8146 0.083912 0.0057633 9.3631
631.47 35743 2.3505 -0.019155 2792.2 0.10472 1.8148 0.11638 0.0034307 2.0537
632.22 35966 2.3505 -0.01884 2789.8 0.10879 1.8148 0.11984 0 1.6904e-06
