time (s) altitude (m) velocity (m/s) mass (kg) dynamic pressure (Pa)trajectory angle (rad) Lift (N)Drag (N)heading angle (rad) latitude (rad) angle of attack (rad) 
632.22 35966 2789.8 3300 27519 0.10879 29284 9787.8 1.8148 -0.01884 0.26056
633.21 36268 2798.3 3285.4 26429 0.11069 29201 9898.4 1.8148 -0.018425 0.26736
634.97 36821 2813.4 3259.3 24544 0.11409 28953 10046 1.8149 -0.017682 0.27981
636.46 37306 2826.2 3237.3 23006 0.11695 28052 9894.7 1.8149 -0.017049 0.28608
636.87 37443 2829.8 3231.2 22593 0.11771 27793 9845.6 1.8149 -0.016874 0.28781
637.86 37774 2838.5 3216.5 21620 0.11951 27217 9746.5 1.8149 -0.016453 0.29234
639.62 38378 2854 3190.5 19957 0.12262 26286 9606.3 1.8149 -0.015701 0.30157
641.11 38906 2867.4 3168.4 18617 0.12513 24939 9179.7 1.815 -0.01506 0.30512
641.52 39054 2871.2 3162.3 18259 0.12578 24590 9071.2 1.815 -0.014882 0.30624
643.5 39776 2889.5 3133.1 16617 0.12871 22809 8480 1.815 -0.014028 0.31035
647.01 41111 2923.8 3081 13991 0.13297 19327 7201.3 1.8151 -0.012495 0.31172
650 42286 2954.5 3036.8 12056 0.13563 16802 6281.8 1.8151 -0.011179 0.31365
650.82 42616 2963.3 3024.6 11567 0.13625 16142 6038.1 1.8152 -0.010814 0.31396
652.8 43417 2984.7 2995.4 10468 0.1375 14606 5461.4 1.8152 -0.009934 0.31389
656.31 44875 3024.3 2943.3 8755.7 0.13901 12216 4565.8 1.8153 -0.008351 0.31388
659.3 46136 3059.5 2899.1 7522 0.13972 10499 3922.8 1.8153 -0.0069918 0.31394
660.12 46488 3069.4 2886.9 7213.3 0.13983 10056 3754.9 1.8153 -0.0066138 0.31367
662.1 47336 3093.6 2857.7 6547.1 0.13999 9139.6 3413.3 1.8154 -0.0057028 0.31396
665.62 48865 3138 2805.6 5553.9 0.13992 7753.5 2892.1 1.8154 -0.0040627 0.31393
668.6 50178 3176.9 2761.4 4823.3 0.13959 6725.4 2504.6 1.8155 -0.0026528 0.31363
669.42 50543 3187.9 2749.3 4638.1 0.13946 6445 2395.9 1.8155 -0.0022605 0.31286
671.4 51420 3214.5 2720 4239.3 0.13908 5858.7 2170.8 1.8156 -0.0013147 0.31163
674.92 52995 3263.2 2667.9 3631.8 0.13819 4897.7 1791.3 1.8156 0.00038933 0.30627
677.9 54341 3305.9 2623.8 3175.1 0.13722 4192.4 1515.5 1.8157 0.0018554 0.30174
678.72 54713 3317.9 2611.6 3058 0.13693 4000.5 1439 1.8157 0.0022635 0.2998
680.7 55609 3347 2582.3 2792 0.13617 3611.1 1290.1 1.8157 0.0032477 0.29741
684.22 57212 3400.2 2530.3 2367 0.1347 2972.4 1043.5 1.8158 0.0050222 0.29137
687.2 58577 3446.7 2486.1 2051.2 0.13334 2508.4 866.31 1.8159 0.00655 0.2861
688.02 58954 3459.7 2473.9 1970.7 0.13295 2380.7 816.19 1.8159 0.0069755 0.28373
690 59861 3491.4 2444.6 1788.8 0.13198 2134.3 726.97 1.8159 0.0080018 0.28137
693.52 61480 3549.1 2392.6 1500.6 0.13026 1775.6 603.41 1.816 0.0098532 0.27984
696.5 62858 3599.3 2348.4 1288.4 0.12885 1519.8 516.69 1.816 0.011448 0.2793
697.32 63239 3613.4 2336.2 1234.6 0.12847 1441.2 488.42 1.8161 0.011892 0.27727
699.3 64154 3647.5 2307 1113.5 0.12754 1272.2 428.48 1.8161 0.012964 0.27316
702.82 65789 3709.8 2254.9 923.03 0.12582 995.32 328.95 1.8162 0.014899 0.26248
705.8 67180 3764.2 2210.7 784.33 0.12429 802.38 260.34 1.8162 0.016566 0.25329
706.62 67564 3779.4 2198.5 749.4 0.12386 748.76 240.71 1.8162 0.017031 0.24933
707.92 68171 3803.8 2179.3 697.06 0.12317 690.46 221.45 1.8162 0.017767 0.24791
710.5 69375 3852.7 2141.2 602.76 0.12184 574.18 182.15 1.8163 0.01924 0.2414
713.35 70712 3908.3 2098.9 511.48 0.12018 395.97 118.41 1.8163 0.020895 0.20942
715.39 71668 3949.4 2068.7 452.91 0.11864 261.15 75.402 1.8164 0.022095 0.17062
715.92 71916 3960.2 2060.8 438.66 0.11817 236.08 68.348 1.8164 0.022409 0.16232
717.9 72836 4001.1 2031.6 389.43 0.11624 150.23 45.308 1.8164 0.023584 0.12785
721.42 74454 4076 1979.5 315.18 0.112 53.048 24.233 1.8165 0.025708 0.066464
724.4 75799 4141.6 1935.3 263.91 0.10758 8.1909 17.502 1.8165 0.027542 0.01438
725.23 76163 4160.1 1923.1 251.43 0.10623 2.0144e-15 16.358 1.8165 0.028053 0
725.23 76163 4160.1 1923.1 251.43 0.10623 2.0144e-15 16.358 1.8165 0.028053 0
726.23 76605 4159.1 1923.1 234.42 0.10455 1.3898e-15 15.245 1.8165 0.028676 0
727.23 77035 4158.1 1923.1 218.86 0.10288 8.4165e-16 14.227 1.8166 0.029298 0
728.23 77459 4157.2 1923.1 204.51 0.1012 -4.9153e-16 13.289 1.8166 0.02992 0
729.23 77875 4156.2 1923.1 191.26 0.099516 -6.1292e-17 12.423 1.8166 0.030542 0
730.23 78284 4155.3 1923.1 179.02 0.097835 1.8072e-15 11.623 1.8166 0.031164 0
731.23 78687 4154.4 1923.1 167.71 0.096153 5.3747e-16 10.885 1.8166 0.031786 0
732.23 79082 4153.5 1923.1 157.26 0.094471 -4.7877e-16 10.203 1.8166 0.032408 0
733.23 79470 4152.7 1923.1 147.59 0.092788 1.3007e-15 9.5718 1.8167 0.03303 0
734.23 79852 4151.8 1923.1 138.64 0.091105 -5.1095e-16 8.9881 1.8167 0.033651 0
735.23 80226 4151 1923.1 130.35 0.08942 1.4203e-15 8.4478 1.8167 0.034273 0
736.23 80593 4150.2 1923.1 122.68 0.087736 -3.7349e-16 7.9473 1.8167 0.034895 0
737.23 80953 4149.4 1923.1 115.56 0.08605 -3.5182e-16 7.4837 1.8167 0.035516 0
738.23 81306 4148.6 1923.1 108.96 0.084364 7.333e-16 7.0538 1.8167 0.036137 0
739.23 81652 4147.8 1923.1 102.84 0.082678 2.3482e-16 6.6551 1.8167 0.036759 0
740.23 81991 4147.1 1923.1 97.155 0.080991 -3.1135e-17 6.2851 1.8167 0.03738 0
741.23 82323 4146.3 1923.1 91.876 0.079303 -2.6867e-16 5.9416 1.8168 0.038001 0
742.23 82648 4145.6 1923.1 86.97 0.077615 -2.3168e-16 5.6225 1.8168 0.038623 0
743.23 82966 4144.9 1923.1 82.409 0.075926 5.2077e-16 5.3258 1.8168 0.039244 0
744.23 83277 4144.2 1923.1 78.167 0.074237 5.9827e-16 5.0501 1.8168 0.039865 0
745.23 83581 4143.5 1923.1 74.22 0.072548 0 4.7935 1.8168 0.040486 0
746.23 83878 4142.9 1923.1 70.546 0.070857 0 4.5548 1.8168 0.041107 0
747.23 84168 4142.2 1923.1 67.123 0.069167 0 4.3325 1.8168 0.041728 0
748.23 84450 4141.6 1923.1 63.935 0.067476 0 4.1255 1.8168 0.042348 0
749.23 84726 4141 1923.1 60.964 0.065784 0 3.9326 1.8168 0.042969 0
750.23 84995 4140.4 1923.1 58.105 0.064092 0 3.7477 1.8168 0.04359 0
751.23 85256 4139.9 1792.2 0 0.0624 0 0 1.8169 0.044211 0
752.23 85511 4139.3 1792.2 0 0.060707 0 0 1.8169 0.044831 0
753.23 85759 4138.8 1792.2 0 0.059014 0 0 1.8169 0.045452 0
754.23 85999 4138.2 1792.2 0 0.05732 0 0 1.8169 0.046073 0
755.23 86233 4137.7 1792.2 0 0.055626 0 0 1.8169 0.046693 0
756.23 86459 4137.3 1792.2 0 0.053932 0 0 1.8169 0.047314 0
757.23 86679 4136.8 1792.2 0 0.052237 0 0 1.8169 0.047934 0
758.23 86891 4136.3 1792.2 0 0.050542 0 0 1.8169 0.048555 0
759.23 87097 4135.9 1792.2 0 0.048846 0 0 1.8169 0.049175 0
760.23 87295 4135.5 1792.2 0 0.047151 0 0 1.8169 0.049795 0
761.23 87487 4135.1 1792.2 0 0.045455 0 0 1.8169 0.050416 0
762.23 87671 4134.7 1792.2 0 0.043758 0 0 1.8169 0.051036 0
763.23 87848 4134.3 1792.2 0 0.042062 0 0 1.817 0.051656 0
764.23 88019 4133.9 1792.2 0 0.040365 0 0 1.817 0.052276 0
765.23 88182 4133.6 1792.2 0 0.038668 0 0 1.817 0.052897 0
766.23 88338 4133.3 1792.2 0 0.03697 0 0 1.817 0.053517 0
767.23 88488 4132.9 1792.2 0 0.035273 0 0 1.817 0.054137 0
768.23 88630 4132.7 1792.2 0 0.033575 0 0 1.817 0.054757 0
769.23 88765 4132.4 1792.2 0 0.031877 0 0 1.817 0.055377 0
770.23 88893 4132.1 1792.2 0 0.030178 0 0 1.817 0.055997 0
771.23 89014 4131.9 1792.2 0 0.02848 0 0 1.817 0.056617 0
772.23 89129 4131.6 1792.2 0 0.026781 0 0 1.817 0.057238 0
773.23 89236 4131.4 1792.2 0 0.025082 0 0 1.817 0.057858 0
774.23 89336 4131.2 1792.2 0 0.023383 0 0 1.817 0.058478 0
775.23 89429 4131 1792.2 0 0.021684 0 0 1.817 0.059098 0
776.23 89515 4130.9 1792.2 0 0.019985 0 0 1.817 0.059718 0
777.23 89594 4130.7 1792.2 0 0.018286 0 0 1.817 0.060338 0
778.23 89666 4130.6 1792.2 0 0.016586 0 0 1.817 0.060958 0
779.23 89731 4130.5 1792.2 0 0.014887 0 0 1.817 0.061578 0
780.23 89789 4130.4 1792.2 0 0.013187 0 0 1.817 0.062198 0
781.23 89840 4130.3 1792.2 0 0.011487 0 0 1.817 0.062817 0
782.23 89884 4130.2 1792.2 0 0.0097874 0 0 1.817 0.063437 0
783.23 89921 4130.2 1792.2 0 0.0080876 0 0 1.817 0.064057 0
784.23 89951 4130.1 1792.2 0 0.0063877 0 0 1.817 0.064677 0
785.23 89973 4130.1 1792.2 0 0.0046878 0 0 1.817 0.065297 0
786.23 89989 4130.1 1792.2 0 0.002988 0 0 1.817 0.065917 0
787.23 89998 4130.1 1792.2 0 0.0012881 0 0 1.817 0.066537 0
788.23 90000 4130.2 1792.2 0 0 0 0 1.817 0.067157 0
