time (s) altitude (m) velocity (m/s) mass (kg)trajectory angle (rad) angle of attack (rad) heading angle (rad) latitude (rad)
0 90 30 28019 1.5691 0 0.34161 -0.27011
0.036341 224.71 30.221 28013 1.559 -3.4959e-05 0.34301 -0.27011
0.11232 225.54 30.595 28000 1.559 -0.00010732 0.34371 -0.27011
0.20728 226.57 30.978 27983 1.559 -0.00019597 0.3454 -0.27011
0.29578 227.55 31.292 27968 1.559 -0.00027728 0.34644 -0.27011
0.35413 228.19 31.488 27957 1.559 -0.00033062 0.35064 -0.27011
0.36881 228.35 31.541 27955 1.559 -0.00034399 0.35211 -0.27011
0.40516 228.75 31.665 27949 1.559 -0.00037697 0.35591 -0.27011
0.48113 229.61 31.865 27935 1.5589 -0.0004454 0.36384 -0.27011
0.5761 230.7 32.061 27919 1.5589 -0.00053011 0.37378 -0.27011
0.6646 231.72 32.21 27903 1.5588 -0.0006084 0.38318 -0.27011
0.72295 232.39 32.321 27893 1.5588 -0.00065951 0.38957 -0.27011
0.73763 232.56 32.355 27890 1.5588 -0.00067232 0.39118 -0.27011
0.77397 232.98 32.434 27884 1.5588 -0.00070397 0.39515 -0.27011
0.84995 233.88 32.557 27870 1.5587 -0.00076998 0.40314 -0.27011
0.94491 235.01 32.717 27854 1.5587 -0.00085247 0.41208 -0.27011
1.0334 236.08 32.92 27838 1.5586 -0.00092918 0.41969 -0.27011
1.0918 236.78 33.14 27828 1.5586 -0.00097978 0.42466 -0.27011
1.1064 236.96 33.202 27825 1.5586 -0.00099252 0.42589 -0.27011
1.158 237.58 33.344 27816 1.5585 -0.001037 0.43013 -0.27011
1.26 238.85 33.489 27799 1.5584 -0.0011244 0.43839 -0.27011
1.3732 240.27 33.302 27779 1.5583 -0.0012188 0.44754 -0.27011
1.4542 241.29 32.962 27764 1.5583 -0.001285 0.45406 -0.27011
1.4753 241.55 32.873 27761 1.5582 -0.0013022 0.45574 -0.27011
1.5268 242.2 32.638 27752 1.5582 -0.0013442 0.45984 -0.27011
1.6288 243.52 32.128 27734 1.5581 -0.0014276 0.46781 -0.27011
1.742 244.99 32.226 27714 1.558 -0.0015189 0.47652 -0.2701
1.823 246.05 32.33 27699 1.5579 -0.0015838 0.48265 -0.2701
1.8441 246.32 32.372 27695 1.5579 -0.0016006 0.48423 -0.2701
1.8956 246.99 32.463 27686 1.5578 -0.0016418 0.48805 -0.2701
1.9976 248.36 32.564 27668 1.5577 -0.0017231 0.49547 -0.2701
2.1108 249.89 32.666 27648 1.5575 -0.001812 0.50349 -0.2701
2.1918 250.98 32.772 27634 1.5574 -0.0018748 0.50911 -0.2701
2.2129 251.26 32.814 27630 1.5574 -0.0018911 0.51054 -0.2701
2.2644 251.96 32.907 27621 1.5573 -0.0019308 0.51399 -0.2701
2.3665 253.37 33.011 27603 1.5572 -0.002009 0.52074 -0.2701
2.4796 254.95 33.116 27583 1.557 -0.002095 0.52825 -0.2701
2.5606 256.08 33.225 27569 1.5568 -0.0021556 0.53363 -0.2701
2.5817 256.37 33.267 27565 1.5568 -0.0021713 0.53503 -0.2701
2.6332 257.09 33.361 27556 1.5567 -0.0022093 0.53847 -0.2701
2.7353 258.55 33.468 27538 1.5565 -0.002284 0.54533 -0.2701
2.8484 260.18 33.577 27518 1.5563 -0.0023664 0.55303 -0.2701
2.9295 261.36 33.688 27504 1.5562 -0.0024247 0.55853 -0.2701
2.9505 261.66 33.731 27500 1.5561 -0.0024397 0.55995 -0.2701
3.0021 262.4 33.826 27491 1.556 -0.0024762 0.56341 -0.2701
3.1041 263.91 33.938 27473 1.5558 -0.0025476 0.5702 -0.2701
3.2172 265.6 34.052 27453 1.5556 -0.0026255 0.57759 -0.2701
3.2983 266.81 34.167 27438 1.5554 -0.0026798 0.5826 -0.2701
3.3193 267.12 34.21 27435 1.5554 -0.0026938 0.58383 -0.2701
3.3738 267.93 34.333 27425 1.5552 -0.0027299 0.58691 -0.2701
3.4878 269.66 34.548 27405 1.555 -0.0028038 0.59298 -0.2701
3.6303 271.85 34.798 27380 1.5546 -0.0028917 0.60005 -0.2701
3.763 273.93 35.037 27356 1.5543 -0.0029707 0.60622 -0.2701
3.8505 275.31 35.22 27341 1.5541 -0.0030212 0.61002 -0.2701
3.8725 275.66 35.272 27337 1.554 -0.0030336 0.61095 -0.2701
3.9271 276.53 35.397 27327 1.5538 -0.0030636 0.61322 -0.2701
4.041 278.38 35.619 27307 1.5535 -0.0031234 0.61776 -0.2701
4.1835 280.73 35.879 27282 1.5531 -0.0031936 0.62305 -0.2701
4.3162 282.96 36.127 27259 1.5527 -0.0032557 0.62757 -0.2701
4.4037 284.43 36.316 27243 1.5525 -0.0032942 0.63035 -0.2701
4.4258 284.81 36.369 27239 1.5524 -0.0033037 0.63103 -0.2701
4.4803 285.74 36.497 27230 1.5522 -0.0033266 0.63267 -0.2701
4.5942 287.71 36.728 27209 1.5518 -0.0033727 0.63589 -0.2701
4.7367 290.22 37.002 27184 1.5514 -0.0034267 0.63952 -0.2701
4.8694 292.6 37.264 27161 1.5509 -0.0034728 0.64252 -0.2701
4.957 294.18 37.459 27145 1.5506 -0.0035022 0.64428 -0.2701
4.979 294.58 37.513 27142 1.5505 -0.0035095 0.64469 -0.2701
5.0335 295.57 37.644 27132 1.5503 -0.0035274 0.64568 -0.2701
5.1475 297.68 37.886 27112 1.5493 -0.003564 0.64766 -0.2701
5.2899 300.36 38.177 27087 1.5479 -0.0036077 0.65006 -0.2701
5.4227 302.89 38.453 27063 1.5467 -0.0036458 0.6522 -0.2701
5.5102 304.57 38.655 27048 1.5458 -0.0036694 0.65353 -0.2701
5.5322 305 38.71 27044 1.5456 -0.0036752 0.65385 -0.2701
5.5867 306.05 38.844 27034 1.5451 -0.0036893 0.65465 -0.2701
5.7007 308.3 39.098 27014 1.5439 -0.0037175 0.65626 -0.27009
5.8431 311.15 39.405 26989 1.5425 -0.00375 0.65817 -0.27009
5.9759 313.85 39.697 26965 1.5411 -0.0037776 0.65982 -0.27009
6.0634 315.64 39.907 26949 1.5402 -0.0037944 0.66086 -0.27009
6.0854 316.09 39.963 26946 1.5399 -0.0037985 0.66111 -0.27009
6.1399 317.22 40.101 26936 1.5393 -0.0038085 0.66173 -0.27009
6.2539 319.61 40.367 26916 1.5381 -0.0038283 0.66295 -0.27009
6.3964 322.64 40.694 26890 1.5365 -0.0038506 0.66433 -0.27009
6.5291 325.51 41.003 26867 1.535 -0.0038689 0.66548 -0.27009
6.6166 327.42 41.221 26852 1.534 -0.00388 0.66615 -0.27009
6.6387 327.9 41.278 26848 1.5338 -0.0038827 0.66631 -0.27009
6.716 329.6 41.475 26834 1.5329 -0.0038921 0.66688 -0.27009
6.869 333.04 41.836 26807 1.5312 -0.0039092 0.66803 -0.27009
7.0387 336.91 42.239 26777 1.5293 -0.0039246 0.66937 -0.27009
7.1603 339.72 42.703 26755 1.5279 -0.0039334 0.67035 -0.27009
7.1919 340.46 42.912 26750 1.5275 -0.0039354 0.67061 -0.27009
7.2692 342.26 43.428 26736 1.5266 -0.0039398 0.67122 -0.27009
7.4222 345.9 44.471 26708 1.5249 -0.0039454 0.67238 -0.27009
7.5919 350 45.673 26678 1.5229 -0.0039466 0.67365 -0.27009
7.7135 352.97 46.564 26656 1.5214 -0.0039445 0.67453 -0.27009
7.7451 353.75 46.801 26651 1.521 -0.0039436 0.67475 -0.27009
7.8224 355.66 47.384 26637 1.5201 -0.0039409 0.67527 -0.27009
7.9755 359.5 48.549 26610 1.5183 -0.0039325 0.67624 -0.27009
8.1452 363.82 49.876 26579 1.5163 -0.0039179 0.67723 -0.27009
8.2667 366.96 50.848 26558 1.5148 -0.003905 0.67782 -0.27009
8.2983 367.78 51.107 26552 1.5145 -0.0039013 0.67796 -0.27009
8.3756 369.8 51.742 26539 1.5135 -0.0038922 0.67831 -0.27009
8.5287 373.85 53.03 26512 1.5117 -0.0038725 0.67904 -0.27009
8.6984 378.41 54.562 26481 1.5096 -0.0038469 0.68001 -0.27009
8.8199 381.71 55.704 26460 1.5082 -0.0038265 0.68075 -0.27008
8.8515 382.58 56.005 26454 1.5078 -0.003821 0.68095 -0.27008
8.9289 384.7 56.742 26440 1.5068 -0.0038075 0.68143 -0.27008
9.0819 388.97 58.21 26413 1.505 -0.0037793 0.68234 -0.27008
9.2516 393.77 59.875 26382 1.5029 -0.0037454 0.68337 -0.27008
9.3732 397.25 61.063 26361 1.5014 -0.0037201 0.68408 -0.27008
9.4048 398.16 61.369 26355 1.5011 -0.0037134 0.68426 -0.27008
9.4821 400.4 62.107 26341 1.5001 -0.0036972 0.68468 -0.27008
9.6351 404.88 63.538 26314 1.4983 -0.0036648 0.68549 -0.27008
9.8048 409.93 65.088 26284 1.4962 -0.0036271 0.68631 -0.27008
9.9264 413.59 66.168 26262 1.4948 -0.0035983 0.68678 -0.27008
9.958 414.55 66.439 26257 1.4944 -0.0035905 0.68688 -0.27008
10.098 418.82 67.593 26232 1.4927 -0.0035554 0.68725 -0.27008
10.407 428.41 70.147 26178 1.489 -0.0034739 0.68801 -0.27008
10.836 442.17 73.793 26103 1.4839 -0.0033511 0.68912 -0.27008
11.32 458.29 77.986 26018 1.4781 -0.0032048 0.69033 -0.27008
11.786 474.39 82.083 25936 1.4725 -0.0030708 0.69145 -0.27008
12.162 487.82 85.44 25870 1.468 -0.0029684 0.69234 -0.27008
12.392 496.2 87.502 25829 1.4653 -0.0029048 0.69286 -0.27008
12.447 500.76 88.005 25819 1.4646 -0.0028897 0.69299 -0.27008
12.588 513.32 89.266 25795 1.4629 -0.002853 0.6933 -0.27008
12.896 541.61 92.055 25740 1.4592 -0.0027791 0.69397 -0.27008
13.325 582.48 95.958 25665 1.4541 -0.0026939 0.69486 -0.27007
13.81 630.44 100.36 25580 1.4484 -0.0025898 0.69579 -0.27007
14.275 678.54 104.57 25498 1.4429 -0.0024862 0.69662 -0.27007
14.651 718.62 107.91 25432 1.4385 -0.0023909 0.69722 -0.27007
14.881 743.57 109.9 25392 1.4358 -0.0023284 0.69754 -0.27007
14.937 749.72 110.39 25382 1.4352 -0.0023127 0.69761 -0.27007
15.019 758.84 111.13 25368 1.4342 -0.0022896 0.69774 -0.27007
15.19 778.31 112.78 25338 1.4322 -0.0022401 0.69807 -0.27007
15.403 803.44 114.99 25300 1.4297 -0.0021756 0.69857 -0.27007
15.602 827.46 117.13 25265 1.4274 -0.0021129 0.6991 -0.27007
15.734 843.57 118.54 25242 1.4259 -0.0020702 0.69945 -0.27007
15.767 847.66 118.89 25236 1.4255 -0.0020593 0.69953 -0.27007
15.849 857.84 119.77 25221 1.4245 -0.0020324 0.69975 -0.27007
16.02 879.41 121.65 25191 1.4226 -0.001975 0.70022 -0.27007
16.233 906.83 124.02 25153 1.4201 -0.0019008 0.70081 -0.27007
16.432 932.79 126.22 25118 1.4178 -0.0018289 0.70134 -0.27007
16.564 950.19 127.67 25094 1.4163 -0.0017802 0.7017 -0.27007
16.597 954.6 128.03 25089 1.416 -0.0017679 0.70179 -0.27007
16.678 965.54 128.92 25074 1.415 -0.001737 0.70201 -0.27007
16.849 988.57 130.79 25044 1.4131 -0.0016715 0.70244 -0.27006
17.063 1017.5 133.04 25006 1.4108 -0.001587 0.70291 -0.27006
17.262 1044.8 135.06 24971 1.4086 -0.0015056 0.7033 -0.27006
17.393 1062.7 136.32 24948 1.4071 -0.0014513 0.7035 -0.27006
17.426 1067.2 136.63 24942 1.4068 -0.0014376 0.70355 -0.27006
17.508 1078.5 137.4 24928 1.4059 -0.0014035 0.70367 -0.27006
17.679 1102.4 139.07 24898 1.4041 -0.0013314 0.70394 -0.27006
17.893 1133.2 141.31 24860 1.4018 -0.0012393 0.70439 -0.27006
18.092 1162.5 143.49 24825 1.3996 -0.0011515 0.70487 -0.27006
18.223 1182.1 144.92 24802 1.3982 -0.0010921 0.70518 -0.27006
18.256 1187.1 145.28 24796 1.3979 -0.0010771 0.70526 -0.27006
18.338 1199.4 146.18 24781 1.397 -0.0010396 0.70546 -0.27006
18.509 1225.6 148.08 24751 1.3952 -0.00096026 0.70589 -0.27006
18.723 1258.7 150.49 24713 1.393 -0.00085894 0.70643 -0.27006
18.922 1290 152.71 24678 1.3909 -0.000762 0.70693 -0.27006
19.053 1310.9 154.18 24655 1.3896 -0.00069711 0.70725 -0.27006
19.086 1316.2 154.55 24649 1.3892 -0.00068067 0.70734 -0.27006
19.168 1329.3 155.45 24634 1.3884 -0.0006398 0.70754 -0.27005
19.339 1356.9 157.33 24604 1.3867 -0.00055354 0.70793 -0.27005
19.553 1391.5 159.61 24567 1.3846 -0.00044421 0.70837 -0.27005
19.752 1423.9 161.65 24531 1.3826 -0.00034122 0.70872 -0.27005
19.883 1445.3 162.93 24508 1.3814 -0.00027318 0.70891 -0.27005
19.916 1450.6 163.24 24503 1.381 -0.00025604 0.70895 -0.27005
19.961 1457.9 163.64 24495 1.3806 -0.00023263 0.70899 -0.27005
20.063 1474.6 164.57 24477 1.3796 -0.00017974 0.7091 -0.27005
20.211 1499.1 165.98 24451 1.3782 -0.00010267 0.7093 -0.27005
20.391 1529.3 167.73 24419 1.3765 -8.8847e-06 0.70956 -0.27005
20.586 1562.3 169.65 24385 1.3747 9.2534e-05 0.70986 -0.27005
20.775 1595 171.55 24352 1.373 0.00019149 0.71018 -0.27005
20.941 1624 173.22 24322 1.3715 0.00027855 0.71046 -0.27005
21.068 1646.3 174.49 24300 1.3703 0.00034485 0.71068 -0.27005
21.143 1659.5 175.24 24287 1.3696 0.00038404 0.7108 -0.27005
21.161 1662.7 175.42 24284 1.3695 0.00039349 0.71083 -0.27005
21.206 1670.7 175.88 24276 1.3691 0.00041731 0.71091 -0.27005
21.308 1688.9 176.9 24258 1.3682 0.00047129 0.71108 -0.27005
21.456 1715.6 178.39 24232 1.3668 0.00054981 0.71133 -0.27005
21.636 1748.2 180.19 24200 1.3653 0.00064485 0.71163 -0.27004
21.83 1783.6 182.12 24166 1.3636 0.00074723 0.71193 -0.27004
22.02 1818.5 183.97 24133 1.362 0.00084646 0.71221 -0.27004
22.186 1849.2 185.57 24103 1.3606 0.00093294 0.71243 -0.27004
22.313 1872.6 186.74 24081 1.3596 0.0009984 0.71257 -0.27004
22.388 1886.3 187.42 24068 1.3589 0.0010369 0.71264 -0.27004
22.405 1889.6 187.57 24065 1.3588 0.0010461 0.71265 -0.27004
22.451 1898 187.98 24057 1.3584 0.0010693 0.71269 -0.27004
22.552 1917 188.9 24039 1.3576 0.0011217 0.71279 -0.27004
22.701 1945 190.3 24013 1.3564 0.0011975 0.71298 -0.27004
22.881 1979.5 192.03 23982 1.355 0.0012888 0.71322 -0.27004
23.075 2017.2 193.93 23948 1.3535 0.0013862 0.71351 -0.27004
23.265 2054.4 195.79 23914 1.352 0.00148 0.71381 -0.27004
23.431 2087.3 197.43 23885 1.3507 0.0015613 0.71407 -0.27004
23.558 2112.7 198.68 23863 1.3497 0.0016229 0.71428 -0.27004
23.632 2127.6 199.41 23850 1.3492 0.0016591 0.7144 -0.27004
23.65 2131.3 199.59 23846 1.349 0.0016678 0.71443 -0.27004
23.695 2140.4 200.03 23839 1.3487 0.0016897 0.7145 -0.27004
23.797 2160.9 201.03 23821 1.348 0.0017391 0.71466 -0.27003
23.945 2191.1 202.49 23795 1.3469 0.0018107 0.7149 -0.27003
24.126 2228 204.26 23763 1.3456 0.0018966 0.71518 -0.27003
24.32 2268 206.14 23729 1.3442 0.0019876 0.71547 -0.27003
24.509 2307.3 207.96 23695 1.3429 0.0020743 0.71574 -0.27003
24.676 2341.8 209.52 23666 1.3417 0.0021487 0.71594 -0.27003
24.802 2368.1 210.69 23644 1.3409 0.0022044 0.71608 -0.27003
24.877 2383.6 211.35 23631 1.3404 0.002237 0.71614 -0.27003
24.895 2387.3 211.51 23628 1.3403 0.0022448 0.71615 -0.27003
24.977 2404.5 212.26 23614 1.3398 0.0022803 0.71624 -0.27003
25.148 2440.9 213.9 23584 1.3386 0.0023535 0.71647 -0.27003
25.361 2487.5 216.05 23546 1.3373 0.0024422 0.71685 -0.27003
25.56 2531.6 218.1 23511 1.336 0.0025219 0.71726 -0.27003
25.692 2561 219.44 23488 1.3352 0.0025732 0.71754 -0.27003
25.725 2568.4 219.78 23482 1.335 0.002586 0.71761 -0.27003
25.807 2586.9 220.61 23468 1.3345 0.0026178 0.71778 -0.27002
25.978 2625.8 222.38 23438 1.3334 0.0026832 0.71816 -0.27002
26.191 2674.8 224.6 23400 1.3321 0.0027618 0.71864 -0.27002
26.39 2720.8 226.65 23365 1.331 0.0028313 0.71908 -0.27002
26.522 2751.5 227.99 23342 1.3302 0.0028756 0.71937 -0.27002
26.555 2759.2 228.32 23336 1.33 0.0028867 0.71945 -0.27002
26.636 2778.3 229.15 23321 1.3296 0.002914 0.71963 -0.27002
26.807 2818.5 230.87 23291 1.3286 0.0029697 0.71998 -0.27002
27.021 2868.5 232.98 23254 1.3275 0.0030354 0.72036 -0.27002
27.22 2915.2 234.9 23219 1.3264 0.0030924 0.72067 -0.27002
27.351 2945.9 236.11 23196 1.3258 0.0031279 0.72082 -0.27002
27.384 2953.6 236.41 23190 1.3256 0.0031367 0.72086 -0.27002
27.5 2980.9 237.49 23170 1.325 0.0031671 0.72101 -0.27002
27.73 3035.8 239.7 23129 1.3239 0.003223 0.72136 -0.27001
27.985 3098.5 242.25 23085 1.3227 0.0032762 0.7219 -0.27001
28.167 3144.2 244.11 23053 1.3218 0.0033092 0.72236 -0.27001
28.214 3156.2 244.59 23044 1.3216 0.0033173 0.72248 -0.27001
28.33 3185.5 245.77 23024 1.321 0.0033365 0.72277 -0.27001
28.56 3243.9 248.1 22983 1.32 0.0033699 0.72334 -0.27001
28.814 3309.5 250.68 22938 1.3189 0.0033972 0.724 -0.27001
28.997 3356.8 252.51 22906 1.3181 0.003411 0.72445 -0.27001
29.044 3369.1 252.98 22898 1.3179 0.003414 0.72457 -0.27001
29.16 3399.2 254.12 22878 1.3174 0.0034209 0.72483 -0.27001
29.39 3458.9 256.37 22837 1.3164 0.0034292 0.72534 -0.27
29.644 3525.3 258.83 22792 1.3154 0.0034278 0.72584 -0.27
29.827 3572.4 260.52 22760 1.3147 0.0034207 0.72608 -0.27
29.874 3584.6 260.95 22752 1.3145 0.0034182 0.72614 -0.27
29.928 3598.7 261.45 22743 1.3143 0.0034153 0.72621 -0.27
30.042 3628.6 262.52 22723 1.3139 0.0034083 0.72639 -0.27
30.185 3667 263.92 22698 1.3133 0.0033977 0.72672 -0.27
30.318 3703.4 265.26 22674 1.3128 0.0033856 0.72709 -0.27
30.405 3727.5 266.13 22659 1.3125 0.0033764 0.72733 -0.27
30.427 3733.6 266.34 22655 1.3124 0.003374 0.7274 -0.27
30.482 3748.7 266.88 22645 1.3122 0.003368 0.72755 -0.27
30.596 3780.5 268.03 22625 1.3118 0.0033547 0.72789 -0.27
30.738 3820.5 269.47 22600 1.3112 0.0033355 0.72833 -0.27
30.871 3857.8 270.8 22577 1.3107 0.0033149 0.72872 -0.27
30.958 3882.5 271.66 22561 1.3104 0.0033004 0.72898 -0.27
30.98 3888.8 271.88 22557 1.3103 0.0032966 0.72905 -0.27
31.035 3904.2 272.42 22548 1.3101 0.0032872 0.72921 -0.27
31.149 3936.5 273.54 22528 1.3097 0.0032665 0.72953 -0.26999
31.291 3976.4 274.92 22503 1.3092 0.0032379 0.72986 -0.26999
31.424 4013.4 276.17 22479 1.3088 0.0032092 0.73013 -0.26999
31.512 4037.5 276.97 22464 1.3085 0.0031892 0.73026 -0.26999
31.534 4043.6 277.17 22460 1.3084 0.0031841 0.73029 -0.26999
31.588 4058.6 277.67 22451 1.3082 0.0031713 0.73036 -0.26999
31.702 4090.3 278.72 22431 1.3078 0.0031438 0.73054 -0.26999
31.845 4130.9 280.1 22406 1.3073 0.003107 0.73086 -0.26999
31.977 4169.4 281.39 22382 1.3069 0.0030704 0.73123 -0.26999
32.065 4195 282.24 22367 1.3066 0.0030451 0.73147 -0.26999
32.087 4201.4 282.46 22363 1.3065 0.0030387 0.73154 -0.26999
32.141 4217.4 282.98 22353 1.3063 0.0030224 0.73169 -0.26999
32.255 4251 284.1 22333 1.3059 0.0029872 0.73203 -0.26999
32.398 4293.3 285.5 22308 1.3054 0.0029406 0.73246 -0.26999
32.531 4332.7 286.8 22285 1.305 0.0028947 0.73285 -0.26999
32.618 4358.9 287.65 22269 1.3047 0.0028629 0.73312 -0.26999
32.64 4365.5 287.86 22265 1.3046 0.0028547 0.73318 -0.26999
32.695 4381.8 288.39 22256 1.3044 0.0028344 0.73335 -0.26999
32.809 4415.8 289.49 22236 1.3041 0.0027909 0.73366 -0.26998
32.951 4458 290.85 22211 1.3036 0.002734 0.734 -0.26998
33.084 4497.1 292.09 22187 1.3031 0.0026782 0.73426 -0.26998
33.171 4522.6 292.88 22172 1.3028 0.0026404 0.73439 -0.26998
33.193 4528.9 293.07 22168 1.3028 0.0026308 0.73442 -0.26998
33.223 4537.6 293.33 22163 1.3027 0.0026177 0.73444 -0.26998
33.291 4557.1 293.93 22151 1.3024 0.0025878 0.73451 -0.26998
33.39 4586 294.81 22134 1.3021 0.0025437 0.73464 -0.26998
33.51 4621.3 295.89 22113 1.3016 0.0024888 0.73483 -0.26998
33.64 4659.9 297.07 22090 1.3012 0.0024277 0.73506 -0.26998
33.766 4697.7 298.22 22068 1.3007 0.002366 0.7353 -0.26998
33.877 4731.1 299.23 22048 1.3003 0.0023104 0.73551 -0.26998
33.961 4756.6 299.99 22033 1.2999 0.0022671 0.73568 -0.26998
34.011 4771.7 300.44 22025 1.2997 0.0022413 0.73578 -0.26998
34.023 4775.3 300.55 22023 1.2997 0.002235 0.7358 -0.26998
34.053 4784.5 300.82 22017 1.2996 0.0022193 0.73586 -0.26998
34.121 4805.1 301.43 22005 1.2993 0.0021835 0.736 -0.26998
34.22 4835.2 302.31 21988 1.2989 0.0021306 0.73619 -0.26997
34.34 4871.8 303.37 21967 1.2983 0.0020648 0.73643 -0.26997
34.47 4911.3 304.51 21944 1.2977 0.0019916 0.73666 -0.26997
34.596 4949.8 305.6 21922 1.2971 0.0019183 0.73687 -0.26997
34.707 4983.5 306.54 21903 1.2966 0.0018525 0.73703 -0.26997
34.791 5009 307.25 21888 1.2962 0.0018016 0.73713 -0.26997
34.841 5023.9 307.66 21879 1.2959 0.0017714 0.73718 -0.26997
34.853 5027.5 307.75 21877 1.2959 0.0017641 0.73718 -0.26997
34.883 5036.5 308 21872 1.2957 0.0017458 0.73721 -0.26997
34.951 5057 308.56 21860 1.2954 0.0017043 0.73728 -0.26997
35.05 5087.3 309.41 21843 1.2949 0.0016432 0.73741 -0.26997
35.17 5124.3 310.44 21822 1.2943 0.0015675 0.7376 -0.26997
35.299 5164.6 311.55 21799 1.2935 0.0014839 0.73782 -0.26997
35.426 5204.2 312.63 21777 1.2928 0.0014002 0.73806 -0.26997
35.537 5239.1 313.58 21757 1.2922 0.0013251 0.73828 -0.26997
35.621 5265.8 314.31 21742 1.2917 0.0012669 0.73844 -0.26996
35.671 5281.5 314.73 21734 1.2914 0.0012323 0.73854 -0.26996
35.683 5285.3 314.83 21732 1.2913 0.0012239 0.73857 -0.26996
35.713 5294.8 315.09 21726 1.2911 0.0012028 0.73863 -0.26996
35.781 5316.4 315.66 21714 1.2907 0.0011549 0.73876 -0.26996
35.88 5347.8 316.5 21697 1.2901 0.0010841 0.73896 -0.26996
36 5386 317.5 21676 1.2893 0.00099649 0.73919 -0.26996
36.129 5427.2 318.58 21653 1.2885 0.00089974 0.73942 -0.26996
36.256 5467.4 319.62 21631 1.2877 0.00080334 0.73963 -0.26996
36.366 5502.5 320.51 21612 1.2869 0.00071723 0.73979 -0.26996
36.451 5529.1 321.18 21597 1.2864 0.00065089 0.73989 -0.26996
36.501 5544.7 321.57 21588 1.286 0.00061155 0.73993 -0.26996
36.513 5548.4 321.66 21586 1.286 0.00060209 0.73994 -0.26996
36.587 5571.5 322.24 21573 1.2855 0.00054335 0.73999 -0.26996
36.752 5623.3 323.52 21544 1.2843 0.00040977 0.74011 -0.26996
36.989 5698.2 325.39 21503 1.2827 0.00021119 0.74035 -0.26995
37.267 5787.3 327.63 21454 1.2807 -3.8247e-05 0.74065 -0.26995
37.555 5880 329.92 21404 1.2786 -0.00031467 0.74099 -0.26995
37.817 5965 331.98 21358 1.2765 -0.00058365 0.74132 -0.26995
38.021 6031.6 333.56 21322 1.2747 -0.00080458 0.74158 -0.26994
38.143 6071.6 334.48 21301 1.2736 -0.00094115 0.74174 -0.26994
38.172 6081.3 334.7 21295 1.2733 -0.00097465 0.74177 -0.26994
38.246 6105.6 335.26 21282 1.2727 -0.0010595 0.74187 -0.26994
38.412 6160.2 336.49 21254 1.2711 -0.0012533 0.74208 -0.26994
38.648 6238.3 338.23 21212 1.2687 -0.0015406 0.74237 -0.26994
38.927 6330.7 340.29 21163 1.2659 -0.0018976 0.74271 -0.26994
39.215 6426.4 342.38 21113 1.2629 -0.0022844 0.74303 -0.26993
39.476 6513.5 344.25 21067 1.2599 -0.0026527 0.7433 -0.26993
39.68 6581.5 345.69 21032 1.2576 -0.0029481 0.74347 -0.26993
39.802 6622.1 346.54 21010 1.2562 -0.0031274 0.74355 -0.26993
39.832 6631.9 346.74 21005 1.2559 -0.003171 0.74356 -0.26993
40.014 6692.4 348 20973 1.2537 -0.0034408 0.74367 -0.26992
40.406 6824.2 350.75 20905 1.2488 -0.0040493 0.74396 -0.26992
40.931 7002.4 354.45 20813 1.242 -0.0049293 0.74446 -0.26991
41.483 7192.1 358.37 20716 1.2344 -0.005961 0.74503 -0.26991
41.953 7355.1 361.73 20634 1.2275 -0.0069204 0.74553 -0.2699
42.248 7458.2 363.85 20583 1.2231 -0.0075611 0.74585 -0.2699
42.321 7483.7 364.38 20570 1.222 -0.0077245 0.74593 -0.2699
42.503 7547.5 365.69 20538 1.2192 -0.0081407 0.74613 -0.2699
42.896 7685.6 368.53 20469 1.2129 -0.009076 0.74656 -0.26989
43.42 7870.9 372.33 20378 1.2043 -0.010393 0.7471 -0.26988
43.972 8067 376.33 20281 1.1948 -0.011868 0.74762 -0.26988
44.442 8234.5 379.79 20199 1.1863 -0.013173 0.74799 -0.26987
44.738 8339.7 382 20147 1.1807 -0.014014 0.74816 -0.26987
44.811 8365.9 382.54 20135 1.1794 -0.014224 0.7482 -0.26987
44.899 8398.7 383.16 20119 1.1777 -0.014478 0.74837 -0.26986
45.056 8459 384.18 20092 1.1748 -0.014931 0.74894 -0.26986
45.189 8511.6 384.96 20068 1.1723 -0.015318 0.74955 -0.26986
45.226 8526.4 385.16 20062 1.1716 -0.015426 0.74975 -0.26986
45.314 8562.1 385.64 20046 1.1699 -0.015684 0.75026 -0.26986
45.471 8625.9 386.48 20018 1.1668 -0.016147 0.75118 -0.26986
45.604 8679.1 387.25 19995 1.1642 -0.016543 0.75185 -0.26986
45.641 8693.7 387.47 19988 1.1635 -0.016653 0.75203 -0.26986
45.729 8728.7 388.01 19973 1.1617 -0.016917 0.75244 -0.26986
45.886 8790.4 389 19945 1.1586 -0.017389 0.7531 -0.26986
46.019 8841.6 389.93 19922 1.1559 -0.01779 0.75352 -0.26986
46.056 8855.6 390.2 19915 1.1552 -0.017901 0.75362 -0.26985
46.144 8889.2 390.86 19900 1.1534 -0.018168 0.75387 -0.26985
46.301 8949.7 391.99 19872 1.1502 -0.018644 0.75435 -0.26985
46.434 9002.9 392.87 19849 1.1474 -0.01905 0.75494 -0.26985
46.471 9017.8 393.11 19843 1.1467 -0.019162 0.75514 -0.26985
46.559 9053.9 393.66 19827 1.1448 -0.019432 0.75565 -0.26985
46.716 9118.4 394.63 19799 1.1413 -0.019916 0.75656 -0.26985
46.849 9172.3 395.51 19776 1.1383 -0.020328 0.75722 -0.26985
46.886 9187.1 395.76 19769 1.1375 -0.020443 0.7574 -0.26985
46.974 9222.4 396.36 19754 1.1355 -0.020718 0.7578 -0.26985
47.131 9284.9 397.47 19726 1.1318 -0.021208 0.75845 -0.26984
47.264 9336.7 398.47 19703 1.1288 -0.021625 0.75888 -0.26984
47.3 9350.8 398.76 19696 1.128 -0.021741 0.75896 -0.26984
47.416 9394.1 399.72 19676 1.1253 -0.022105 0.75912 -0.26984
47.646 9479 401.67 19636 1.12 -0.022828 0.75938 -0.26984
47.901 9575.5 403.77 19591 1.114 -0.023641 0.75984 -0.26983
48.083 9645.3 405.26 19559 1.1096 -0.02423 0.76024 -0.26983
48.13 9663.4 405.65 19551 1.1085 -0.024384 0.76035 -0.26983
48.246 9707.9 406.61 19531 1.1057 -0.024764 0.76062 -0.26983
48.476 9796.1 408.51 19490 1.1001 -0.025525 0.76112 -0.26982
48.73 9894.2 410.62 19446 1.0938 -0.026381 0.76169 -0.26982
48.913 9964.5 412.16 19414 1.0892 -0.027002 0.7621 -0.26982
48.96 9982.8 412.56 19405 1.088 -0.027164 0.76219 -0.26982
49.076 10027 413.55 19385 1.085 -0.027563 0.76243 -0.26981
49.306 10115 415.54 19345 1.0791 -0.028359 0.76286 -0.26981
49.56 10213 417.78 19300 1.0725 -0.029251 0.76329 -0.2698
49.743 10282 419.45 19268 1.0677 -0.029895 0.7635 -0.2698
49.79 10299 419.89 19260 1.0665 -0.030063 0.76353 -0.2698
49.901 10341 420.96 19241 1.0635 -0.030456 0.76358 -0.2698
50.149 10433 423.35 19197 1.0569 -0.031337 0.76368 -0.26979
50.504 10566 426.77 19135 1.0472 -0.032605 0.76389 -0.26978
50.922 10723 430.82 19062 1.0355 -0.034114 0.76417 -0.26977
51.353 10886 435.04 18987 1.0232 -0.035684 0.76448 -0.26976
51.746 11034 438.9 18918 1.0117 -0.037127 0.76477 -0.26976
52.052 11150 441.94 18865 1.0026 -0.038263 0.765 -0.26975
52.235 11220 443.77 18833 0.997 -0.038949 0.76514 -0.26974
52.279 11237 444.22 18825 0.99565 -0.039116 0.76518 -0.26974
52.391 11279 445.34 18805 0.99225 -0.039537 0.76526 -0.26974
52.639 11373 447.85 18762 0.98458 -0.040485 0.76545 -0.26973
52.993 11508 451.47 18700 0.97344 -0.041843 0.76571 -0.26972
53.412 11667 455.79 18627 0.96003 -0.043447 0.76601 -0.26971
53.843 11831 460.32 18551 0.9459 -0.04509 0.76629 -0.2697
54.235 11980 464.53 18483 0.9328 -0.046571 0.76652 -0.26969
54.542 12095 467.85 18429 0.92242 -0.047713 0.76666 -0.26968
54.725 12164 469.87 18397 0.91615 -0.048393 0.76673 -0.26967
54.769 12181 470.37 18390 0.91463 -0.048557 0.76674 -0.26967
54.86 12215 471.37 18374 0.91149 -0.048893 0.76679 -0.26967
55.056 12290 473.51 18339 0.90466 -0.049618 0.76697 -0.26966
55.318 12391 476.37 18293 0.89544 -0.050576 0.7673 -0.26966
55.594 12497 479.42 18245 0.88563 -0.051571 0.76769 -0.26965
55.829 12588 482.04 18204 0.8772 -0.052405 0.76805 -0.26964
55.977 12645 483.71 18178 0.87187 -0.052921 0.76827 -0.26964
56.014 12659 484.13 18171 0.87055 -0.053048 0.76833 -0.26963
56.105 12695 485.16 18155 0.86725 -0.053363 0.76848 -0.26963
56.301 12770 487.41 18121 0.86011 -0.054036 0.76879 -0.26963
56.563 12871 490.47 18075 0.85053 -0.054916 0.76917 -0.26962
56.839 12976 493.75 18027 0.8404 -0.05582 0.76954 -0.26961
57.074 13065 496.6 17985 0.83176 -0.056574 0.76978 -0.2696
57.222 13121 498.43 17960 0.82632 -0.057042 0.76989 -0.26959
57.258 13134 498.88 17953 0.82498 -0.057158 0.76991 -0.26959
57.349 13168 500.02 17937 0.82163 -0.057444 0.76996 -0.26959
57.546 13242 502.49 17903 0.81438 -0.058058 0.77013 -0.26958
57.808 13341 505.83 17857 0.80466 -0.058862 0.77045 -0.26957
58.084 13445 509.41 17809 0.79441 -0.059682 0.77084 -0.26956
58.319 13534 512.51 17767 0.78567 -0.06036 0.77119 -0.26955
58.467 13590 514.49 17742 0.78019 -0.060776 0.77142 -0.26955
58.503 13603 514.98 17735 0.77883 -0.060877 0.77147 -0.26955
58.594 13638 516.21 17719 0.77546 -0.061128 0.77162 -0.26954
58.79 13712 518.89 17685 0.76819 -0.06166 0.77192 -0.26954
59.052 13810 522.54 17639 0.75851 -0.062349 0.7723 -0.26953
59.328 13912 526.45 17591 0.74839 -0.063045 0.77266 -0.26952
59.564 13999 529.83 17549 0.73982 -0.063619 0.77291 -0.26951
59.711 14052 531.97 17524 0.73447 -0.063973 0.77301 -0.2695
59.748 14066 532.5 17517 0.73315 -0.06406 0.77303 -0.2695
59.836 14099 533.85 17502 0.72995 -0.064269 0.77318 -0.26949
59.993 14159 536.36 17474 0.72422 -0.064637 0.7737 -0.26949
60.126 14211 538.6 17451 0.71936 -0.064941 0.77425 -0.26948
60.163 14225 539.24 17444 0.71801 -0.065024 0.77444 -0.26948
60.251 14261 540.79 17429 0.71478 -0.065222 0.77491 -0.26948
60.408 14323 543.59 17401 0.70906 -0.065566 0.77577 -0.26947
60.541 14375 545.95 17377 0.70427 -0.06585 0.77639 -0.26947
60.578 14390 546.61 17371 0.70295 -0.065927 0.77656 -0.26947
60.666 14424 548.19 17355 0.69981 -0.06611 0.77694 -0.26946
60.823 14484 551.01 17328 0.69427 -0.066429 0.77755 -0.26946
60.956 14534 553.33 17304 0.68962 -0.066696 0.77793 -0.26945
60.993 14547 553.97 17298 0.68835 -0.066769 0.77802 -0.26945
61.081 14580 555.53 17282 0.68531 -0.066943 0.77825 -0.26945
61.238 14638 558.4 17255 0.67991 -0.067249 0.77869 -0.26944
61.371 14689 561.04 17231 0.67533 -0.067501 0.77924 -0.26943
61.408 14703 561.79 17225 0.67407 -0.06757 0.77943 -0.26943
61.496 14737 563.63 17209 0.67105 -0.067733 0.7799 -0.26943
61.653 14798 566.97 17182 0.6657 -0.068018 0.78076 -0.26942
61.786 14849 569.76 17158 0.66123 -0.068252 0.78138 -0.26942
61.822 14863 570.53 17152 0.66001 -0.068315 0.78155 -0.26942
61.911 14896 572.37 17136 0.6571 -0.068465 0.78193 -0.26941
62.067 14955 575.64 17109 0.65197 -0.068727 0.78254 -0.2694
62.201 15003 578.3 17085 0.64768 -0.068946 0.78292 -0.2694
62.237 15017 579.02 17079 0.64651 -0.069006 0.78301 -0.2694
62.325 15049 580.78 17064 0.64371 -0.069149 0.78324 -0.26939
62.482 15106 584.06 17036 0.63876 -0.0694 0.78369 -0.26938
62.616 15155 587.1 17013 0.63457 -0.069607 0.78424 -0.26938
62.652 15169 587.98 17006 0.63342 -0.069663 0.78442 -0.26938
62.74 15202 590.13 16991 0.63065 -0.069796 0.7849 -0.26937
62.897 15261 594.04 16963 0.62578 -0.070029 0.78576 -0.26937
63.03 15310 597.27 16940 0.62173 -0.07022 0.78638 -0.26936
63.067 15324 598.16 16933 0.62062 -0.070272 0.78654 -0.26936
63.155 15356 600.28 16918 0.61799 -0.070394 0.78693 -0.26935
63.312 15413 604.03 16890 0.61335 -0.070608 0.78754 -0.26935
63.445 15461 607.03 16867 0.60949 -0.070787 0.78792 -0.26934
63.482 15474 607.85 16860 0.60844 -0.070836 0.78801 -0.26934
63.57 15506 609.83 16845 0.60593 -0.070953 0.78824 -0.26933
63.727 15562 613.52 16817 0.60149 -0.071158 0.78869 -0.26932
63.86 15610 617.01 16794 0.59774 -0.071327 0.78924 -0.26932
63.897 15623 618.02 16788 0.59671 -0.071373 0.78942 -0.26932
63.985 15655 620.51 16772 0.59424 -0.071483 0.7899 -0.26931
64.142 15712 625.03 16745 0.5899 -0.071673 0.79076 -0.2693
64.275 15760 628.74 16721 0.58629 -0.07183 0.79138 -0.2693
64.312 15773 629.75 16715 0.5853 -0.071873 0.79155 -0.26929
64.4 15805 632.17 16699 0.58296 -0.071974 0.79193 -0.26929
64.557 15861 636.42 16672 0.57885 -0.07215 0.79254 -0.26928
64.69 15908 639.81 16648 0.57544 -0.072299 0.79293 -0.26927
64.727 15921 640.7 16642 0.57451 -0.072339 0.79302 -0.26927
64.859 15968 643.78 16619 0.57121 -0.072484 0.79324 -0.26926
65.094 16050 649.13 16578 0.56545 -0.072736 0.79355 -0.26925
65.294 16120 653.91 16543 0.56064 -0.072936 0.79387 -0.26924
65.349 16139 655.29 16533 0.55933 -0.072988 0.79398 -0.26923
65.481 16186 658.7 16510 0.55619 -0.073111 0.79429 -0.26923
65.717 16268 665.02 16469 0.55069 -0.073317 0.79493 -0.26921
65.917 16338 670.49 16434 0.5461 -0.073479 0.7955 -0.2692
65.972 16357 672 16424 0.54485 -0.073522 0.79565 -0.2692
66.104 16404 675.6 16401 0.54189 -0.073619 0.79601 -0.26919
66.339 16486 681.96 16360 0.53672 -0.073778 0.79656 -0.26917
66.539 16556 687.37 16325 0.53244 -0.073896 0.79701 -0.26916
66.594 16575 688.86 16316 0.53128 -0.073927 0.79713 -0.26916
66.726 16621 692.42 16292 0.52851 -0.073997 0.79741 -0.26915
66.962 16703 698.69 16251 0.52367 -0.074116 0.79784 -0.26913
67.161 16773 703.82 16217 0.51966 -0.074211 0.79812 -0.26912
67.216 16792 705.24 16207 0.51857 -0.074235 0.79819 -0.26912
67.349 16838 708.67 16184 0.51597 -0.074294 0.79837 -0.26911
67.584 16920 714.89 16143 0.51142 -0.074393 0.7987 -0.26909
67.784 16989 720.46 16108 0.50762 -0.074467 0.79904 -0.26908
67.839 17009 722.06 16098 0.50658 -0.074485 0.79915 -0.26907
67.971 17054 726.02 16075 0.5041 -0.074527 0.79946 -0.26907
68.206 17135 733.38 16034 0.49976 -0.074594 0.8001 -0.26905
68.406 17204 739.74 16000 0.49614 -0.074642 0.80067 -0.26903
68.461 17223 741.5 15990 0.49515 -0.074653 0.80083 -0.26903
68.593 17269 745.67 15967 0.49281 -0.074678 0.80118 -0.26902
68.829 17350 753 15926 0.48873 -0.07471 0.80173 -0.269
69.028 17420 759.21 15891 0.48535 -0.074726 0.80218 -0.26899
69.084 17439 760.92 15882 0.48443 -0.07473 0.8023 -0.26899
69.216 17485 765 15859 0.48225 -0.074735 0.80258 -0.26898
69.451 17567 772.15 15818 0.47842 -0.074739 0.80301 -0.26896
69.651 17637 777.95 15783 0.47524 -0.074739 0.80329 -0.26894
69.706 17656 779.55 15774 0.47437 -0.074738 0.80336 -0.26894
69.838 17703 783.42 15751 0.4723 -0.074735 0.80354 -0.26893
70.073 17785 790.42 15710 0.46866 -0.074727 0.80387 -0.26891
70.273 17854 796.7 15675 0.46561 -0.074711 0.80421 -0.26889
70.328 17873 798.52 15666 0.46477 -0.074706 0.80432 -0.26889
70.46 17919 803.01 15643 0.46277 -0.07469 0.80463 -0.26888
70.696 18000 811.38 15602 0.45924 -0.074655 0.80527 -0.26886
70.895 18068 818.61 15568 0.45629 -0.074617 0.80584 -0.26884
70.951 18087 820.6 15558 0.45549 -0.074604 0.80599 -0.26884
71.083 18133 825.33 15535 0.45356 -0.074571 0.80634 -0.26883
71.318 18214 833.58 15495 0.45019 -0.074499 0.8069 -0.26881
71.518 18284 840.55 15460 0.44737 -0.074428 0.80735 -0.26879
71.573 18303 842.47 15451 0.4466 -0.074407 0.80747 -0.26879
71.705 18349 847.02 15428 0.44476 -0.074355 0.80774 -0.26878
71.941 18432 854.98 15387 0.44151 -0.074257 0.80817 -0.26876
72.14 18503 861.39 15353 0.43879 -0.074172 0.80845 -0.26874
72.195 18522 863.16 15343 0.43804 -0.074148 0.80852 -0.26874
72.328 18570 867.42 15320 0.43625 -0.074092 0.8087 -0.26872
72.563 18653 875.13 15279 0.43308 -0.073989 0.80903 -0.2687
72.763 18723 882.05 15245 0.43038 -0.073848 0.80937 -0.26868
72.818 18743 884.06 15235 0.42964 -0.073809 0.80948 -0.26868
72.95 18788 889.04 15213 0.42785 -0.073715 0.80979 -0.26867
73.185 18869 898.3 15173 0.42466 -0.073549 0.81043 -0.26865
73.385 18938 906.31 15138 0.42196 -0.073412 0.811 -0.26863
73.44 18957 908.51 15129 0.42121 -0.073374 0.81115 -0.26862
73.572 19002 913.72 15106 0.41942 -0.073284 0.8115 -0.26861
73.808 19084 922.76 15066 0.41623 -0.073125 0.81206 -0.26859
74.007 19154 930.38 15032 0.41352 -0.072994 0.81251 -0.26857
74.062 19174 932.46 15023 0.41276 -0.072958 0.81263 -0.26856
74.195 19220 937.42 15000 0.41096 -0.072872 0.8129 -0.26855
74.43 19304 946.03 14960 0.40774 -0.072723 0.81334 -0.26853
74.63 19376 952.97 14925 0.40499 -0.072601 0.81362 -0.26851
74.685 19396 954.82 14916 0.40422 -0.072568 0.81368 -0.2685
74.949 19493 963.41 14870 0.40054 -0.072414 0.81392 -0.26848
75.42 19667 978.26 14788 0.39391 -0.072181 0.81425 -0.26843
75.819 19814 991.37 14719 0.38818 -0.072023 0.8146 -0.26839
75.93 19854 995.14 14700 0.38658 -0.071981 0.81471 -0.26838
76.194 19949 1004.4 14655 0.38271 -0.071883 0.81504 -0.26835
76.665 20118 1021.3 14575 0.37571 -0.071737 0.8157 -0.2683
77.064 20261 1035.9 14506 0.36965 -0.071582 0.81629 -0.26825
77.174 20301 1039.9 14487 0.36796 -0.071489 0.81645 -0.26824
77.439 20395 1049.4 14442 0.36386 -0.071263 0.81682 -0.26821
77.909 20564 1066.1 14362 0.35643 -0.070859 0.8174 -0.26816
78.309 20707 1080.3 14294 0.34997 -0.070449 0.81787 -0.26811
78.419 20747 1084.2 14275 0.34816 -0.070326 0.81799 -0.2681
78.683 20841 1093.4 14230 0.34378 -0.070022 0.81828 -0.26807
79.154 21010 1109.8 14149 0.33588 -0.069511 0.81874 -0.26801
79.554 21154 1123.1 14080 0.32903 -0.06913 0.81902 -0.26797
79.664 21193 1126.8 14061 0.32712 -0.069026 0.81911 -0.26795
79.796 21240 1131.5 14039 0.32483 -0.068903 0.81926 -0.26794
80.031 21322 1140.2 13999 0.32074 -0.068688 0.8196 -0.26791
80.231 21390 1148 13966 0.31724 -0.068516 0.81996 -0.26788
80.286 21408 1150.2 13957 0.31627 -0.068469 0.82007 -0.26788
80.418 21452 1155.7 13935 0.31395 -0.068359 0.82038 -0.26786
80.654 21530 1165.9 13897 0.30979 -0.068171 0.82101 -0.26783
80.853 21595 1174.7 13865 0.30623 -0.068024 0.82158 -0.2678
80.909 21613 1177.1 13856 0.30524 -0.067985 0.82173 -0.2678
81.041 21657 1182.7 13835 0.30285 -0.067896 0.82208 -0.26778
81.276 21735 1192.5 13797 0.29855 -0.067754 0.82263 -0.26775
81.476 21801 1200.6 13764 0.29485 -0.067649 0.82308 -0.26772
81.531 21819 1202.8 13755 0.29382 -0.067621 0.8232 -0.26772
81.663 21864 1208.1 13733 0.29134 -0.067559 0.82347 -0.2677
81.899 21942 1217.2 13695 0.28687 -0.067463 0.8239 -0.26767
82.098 22009 1224.5 13661 0.28302 -0.067397 0.82418 -0.26764
82.153 22028 1226.5 13652 0.28195 -0.067381 0.82425 -0.26763
82.286 22073 1231.2 13630 0.27937 -0.067343 0.82443 -0.26762
82.521 22152 1239.7 13591 0.27476 -0.067284 0.82475 -0.26758
82.721 22219 1247.2 13558 0.27085 -0.067253 0.82509 -0.26756
82.776 22237 1249.3 13549 0.26977 -0.067247 0.8252 -0.26755
82.908 22281 1254.5 13528 0.26719 -0.067236 0.82551 -0.26753
83.143 22358 1264.1 13490 0.26258 -0.067231 0.82614 -0.2675
83.343 22423 1272.3 13459 0.25864 -0.067245 0.82671 -0.26747
83.398 22441 1274.5 13450 0.25755 -0.067252 0.82686 -0.26746
83.53 22484 1279.8 13429 0.25491 -0.067274 0.82721 -0.26744
83.766 22560 1289 13391 0.25017 -0.067339 0.82776 -0.26741
83.965 22625 1296.7 13359 0.24611 -0.067413 0.82821 -0.26738
84.02 22642 1298.8 13350 0.24498 -0.067436 0.82833 -0.26737
84.153 22685 1303.8 13329 0.24226 -0.067495 0.8286 -0.26735
84.388 22760 1312.5 13291 0.23736 -0.067614 0.82903 -0.26732
84.588 22823 1319.5 13257 0.23314 -0.06773 0.82929 -0.26729
84.643 22841 1321.4 13248 0.23198 -0.067764 0.82938 -0.26728
84.731 22869 1324.7 13234 0.23014 -0.067818 0.82957 -0.26727
84.888 22920 1330.7 13210 0.22691 -0.06792 0.83005 -0.26724
85.021 22965 1336.1 13191 0.22423 -0.068012 0.8306 -0.26722
85.058 22978 1337.7 13186 0.2235 -0.068038 0.83078 -0.26722
85.146 23009 1341.5 13173 0.22175 -0.068102 0.83126 -0.2672
85.303 23063 1348.1 13152 0.21864 -0.068221 0.83212 -0.26718
85.436 23109 1353.5 13133 0.21594 -0.068331 0.83274 -0.26716
85.473 23122 1355 13128 0.21519 -0.068362 0.8329 -0.26715
85.561 23152 1358.4 13115 0.21339 -0.068439 0.83328 -0.26714
85.718 23205 1364.4 13092 0.21015 -0.06858 0.83389 -0.26712
85.851 23248 1369.2 13071 0.20734 -0.068703 0.83427 -0.2671
85.888 23260 1370.5 13065 0.20655 -0.068738 0.83436 -0.26709
85.976 23289 1373.6 13051 0.20467 -0.068821 0.83459 -0.26708
86.133 23340 1379.1 13027 0.20134 -0.068973 0.83504 -0.26705
86.266 23386 1383.9 13008 0.19859 -0.069108 0.83558 -0.26703
86.303 23399 1385.3 13003 0.19784 -0.069146 0.83577 -0.26702
86.391 23431 1388.7 12991 0.19604 -0.069238 0.83625 -0.26701
86.548 23486 1394.7 12969 0.19286 -0.069405 0.83711 -0.26698
86.681 23531 1399.7 12950 0.19015 -0.069553 0.83773 -0.26696
86.717 23543 1401 12945 0.18939 -0.069595 0.83789 -0.26696
86.806 23571 1404.4 12932 0.18763 -0.069699 0.83827 -0.26694
86.962 23621 1410.2 12909 0.18453 -0.069887 0.83888 -0.26692
87.096 23661 1415 12889 0.18184 -0.070048 0.83926 -0.2669
87.132 23672 1416.3 12883 0.18109 -0.070094 0.83935 -0.26689
87.22 23699 1419.3 12869 0.1793 -0.070203 0.83958 -0.26688
87.377 23747 1424.7 12845 0.17613 -0.070399 0.84002 -0.26685
87.511 23790 1429.5 12826 0.17357 -0.070569 0.84057 -0.26683
87.547 23802 1430.8 12821 0.17289 -0.070617 0.84076 -0.26682
87.635 23831 1434 12808 0.17124 -0.070733 0.84123 -0.26681
87.792 23883 1439.8 12787 0.1686 -0.070943 0.8421 -0.26678
87.925 23925 1444.9 12768 0.16663 -0.071125 0.84272 -0.26676
87.962 23936 1446.2 12763 0.16604 -0.071176 0.84288 -0.26675
88.05 23963 1449.5 12750 0.16468 -0.071302 0.84326 -0.26674
88.207 24010 1455.3 12727 0.1622 -0.071528 0.84387 -0.26671
88.34 24047 1460.1 12706 0.15992 -0.071721 0.84425 -0.26669
88.377 24057 1461.4 12700 0.15927 -0.071775 0.84434 -0.26668
88.465 24082 1464.5 12687 0.15775 -0.071904 0.84457 -0.26667
88.622 24127 1470 12662 0.15512 -0.072136 0.84501 -0.26664
88.755 24167 1474.7 12643 0.15297 -0.072335 0.84556 -0.26662
88.792 24179 1476 12638 0.15239 -0.072391 0.84575 -0.26661
88.88 24206 1479.1 12626 0.151 -0.072525 0.84623 -0.26659
89.037 24256 1484.6 12604 0.14855 -0.072767 0.84709 -0.26657
89.17 24295 1489.3 12585 0.14647 -0.072975 0.84771 -0.26654
89.207 24306 1490.6 12580 0.14589 -0.073033 0.84787 -0.26654
89.295 24331 1493.7 12567 0.14452 -0.073174 0.84825 -0.26652
89.452 24375 1499.3 12543 0.14207 -0.073428 0.84886 -0.26649
89.585 24410 1504 12523 0.13997 -0.073643 0.84924 -0.26647
89.622 24420 1505.3 12517 0.13939 -0.073703 0.84933 -0.26646
89.71 24443 1508.4 12503 0.13799 -0.073846 0.84956 -0.26645
89.867 24484 1513.9 12478 0.13556 -0.074102 0.85 -0.26642
90 24521 1518.5 12459 0.13361 -0.07432 0.85055 -0.26639
90.037 24531 1519.7 12453 0.13309 -0.074381 0.85074 -0.26639
90.125 24556 1522.8 12441 0.13186 -0.074527 0.85122 -0.26637
90.282 24601 1528.1 12419 0.12966 -0.074788 0.85208 -0.26634
90.415 24636 1532.7 12400 0.12773 -0.075011 0.8527 -0.26632
90.452 24646 1533.9 12394 0.1272 -0.075073 0.85286 -0.26631
90.54 24668 1537 12381 0.12591 -0.075223 0.85324 -0.2663
90.697 24708 1542.3 12357 0.12353 -0.075491 0.85385 -0.26627
90.83 24740 1546.8 12336 0.12129 -0.075718 0.85423 -0.26624
90.867 24748 1548 12330 0.12064 -0.07578 0.85432 -0.26623
90.955 24768 1551.1 12316 0.11915 -0.075931 0.85455 -0.26622
91.112 24804 1556.5 12291 0.11656 -0.076197 0.85499 -0.26619
91.245 24836 1560.7 12271 0.11444 -0.076424 0.85554 -0.26616
91.282 24845 1561.9 12266 0.11387 -0.076486 0.85573 -0.26616
91.37 24866 1564.6 12253 0.1125 -0.076637 0.8562 -0.26614
91.527 24905 1569.4 12231 0.11009 -0.076906 0.85706 -0.26611
91.66 24937 1573.6 12211 0.10804 -0.077135 0.85768 -0.26609
91.696 24945 1574.7 12205 0.10747 -0.077198 0.85785 -0.26608
91.785 24965 1577.5 12192 0.10611 -0.077352 0.85823 -0.26606
91.941 24999 1582.4 12167 0.10369 -0.077626 0.85884 -0.26603
92.075 25026 1586.8 12146 0.1016 -0.077856 0.8592 -0.26601
92.111 25034 1588 12140 0.10103 -0.07792 0.85931 -0.266
92.155 25042 1589.4 12133 0.10036 -0.077996 0.85949 -0.26599
92.234 25059 1591.8 12122 0.099225 -0.078131 0.85996 -0.26597
92.3 25072 1593.5 12113 0.098341 -0.078246 0.86051 -0.26596
92.319 25076 1593.9 12111 0.098107 -0.078277 0.86069 -0.26596
92.363 25086 1594.9 12105 0.097557 -0.078353 0.86116 -0.26595
92.441 25102 1596.7 12095 0.096569 -0.078488 0.86201 -0.26593
92.508 25115 1598.4 12087 0.095687 -0.078603 0.86263 -0.26592
92.526 25118 1598.8 12084 0.095439 -0.078634 0.86279 -0.26592
92.57 25126 1600 12078 0.094837 -0.07871 0.86317 -0.26591
92.649 25139 1602.1 12067 0.093711 -0.078846 0.86377 -0.26589
92.715 25151 1604.1 12057 0.092638 -0.07896 0.86413 -0.26588
92.734 25154 1604.6 12054 0.092338 -0.078992 0.86423 -0.26587
92.756 25157 1605.2 12051 0.092006 -0.07903 0.86441 -0.26587
92.795 25163 1606.1 12047 0.091459 -0.079096 0.86488 -0.26586
92.828 25167 1606.5 12044 0.09107 -0.079153 0.86542 -0.26585
92.837 25169 1606.7 12043 0.09097 -0.079168 0.8656 -0.26585
92.859 25171 1606.9 12041 0.090738 -0.079205 0.86607 -0.26585
92.899 25176 1607.4 12038 0.090322 -0.079271 0.86692 -0.26584
92.932 25181 1607.8 12035 0.089943 -0.079327 0.86754 -0.26583
92.941 25182 1607.9 12034 0.089835 -0.079342 0.8677 -0.26583
92.963 25185 1608.3 12031 0.089573 -0.079378 0.86807 -0.26582
93.002 25190 1609 12027 0.089079 -0.079443 0.86867 -0.26581
93.036 25195 1609.7 12023 0.088619 -0.079498 0.86904 -0.26581
93.045 25196 1609.9 12022 0.088486 -0.079514 0.86913 -0.26581
93.067 25199 1610.5 12019 0.088166 -0.07955 0.86935 -0.2658
93.106 25204 1611.4 12014 0.087615 -0.079614 0.86978 -0.26579
93.139 25208 1611.8 12011 0.08723 -0.079668 0.87032 -0.26579
93.149 25209 1612 12010 0.087132 -0.079682 0.87051 -0.26578
93.171 25211 1612.2 12008 0.086903 -0.079718 0.87098 -0.26578
93.21 25215 1612.7 12005 0.086492 -0.079781 0.87183 -0.26577
93.243 25219 1613.1 12001 0.086118 -0.079834 0.87244 -0.26576
93.252 25220 1613.2 12001 0.086012 -0.079848 0.8726 -0.26576
93.274 25223 1613.5 11998 0.085752 -0.079883 0.87298 -0.26575
93.314 25228 1614.1 11994 0.085265 -0.079945 0.87358 -0.26575
93.347 25233 1614.8 11990 0.08481 -0.079998 0.87395 -0.26574
93.356 25234 1615 11988 0.084678 -0.080013 0.87404 -0.26574
93.378 25238 1615.5 11985 0.084361 -0.080047 0.87426 -0.26573
93.417 25244 1616.4 11980 0.083816 -0.080109 0.87469 -0.26572
93.451 25248 1616.7 11977 0.083435 -0.08016 0.87524 -0.26572
93.46 25248 1616.8 11976 0.083338 -0.080174 0.87542 -0.26571
93.482 25251 1616.9 11974 0.083111 -0.080208 0.87589 -0.26571
93.521 25255 1617.2 11971 0.082703 -0.080268 0.87674 -0.2657
93.554 25259 1617.5 11967 0.082333 -0.080319 0.87736 -0.26569
93.564 25260 1617.6 11966 0.082228 -0.080333 0.87752 -0.26569
93.586 25263 1617.9 11964 0.081971 -0.080366 0.8779 -0.26568
93.625 25268 1618.4 11959 0.081487 -0.080426 0.8785 -0.26567
93.658 25273 1618.9 11955 0.081036 -0.080477 0.87887 -0.26567
93.667 25274 1619.1 11954 0.080905 -0.080491 0.87896 -0.26566
93.689 25277 1619.6 11951 0.08059 -0.080524 0.87918 -0.26566
93.729 25283 1620.3 11946 0.080048 -0.080583 0.87961 -0.26565
93.762 25286 1620.6 11942 0.07967 -0.080633 0.88016 -0.26564
93.771 25287 1620.7 11941 0.079574 -0.080646 0.88034 -0.26564
93.793 25288 1620.9 11939 0.079349 -0.080679 0.88081 -0.26564
93.832 25291 1621.1 11935 0.078944 -0.080736 0.88167 -0.26563
93.866 25293 1621.5 11932 0.078577 -0.080785 0.88228 -0.26562
93.875 25293 1621.6 11931 0.078473 -0.080799 0.88244 -0.26562
93.897 25294 1621.9 11928 0.078219 -0.080831 0.88282 -0.26561
93.936 25297 1622.5 11923 0.077739 -0.080889 0.88342 -0.2656
93.969 25300 1623.1 11919 0.077293 -0.080938 0.88379 -0.26559
93.978 25302 1623.3 11918 0.077163 -0.080951 0.88388 -0.26559
94 25304 1623.7 11915 0.076852 -0.080983 0.8841 -0.26559
94.04 25309 1624.5 11909 0.076317 -0.081041 0.88454 -0.26558
94.073 25312 1624.8 11906 0.075944 -0.081088 0.88508 -0.26557
94.082 25312 1624.8 11905 0.075849 -0.081102 0.88527 -0.26557
94.104 25314 1624.8 11902 0.075628 -0.081133 0.88574 -0.26556
94.143 25316 1624.8 11898 0.075228 -0.081189 0.8866 -0.26555
94.177 25319 1625 11895 0.074865 -0.081236 0.88721 -0.26554
94.186 25320 1625.1 11894 0.074762 -0.081249 0.88737 -0.26554
94.208 25322 1625.2 11891 0.074511 -0.081281 0.88775 -0.26554
94.247 25325 1625.6 11886 0.074035 -0.081337 0.88835 -0.26553
94.28 25329 1626 11881 0.073592 -0.081384 0.88873 -0.26552
94.29 25330 1626.2 11880 0.073464 -0.081397 0.88882 -0.26552
94.312 25332 1626.7 11877 0.073155 -0.081429 0.88904 -0.26551
94.351 25336 1627.3 11872 0.072623 -0.081484 0.88948 -0.2655
94.384 25338 1627.6 11868 0.072254 -0.081531 0.89002 -0.2655
94.393 25338 1627.6 11867 0.07216 -0.081544 0.8902 -0.26549
94.415 25339 1627.6 11864 0.07194 -0.081575 0.89068 -0.26549
94.455 25340 1627.4 11860 0.071543 -0.081629 0.89153 -0.26548
94.488 25341 1627.5 11856 0.071183 -0.081676 0.89215 -0.26547
94.497 25342 1627.5 11855 0.071081 -0.081688 0.89231 -0.26547
94.519 25343 1627.6 11852 0.070832 -0.081719 0.89269 -0.26546
94.558 25345 1627.9 11847 0.070359 -0.081774 0.8933 -0.26545
94.592 25348 1628.3 11842 0.069908 -0.081821 0.89366 -0.26544
94.601 25349 1628.5 11841 0.069791 -0.081834 0.89376 -0.26544
94.612 25349 1628.5 11839 0.06967 -0.081849 0.89394 -0.26544
94.631 25350 1628.3 11837 0.069474 -0.081876 0.89442 -0.26543
94.648 25349 1627.9 11836 0.069375 -0.081898 0.89496 -0.26543
94.653 25348 1627.8 11836 0.06936 -0.081904 0.89514 -0.26543
94.664 25346 1627.3 11835 0.069331 -0.081919 0.89562 -0.26542
94.683 25342 1626.4 11834 0.069269 -0.081945 0.89647 -0.26542
94.7 25339 1625.9 11833 0.069173 -0.081966 0.89709 -0.26541
94.705 25339 1625.8 11833 0.069144 -0.081973 0.89725 -0.26541
94.716 25337 1625.5 11832 0.069073 -0.081987 0.89763 -0.26541
94.735 25335 1625.2 11830 0.068932 -0.082013 0.89823 -0.2654
94.752 25334 1625.1 11828 0.068778 -0.082035 0.89861 -0.2654
94.756 25334 1625.1 11827 0.068726 -0.082041 0.8987 -0.2654
94.767 25334 1625.1 11826 0.068605 -0.082056 0.89892 -0.26539
94.787 25334 1625 11824 0.068399 -0.082082 0.89936 -0.26539
94.804 25333 1624.7 11823 0.068297 -0.082103 0.8999 -0.26538
94.808 25332 1624.6 11822 0.06828 -0.082109 0.90008 -0.26538
94.819 25329 1624.1 11822 0.068247 -0.082123 0.90056 -0.26538
94.839 25326 1623.2 11820 0.068173 -0.082147 0.90142 -0.26537
94.856 25324 1622.7 11819 0.068067 -0.082168 0.90204 -0.26537
94.86 25323 1622.5 11819 0.068036 -0.082174 0.9022 -0.26536
94.871 25322 1622.2 11818 0.067959 -0.082188 0.90258 -0.26536
94.891 25321 1621.8 11816 0.067812 -0.082213 0.90318 -0.26535
94.907 25320 1621.7 11814 0.067655 -0.082234 0.90356 -0.26535
94.912 25320 1621.7 11813 0.067601 -0.08224 0.90364 -0.26535
94.923 25320 1621.7 11812 0.067475 -0.082254 0.90387 -0.26535
94.943 25320 1621.7 11810 0.067263 -0.082279 0.90431 -0.26534
94.959 25318 1621.3 11808 0.067159 -0.082299 0.90485 -0.26534
94.964 25318 1621.2 11808 0.06714 -0.082305 0.90504 -0.26533
94.975 25315 1620.7 11807 0.067101 -0.082318 0.90551 -0.26533
94.995 25311 1619.8 11806 0.067015 -0.082342 0.90637 -0.26532
95.011 25309 1619.3 11804 0.066899 -0.082362 0.90699 -0.26532
95.016 25308 1619.2 11804 0.066865 -0.082368 0.90716 -0.26532
95.027 25307 1618.9 11803 0.066783 -0.082381 0.90754 -0.26531
95.046 25305 1618.4 11801 0.066629 -0.082405 0.90814 -0.26531
95.063 25305 1618.4 11799 0.066469 -0.082426 0.90852 -0.2653
95.068 25305 1618.4 11798 0.066414 -0.082431 0.9086 -0.2653
95.079 25305 1618.4 11797 0.066285 -0.082445 0.90883 -0.2653
95.098 25305 1618.3 11794 0.066067 -0.082469 0.90927 -0.26529
95.115 25303 1617.9 11793 0.065958 -0.082489 0.90981 -0.26529
95.119 25302 1617.7 11792 0.065936 -0.082494 0.91 -0.26529
95.13 25300 1617.2 11791 0.065891 -0.082507 0.91048 -0.26528
95.15 25297 1616.3 11790 0.065793 -0.08253 0.91134 -0.26528
95.167 25295 1615.7 11788 0.065674 -0.08255 0.91196 -0.26527
95.171 25294 1615.5 11788 0.065639 -0.082555 0.91212 -0.26527
95.182 25293 1615.2 11787 0.065554 -0.082568 0.9125 -0.26526
95.202 25292 1614.7 11785 0.065389 -0.082592 0.91311 -0.26526
95.219 25292 1614.6 11782 0.065219 -0.082611 0.91349 -0.26525
95.223 25292 1614.6 11782 0.065163 -0.082617 0.91358 -0.26525
95.234 25292 1614.6 11780 0.06503 -0.08263 0.9138 -0.26525
95.254 25292 1614.5 11778 0.064806 -0.082653 0.91424 -0.26524
95.27 25290 1614.1 11776 0.064692 -0.082673 0.91479 -0.26524
95.275 25290 1613.9 11776 0.064668 -0.082678 0.91497 -0.26524
95.286 25287 1613.4 11775 0.064616 -0.082691 0.91545 -0.26523
95.306 25284 1612.4 11773 0.064506 -0.082713 0.91632 -0.26523
95.322 25282 1611.7 11771 0.064384 -0.082732 0.91694 -0.26522
95.327 25282 1611.6 11771 0.064349 -0.082737 0.9171 -0.26522
95.338 25280 1611.2 11770 0.06426 -0.08275 0.91748 -0.26521
95.358 25279 1610.7 11767 0.064085 -0.082773 0.91809 -0.26521
95.374 25279 1610.6 11765 0.063907 -0.082792 0.91847 -0.2652
95.379 25279 1610.6 11765 0.06385 -0.082797 0.91856 -0.2652
95.39 25279 1610.5 11763 0.063712 -0.08281 0.91878 -0.2652
95.409 25279 1610.4 11761 0.063481 -0.082833 0.91922 -0.26519
95.426 25278 1609.9 11759 0.063363 -0.082852 0.91977 -0.26519
95.431 25277 1609.8 11758 0.063337 -0.082857 0.91996 -0.26519
95.442 25275 1609.2 11757 0.063277 -0.082869 0.92044 -0.26518
95.461 25272 1608.2 11755 0.063156 -0.082891 0.9213 -0.26518
95.478 25269 1607.5 11753 0.063031 -0.08291 0.92193 -0.26517
95.483 25269 1607.3 11753 0.062994 -0.082915 0.92209 -0.26517
95.494 25267 1607 11752 0.062902 -0.082928 0.92247 -0.26516
95.513 25266 1606.4 11749 0.062716 -0.08295 0.92308 -0.26516
95.53 25266 1606.3 11747 0.062531 -0.082969 0.92346 -0.26515
95.534 25266 1606.3 11746 0.062473 -0.082974 0.92355 -0.26515
95.545 25266 1606.2 11745 0.062331 -0.082986 0.92377 -0.26515
95.565 25266 1606 11742 0.062093 -0.083009 0.92422 -0.26514
95.582 25265 1605.6 11740 0.061971 -0.083027 0.92477 -0.26514
95.586 25264 1605.4 11740 0.061942 -0.083032 0.92495 -0.26514
95.597 25262 1604.8 11738 0.061876 -0.083044 0.92544 -0.26513
95.617 25259 1603.7 11736 0.061744 -0.083066 0.9263 -0.26512
95.634 25257 1603 11734 0.061615 -0.083085 0.92693 -0.26512
95.638 25256 1602.8 11734 0.061578 -0.08309 0.92709 -0.26512
95.649 25254 1602.4 11733 0.061482 -0.083102 0.92748 -0.26511
95.669 25253 1601.8 11730 0.061285 -0.083124 0.92809 -0.26511
95.685 25253 1601.6 11728 0.061092 -0.083142 0.92847 -0.2651
95.69 25253 1601.6 11727 0.061033 -0.083147 0.92856 -0.2651
95.701 25253 1601.5 11725 0.060887 -0.08316 0.92878 -0.2651
95.721 25254 1601.3 11723 0.060642 -0.083181 0.92922 -0.26509
95.737 25252 1600.8 11721 0.060515 -0.0832 0.92978 -0.26509
95.742 25252 1600.6 11720 0.060484 -0.083205 0.92996 -0.26508
95.753 25250 1600 11719 0.060411 -0.083217 0.93044 -0.26508
95.772 25247 1598.8 11717 0.060268 -0.083238 0.93132 -0.26507
95.789 25245 1598 11715 0.060136 -0.083257 0.93194 -0.26507
95.794 25244 1597.9 11714 0.060098 -0.083262 0.93211 -0.26507
95.805 25243 1597.4 11713 0.059998 -0.083274 0.93249 -0.26506
95.824 25242 1596.8 11710 0.059791 -0.083295 0.9331 -0.26506
95.841 25242 1596.6 11708 0.059591 -0.083314 0.93348 -0.26505
95.846 25242 1596.5 11707 0.059531 -0.083319 0.93357 -0.26505
95.857 25242 1596.4 11705 0.059381 -0.083331 0.9338 -0.26505
95.876 25243 1596.2 11702 0.05913 -0.083352 0.93424 -0.26504
95.893 25242 1595.6 11700 0.058998 -0.08337 0.9348 -0.26503
95.897 25241 1595.4 11700 0.058965 -0.083375 0.93498 -0.26503
95.908 25239 1594.7 11698 0.058885 -0.083387 0.93547 -0.26503
95.928 25237 1593.4 11696 0.058731 -0.083409 0.93634 -0.26502
95.945 25235 1592.6 11694 0.058596 -0.083427 0.93697 -0.26502
95.949 25235 1592.4 11693 0.058557 -0.083432 0.93713 -0.26501
95.96 25233 1592 11692 0.058453 -0.083444 0.93752 -0.26501
95.98 25233 1591.2 11689 0.058236 -0.083465 0.93813 -0.265
95.997 25233 1591 11686 0.058029 -0.083483 0.93851 -0.265
96.001 25233 1591 11686 0.057966 -0.083488 0.9386 -0.265
96.009 25234 1590.9 11684 0.057851 -0.083497 0.93877 -0.26499
96.024 25235 1590.6 11682 0.057633 -0.083513 0.93909 -0.26499
96.037 25236 1590.3 11680 0.057501 -0.083526 0.93941 -0.26499
96.04 25236 1590.2 11680 0.057474 -0.08353 0.93952 -0.26499
96.048 25235 1589.8 11679 0.057408 -0.083539 0.93983 -0.26498
96.063 25235 1588.8 11677 0.057278 -0.083555 0.94046 -0.26498
96.076 25234 1587.9 11675 0.057173 -0.083569 0.94103 -0.26497
96.079 25233 1587.7 11675 0.057146 -0.083573 0.94118 -0.26497
96.087 25232 1587.2 11674 0.057079 -0.083581 0.94153 -0.26497
96.102 25233 1586.4 11672 0.056943 -0.083597 0.94207 -0.26496
96.114 25232 1585.8 11670 0.056814 -0.083611 0.94252 -0.26496
96.118 25232 1585.6 11670 0.056778 -0.083615 0.94264 -0.26496
96.126 25232 1585.3 11668 0.056688 -0.083624 0.9429 -0.26495
96.141 25233 1584.7 11666 0.056506 -0.083639 0.94333 -0.26495
96.153 25234 1584.5 11664 0.056334 -0.083653 0.94359 -0.26494
96.157 25235 1584.5 11664 0.056286 -0.083657 0.94366 -0.26494
96.165 25235 1584.4 11663 0.056168 -0.083665 0.94383 -0.26494
96.18 25237 1584 11660 0.055947 -0.083681 0.94414 -0.26494
96.192 25238 1583.7 11659 0.055808 -0.083695 0.94447 -0.26493
96.196 25238 1583.6 11658 0.055778 -0.083698 0.94458 -0.26493
96.204 25238 1583.2 11657 0.055708 -0.083707 0.94489 -0.26493
96.219 25238 1582.1 11655 0.055573 -0.083723 0.94552 -0.26492
96.231 25238 1581.1 11653 0.055464 -0.083737 0.94609 -0.26492
96.235 25238 1580.9 11653 0.055436 -0.08374 0.94624 -0.26492
96.243 25237 1580.3 11652 0.055366 -0.083749 0.94659 -0.26491
96.258 25238 1579.4 11650 0.05522 -0.083765 0.94714 -0.26491
96.27 25239 1578.7 11648 0.055087 -0.083779 0.94758 -0.2649
96.273 25239 1578.5 11647 0.05505 -0.083783 0.9477 -0.2649
96.282 25239 1578.1 11646 0.054957 -0.083791 0.94797 -0.2649
96.296 25241 1577.5 11644 0.05477 -0.083807 0.94839 -0.2649
96.309 25243 1577.3 11642 0.054593 -0.08382 0.94866 -0.26489
96.312 25243 1577.2 11641 0.054544 -0.083824 0.94873 -0.26489
96.321 25244 1577.1 11640 0.054424 -0.083833 0.9489 -0.26489
96.335 25247 1576.7 11638 0.054198 -0.083848 0.94921 -0.26488
96.348 25248 1576.3 11636 0.054053 -0.083862 0.94954 -0.26488
96.351 25248 1576.1 11635 0.054021 -0.083866 0.94965 -0.26488
96.36 25249 1575.7 11634 0.053947 -0.083874 0.94996 -0.26488
96.374 25250 1574.5 11632 0.053807 -0.08389 0.95059 -0.26487
96.387 25251 1573.4 11631 0.053694 -0.083904 0.95116 -0.26486
96.39 25251 1573.1 11630 0.053664 -0.083908 0.95132 -0.26486
96.398 25251 1572.5 11629 0.053591 -0.083917 0.95166 -0.26486
96.413 25254 1571.5 11627 0.053438 -0.083933 0.95221 -0.26485
96.426 25255 1570.8 11625 0.053299 -0.083946 0.95266 -0.26485
96.429 25255 1570.6 11624 0.053261 -0.08395 0.95278 -0.26485
96.437 25256 1570.1 11623 0.053166 -0.083959 0.95305 -0.26485
96.452 25259 1569.4 11621 0.052973 -0.083974 0.95347 -0.26484
96.465 25261 1569.1 11619 0.052793 -0.083988 0.95374 -0.26484
96.468 25262 1569.1 11618 0.052742 -0.083991 0.95381 -0.26484
96.479 25263 1568.9 11617 0.052576 -0.084003 0.95399 -0.26483
96.499 25267 1568.7 11613 0.052255 -0.084023 0.9543 -0.26483
96.515 25270 1568.4 11611 0.052019 -0.084041 0.95462 -0.26482
96.52 25271 1568.3 11610 0.051962 -0.084046 0.95473 -0.26482
96.531 25272 1567.9 11608 0.051831 -0.084057 0.95504 -0.26482
96.55 25275 1566.8 11605 0.051597 -0.084078 0.95568 -0.26481
96.567 25277 1565.7 11603 0.051407 -0.084096 0.95625 -0.26481
96.572 25278 1565.5 11602 0.051356 -0.084101 0.9564 -0.2648
96.583 25279 1564.9 11600 0.051229 -0.084113 0.95675 -0.2648
96.602 25283 1564 11597 0.050974 -0.084134 0.9573 -0.26479
96.619 25286 1563.2 11595 0.050753 -0.084152 0.95775 -0.26479
96.624 25286 1563.1 11594 0.050693 -0.084157 0.95787 -0.26479
96.635 25287 1562.7 11592 0.050545 -0.084169 0.95814 -0.26478
96.654 25292 1562.1 11589 0.050254 -0.08419 0.95856 -0.26478
96.671 25295 1561.9 11586 0.04999 -0.084207 0.95883 -0.26477
96.675 25296 1561.8 11586 0.049918 -0.084212 0.9589 -0.26477
96.686 25297 1561.7 11584 0.049744 -0.084223 0.95907 -0.26477
96.706 25303 1561.4 11581 0.04942 -0.084244 0.95939 -0.26476
96.723 25306 1561 11578 0.04918 -0.084262 0.95972 -0.26476
96.727 25307 1560.8 11577 0.049121 -0.084266 0.95983 -0.26476
96.738 25309 1560.4 11576 0.048987 -0.084278 0.96014 -0.26475
96.758 25314 1559.1 11573 0.048744 -0.0843 0.96078 -0.26475
96.775 25317 1557.9 11570 0.048547 -0.084318 0.96135 -0.26474
96.779 25318 1557.6 11569 0.048494 -0.084323 0.9615 -0.26474
96.79 25320 1557 11567 0.048364 -0.084335 0.96185 -0.26474
96.81 25325 1555.9 11564 0.0481 -0.084356 0.96241 -0.26473
96.826 25329 1555.1 11562 0.047872 -0.084374 0.96285 -0.26472
96.831 25330 1554.9 11561 0.047811 -0.084379 0.96297 -0.26472
96.842 25332 1554.4 11559 0.047659 -0.084391 0.96325 -0.26472
96.862 25338 1553.7 11556 0.04736 -0.084412 0.96367 -0.26471
96.878 25342 1553.4 11553 0.04709 -0.08443 0.96394 -0.26471
96.883 25343 1553.4 11552 0.047017 -0.084435 0.96401 -0.26471
96.894 25345 1553.2 11551 0.046841 -0.084446 0.96418 -0.2647
96.914 25351 1552.8 11547 0.04651 -0.084467 0.9645 -0.2647
96.93 25355 1552.3 11545 0.046263 -0.084484 0.96483 -0.26469
96.935 25356 1552.1 11544 0.046203 -0.084489 0.96494 -0.26469
96.946 25359 1551.6 11542 0.046065 -0.084501 0.96525 -0.26469
96.965 25365 1550.2 11539 0.045813 -0.084523 0.96589 -0.26468
96.982 25370 1548.9 11536 0.04561 -0.084542 0.96646 -0.26468
96.987 25371 1548.6 11536 0.045556 -0.084547 0.96662 -0.26468
96.998 25374 1547.8 11534 0.045422 -0.084559 0.96697 -0.26467
97.017 25381 1546.7 11531 0.045149 -0.084581 0.96752 -0.26466
97.034 25386 1545.7 11528 0.044916 -0.084599 0.96797 -0.26466
97.038 25387 1545.5 11527 0.044853 -0.084604 0.96809 -0.26466
97.049 25389 1545 11526 0.044697 -0.084616 0.96836 -0.26465
97.069 25396 1544.2 11522 0.044391 -0.084637 0.96879 -0.26465
97.086 25401 1543.8 11520 0.044118 -0.084654 0.96906 -0.26464
97.09 25402 1543.8 11519 0.044041 -0.084659 0.96912 -0.26464
97.112 25405 1544 11515 0.043671 -0.084682 0.96934 -0.26464
97.152 25414 1544.2 11508 0.04296 -0.084722 0.96964 -0.26463
97.185 25420 1544.5 11503 0.042384 -0.084756 0.96995 -0.26462
97.194 25422 1544.5 11501 0.042235 -0.084766 0.97006 -0.26462
97.216 25426 1544.4 11497 0.041884 -0.084789 0.97037 -0.26461
97.255 25435 1543.5 11491 0.041251 -0.084831 0.97102 -0.2646
97.289 25443 1542.7 11485 0.040726 -0.084867 0.97159 -0.26459
97.298 25444 1542.5 11484 0.040584 -0.084877 0.97175 -0.26459
97.32 25448 1542.1 11480 0.040236 -0.084901 0.9721 -0.26458
97.359 25458 1541.6 11473 0.039577 -0.084943 0.97265 -0.26457
97.392 25465 1541.2 11467 0.039016 -0.084979 0.97311 -0.26456
97.402 25467 1541.1 11466 0.038863 -0.084989 0.97322 -0.26456
97.424 25471 1540.9 11462 0.038492 -0.085013 0.9735 -0.26456
97.463 25480 1540.8 11455 0.037797 -0.085055 0.97393 -0.26455
97.496 25486 1541 11450 0.037197 -0.08509 0.9742 -0.26454
97.505 25488 1541.1 11448 0.037034 -0.0851 0.97427 -0.26454
97.527 25491 1541.3 11444 0.036641 -0.085123 0.97444 -0.26453
97.567 25500 1541.4 11437 0.03592 -0.085165 0.97476 -0.26452
97.6 25507 1541.5 11432 0.035332 -0.085201 0.97509 -0.26451
97.609 25509 1541.5 11430 0.035178 -0.085211 0.97521 -0.26451
97.631 25513 1541.3 11426 0.034812 -0.085235 0.97551 -0.26451
97.67 25524 1540.3 11419 0.034148 -0.085279 0.97616 -0.2645
97.704 25532 1539.3 11414 0.033595 -0.085317 0.97674 -0.26449
97.713 25534 1539.1 11412 0.033446 -0.085327 0.97689 -0.26448
97.735 25539 1538.6 11408 0.033082 -0.085352 0.97724 -0.26448
97.774 25549 1537.9 11401 0.032392 -0.085396 0.9778 -0.26447
97.807 25557 1537.3 11396 0.031806 -0.085433 0.97825 -0.26446
97.816 25559 1537.2 11394 0.031647 -0.085443 0.97837 -0.26446
97.838 25563 1537 11390 0.031262 -0.085468 0.97865 -0.26445
97.878 25573 1536.8 11383 0.030539 -0.085511 0.97907 -0.26444
97.911 25580 1537 11377 0.029922 -0.085547 0.97935 -0.26443
97.92 25581 1537 11376 0.029753 -0.085557 0.97941 -0.26443
97.964 25586 1537.9 11368 0.02895 -0.085605 0.97963 -0.26442
98.043 25597 1539.9 11354 0.02747 -0.085688 0.97993 -0.2644
98.109 25606 1541 11343 0.026225 -0.085759 0.98025 -0.26439
98.128 25608 1541.2 11341 0.025889 -0.08578 0.98036 -0.26438
98.172 25613 1541.7 11338 0.025081 -0.085828 0.98067 -0.26437
98.25 25626 1542.2 11333 0.023613 -0.085916 0.98132 -0.26436
98.317 25637 1542.7 11329 0.022374 -0.085992 0.9819 -0.26434
98.335 25639 1542.9 11328 0.022035 -0.086012 0.98206 -0.26433
98.379 25645 1543.3 11326 0.021216 -0.086063 0.98241 -0.26432
98.458 25657 1544.1 11321 0.0197 -0.086152 0.98297 -0.26431
98.524 25666 1545 11317 0.018404 -0.086229 0.98342 -0.26429
98.543 25668 1545.2 11316 0.01805 -0.08625 0.98355 -0.26429
98.587 25673 1546 11313 0.017196 -0.086301 0.98382 -0.26428
98.665 25684 1547.1 11308 0.015641 -0.086392 0.98425 -0.26426
98.732 25691 1548.8 11304 0.014342 -0.086468 0.9845 -0.26424
98.75 25693 1549.1 11303 0.01416 -0.086489 0.98459 -0.26424
98.765 25696 1549.1 11302 0.014036 -0.086506 0.98472 -0.26424
98.791 25705 1548.5 11300 0.013775 -0.086537 0.98506 -0.26423
98.813 25712 1548 11299 0.013569 -0.086564 0.98542 -0.26422
98.819 25713 1547.8 11299 0.013518 -0.086572 0.98553 -0.26422
98.834 25718 1547.2 11298 0.013392 -0.08659 0.98584 -0.26422
98.86 25729 1545.5 11296 0.013131 -0.086623 0.98648 -0.26421
98.882 25738 1544 11295 0.012923 -0.086651 0.98706 -0.2642
98.888 25740 1543.6 11294 0.012872 -0.086658 0.98721 -0.2642
98.903 25744 1542.9 11293 0.012746 -0.086677 0.98757 -0.26419
98.929 25755 1541.5 11292 0.012483 -0.086709 0.98812 -0.26419
98.951 25763 1540.6 11290 0.012274 -0.086735 0.98857 -0.26418
98.957 25764 1540.4 11290 0.012223 -0.086743 0.98869 -0.26418
98.972 25768 1539.9 11289 0.012097 -0.08676 0.98896 -0.26417
98.998 25778 1539.1 11288 0.011832 -0.086791 0.98939 -0.26417
99.02 25784 1538.8 11286 0.011623 -0.086817 0.98966 -0.26416
99.027 25785 1538.8 11286 0.011571 -0.086824 0.98973 -0.26416
99.041 25789 1538.6 11285 0.011445 -0.086841 0.9899 -0.26416
99.067 25797 1538.2 11283 0.011178 -0.08687 0.99022 -0.26415
99.09 25804 1537.8 11282 0.010968 -0.086896 0.99055 -0.26414
99.096 25805 1537.7 11282 0.010916 -0.086903 0.99067 -0.26414
99.11 25810 1537.1 11281 0.010789 -0.086921 0.99097 -0.26414
99.137 25821 1535.6 11279 0.010522 -0.086952 0.99162 -0.26413
99.159 25829 1534.3 11278 0.01031 -0.086978 0.99219 -0.26412
99.165 25831 1534 11277 0.010258 -0.086985 0.99235 -0.26412
99.18 25836 1533.2 11276 0.010131 -0.087003 0.9927 -0.26411
99.206 25846 1532.1 11275 0.0098616 -0.087033 0.99326 -0.26411
99.228 25854 1531.2 11273 0.009649 -0.087059 0.99371 -0.2641
99.234 25856 1531 11273 0.009597 -0.087066 0.99383 -0.2641
99.249 25860 1530.6 11272 0.0094694 -0.087083 0.9941 -0.26409
99.275 25869 1529.9 11270 0.0091985 -0.087112 0.99453 -0.26409
99.297 25875 1529.7 11269 0.0089849 -0.087137 0.99479 -0.26408
99.303 25876 1529.7 11269 0.0089327 -0.087142 0.99487 -0.26408
99.318 25879 1529.6 11268 0.0088048 -0.087149 0.99504 -0.26408
99.344 25887 1529.2 11266 0.0085323 -0.087161 0.99536 -0.26407
99.366 25893 1528.8 11265 0.0083178 -0.087171 0.99569 -0.26406
99.372 25895 1528.6 11264 0.0082654 -0.087173 0.9958 -0.26406
99.387 25899 1528.1 11263 0.008137 -0.08718 0.99611 -0.26406
99.413 25910 1526.5 11262 0.007863 -0.087192 0.99676 -0.26405
99.435 25918 1525.2 11260 0.0076474 -0.087202 0.99733 -0.26404
99.442 25920 1524.9 11260 0.0075949 -0.087204 0.99749 -0.26404
99.456 25925 1524.2 11259 0.0074662 -0.087211 0.99784 -0.26404
99.482 25936 1523 11257 0.0071896 -0.087223 0.99839 -0.26403
99.505 25944 1522.2 11256 0.006971 -0.087233 0.99884 -0.26402
99.511 25946 1522 11256 0.006918 -0.087235 0.99896 -0.26402
99.525 25951 1521.6 11255 0.0067877 -0.087242 0.99923 -0.26401
99.552 25960 1520.7 11253 0.0065087 -0.087254 0.99966 -0.26401
99.574 25965 1520.1 11252 0.0062895 -0.087264 0.99994 -0.264
99.58 25966 1520 11121 -0.0073021 -0.085963 1 -0.264
