0.2 2 0.10742438 0.048244538   0.0002448
0.2 6 0.23571074 0.069590637  -0.0003103
0.2 10 0.37109793 0.11129401  -0.0030143
0.5 0 0.03518833 0.040485159  -0.0026936
0.5 6 0.22566256 0.068196239  -0.0020097
0.5 10 0.39221084 0.11128151   0.0012506
0.9 2 0.11146765 0.051108887   0.0019748
0.9 4 0.18354027 0.063728232   0.0029401
0.9 6 0.27141471 0.075176323   0.0060458
0.9 8 0.34937229 0.10361308    0.0061208
0.9 10 0.43743641 0.12711769   0.0073298
1.1 2 0.09660929 0.075362651   0.0005801 
1.1 10 0.43130848 0.15535207   0.0183009
3 0   0.04138903 0.051674997  -0.0039512
3 2   0.08151019 0.056598135  -0.0030530
3 4   0.12169558 0.064596726  -0.0021795
3 6   0.16092559 0.075523315  -0.0015920
3 8   0.19916705 0.089320708  -0.0012651
3 10  0.23639933 0.10595879   -0.0012246
5 0   0.04147187 0.040739581  -0.0011675
5 2   0.05121392 0.015329603  -0.0010744
5 4   0.08231574 0.02041759   -0.0013001
5 6   0.11334908 0.02790746   -0.0017438
5 8   0.14445394 0.037854544  -0.0024207
5 10  0.17569753 0.050336876  -0.0032919
7 0   0.013134725 0.00901384  -0.0010799
7 2   0.03992727 0.011351828  -0.0015725
7 4   0.06760141 0.015919955  -0.0021203
7 6   0.09397862 0.02255503   -0.0030496
7 8   0.12032764 0.031315328  -0.0041974
9 0   0.00866433 0.0073959851 -0.0012793
9 2   0.03083812 0.009487094  -0.0022445
9 4   0.05460692 0.013459173  -0.0032193
9 6   0.08121979 0.019779723  -0.0040594
9 8   0.1086452  0.02827486   -0.0049511
9 10  0.13604784 0.038918874  -0.0060645