time (s) altitude (m) velocity (m/s) mass (kg)trajectory angle (rad) angle of attack (rad) heading angle (rad) latitude (rad)
0 90 30 29388 1.5691 0 1.6937 -0.2123 2.3868
0.44109 103.56 31.492 29325 1.5686 -0.0015339 1.719 -0.2123 2.3868
1.2267 129.35 34.178 29211 1.5669 -0.004121 1.7488 -0.2123 2.3868
1.8932 152.9 36.486 29115 1.5646 -0.0060854 1.7627 -0.2123 2.3868
2.0773 159.68 37.128 29089 1.5637 -0.0065881 1.7657 -0.2123 2.3868
2.5183 176.39 38.675 29025 1.5615 -0.0077306 1.7714 -0.2123 2.3868
3.304 207.87 41.459 28912 1.5565 -0.0095285 1.7785 -0.2123 2.3868
3.9705 236.29 43.851 28816 1.5513 -0.010807 1.7828 -0.2123 2.3868
4.1545 244.42 44.516 28790 1.5498 -0.011123 1.7837 -0.2123 2.3868
5.0367 285.09 47.732 28663 1.5412 -0.012399 1.7876 -0.2123 2.3868
6.6079 364.6 53.582 28437 1.5221 -0.013709 1.7921 -0.2123 2.3868
7.941 439.28 58.671 28245 1.5022 -0.013851 1.7947 -0.2123 2.3868
8.309 461.08 60.098 28192 1.4962 -0.013734 1.7953 -0.2123 2.3868
9.1912 515.44 63.555 28065 1.4809 -0.013179 1.7965 -0.2123 2.3868
10.762 619.64 69.859 27838 1.4507 -0.011226 1.7983 -0.2123 2.3868
12.096 715.55 75.366 27646 1.4227 -0.0086015 1.7995 -0.2123 2.3868
12.464 743.25 76.913 27593 1.4147 -0.0077207 1.7998 -0.2123 2.3868
13.125 794.37 79.723 27498 1.4 -0.0059961 1.8003 -0.21229 2.3868
14.304 889.67 84.82 27329 1.3732 -0.0024002 1.8011 -0.21229 2.3868
15.303 974.78 89.24 27185 1.3503 0.0012152 1.8017 -0.21229 2.3868
15.579 998.96 90.478 27145 1.344 0.0022851 1.8019 -0.21229 2.3868
16.241 1058.2 93.475 27050 1.3291 0.0049903 1.8022 -0.21229 2.3868
17.42 1167.8 98.919 26880 1.3031 0.010103 1.8028 -0.21228 2.3868
18.419 1265.2 103.64 26736 1.282 0.014483 1.8033 -0.21228 2.3868
18.695 1292.8 104.97 26696 1.2763 0.015653 1.8034 -0.21228 2.3868
19.566 1381.8 109.18 26571 1.2591 0.019257 1.8038 -0.21227 2.3868
21.29 1566.9 117.75 26323 1.2279 0.02532 1.8044 -0.21226 2.3868
23.202 1786.4 127.57 26048 1.1977 0.030229 1.8051 -0.21225 2.3868
24.571 1953 134.8 25851 1.1788 0.0327 1.8056 -0.21224 2.3868
24.927 1997.6 136.71 25800 1.1743 0.033156 1.8057 -0.21224 2.3868
25.589 2082 140.28 25704 1.1662 0.033913 1.8059 -0.21223 2.3868
26.767 2237 146.73 25535 1.1529 0.034732 1.8063 -0.21222 2.3868
27.767 2373.3 152.3 25391 1.1426 0.034902 1.8066 -0.21221 2.3868
28.043 2411.7 153.85 25351 1.1399 0.034907 1.8067 -0.21221 2.3868
28.705 2505.2 157.6 25256 1.1337 0.034869 1.8069 -0.2122 2.3868
29.883 2676.6 164.35 25087 1.1233 0.03482 1.8073 -0.21219 2.3868
30.883 2827.1 170.16 24943 1.1155 0.03487 1.8076 -0.21218 2.3868
31.159 2869.4 171.79 24903 1.1135 0.034887 1.8076 -0.21217 2.3868
31.821 2972.5 175.7 24808 1.109 0.034906 1.8078 -0.21217 2.3868
32.999 3161.2 182.78 24639 1.1021 0.034906 1.8082 -0.21215 2.3868
33.999 3326.7 188.88 24495 1.0973 0.034906 1.8084 -0.21214 2.3868
34.275 3373.3 190.58 24455 1.0961 0.034906 1.8085 -0.21214 2.3868
34.936 3486.6 194.68 24360 1.0937 0.034907 1.8087 -0.21213 2.3868
36.115 3694.1 202.08 24190 1.0905 0.034906 1.809 -0.21211 2.3868
37.115 3876 208.45 24047 1.089 0.034905 1.8093 -0.2121 2.3868
37.391 3927.2 210.23 24007 1.0888 0.034904 1.8094 -0.21209 2.3868
38.052 4051.7 214.51 23912 1.0886 0.034907 1.8096 -0.21208 2.3868
39.231 4279.7 222.23 23742 1.0894 0.034903 1.8099 -0.21206 2.3868
40.231 4479.7 228.89 23599 1.0913 0.034896 1.8102 -0.21205 2.3868
40.507 4536 230.74 23559 1.092 0.034898 1.8103 -0.21204 2.3868
41.168 4672.8 235.21 23464 1.0941 0.034907 1.8104 -0.21203 2.3868
42.347 4923.6 243.27 23295 1.099 0.034904 1.8108 -0.21201 2.3868
43.346 5143.7 250.22 23151 1.1044 0.034882 1.8111 -0.212 2.3867
43.622 5205.6 252.15 23111 1.1061 0.034878 1.8112 -0.21199 2.3867
44.237 5345.4 256.48 23023 1.1101 0.034906 1.8113 -0.21198 2.3867
45.52 5646.3 265.66 22838 1.12 0.034907 1.8117 -0.21196 2.3867
47.125 6039.7 277.38 22608 1.1345 0.033915 1.8122 -0.21193 2.3867
48.62 6424.4 288.28 22393 1.1485 0.031736 1.8127 -0.2119 2.3867
49.606 6687.2 295.12 22251 1.1564 0.029766 1.813 -0.21189 2.3867
49.854 6754.4 296.77 22215 1.1581 0.029163 1.8131 -0.21188 2.3867
51.178 7119.9 305.14 22025 1.1652 0.025531 1.8135 -0.21186 2.3867
53.534 7796.3 318.61 21687 1.1673 0.016894 1.8143 -0.21181 2.3867
55.534 8390.8 329.12 21399 1.1567 0.0073877 1.815 -0.21177 2.3867
56.086 8557.7 331.96 21320 1.1516 0.0044111 1.8152 -0.21176 2.3867
56.7 8744.5 335.12 21232 1.1447 0.0010593 1.8154 -0.21175 2.3867
57.984 9138.6 341.85 21047 1.1267 -0.0053624 1.8158 -0.21172 2.3867
59.588 9636.9 350.74 20817 1.0985 -0.01219 1.8163 -0.21168 2.3867
61.084 10106 359.61 20602 1.0679 -0.017444 1.8167 -0.21165 2.3867
62.07 10418 365.78 20460 1.046 -0.020252 1.817 -0.21162 2.3867
62.318 10496 367.37 20424 1.0403 -0.020899 1.817 -0.21161 2.3867
63.189 10773 373.07 20299 1.0198 -0.022889 1.8172 -0.21159 2.3866
64.913 11322 384.98 20051 0.9775 -0.025715 1.8176 -0.21153 2.3866
66.824 11933 399.26 19777 0.92938 -0.027102 1.8181 -0.21147 2.3866
68.194 12371 410.25 19580 0.89516 -0.026988 1.8183 -0.21142 2.3866
68.55 12485 413.22 19529 0.8864 -0.026818 1.8184 -0.2114 2.3866
69.211 12697 418.86 19434 0.87031 -0.026412 1.8185 -0.21138 2.3866
70.39 13074 429.29 19264 0.84237 -0.025519 1.8187 -0.21133 2.3866
71.389 13395 438.56 19120 0.81946 -0.024767 1.8189 -0.21128 2.3866
71.666 13483 441.18 19081 0.81326 -0.024598 1.819 -0.21127 2.3866
72.327 13695 447.58 18986 0.79862 -0.024276 1.8191 -0.21124 2.3866
73.506 14073 459.39 18816 0.77319 -0.024149 1.8193 -0.21118 2.3865
74.505 14394 469.83 18673 0.75216 -0.024559 1.8194 -0.21113 2.3865
74.781 14483 472.78 18633 0.74642 -0.024746 1.8195 -0.21112 2.3865
75.652 14762 482.27 18508 0.72848 -0.0255 1.8196 -0.21107 2.3865
77.376 15316 501.95 18260 0.69347 -0.028075 1.8198 -0.21097 2.3865
79.288 15928 525.15 17985 0.65479 -0.032723 1.8201 -0.21085 2.3865
80.657 16365 542.68 17788 0.62674 -0.037121 1.8203 -0.21077 2.3864
81.013 16478 547.37 17737 0.61938 -0.03844 1.8203 -0.21074 2.3864
81.675 16688 556.24 17641 0.60558 -0.041012 1.8204 -0.2107 2.3864
82.853 17060 572.56 17472 0.58067 -0.046065 1.8205 -0.21061 2.3864
83.853 17373 586.95 17328 0.55922 -0.050638 1.8206 -0.21054 2.3864
84.129 17458 591.03 17288 0.55327 -0.051882 1.8207 -0.21052 2.3864
84.791 17663 600.97 17193 0.53898 -0.054772 1.8207 -0.21047 2.3864
85.969 18024 619.34 17024 0.51368 -0.059402 1.8208 -0.21037 2.3863
86.969 18327 635.61 16880 0.4926 -0.062757 1.8209 -0.21029 2.3863
87.245 18410 640.21 16840 0.48687 -0.063608 1.821 -0.21026 2.3863
88.116 18669 655.07 16715 0.46908 -0.066068 1.8211 -0.21019 2.3863
89.84 19174 685.91 16467 0.43533 -0.069861 1.8212 -0.21003 2.3862
91.752 19719 722.29 16191 0.40042 -0.072262 1.8214 -0.20984 2.3862
93.121 20101 749.7 15994 0.37705 -0.072954 1.8215 -0.2097 2.3862
93.477 20199 757 15943 0.37119 -0.073001 1.8215 -0.20967 2.3861
94.8 20559 784.79 15753 0.35013 -0.07305 1.8216 -0.20952 2.3861
97.157 21181 836.64 15413 0.3149 -0.073063 1.8218 -0.20925 2.386
99.157 21690 882.84 15125 0.28654 -0.072988 1.8219 -0.209 2.386
99.709 21827 895.93 15046 0.27885 -0.072808 1.8219 -0.20893 2.386
100.58 22040 916.86 14920 0.26681 -0.07233 1.822 -0.20881 2.3859
102.3 22448 959.25 14672 0.24328 -0.070309 1.8221 -0.20857 2.3859
104.22 22877 1007.6 14397 0.21754 -0.066264 1.8222 -0.2083 2.3858
105.58 23167 1043.1 14199 0.19932 -0.06231 1.8222 -0.20809 2.3857
105.94 23240 1052.4 14148 0.19463 -0.061101 1.8223 -0.20803 2.3857
106.6 23373 1069.8 14053 0.18595 -0.058742 1.8223 -0.20793 2.3857
107.78 23600 1101.2 13883 0.17074 -0.054021 1.8223 -0.20774 2.3856
108.78 23782 1128.3 13739 0.15819 -0.049664 1.8224 -0.20757 2.3856
109.06 23831 1135.8 13699 0.15479 -0.048474 1.8224 -0.20752 2.3856
109.72 23945 1154 13604 0.14679 -0.045734 1.8224 -0.20741 2.3856
110.9 24137 1187 13434 0.13297 -0.041374 1.8225 -0.2072 2.3855
111.9 24289 1215.5 13290 0.12166 -0.038247 1.8225 -0.20702 2.3855
112.17 24330 1223.5 13250 0.1186 -0.037459 1.8225 -0.20697 2.3854
112.83 24423 1242.7 13155 0.11137 -0.035717 1.8225 -0.20685 2.3854
114.01 24579 1277.6 12985 0.098812 -0.033151 1.8226 -0.20663 2.3853
115.01 24700 1307.7 12841 0.088438 -0.031513 1.8226 -0.20643 2.3853
115.29 24731 1316.1 12801 0.085612 -0.031115 1.8226 -0.20638 2.3853
115.95 24803 1336.3 12705 0.078913 -0.030184 1.8226 -0.20624 2.3852
117.13 24920 1372.9 12536 0.067295 -0.028261 1.8227 -0.206 2.3852
118.13 25006 1404.5 12391 0.057886 -0.026123 1.8227 -0.20579 2.3851
118.4 25028 1413.3 12352 0.055386 -0.02544 1.8227 -0.20573 2.3851
119.02 25074 1432.9 12263 0.050011 -0.023793 1.8227 -0.2056 2.3851
120.3 25158 1474.4 12078 0.039723 -0.019737 1.8227 -0.20532 2.385
121.91 25240 1526.8 11847 0.029413 -0.013515 1.8228 -0.20496 2.3849
123.4 25300 1576.4 11631 0.022473 -0.0065491 1.8228 -0.2046 2.3848
124.39 25332 1609.8 11489 0.019098 -0.0013619 1.8228 -0.20437 2.3848
124.64 25340 1618.3 11453 0.01845 2.2357e-08 1.8228 -0.20431 2.3847
