time (s) altitude (m) velocity (m/s) mass (kg) dynamic pressure (Pa)trajectory angle (rad) Lift (N)Drag (N)heading angle (rad) latitude (rad) angle of attack (rad) 
636.71 41658 2703.4 3300 11048 0.18674 12845 4455.9 1.827 -0.019516 0.2773
638.28 42451 2719 3276.7 9970.6 0.18649 11644 4045.1 1.827 -0.018883 0.27818
641.09 43871 2747.7 3235.1 8320.3 0.18557 9765.7 3397.5 1.8271 -0.017745 0.27914
643.47 45081 2772.9 3199.8 7151.4 0.1844 8394.4 2919.9 1.8272 -0.01677 0.27914
644.13 45416 2780 3190.1 6861.2 0.18403 8053.9 2801.3 1.8272 -0.0165 0.27914
645.71 46218 2797.3 3166.7 6217.1 0.18304 7302.7 2540.2 1.8272 -0.015848 0.27926
648.51 47648 2828.7 3125.2 5262.6 0.18103 6176.6 2146.8 1.8273 -0.014677 0.27908
650.9 48861 2856.1 3089.9 4603.5 0.17913 5407.5 1878.6 1.8274 -0.013674 0.27919
651.56 49196 2863.8 3080.2 4436.8 0.17859 5213.7 1811.2 1.8274 -0.013395 0.27926
653.13 49998 2882.4 3056.8 4062.1 0.17724 4774.7 1658.1 1.8274 -0.012723 0.27928
655.94 51423 2916.2 3015.2 3488.1 0.17475 4100.3 1422.4 1.8275 -0.011516 0.27923
658.32 52630 2945.6 2980 3089.7 0.17256 3634.1 1259.2 1.8276 -0.01048 0.27927
658.98 52962 2953.8 2970.2 2987.3 0.17195 3513.2 1216.6 1.8276 -0.010192 0.27923
660.56 53758 2973.6 2946.9 2754.4 0.17047 3239.7 1120.6 1.8276 -0.0094991 0.27922
663.36 55172 3009.7 2905.3 2380.5 0.16781 2798.6 965.64 1.8277 -0.0082527 0.27907
665.75 56368 3040.9 2870 2100.5 0.16553 2438.3 835.96 1.8278 -0.0071831 0.27656
666.41 56697 3049.6 2860.3 2028.8 0.16489 2338.3 799.24 1.8278 -0.0068858 0.27517
667.98 57486 3070.7 2837 1865.9 0.16334 2131.8 725.38 1.8278 -0.0061697 0.27347
670.79 58885 3109 2795.4 1605.5 0.16054 1788.5 601.36 1.8279 -0.0048816 0.26866
673.17 60066 3142.2 2760.1 1411.4 0.15813 1535.3 510.37 1.8279 -0.0037759 0.26425
673.83 60391 3151.5 2750.4 1361.8 0.15746 1468.3 486.05 1.8279 -0.0034685 0.26264
675.41 61169 3174 2727 1249.5 0.15585 1330.3 437.41 1.828 -0.0027279 0.26036
678.21 62549 3214.7 2685.5 1070.5 0.15295 1099 354.78 1.828 -0.0013955 0.25396
680.6 63713 3250 2650.2 937.79 0.15046 931.26 295.31 1.8281 -0.00025128 0.2483
681.26 64033 3259.9 2640.5 903.96 0.14977 887.97 279.93 1.8281 6.6852e-05 0.2465
682.83 64798 3283.8 2617.1 827.47 0.14812 807.08 253.06 1.8281 0.00083342 0.24531
685.64 66155 3326.9 2575.5 706.01 0.14523 681.87 212.18 1.8282 0.0022129 0.24361
688.02 67299 3364.3 2540.3 616.26 0.1428 573.86 177.14 1.8282 0.0033978 0.23742
688.68 67613 3374.8 2530.5 593.43 0.14213 543.72 167.19 1.8283 0.0037273 0.23474
690.26 68365 3400 2507.2 541.9 0.14051 485.55 148.6 1.8283 0.0045214 0.23112
693.06 69698 3445.9 2465.6 460.38 0.13761 389.71 117.65 1.8283 0.0059507 0.22227
695.45 70820 3485.6 2430.3 400.43 0.13513 320.82 95.468 1.8284 0.0071787 0.21417
696.1 71129 3496.7 2420.6 385.04 0.13444 302 89.317 1.8284 0.0075203 0.21116
697.68 71866 3523.5 2397.3 349.9 0.1328 274.54 81.367 1.8284 0.0083435 0.21122
700.49 73171 3572.2 2355.7 294.95 0.12982 193.82 56.123 1.8285 0.0098256 0.1866
702.87 74267 3614.6 2320.4 255.16 0.12693 110.1 31.999 1.8285 0.0111 0.13908
703.53 74567 3626.5 2310.7 245.17 0.12602 96.601 28.826 1.8285 0.011454 0.12959
705.11 75282 3655.4 2287.3 222.87 0.12374 64.079 21.298 1.8286 0.012308 0.10207
707.91 76536 3707.9 2245.8 188.36 0.1192 24.391 13.974 1.8286 0.013847 0.053063
710.3 77574 3753.5 2210.5 163.69 0.11485 4.0402 11.009 1.8287 0.015171 0.01148
710.95 77855 3766.2 2200.8 157.54 0.11358 -1.4136e-15 10.438 1.8287 0.01554 0
710.95 77855 3766.2 2200.8 157.54 0.11358 -1.4136e-15 10.438 1.8287 0.01554 0
711.95 78282 3765.2 2200.8 147.03 0.1116 -9.4239e-17 9.7388 1.8287 0.016101 0
712.95 78698 3764.2 2200.8 137.44 0.10962 -1.2332e-15 9.1001 1.8287 0.016662 0
713.95 79106 3763.1 2200.8 128.59 0.10764 -4.9451e-16 8.5114 1.8287 0.017222 0
714.95 79506 3762.2 2200.8 120.43 0.10566 -8.4905e-16 7.9685 1.8287 0.017783 0
715.95 79899 3761.2 2200.8 112.89 0.10368 5.0651e-16 7.4675 1.8287 0.018344 0
716.95 80285 3760.2 2200.8 105.94 0.1017 1.358e-16 7.0049 1.8288 0.018905 0
717.95 80663 3759.3 2200.8 99.505 0.099717 -3.8266e-16 6.5776 1.8288 0.019465 0
718.95 81033 3758.4 2200.8 93.56 0.097734 4.1976e-16 6.1826 1.8288 0.020026 0
719.95 81396 3757.5 2200.8 88.059 0.09575 -6.2085e-16 5.8173 1.8288 0.020586 0
720.95 81752 3756.6 2200.8 82.969 0.093764 -1.0104e-15 5.4793 1.8288 0.021147 0
721.95 82100 3755.8 2200.8 78.254 0.091778 5.0156e-16 5.1664 1.8288 0.021707 0
722.95 82440 3754.9 2200.8 73.885 0.089792 9.4712e-17 4.8765 1.8288 0.022268 0
723.95 82773 3754.1 2200.8 69.835 0.087804 4.476e-16 4.6078 1.8289 0.022828 0
724.95 83099 3753.3 2200.8 66.079 0.085816 -1.2706e-16 4.3586 1.8289 0.023388 0
725.95 83417 3752.5 2200.8 62.593 0.083826 -1.2035e-16 4.1275 1.8289 0.023948 0
726.95 83727 3751.8 2200.8 59.356 0.081837 -4.1848e-16 3.913 1.8289 0.024509 0
727.95 84030 3751 2200.8 56.35 0.079846 -1.0835e-16 3.7138 1.8289 0.025069 0
728.95 84326 3750.3 2200.8 53.556 0.077855 6.1787e-16 3.5287 1.8289 0.025629 0
729.95 84613 3749.6 2200.8 50.959 0.075863 3.2662e-16 3.3567 1.8289 0.026189 0
730.95 84894 3748.9 2200.8 48.521 0.07387 -9.3297e-17 3.1954 1.8289 0.026749 0
731.95 85167 3748.3 2069.9 0 0.071876 -0 0 1.8289 0.027308 0
732.95 85432 3747.6 2069.9 0 0.069882 -0 0 1.829 0.027868 0
733.95 85690 3747 2069.9 0 0.067888 -0 0 1.829 0.028428 0
734.95 85941 3746.4 2069.9 0 0.065893 -0 0 1.829 0.028988 0
735.95 86184 3745.8 2069.9 0 0.063897 -0 0 1.829 0.029548 0
736.95 86419 3745.2 2069.9 0 0.0619 -0 0 1.829 0.030107 0
737.95 86647 3744.7 2069.9 0 0.059903 0 0 1.829 0.030667 0
738.95 86867 3744.2 2069.9 0 0.057906 0 0 1.829 0.031227 0
739.95 87080 3743.7 2069.9 0 0.055908 0 0 1.829 0.031786 0
740.95 87286 3743.2 2069.9 0 0.05391 -0 0 1.829 0.032346 0
741.95 87484 3742.7 2069.9 0 0.051911 -0 0 1.829 0.032905 0
742.95 87674 3742.2 2069.9 0 0.049911 -0 0 1.829 0.033465 0
743.95 87857 3741.8 2069.9 0 0.047912 -0 0 1.829 0.034024 0
744.95 88033 3741.4 2069.9 0 0.045911 -0 0 1.8291 0.034584 0
745.95 88201 3741 2069.9 0 0.043911 -0 0 1.8291 0.035143 0
746.95 88361 3740.6 2069.9 0 0.04191 0 0 1.8291 0.035703 0
747.95 88514 3740.3 2069.9 0 0.039908 0 0 1.8291 0.036262 0
748.95 88659 3739.9 2069.9 0 0.037907 -0 0 1.8291 0.036822 0
749.95 88797 3739.6 2069.9 0 0.035905 0 0 1.8291 0.037381 0
750.95 88928 3739.3 2069.9 0 0.033902 0 0 1.8291 0.03794 0
751.95 89051 3739 2069.9 0 0.0319 0 0 1.8291 0.0385 0
752.95 89166 3738.8 2069.9 0 0.029897 -0 0 1.8291 0.039059 0
753.95 89274 3738.5 2069.9 0 0.027894 0 0 1.8291 0.039618 0
754.95 89375 3738.3 2069.9 0 0.02589 -0 0 1.8291 0.040177 0
755.95 89468 3738.1 2069.9 0 0.023887 -0 0 1.8291 0.040737 0
756.95 89554 3737.9 2069.9 0 0.021883 0 0 1.8291 0.041296 0
757.95 89632 3737.8 2069.9 0 0.019879 0 0 1.8291 0.041855 0
758.95 89702 3737.6 2069.9 0 0.017875 0 0 1.8291 0.042414 0
759.95 89765 3737.5 2069.9 0 0.015871 0 0 1.8291 0.042974 0
760.95 89821 3737.4 2069.9 0 0.013866 -0 0 1.8291 0.043533 0
761.95 89869 3737.3 2069.9 0 0.011862 -0 0 1.8291 0.044092 0
762.95 89909 3737.2 2069.9 0 0.0098574 -0 0 1.8291 0.044651 0
763.95 89943 3737.2 2069.9 0 0.0078528 -0 0 1.8291 0.04521 0
764.95 89968 3737.1 2069.9 0 0.0058482 -0 0 1.8291 0.04577 0
765.95 89986 3737.1 2069.9 0 0.0038435 -0 0 1.8291 0.046329 0
766.95 89997 3737.1 2069.9 0 0.0018388 0 0 1.8291 0.046888 0
767.95 90000 3737.2 2069.9 0 0 0 0 1.8291 0.047447 0
