time (s) altitude (m) velocity (m/s) mass (kg)trajectory angle (rad) angle of attack (rad) heading angle (rad) latitude (rad)
0 90 30 29209 1.5691 0 -0.53822 -0.2123 2.3868
0.44101 300.99 31.496 29209 1.5533 -0.0014319 -0.50797 -0.2123 2.3868
1.2265 300.99 34.192 29209 1.5533 -0.0038167 -0.47008 -0.2123 2.3868
1.8929 300.99 36.506 29116 1.5533 -0.0057231 -0.44719 -0.2123 2.3868
2.0769 300.99 37.149 29089 1.5533 -0.0062195 -0.44243 -0.2123 2.3868
2.5179 300.99 38.698 29025 1.5533 -0.0073326 -0.43466 -0.2123 2.3868
3.3034 300.99 41.491 28912 1.5533 -0.0090818 -0.42777 -0.2123 2.3868
3.9698 300.99 43.885 28816 1.5533 -0.010401 -0.42289 -0.2123 2.3868
4.1538 300.99 44.552 28790 1.5533 -0.010729 -0.42162 -0.2123 2.3868
5.0358 300.99 47.776 28663 1.5466 -0.012181 -0.41808 -0.2123 2.3868
6.6067 364.77 53.635 28437 1.5302 -0.0139 -0.4146 -0.2123 2.3868
7.9396 439.55 58.729 28245 1.5128 -0.0144 -0.41297 -0.2123 2.3868
8.3076 461.39 60.156 28192 1.5074 -0.014436 -0.41266 -0.2123 2.3868
9.1896 515.83 63.613 28065 1.4938 -0.014339 -0.41205 -0.2123 2.3868
10.761 620.25 69.909 27839 1.4665 -0.013327 -0.41131 -0.2123 2.3868
12.093 716.41 75.401 27647 1.4408 -0.011562 -0.41091 -0.2123 2.3868
12.461 744.18 76.943 27594 1.4333 -0.010989 -0.41082 -0.2123 2.3868
13.123 795.48 79.744 27499 1.4195 -0.0098651 -0.41069 -0.2123 2.3868
14.301 891.31 84.83 27329 1.3941 -0.0074305 -0.41049 -0.21231 2.3868
15.301 976.81 89.232 27185 1.3716 -0.0048425 -0.41037 -0.21231 2.3868
15.577 1001 90.461 27145 1.3654 -0.0040612 -0.41034 -0.21231 2.3868
16.238 1060.3 93.435 27050 1.3505 -0.0020927 -0.41027 -0.21231 2.3868
17.416 1170.7 98.843 26881 1.3238 0.0020184 -0.41018 -0.21231 2.3868
18.416 1268.1 103.53 26737 1.3015 0.0057244 -0.41011 -0.21231 2.3868
18.692 1295.9 104.85 26697 1.2955 0.0067598 -0.4101 -0.21231 2.3868
19.354 1363.5 108.03 26602 1.2814 0.0092861 -0.41006 -0.21231 2.3869
20.532 1488.5 113.81 26432 1.2572 0.013687 -0.41001 -0.21232 2.3869
21.531 1598.8 118.81 26288 1.2377 0.0173 -0.40998 -0.21232 2.3869
21.807 1629.9 120.21 26249 1.2325 0.018251 -0.40997 -0.21232 2.3869
22.469 1705.5 123.59 26153 1.2206 0.020393 -0.40995 -0.21232 2.3869
23.647 1845.4 129.73 25984 1.2007 0.023823 -0.40992 -0.21232 2.3869
24.647 1968.1 135.02 25840 1.185 0.02634 -0.4099 -0.21233 2.3869
24.923 2002.9 136.51 25800 1.181 0.026948 -0.40989 -0.21233 2.3869
25.805 2115.9 141.28 25673 1.1687 0.028858 -0.40988 -0.21233 2.3869
27.376 2325.4 149.96 25447 1.1493 0.031568 -0.40986 -0.21234 2.3869
28.709 2511.8 157.48 25256 1.1353 0.03307 -0.40985 -0.21234 2.3869
29.077 2564.6 159.58 25203 1.1317 0.033404 -0.40985 -0.21234 2.3869
29.959 2693.8 164.65 25076 1.124 0.033685 -0.40984 -0.21235 2.3869
31.529 2932.8 173.86 24850 1.1123 0.033685 -0.40984 -0.21235 2.3869
32.862 3144.9 181.84 24658 1.1045 0.033685 -0.40984 -0.21236 2.387
33.23 3205.1 184.07 24605 1.1026 0.033685 -0.40984 -0.21236 2.387
34.112 3351.9 189.47 24478 1.0988 0.033685 -0.40984 -0.21237 2.387
35.683 3623.4 199.25 24253 1.0939 0.033685 -0.40985 -0.21238 2.387
37.016 3864.2 207.71 24061 1.0918 0.033685 -0.40986 -0.21238 2.387
37.384 3932.4 210.08 24008 1.0916 0.033685 -0.40986 -0.21239 2.387
38.266 4099.1 215.79 23881 1.0916 0.033685 -0.40987 -0.21239 2.387
39.837 4407.2 226.14 23655 1.0936 0.033685 -0.40989 -0.2124 2.3871
41.17 4680.5 235.09 23464 1.0975 0.033685 -0.40991 -0.21241 2.3871
41.538 4757.9 237.59 23411 1.0989 0.033685 -0.40992 -0.21241 2.3871
42.42 4947.2 243.64 23284 1.103 0.033685 -0.40993 -0.21242 2.3871
43.991 5297.2 254.6 23058 1.1124 0.033685 -0.40997 -0.21243 2.3871
45.324 5607.9 264.09 22867 1.1227 0.033685 -0.41 -0.21244 2.3871
45.692 5696 266.74 22814 1.1259 0.033685 -0.41001 -0.21244 2.3872
46.101 5795.2 269.7 22755 1.1296 0.033685 -0.41003 -0.21244 2.3872
46.957 6006.9 275.96 22632 1.1377 0.033685 -0.41005 -0.21245 2.3872
48.026 6279.2 283.86 22478 1.1482 0.032793 -0.41009 -0.21246 2.3872
49.023 6541.2 291.05 22335 1.1576 0.031094 -0.41013 -0.21247 2.3872
49.68 6717.7 295.56 22240 1.163 0.029735 -0.41016 -0.21247 2.3872
49.845 6762.7 296.64 22217 1.1641 0.02936 -0.41016 -0.21247 2.3872
50.727 7005.6 302.3 22090 1.1697 0.027154 -0.4102 -0.21248 2.3872
52.298 7450.4 311.68 21864 1.1755 0.022293 -0.41028 -0.21249 2.3873
53.631 7838.4 319.06 21673 1.1756 0.017165 -0.41034 -0.2125 2.3873
53.999 7947.1 321.02 21620 1.1747 0.015618 -0.41036 -0.2125 2.3873
54.44 8078.1 323.35 21556 1.1732 0.013686 -0.41038 -0.21251 2.3873
55.226 8313.7 327.43 21444 1.1691 0.010086 -0.41042 -0.21251 2.3873
55.892 8515.4 330.85 21348 1.164 0.0068899 -0.41045 -0.21252 2.3873
56.076 8571.3 331.79 21321 1.1624 0.0060005 -0.41046 -0.21252 2.3873
56.517 8705.9 334.05 21258 1.1584 0.003881 -0.41048 -0.21252 2.3873
57.303 8947.3 338.1 21145 1.1494 8.4615e-05 -0.41052 -0.21253 2.3874
57.969 9153.5 341.57 21049 1.1407 -0.0030007 -0.41055 -0.21254 2.3874
58.153 9210.7 342.54 21023 1.138 -0.0038061 -0.41056 -0.21254 2.3874
58.734 9391.6 345.66 20939 1.1292 -0.0063566 -0.41058 -0.21254 2.3874
59.883 9752.5 352.09 20774 1.1096 -0.010941 -0.41063 -0.21255 2.3874
61.157 10156 359.6 20591 1.0853 -0.015229 -0.41067 -0.21257 2.3874
62.07 10447 365.24 20460 1.0666 -0.017813 -0.4107 -0.21258 2.3875
62.307 10523 366.74 20426 1.0615 -0.018428 -0.41071 -0.21258 2.3875
62.681 10643 369.14 20372 1.0534 -0.019341 -0.41072 -0.21258 2.3875
63.532 10916 374.73 20250 1.0346 -0.021192 -0.41074 -0.21259 2.3875
64.787 11322 383.35 20070 1.0059 -0.023266 -0.41077 -0.21261 2.3875
66.345 11828 394.75 19846 0.96944 -0.024761 -0.4108 -0.21263 2.3876
68.08 12394 408.39 19596 0.92886 -0.025031 -0.41083 -0.21265 2.3877
69.85 12974 423.38 19342 0.88866 -0.024128 -0.41084 -0.21268 2.3877
71.514 13522 438.48 19103 0.85271 -0.022907 -0.41085 -0.21271 2.3878
72.935 13993 452.18 18898 0.82349 -0.02212 -0.41086 -0.21274 2.3879
73.999 14346 462.93 18745 0.80245 -0.021821 -0.41085 -0.21276 2.3879
74.62 14553 469.4 18656 0.79047 -0.021778 -0.41085 -0.21277 2.3879
74.768 14602 470.97 18635 0.78764 -0.021772 -0.41085 -0.21278 2.3879
75.65 14897 480.46 18508 0.77106 -0.02186 -0.41085 -0.21279 2.388
77.221 15425 498.13 18282 0.74241 -0.022863 -0.41084 -0.21283 2.3881
78.554 15875 513.89 18090 0.7187 -0.024695 -0.41083 -0.21286 2.3881
78.922 15999 518.37 18037 0.71221 -0.025313 -0.41082 -0.21287 2.3882
79.804 16299 529.33 17911 0.69672 -0.027002 -0.41081 -0.21289 2.3882
81.375 16833 549.66 17685 0.6692 -0.030926 -0.41079 -0.21293 2.3883
82.708 17288 567.76 17493 0.64569 -0.035224 -0.41077 -0.21297 2.3884
83.076 17414 572.9 17440 0.63915 -0.036496 -0.41077 -0.21298 2.3884
83.517 17565 579.14 17376 0.63128 -0.038066 -0.41076 -0.21299 2.3884
84.302 17833 590.51 17263 0.61721 -0.040972 -0.41075 -0.21302 2.3885
84.969 18061 600.39 17168 0.6052 -0.043534 -0.41073 -0.21304 2.3886
85.153 18124 603.16 17141 0.60189 -0.04425 -0.41073 -0.21304 2.3886
85.594 18274 609.86 17078 0.59393 -0.045968 -0.41072 -0.21306 2.3886
86.379 18542 622.11 16965 0.57975 -0.049077 -0.4107 -0.21308 2.3887
87.046 18769 632.75 16869 0.56774 -0.051667 -0.41069 -0.2131 2.3887
87.23 18832 635.75 16842 0.56443 -0.052361 -0.41068 -0.21311 2.3887
88.112 19131 650.37 16715 0.54869 -0.05566 -0.41066 -0.21314 2.3888
89.682 19663 677.61 16489 0.52129 -0.060845 -0.41062 -0.2132 2.3889
91.015 20111 701.93 16297 0.4989 -0.064325 -0.41058 -0.21325 2.389
91.383 20235 708.83 16244 0.49288 -0.06516 -0.41057 -0.21326 2.3891
91.964 20429 719.89 16161 0.48352 -0.066403 -0.41056 -0.21328 2.3891
93.113 20813 742.39 15995 0.4655 -0.068395 -0.41052 -0.21333 2.3892
94.387 21237 768.18 15812 0.44625 -0.069806 -0.41048 -0.21338 2.3894
95.3 21539 787.2 15680 0.43292 -0.070382 -0.41044 -0.21342 2.3895
95.537 21617 792.23 15646 0.42953 -0.070477 -0.41044 -0.21343 2.3895
96.118 21808 804.64 15563 0.42131 -0.070618 -0.41041 -0.21346 2.3895
97.267 22185 829.74 15397 0.40546 -0.070435 -0.41037 -0.21351 2.3897
98.541 22601 858.3 15213 0.38845 -0.069568 -0.41032 -0.21358 2.3898
99.454 22897 879.24 15082 0.37662 -0.0684 -0.41028 -0.21362 2.3899
99.691 22974 884.75 15048 0.37359 -0.068055 -0.41027 -0.21363 2.39
100.57 23258 905.45 14921 0.36247 -0.066602 -0.41024 -0.21368 2.3901
102.14 23759 943.12 14694 0.34316 -0.063114 -0.41017 -0.21377 2.3903
103.48 24180 975.84 14502 0.32723 -0.059197 -0.4101 -0.21384 2.3904
103.84 24295 984.98 14449 0.32291 -0.058027 -0.41009 -0.21386 2.3905
104.29 24433 996.01 14386 0.31777 -0.056577 -0.41006 -0.21389 2.3906
105.07 24676 1015.8 14272 0.30875 -0.053866 -0.41003 -0.21393 2.3907
105.74 24881 1032.8 14176 0.30121 -0.051447 -0.40999 -0.21398 2.3908
105.92 24937 1037.6 14150 0.29915 -0.050767 -0.40998 -0.21399 2.3908
106.36 25072 1048.9 14086 0.29427 -0.049122 -0.40996 -0.21401 2.3909
107.15 25310 1069.4 13973 0.28573 -0.046102 -0.40992 -0.21406 2.391
107.81 25510 1086.9 13877 0.27864 -0.043555 -0.40988 -0.21411 2.3911
108 25565 1091.8 13850 0.27672 -0.042866 -0.40987 -0.21412 2.3911
108.88 25826 1115.4 13723 0.26767 -0.039566 -0.40983 -0.21418 2.3912
110.45 26285 1158.4 13497 0.25228 -0.034235 -0.40974 -0.21428 2.3915
111.78 26667 1195.8 13304 0.23991 -0.030494 -0.40966 -0.21438 2.3917
112.15 26771 1206.3 13251 0.23659 -0.029569 -0.40964 -0.21441 2.3918
113.03 27019 1231.7 13124 0.2288 -0.027458 -0.40959 -0.21447 2.3919
114.61 27453 1277.9 12898 0.21548 -0.02432 -0.40949 -0.21459 2.3922
115.94 27814 1318 12705 0.20466 -0.022169 -0.4094 -0.2147 2.3925
116.31 27912 1329.2 12652 0.20175 -0.021573 -0.40938 -0.21473 2.3925
117.19 28146 1356.3 12525 0.19493 -0.02014 -0.40932 -0.2148 2.3927
118.76 28553 1405.4 12298 0.18339 -0.01709 -0.40922 -0.21493 2.393
120.09 28891 1447.9 12106 0.17438 -0.013683 -0.40912 -0.21505 2.3933
120.46 28984 1459.7 12053 0.17205 -0.012605 -0.4091 -0.21508 2.3934
120.9 29094 1474 11989 0.16935 -0.011279 -0.40907 -0.21512 2.3935
121.69 29288 1499.6 11876 0.16489 -0.0087253 -0.40901 -0.21519 2.3936
122.35 29451 1521.5 11780 0.16141 -0.0063494 -0.40896 -0.21525 2.3938
122.54 29496 1527.6 11753 0.1605 -0.0056675 -0.40895 -0.21527 2.3938
122.98 29604 1542.3 11689 0.15842 -0.0039943 -0.40891 -0.21531 2.3939
123.76 29700 1568.7 11632 0.15508 -0.00079795 -0.40886 -0.21539 2.3941
124.43 29700 1591.4 11632 0.15244 0.0019607 -0.40881 -0.21545 2.3942
124.61 29700 1597.7 11632 0.15175 0.0027167 -0.40879 -0.21547 2.3943
