time (s) altitude (m) longitude (rad) latitude (rad) velocity (m/s) trajectory angle (rad) heading angle (rad) angle of attack (rad) bank angle (rad) fuel mass (kg) 
124.61 30000 2.3943 -0.21547 1597.7 0.15175 -0.40879 0.0027167 0.41341 1562
125.7 30259 2.3945 -0.21558 1598.2 0.14846 -0.40746 0.014516 0.41354 1546.4
127.64 30708 2.395 -0.21576 1598.3 0.14284 -0.40498 0.027955 0.41418 1546.4
129.28 31075 2.3954 -0.21592 1597.7 0.13851 -0.40264 0.028003 0.41548 1546.4
129.73 31175 2.3955 -0.21597 1597.3 0.1374 -0.40195 0.027883 0.41608 1546.4
130.82 31411 2.3957 -0.21607 1596 0.13477 -0.40027 0.027475 0.41782 1546.4
132.75 31819 2.3962 -0.21626 1592.9 0.12979 -0.39745 0.026372 0.42145 1546.4
134.39 32148 2.3966 -0.21641 1589.8 0.12472 -0.39553 0.024354 0.42457 1546.4
134.85 32237 2.3967 -0.21646 1588.6 0.12312 -0.39507 0.022831 0.42557 1546.4
135.93 32445 2.3969 -0.21656 1585.3 0.11904 -0.39401 0.017985 0.42812 1546.4
137.87 32800 2.3974 -0.21674 1579.5 0.1112 -0.39232 0.010135 0.43236 1546.4
139.51 33080 2.3977 -0.2169 1576.7 0.10427 -0.39104 0.017246 0.43456 1546.4
139.96 33153 2.3979 -0.21694 1576 0.10232 -0.3907 0.020057 0.43506 1546.4
143.22 33643 2.3986 -0.21724 1569.9 0.088936 -0.38792 0.015784 0.43958 1546.4
149.03 34335 2.3999 -0.21777 1560.9 0.063236 -0.38364 0.013436 0.45505 1546.4
153.95 34733 2.4011 -0.21822 1554.7 0.040572 -0.38022 0.014173 0.4658 1546.4
155.31 34812 2.4014 -0.21834 1553.3 0.034244 -0.37929 0.014255 0.46757 1546.4
156.94 34894 2.4018 -0.21849 1551.7 0.026616 -0.37818 0.014228 0.46963 1546.4
159.84 34964 2.4024 -0.21875 1549.1 0.012957 -0.37621 0.014259 0.47467 1546.4
162.31 34987 2.403 -0.21896 1547.2 0.0013114 -0.37453 0.014577 0.48132 1546.4
162.99 34991 2.4032 -0.21902 1546.8 -0.0019057 -0.37406 0.014678 0.4832 1546.4
164.62 34994 2.4035 -0.21917 1545.7 -0.0096086 -0.37293 0.014876 0.4872 1546.4
167.52 34917 2.4042 -0.21942 1544.2 -0.023316 -0.37086 0.015065 0.49343 1546.4
169.98 34808 2.4048 -0.21964 1543.2 -0.034923 -0.36907 0.015982 0.49732 1546.4
170.66 34768 2.4049 -0.21969 1542.9 -0.03811 -0.36856 0.01677 0.49809 1546.4
172.29 34662 2.4053 -0.21984 1542.4 -0.045656 -0.3673 0.017497 0.49991 1546.4
175.19 34428 2.406 -0.22009 1541.7 -0.058962 -0.36494 0.017773 0.50441 1546.4
177.66 34180 2.4065 -0.2203 1541.3 -0.07019 -0.36288 0.017666 0.51046 1546.4
178.34 34105 2.4067 -0.22035 1541.2 -0.073257 -0.36229 0.01764 0.51221 1546.4
179.97 33917 2.4071 -0.22049 1541.1 -0.080512 -0.36083 0.01763 0.51608 1546.4
182.87 33526 2.4077 -0.22074 1541 -0.093177 -0.35801 0.02025 0.52245 1546.4
185.33 33156 2.4083 -0.22094 1541 -0.10345 -0.35534 0.026886 0.527 1546.4
186.01 33045 2.4085 -0.221 1541 -0.1061 -0.35449 0.030613 0.52808 1546.4
187.1 32864 2.4087 -0.22109 1540.9 -0.11016 -0.35302 0.034107 0.52997 1546.4
189.03 32527 2.4092 -0.22125 1540.8 -0.11678 -0.35002 0.039235 0.53409 1546.4
190.67 32225 2.4095 -0.22138 1540.3 -0.12172 -0.34704 0.044754 0.54026 1546.4
191.13 32139 2.4096 -0.22142 1540 -0.12307 -0.34616 0.046399 0.54257 1546.4
192.21 31931 2.4099 -0.22151 1539.3 -0.12615 -0.3439 0.050488 0.54889 1546.4
194.15 31550 2.4103 -0.22166 1538.1 -0.13064 -0.3394 0.058066 0.56168 1546.4
195.79 31221 2.4107 -0.22179 1538 -0.13296 -0.33497 0.064651 0.57287 1546.4
196.24 31129 2.4108 -0.22183 1538 -0.13351 -0.33358 0.066613 0.57625 1546.4
197.33 30905 2.4111 -0.22191 1538.3 -0.13471 -0.32999 0.071447 0.58481 1546.4
199.27 30500 2.4115 -0.22206 1539.2 -0.13607 -0.32279 0.079454 0.60041 1546.4
200.91 30157 2.4119 -0.22218 1542.2 -0.13587 -0.31581 0.084571 0.61253 1546.4
201.36 30063 2.412 -0.22221 1543.6 -0.13558 -0.31365 0.085396 0.61564 1546.4
203.51 29616 2.4125 -0.22237 1548.2 -0.13367 -0.30307 0.086913 0.6286 1546.4
207.75 28759 2.4135 -0.22266 1557.3 -0.12656 -0.27834 0.089469 0.66441 1541.3
212.46 27876 2.4146 -0.22296 1568 -0.11378 -0.24483 0.091511 0.70706 1532.5
215.83 27303 2.4155 -0.22315 1576 -0.10135 -0.21641 0.092099 0.7353 1525.2
216.71 27166 2.4157 -0.22319 1578.1 -0.097689 -0.20837 0.09211 0.7436 1523.1
218.86 26849 2.4162 -0.2233 1583.5 -0.088306 -0.1878 0.091408 0.76227 1517.9
223.1 26323 2.4173 -0.22347 1594.8 -0.068298 -0.14334 0.088599 0.7992 1506.4
227.81 25897 2.4185 -0.22361 1608.6 -0.0455 -0.089865 0.084361 0.84031 1492.4
231.18 25689 2.4193 -0.22367 1619.4 -0.02954 -0.049445 0.080454 0.86971 1481.5
232.06 25651 2.4196 -0.22368 1622.4 -0.025591 -0.038763 0.07908 0.87737 1478.5
233.69 25588 2.42 -0.22369 1628 -0.01844 -0.018799 0.07752 0.89159 1473
236.59 25548 2.4207 -0.22369 1638.5 -0.0068415 0.016771 0.074309 0.91691 1462.8
239.05 25543 2.4214 -0.22367 1647.8 0.0021613 0.046972 0.070234 0.9384 1454
239.73 25543 2.4216 -0.22366 1650.5 0.0043634 0.055161 0.068927 0.94433 1451.6
241.36 25543 2.422 -0.22363 1656.9 0.008837 0.074251 0.065483 0.95855 1445.7
244.27 25601 2.4228 -0.22357 1668.7 0.015172 0.10679 0.056593 0.98388 1435.3
246.73 25675 2.4234 -0.22349 1679.1 0.018326 0.13236 0.049891 1.0054 1426.5
247.41 25696 2.4236 -0.22346 1682 0.018767 0.13892 0.048647 1.0113 1424.1
249.04 25749 2.4241 -0.2234 1689.2 0.01962 0.15452 0.046356 1.0255 1418.3
251.94 25847 2.4248 -0.22327 1702.2 0.020079 0.18215 0.045534 1.0508 1407.9
254.4 25932 2.4255 -0.22314 1713.5 0.0201 0.20554 0.047372 1.0723 1398.9
255.08 25956 2.4257 -0.22311 1716.7 0.020107 0.21215 0.048079 1.0782 1396.4
256.71 26013 2.4261 -0.22301 1724.4 0.020139 0.22851 0.049986 1.0925 1390.3
259.62 26114 2.4269 -0.22282 1738.4 0.020464 0.2595 0.058304 1.1178 1379
262.08 26203 2.4276 -0.22264 1750.6 0.02109 0.28777 0.061219 1.1395 1369.1
262.76 26228 2.4277 -0.22259 1754 0.021313 0.29602 0.061141 1.1452 1366.2
264.39 26289 2.4282 -0.22245 1762.4 0.021411 0.31517 0.061169 1.1561 1359.4
267.29 26399 2.429 -0.22219 1777.5 0.021379 0.34937 0.06169 1.1711 1347.2
269.75 26492 2.4296 -0.22195 1790.4 0.021045 0.37882 0.063613 1.182 1336.7
270.43 26518 2.4298 -0.22187 1794.1 0.020945 0.38697 0.064085 1.184 1333.7
272.06 26579 2.4302 -0.2217 1802.7 0.020765 0.40647 0.064543 1.1858 1326.7
274.97 26688 2.431 -0.22136 1818.1 0.020533 0.44139 0.063659 1.1745 1314.2
277.43 26780 2.4316 -0.22105 1831.3 0.020483 0.47025 0.06202 1.1669 1303.6
278.11 26805 2.4318 -0.22096 1834.9 0.020492 0.47791 0.061197 1.166 1300.8
279.74 26866 2.4322 -0.22074 1843.7 0.020294 0.49593 0.058509 1.1617 1293.9
282.64 26973 2.433 -0.22033 1859.3 0.019703 0.52669 0.055175 1.1499 1281.8
285.1 27063 2.4336 -0.21996 1872.6 0.01917 0.55167 0.053822 1.136 1271.6
285.78 27087 2.4338 -0.21986 1876.3 0.01905 0.55845 0.053529 1.1323 1268.8
287.41 27146 2.4342 -0.2196 1885.1 0.018877 0.57458 0.052905 1.125 1262.1
290.31 27249 2.4349 -0.21912 1900.7 0.01877 0.60273 0.052204 1.1151 1250.2
292.78 27336 2.4356 -0.2187 1914 0.018678 0.62613 0.050966 1.1094 1240.1
293.46 27361 2.4357 -0.21858 1917.7 0.01864 0.63247 0.050328 1.1083 1237.3
296.72 27477 2.4365 -0.21799 1935.3 0.018326 0.6622 0.049191 1.1039 1224.1
302.52 27681 2.4379 -0.21687 1966.5 0.017725 0.71324 0.047463 1.091 1200.7
307.45 27851 2.4391 -0.21585 1992.9 0.017253 0.75473 0.046109 1.0823 1181
308.81 27898 2.4394 -0.21555 2000.1 0.0171 0.76591 0.045723 1.0801 1175.6
312.07 28009 2.4401 -0.21484 2017.5 0.016704 0.79222 0.044699 1.074 1162.7
317.87 28202 2.4414 -0.21349 2048.4 0.016086 0.83713 0.042752 1.0526 1139.8
322.8 28363 2.4425 -0.2123 2074.4 0.01574 0.87329 0.041272 1.0378 1120.6
324.16 28408 2.4428 -0.21196 2081.5 0.015637 0.88301 0.040565 1.0354 1115.4
326.3 28477 2.4432 -0.21141 2092.8 0.015392 0.89803 0.039699 1.0318 1107.1
330.55 28612 2.4441 -0.21031 2114.8 0.014715 0.92665 0.037812 1.0214 1090.8
335.26 28755 2.4451 -0.20904 2138.6 0.013807 0.95706 0.036796 1.0114 1072.9
338.63 28852 2.4457 -0.20811 2155.1 0.013148 0.97822 0.036527 1.0071 1060.1
339.51 28877 2.4459 -0.20787 2159.2 0.012997 0.9837 0.036401 1.0062 1056.8
342.77 28967 2.4465 -0.20694 2174.4 0.012403 1.0038 0.03635 1.003 1044.5
348.57 29118 2.4476 -0.20525 2200.1 0.011469 1.0388 0.035539 0.98882 1022.6
353.5 29239 2.4484 -0.20377 2220.7 0.010754 1.0674 0.034456 0.97551 1004.1
354.86 29271 2.4486 -0.20336 2226.3 0.010549 1.0751 0.034258 0.97309 999.05
358.11 29346 2.4492 -0.20235 2239.3 0.010065 1.0933 0.033807 0.96695 986.91
363.92 29473 2.4501 -0.20052 2261.5 0.0092869 1.1248 0.033162 0.95331 965.38
368.84 29573 2.4509 -0.19894 2279.5 0.0087616 1.151 0.033336 0.95081 947.17
370.2 29600 2.4511 -0.1985 2284.2 0.0086325 1.1582 0.033684 0.95073 942.13
373.46 29664 2.4515 -0.19742 2295.5 0.0084478 1.1756 0.034211 0.95207 930.05
379.27 29775 2.4523 -0.19548 2314.8 0.0081058 1.2066 0.034245 0.95829 908.53
384.19 29865 2.4529 -0.1938 2330.7 0.0075793 1.2326 0.033798 0.96143 890.32
385.55 29889 2.4531 -0.19334 2334.9 0.0073982 1.2397 0.033637 0.96061 885.3
388.81 29943 2.4535 -0.19221 2345.1 0.0069505 1.2565 0.033301 0.95525 873.31
394.62 30035 2.4541 -0.19017 2362.5 0.0064926 1.2857 0.032605 0.92311 852
399.54 30111 2.4546 -0.18841 2376.6 0.0067323 1.3094 0.031997 0.8887 834
400.9 30133 2.4548 -0.18792 2380.3 0.006896 1.3158 0.031928 0.88236 829.04
402.53 30160 2.4549 -0.18733 2384.7 0.0068433 1.323 0.02924 0.87421 823.17
405.44 30206 2.4552 -0.18628 2392.3 0.0065248 1.3352 0.026398 0.85863 812.84
407.9 30242 2.4554 -0.18539 2398.5 0.0058732 1.3448 0.026246 0.84362 804.2
408.58 30252 2.4555 -0.18514 2400.2 0.0057222 1.3474 0.026225 0.84053 801.81
410.21 30275 2.4556 -0.18454 2404.2 0.0055776 1.354 0.026258 0.83729 796.05
413.11 30314 2.4558 -0.18347 2411.1 0.005886 1.3659 0.031278 0.83684 785.7
415.57 30350 2.456 -0.18256 2416.6 0.0066761 1.3769 0.025353 0.83488 776.75
416.25 30361 2.4561 -0.18231 2418 0.0069891 1.3799 0.017203 0.83351 774.27
417.88 30385 2.4562 -0.18171 2421.6 0.0057829 1.3851 0.016969 0.83563 768.79
420.79 30416 2.4564 -0.18062 2427.9 0.0037599 1.3945 0.019073 0.84635 759.03
423.25 30434 2.4565 -0.1797 2433.3 0.0030403 1.404 0.029477 0.86565 750.44
423.93 30438 2.4566 -0.17945 2434.7 0.0029199 1.4068 0.032118 0.87117 748.03
425.56 30451 2.4567 -0.17884 2438.2 0.0028299 1.4139 0.034942 0.88195 742.18
428.46 30476 2.4569 -0.17774 2444.4 0.0044224 1.4286 0.035287 0.89845 731.35
430.92 30503 2.457 -0.17681 2449.6 0.0052283 1.4409 0.035565 0.90158 722.24
431.6 30513 2.457 -0.17655 2451 0.0052651 1.444 0.035667 0.8998 719.77
433.23 30538 2.4571 -0.17593 2454.4 0.0059929 1.4523 0.035931 0.89805 713.71
436.13 30583 2.4572 -0.17482 2460.4 0.0065241 1.466 0.033616 0.89409 703.13
438.6 30623 2.4573 -0.17388 2465.3 0.0057366 1.476 0.02188 0.88791 694.5
439.28 30633 2.4573 -0.17362 2466.6 0.0054413 1.4786 0.018953 0.88607 692.15
440.91 30652 2.4574 -0.17299 2469.8 0.0046704 1.4846 0.016099 0.88197 686.57
443.81 30678 2.4575 -0.17188 2475.4 0.0017565 1.4936 0.021559 0.87376 676.97
446.27 30685 2.4576 -0.17093 2480.4 0.00091683 1.5028 0.03338 0.87112 668.45
446.95 30685 2.4576 -0.17066 2481.8 0.0012533 1.5061 0.037508 0.87104 665.94
448.58 30692 2.4576 -0.17003 2485.1 0.0023089 1.5142 0.037811 0.87017 659.88
451.48 30715 2.4577 -0.16891 2490.8 0.0038461 1.5281 0.036625 0.86748 649.16
453.95 30743 2.4577 -0.16795 2495.6 0.0046979 1.5393 0.030565 0.86437 640.2
454.63 30751 2.4577 -0.16768 2496.9 0.0048503 1.5422 0.029041 0.86358 637.76
456.26 30770 2.4577 -0.16705 2500.1 0.0049809 1.5491 0.027481 0.86221 631.93
459.16 30806 2.4578 -0.16591 2505.7 0.0043656 1.5602 0.027392 0.86058 621.8
461.62 30832 2.4578 -0.16495 2510.5 0.0041359 1.5699 0.027327 0.86021 613.16
462.3 30839 2.4578 -0.16468 2511.8 0.0041703 1.5727 0.027311 0.86027 610.75
465.56 30872 2.4578 -0.1634 2517.9 0.0039099 1.5856 0.0273 0.86138 599.3
471.37 30926 2.4577 -0.16111 2528.7 0.0034201 1.6086 0.027312 0.86277 578.93
476.29 30966 2.4576 -0.15917 2537.7 0.0030908 1.628 0.0274 0.85578 561.64
477.65 30977 2.4576 -0.15863 2540.2 0.003047 1.6333 0.027285 0.85172 556.87
479.28 30989 2.4575 -0.15798 2543.1 0.0030117 1.6396 0.027299 0.8443 551.16
482.18 31011 2.4574 -0.15683 2548.3 0.0031062 1.6508 0.027433 0.8248 540.96
484.65 31033 2.4574 -0.15585 2552.7 0.0036918 1.6603 0.027828 0.80094 532.26
485.33 31039 2.4573 -0.15558 2553.9 0.003867 1.6628 0.027923 0.79411 529.86
486.96 31056 2.4573 -0.15494 2556.7 0.004177 1.6687 0.027951 0.77899 524.16
489.86 31089 2.4571 -0.15378 2561.7 0.0045687 1.6788 0.021427 0.75552 514.06
492.32 31118 2.457 -0.1528 2566 0.0043947 1.6862 0.018539 0.7341 505.74
493 31126 2.457 -0.15253 2567.1 0.0040126 1.688 0.018526 0.72775 503.5
496.26 31157 2.4568 -0.15123 2572.7 0.0032965 1.697 0.018524 0.7029 492.61
502.06 31200 2.4565 -0.14892 2582.6 0.0026176 1.7123 0.018364 0.6506 473.24
506.99 31233 2.4562 -0.14695 2590.8 0.0025881 1.7244 0.018043 0.6087 456.81
508.35 31242 2.4561 -0.14641 2593.1 0.0026419 1.7276 0.017827 0.59643 452.28
511.61 31265 2.4559 -0.1451 2598.4 0.0028481 1.735 0.017426 0.568 441.44
517.41 31312 2.4555 -0.14278 2607.9 0.0033708 1.7471 0.016323 0.51735 422.22
522.34 31358 2.4552 -0.1408 2615.7 0.0037315 1.7562 0.014967 0.47438 406.03
523.7 31371 2.4551 -0.14025 2617.8 0.0037814 1.7585 0.014711 0.46251 401.59
525.33 31387 2.4549 -0.1396 2620.4 0.0038967 1.7612 0.01484 0.4483 396.27
528.23 31418 2.4547 -0.13843 2624.9 0.0041482 1.7659 0.014797 0.42297 386.81
530.69 31448 2.4545 -0.13744 2628.7 0.0043791 1.7696 0.01364 0.40148 378.78
531.37 31456 2.4544 -0.13717 2629.7 0.0044255 1.7706 0.013172 0.39555 376.59
533 31474 2.4543 -0.13651 2632.2 0.0044596 1.7727 0.011808 0.38133 371.38
535.91 31504 2.4541 -0.13534 2636.7 0.0031651 1.776 0.0032548 0.356 362.27
538.37 31518 2.4539 -0.13435 2640.5 0.00063605 1.778 0.0017453 0.33452 354.83
539.05 31519 2.4538 -0.13407 2641.6 -0.00038845 1.7784 0.0017453 0.32858 352.84
540.68 31511 2.4537 -0.13341 2644.2 -0.0016228 1.7797 0.0051865 0.31437 347.89
543.58 31506 2.4534 -0.13224 2648.8 -0.00128 1.7829 0.022243 0.28904 338.4
546.04 31521 2.4532 -0.13124 2652.7 0.0042159 1.7867 0.039529 0.26755 329.65
546.72 31527 2.4531 -0.13097 2653.5 0.0062846 1.7878 0.044508 0.26162 327.13
548.35 31546 2.453 -0.13031 2654.7 0.011639 1.7907 0.056003 0.2474 320.95
551.26 31703 2.4527 -0.12914 2655.6 0.027718 1.7968 0.074692 0.22207 309.1
553.72 31929 2.4525 -0.12814 2655.3 0.045123 1.8023 0.095028 0.20058 298.71
554.4 32020 2.4524 -0.12787 2654.3 0.050586 1.8039 0.10154 0.19465 295.81
555.52 32189 2.4523 -0.12742 2652.3 0.060258 1.8064 0.10827 0.18494 290.97
557.94 32642 2.4521 -0.12645 2646.4 0.081969 1.8117 0.11837 0.16391 280.8
561.17 33473 2.4517 -0.12516 2636.6 0.11003 1.8176 0.12695 0.13466 268.22
564.57 34556 2.4514 -0.12381 2624.6 0.13622 1.8223 0.138 0.10574 256.66
567.47 35677 2.4511 -0.12268 2613.2 0.15518 1.825 0.15212 0.083388 248.29
569.3 36432 2.4509 -0.12197 2605.5 0.16629 1.8265 0.15504 0.07302 243.37
569.75 36628 2.4509 -0.1218 2603.4 0.16869 1.8268 0.15518 0.071353 242.48
571.38 37356 2.4507 -0.12117 2595.1 0.17622 1.8277 0.15294 0.068057 240.33
574.28 38707 2.4504 -0.12005 2579.1 0.1853 1.8291 0.14889 0.062144 239.55
576.74 39896 2.4502 -0.11911 2564.9 0.19083 1.83 0.14769 0.054945 240.39
577.42 40227 2.4501 -0.11886 2561.3 0.19183 1.8302 0.14726 0.052545 240.61
579.05 41020 2.4499 -0.11824 2553.6 0.19271 1.8305 0.14541 0.045794 240.81
581.95 42438 2.4496 -0.11715 2543.2 0.19244 1.8311 0.12099 0.02581 240.16
584.42 43635 2.4494 -0.11622 2535.4 0.19119 1.8312 0.098129 0.00579 240
585.1 43963 2.4493 -0.11597 2533.4 0.18986 1.8313 0.093378 0 240.24
585.1 43963 2.4493 -0.11597 2533.4 0.18986 1.8313 0.093378 0 240.24
590.41 46515 2.4488 -0.11398 2513.2 0.18284 1.8351 0.085213 0.60728 240.24
599.87 50486 2.4478 -0.11049 2485.2 0.16204 1.8448 0.088578 1.207 240.24
607.89 53480 2.447 -0.10755 2467 0.13379 1.8567 0.11669 1.4835 240.24
610.11 54206 2.4467 -0.10674 2462.6 0.12541 1.8599 0.12532 1.53 240.24
615.42 55685 2.4461 -0.10481 2452.6 0.10639 1.8662 0.14145 1.5533 240.24
624.88 57699 2.4451 -0.10139 2436.6 0.074144 1.874 0.16466 1.3389 240.24
632.9 58934 2.4441 -0.098497 2426.7 0.046841 1.8807 0.16756 1.4056 240.24
635.12 59159 2.4439 -0.097703 2424.7 0.039254 1.8827 0.16428 1.5533 240.24
640.43 59512 2.4433 -0.095801 2420.2 0.020133 1.8869 0.1694 1.5533 240.24
649.89 59569 2.4421 -0.092426 2415.3 -0.014487 1.8939 0.17279 1.5533 240.24
657.92 58919 2.4412 -0.089573 2413 -0.04378 1.9001 0.17279 1.5533 240.24
660.13 58671 2.4409 -0.088787 2412.6 -0.051868 1.9019 0.17279 1.5533 240.24
665.44 58023 2.4403 -0.086908 2412.2 -0.071234 1.9066 0.17279 1.5533 240.24
674.9 55978 2.4391 -0.083576 2413.1 -0.10569 1.9167 0.17279 1.5533 240.24
682.93 53670 2.438 -0.080764 2414.2 -0.13489 1.9273 0.17279 1.5533 240.24
685.14 52913 2.4377 -0.079993 2414.4 -0.14289 1.931 0.17279 1.5533 240.24
688.68 51651 2.4373 -0.078764 2414.1 -0.15538 1.9377 0.17279 1.5533 240.24
694.99 49169 2.4364 -0.076594 2412.2 -0.17736 1.9531 0.17279 1.5533 240.24
700.34 46695 2.4357 -0.074759 2408.1 -0.19922 1.972 0.17279 1.5533 240.24
701.82 45951 2.4355 -0.074248 2406.1 -0.20614 1.9783 0.17279 1.5533 240.24
705.36 44093 2.4349 -0.073033 2399.5 -0.22254 1.996 0.17279 1.5313 240.24
711.66 40659 2.434 -0.070947 2382.3 -0.244 2.0379 0.17279 1.4792 240.24
717.02 37749 2.433 -0.069312 2358.3 -0.24644 2.0908 0.17279 1.4249 240.24
718.49 36909 2.4328 -0.06887 2345.3 -0.24524 2.1133 0.17279 1.4014 240.24
722.03 34860 2.4321 -0.067836 2302.1 -0.24009 2.1825 0.17279 1.3358 240.24
728.34 31385 2.4307 -0.066157 2192.9 -0.22311 2.3476 0.17279 1.2393 240.24
733.69 28959 2.4294 -0.06499 2055.9 -0.18098 2.5454 0.15903 1.285 240.24
735.17 28440 2.429 -0.064749 2008.8 -0.16212 2.6128 0.15011 1.3047 240.24
737.82 27647 2.4283 -0.064368 1928.5 -0.13653 2.7246 0.1408 1.283 240.77
742.55 26605 2.427 -0.063923 1806.1 -0.096475 2.9184 0.12809 1.2222 242.26
746.56 26169 2.4259 -0.063934 1748.8 -0.065526 3.0779 0.11833 1.23 240.05
747.67 26064 2.4256 -0.063947 1734.6 -0.057375 3.1218 0.11567 1.2358 238.49
750.33 25843 2.4249 -0.063992 1704.1 -0.038432 3.2255 0.10964 1.2524 233.44
755.06 25598 2.4237 -0.064111 1669.4 -0.0063891 3.4009 0.10119 1.2784 221.44
759.07 25594 2.4227 -0.064283 1670.9 0.018729 3.535 0.097378 1.2743 209.13
760.18 25639 2.4224 -0.064384 1680.1 0.024538 3.5699 0.096554 1.261 204.35
762.83 25815 2.4218 -0.064719 1712.9 0.037555 3.6504 0.094788 1.2076 190.77
767.56 26287 2.4207 -0.065492 1776.6 0.06539 3.7846 0.092824 1.0565 164.43
771.58 26818 2.4199 -0.0662 1799.2 0.11219 3.8906 0.09493 0.83026 146.01
772.68 27039 2.4196 -0.06642 1803.1 0.13036 3.9155 0.096779 0.76349 141.41
775.34 27773 2.4191 -0.066957 1816.3 0.17401 3.9668 0.10322 0.67529 129.75
780.07 29622 2.4183 -0.067957 1835.9 0.24723 4.039 0.11543 0.58088 111.45
784.08 31541 2.4176 -0.06883 1832 0.29169 4.0806 0.11799 0.55177 102.31
785.19 32151 2.4174 -0.069076 1829.1 0.30364 4.091 0.1185 0.54551 99.989
787.85 33707 2.417 -0.069671 1819.8 0.33001 4.1137 0.11951 0.53295 95.001
792.57 36636 2.4163 -0.070733 1798.4 0.36161 4.1444 0.12074 0.51764 89.241
796.59 39085 2.4157 -0.071617 1777.4 0.36515 4.1592 0.12142 0.51001 88.718
797.7 39780 2.4156 -0.071859 1769.2 0.36386 4.1622 0.12153 0.50876 89.093
800.35 41474 2.4152 -0.072436 1746.7 0.359 4.1684 0.12172 0.50657 90.394
805.08 44449 2.4146 -0.07346 1709.1 0.34757 4.1769 0.12222 0.50161 92.613
809.09 46737 2.4141 -0.074326 1694.5 0.33891 4.1825 0.12669 0.48014 91.835
810.2 47333 2.414 -0.074564 1691.6 0.33616 4.1837 0.12803 0.47298 91.471
814.18 49495 2.4135 -0.075418 1676.8 0.32222 4.187 0.12733 0.46659 91.471
821.28 53041 2.4126 -0.076935 1651.2 0.2916 4.1906 0.12671 0.45485 91.471
827.3 55769 2.4119 -0.078218 1633 0.26297 4.1927 0.12713 0.43714 91.471
828.96 56470 2.4117 -0.078572 1628.4 0.25475 4.1931 0.12729 0.43255 91.471
832.94 58031 2.4112 -0.079419 1618.1 0.2348 4.194 0.12769 0.42439 91.471
840.04 60462 2.4103 -0.080926 1602.2 0.19769 4.1952 0.12916 0.4142 91.471
846.06 62226 2.4096 -0.082204 1590.8 0.16505 4.1959 0.12936 0.41697 91.471
847.72 62641 2.4094 -0.082556 1588.1 0.15583 4.1961 0.12905 0.42223 91.471
855.69 64321 2.4084 -0.084245 1577.2 0.11122 4.1968 0.13036 0.39282 91.471
869.87 65897 2.4067 -0.08725 1566.7 0.029987 4.1977 0.13173 0.36282 91.471
881.91 65806 2.4053 -0.0898 1566.6 -0.039549 4.1985 0.13036 0.38223 91.471
885.24 65551 2.4049 -0.090503 1568 -0.058703 4.1988 0.13007 0.39003 91.471
893.2 64532 2.4039 -0.092191 1573.7 -0.10426 4.1995 0.13069 0.36058 91.471
907.39 61308 2.4022 -0.0952 1592 -0.18329 4.2011 0.12892 0.33747 91.471
919.43 57185 2.4008 -0.097757 1614.6 -0.24662 4.2033 0.12403 0.34656 91.471
922.75 55828 2.4004 -0.098465 1621.9 -0.26322 4.2041 0.12256 0.35349 91.471
926.74 54079 2.3999 -0.099313 1631 -0.28258 4.2054 0.12592 0.34571 91.471
933.83 50654 2.3991 -0.10083 1647.5 -0.3135 4.2084 0.12902 0.33844 91.471
939.85 47452 2.3984 -0.10211 1661.9 -0.33729 4.2124 0.12716 0.34139 91.471
941.51 46536 2.3982 -0.10247 1665.5 -0.34274 4.2137 0.12636 0.3424 91.471
945.5 44302 2.3977 -0.10333 1673.1 -0.35243 4.2174 0.12384 0.34467 91.471
952.59 40105 2.3969 -0.10486 1684.6 -0.36446 4.2275 0.098608 0.3481 91.471
958.61 36459 2.3962 -0.10617 1689.2 -0.36671 4.239 0.079411 0.35752 91.471
960.27 35454 2.396 -0.10654 1689.5 -0.36533 4.2433 0.077386 0.36211 91.471
962.26 34228 2.3958 -0.10697 1685.2 -0.36142 4.2494 0.077146 0.3604 91.806
965.81 32059 2.3954 -0.10775 1667.9 -0.34619 4.2631 0.076913 0.3517 93.141
968.82 30525 2.3951 -0.10842 1661.8 -0.32735 4.2775 0.076925 0.34278 93.546
969.65 30129 2.395 -0.10861 1661.9 -0.31975 4.2822 0.077171 0.33978 93.204
971.64 29151 2.3948 -0.10906 1662.8 -0.29493 4.2948 0.078433 0.3308 91.343
975.19 27479 2.3944 -0.10988 1665.8 -0.23299 4.3214 0.082087 0.31183 85.084
978.2 26352 2.3942 -0.11058 1669.8 -0.16991 4.3462 0.085331 0.29716 77.751
979.03 26120 2.3941 -0.11078 1671.1 -0.15181 4.3532 0.086073 0.29396 75.53
981.02 25745 2.3939 -0.11126 1674.6 -0.10862 4.37 0.087331 0.28865 70.043
984.57 25711 2.3936 -0.11214 1688.3 -0.029922 4.3999 0.086427 0.28801 58.664
987.58 25939 2.3934 -0.11291 1719.7 0.050507 4.4279 0.081417 0.29084 44.366
988.41 26031 2.3933 -0.11312 1730.2 0.073227 4.4357 0.079522 0.29204 40.005
990.4 26298 2.3932 -0.11364 1755.7 0.12552 4.4539 0.074378 0.29569 29.451
993.95 26915 2.3929 -0.11458 1792.9 0.19936 4.4822 0.064243 0.30491 12.702
996.96 28076 2.3927 -0.11539 1811.1 0.2354 4.4999 0.053655 0.33527 5
997.79 28483 2.3927 -0.11561 1812.6 0.24161 4.5038 0.050358 0.34412 5
1000.4 29699 2.3925 -0.11631 1797.3 0.25723 4.5152 0.037752 0.36309 5
1005.2 31886 2.3923 -0.11755 1743.9 0.27344 4.5304 0.019072 0.38438 5
1009.2 33701 2.3921 -0.11858 1721.1 0.26908 4.5359 0.017811 0.38736 5
1010.3 34204 2.3921 -0.11886 1715.9 0.26599 4.5371 0.017608 0.38795 5
1012.9 35398 2.3919 -0.11954 1704.6 0.25649 4.5394 0.017219 0.38911 5
1017.7 37422 2.3917 -0.12073 1686.8 0.23696 4.543 0.016851 0.39024 5
1021.7 38958 2.3916 -0.12174 1671.4 0.22335 4.5464 0.019104 0.38758 5
1022.8 39353 2.3915 -0.12202 1667.2 0.21997 4.5474 0.022516 0.38336 5
1025.5 40262 2.3914 -0.12268 1657.2 0.21193 4.5498 0.034346 0.36832 5
1030.2 41799 2.3912 -0.12386 1641.1 0.19674 4.5537 0.05453 0.33919 5
1034.2 43078 2.3911 -0.12485 1630 0.18116 4.5559 0.054167 0.32919 5
1035.3 43405 2.391 -0.12512 1627.4 0.17642 4.5564 0.053194 0.32717 5
1040.6 44850 2.3908 -0.12643 1614.4 0.15442 4.559 0.058141 0.30376 5
1050.1 46828 2.3905 -0.12875 1595.3 0.11431 4.563 0.076859 0.25808 5
1058.1 48165 2.3902 -0.1307 1582.3 0.078939 4.5658 0.10015 0.22804 5
1060.3 48435 2.3901 -0.13124 1579.2 0.069142 4.5665 0.10602 0.22043 5
1065.6 48804 2.3899 -0.13253 1572.8 0.045867 4.5683 0.11574 0.20324 5
1075.1 49078 2.3896 -0.13481 1564 0.0049905 4.5713 0.12626 0.17088 5
1083.1 49066 2.3893 -0.13675 1559.2 -0.029806 4.5736 0.12798 0.16778 5
1085.3 48932 2.3892 -0.13728 1558.4 -0.039417 4.5742 0.12724 0.17355 5
1090.6 48506 2.389 -0.13855 1557.2 -0.062236 4.5757 0.12753 0.15435 5
1100.1 47321 2.3887 -0.14082 1556.9 -0.10041 4.5785 0.12854 0.12328 5
1108.1 45834 2.3885 -0.14274 1558.2 -0.13116 4.5809 0.1297 0.11451 5
1110.3 45371 2.3884 -0.14327 1558.5 -0.13858 4.5816 0.12998 0.11248 5
1115.7 44219 2.3882 -0.14453 1558.8 -0.15299 4.5835 0.13038 0.10712 5
1125.1 41804 2.3879 -0.14678 1557.2 -0.1739 4.5876 0.1307 0.094908 5
1133.1 39594 2.3877 -0.14868 1553.4 -0.17902 4.5918 0.13024 0.092702 5
1135.4 38978 2.3876 -0.14921 1550.8 -0.17872 4.5931 0.12957 0.093971 5
1138.9 37985 2.3875 -0.15005 1545.5 -0.17504 4.5956 0.12925 0.091832 5
1145.2 36349 2.3874 -0.15153 1531.9 -0.15874 4.6006 0.12884 0.085846 5
1150.5 35231 2.3872 -0.15278 1515.3 -0.137 4.6057 0.12793 0.08607 5
1152 34920 2.3872 -0.15312 1509.5 -0.12869 4.6073 0.12755 0.086315 5
1155.6 34225 2.3871 -0.15394 1494.2 -0.10592 4.6113 0.12648 0.087111 5
1161.9 33375 2.387 -0.15539 1463.5 -0.060412 4.6188 0.12434 0.089045 5
1167.2 33268 2.3868 -0.15659 1435.9 -0.021899 4.6256 0.12262 0.091055 5
1168.7 33289 2.3868 -0.15692 1427.4 -0.010248 4.6276 0.12212 0.091807 5
1172.2 33373 2.3868 -0.1577 1405.9 0.019005 4.6326 0.1209 0.094003 5
1178.5 33635 2.3867 -0.15906 1366.7 0.068494 4.6415 0.11876 0.098997 5
1183.9 34123 2.3866 -0.16019 1336.3 0.099349 4.6485 0.11716 0.10537 5
1185.4 34349 2.3866 -0.16049 1328.4 0.10567 4.6503 0.1168 0.10644 5
1190.7 35175 2.3865 -0.16157 1300.6 0.12683 4.6565 0.11562 0.10568 5
1200.1 36776 2.3864 -0.16343 1256.7 0.13702 4.6654 0.11473 0.10292 5
1208.2 38213 2.3863 -0.16497 1224.2 0.1324 4.6714 0.11449 0.099632 5
1210.4 38588 2.3863 -0.16539 1216 0.13052 4.6728 0.11446 0.0985 5
1215.7 39392 2.3863 -0.16638 1198.1 0.12507 4.6758 0.11444 0.095255 5
1225.2 40605 2.3862 -0.16811 1171 0.095708 4.68 0.11564 0.082221 5
1233.2 41374 2.3862 -0.16956 1151.6 0.063139 4.6829 0.11651 0.089287 5
1235.4 41515 2.3862 -0.16996 1147.1 0.053651 4.6836 0.11664 0.10091 5
1240.7 41761 2.3861 -0.1709 1137 0.029943 4.6854 0.11783 0.084478 5
1250.2 41824 2.3861 -0.17257 1122.8 -0.013543 4.6882 0.12089 0.062921 5
1258.2 41488 2.386 -0.17397 1113.4 -0.051105 4.6902 0.12361 0.059919 5
1260.4 41360 2.386 -0.17435 1111 -0.061072 4.6908 0.12434 0.05918 5
1265.7 41025 2.386 -0.17526 1105.7 -0.083323 4.6922 0.12591 0.056618 5
1275.2 39955 2.386 -0.17688 1097.7 -0.11924 4.6951 0.1283 0.047446 5
1283.2 38794 2.386 -0.17824 1090.6 -0.14385 4.6975 0.12996 0.055512 5
1285.4 38436 2.386 -0.17861 1088.4 -0.14876 4.6982 0.13032 0.066573 5
1290.7 37537 2.386 -0.1795 1082.2 -0.15788 4.7003 0.1311 0.053294 5
1300.2 35928 2.3859 -0.18107 1066.5 -0.16009 4.7043 0.13136 0.037604 5
1308.2 34575 2.3859 -0.18238 1046.2 -0.14617 4.7077 0.13042 0.036294 5
1310.4 34234 2.3859 -0.18273 1039.7 -0.14095 4.7087 0.13007 0.035984 5
1315.7 33533 2.3859 -0.18358 1022.4 -0.12745 4.7111 0.12919 0.034867 5
1325.2 32515 2.3859 -0.18505 981.01 -0.086249 4.7161 0.12687 0.030799 5
1333.2 31981 2.3859 -0.18626 938.84 -0.045802 4.72 0.12394 0.035944 5
1335.4 31907 2.3859 -0.18658 925.85 -0.035436 4.721 0.12271 0.042417 5
1339 31837 2.3859 -0.18708 904.75 -0.019555 4.7228 0.11977 0.038559 5
1345.3 31767 2.3859 -0.18795 866.83 0.00058343 4.726 0.11262 0.027363 5
1350.6 31775 2.386 -0.18866 835.96 0.00033629 4.728 0.10482 0.026454 5
1352.1 31781 2.386 -0.18885 827.48 -9.0457e-05 4.7284 0.10217 0.026347 5
1355.7 31797 2.386 -0.1893 807.41 -0.0015494 4.7295 0.095717 0.026165 5
1362 31822 2.386 -0.19009 773.35 -0.0055196 4.7313 0.087012 0.025791 5
1367.3 31813 2.386 -0.19072 747.1 -0.011979 4.7328 0.085714 0.024619 5
1368.8 31793 2.386 -0.19089 740.31 -0.016339 4.7332 0.085723 0.023711 5
1372.3 31711 2.386 -0.1913 724.61 -0.030944 4.7341 0.085759 0.020839 5
1378.6 31492 2.386 -0.19199 697.86 -0.06295 4.7357 0.085871 0.016202 5
1384 31236 2.386 -0.19257 675.58 -0.086734 4.7366 0.086046 0.040554 5
1385.5 31139 2.386 -0.19272 669.62 -0.093266 4.7368 0.086155 0.049268 5
1389 30893 2.3861 -0.19309 655.83 -0.11022 4.7378 0.087637 0.039671 5
1395.3 30389 2.3861 -0.19372 631.44 -0.13984 4.7399 0.093895 0.012529 5
1400.7 29897 2.3861 -0.19423 609.14 -0.16034 4.741 0.10242 0.011481 5
1402.1 29750 2.3861 -0.19436 602.83 -0.16593 4.7413 0.1057 0.011408 5
1405.7 29383 2.3861 -0.19469 587.4 -0.17856 4.7418 0.11442 0.011289 5
1412 28711 2.3861 -0.19525 558.81 -0.19563 4.7429 0.12989 0.011044 5
1417.3 28152 2.3861 -0.19569 533.16 -0.20196 4.7439 0.13957 0.010132 5
1418.8 27996 2.3861 -0.19581 525.7 -0.20316 4.7443 0.14212 0.0093605 5
1422.4 27619 2.3861 -0.19609 507.28 -0.20567 4.7453 0.14803 0.0068781 5
1428.7 26962 2.3862 -0.19656 473.97 -0.20836 4.7467 0.15557 0.0028289 5
1434 26450 2.3862 -0.19694 446.64 -0.20836 4.747 0.15684 0.024925 5
1435.5 26318 2.3862 -0.19704 439.34 -0.20812 4.7471 0.15699 0.032826 5
1439 26005 2.3862 -0.19728 422.15 -0.20667 4.7481 0.15891 0.024635 5
1445.3 25479 2.3862 -0.19767 393.04 -0.20139 4.7509 0.16485 0.0017133 5
1450.7 25090 2.3862 -0.19798 370.51 -0.1939 4.7513 0.16833 0.001446 5
1452.2 24988 2.3862 -0.19806 364.45 -0.191 4.7514 0.1693 0.0015825 5
1455.7 24751 2.3862 -0.19826 350.33 -0.18335 4.7516 0.17146 0.0019716 5
1462 24365 2.3862 -0.19859 327.34 -0.17031 4.7518 0.17279 0.0025807 5
1467.4 24077 2.3862 -0.19885 310.75 -0.1632 4.7522 0.17279 0.0022138 5
1468.8 24005 2.3862 -0.19892 306.56 -0.16148 4.7524 0.17279 0.0015213 5
1472.4 23840 2.3863 -0.19908 297.06 -0.15759 4.7529 0.1727 -0.00087963 5
1478.7 23565 2.3863 -0.19936 281.94 -0.15295 4.7535 0.17023 -0.0049759 5
1484 23337 2.3863 -0.19959 271.03 -0.15744 4.7526 0.16912 0.025599 5
1485.5 23275 2.3863 -0.19966 268.46 -0.16077 4.7523 0.16902 0.036472 5
1489.1 23122 2.3863 -0.1998 262.62 -0.16685 4.7536 0.17045 0.025899 5
1495.4 22843 2.3863 -0.20005 253.45 -0.17753 4.7571 0.17279 -0.0036906 5
1500.7 22600 2.3863 -0.20026 246.89 -0.18732 4.7567 0.17279 -0.0038465 5
1502.2 22532 2.3863 -0.20031 245.15 -0.19004 4.7564 0.17279 -0.0035489 5
1505.7 22368 2.3863 -0.20044 241.19 -0.19678 4.7554 0.17279 -0.0027007 5
1512 22065 2.3863 -0.20067 235.29 -0.21026 4.7539 0.17185 -0.001373 5
1517.4 21794 2.3863 -0.20087 231.79 -0.22427 4.7538 0.16919 -0.0014226 5
1518.9 21716 2.3863 -0.20092 230.89 -0.22876 4.7539 0.16739 -0.0018165 5
1522.4 21526 2.3863 -0.20104 228.89 -0.24063 4.7543 0.16153 -0.0031822 5
1528.7 21169 2.3863 -0.20126 226.52 -0.26509 4.755 0.14994 -0.0055123 5
1534.1 20841 2.3864 -0.20144 226.45 -0.29175 4.7538 0.14374 0.025024 5
1535.5 20744 2.3864 -0.20149 226.56 -0.2981 4.7534 0.14257 0.035809 5
1540.8 20380 2.3864 -0.20167 227.04 -0.31155 4.7562 0.13962 0.015796 5
1550.3 19717 2.3864 -0.20199 227.17 -0.31554 4.7585 0.13381 -0.004086 5
1558.3 19153 2.3864 -0.20226 226.05 -0.30457 4.7559 0.12675 -0.0034623 5
1560.6 19002 2.3864 -0.20234 225.61 -0.30067 4.7552 0.12489 -0.0033068 5
1565.9 18653 2.3864 -0.20251 224.41 -0.29131 4.7544 0.12122 -0.00318 5
1575.3 18077 2.3864 -0.20283 219.78 -0.26983 4.7544 0.11659 -0.0058999 5
1583.3 17625 2.3864 -0.20309 214.46 -0.24971 4.7531 0.11324 0.016263 5
1585.6 17509 2.3864 -0.20316 212.75 -0.24457 4.752 0.11248 0.039593 5
1590.9 17245 2.3864 -0.20333 208.36 -0.23352 4.7557 0.11151 0.017226 5
1600.3 16805 2.3865 -0.20363 200.49 -0.22803 4.7584 0.10983 -0.0051223 5
1608.4 16453 2.3865 -0.20387 193.99 -0.23014 4.7538 0.10792 -0.00499 5
1610.6 16357 2.3865 -0.20394 192.31 -0.23101 4.7527 0.10745 -0.0049342 5
1615.9 16123 2.3865 -0.20409 188.73 -0.23354 4.7515 0.10657 -0.0047719 5
1625.3 15703 2.3865 -0.20436 183.49 -0.24967 4.752 0.10569 -0.0039494 5
1633.4 15338 2.3865 -0.20458 179.71 -0.25867 4.7516 0.10481 0.021678 5
1635.6 15235 2.3865 -0.20464 178.77 -0.25934 4.751 0.10452 0.045435 5
1640.9 14992 2.3865 -0.20478 176.35 -0.26037 4.756 0.10416 0.020809 5
1650.4 14568 2.3865 -0.20503 171.88 -0.26126 4.7596 0.10327 -0.0054434 5
1658.4 14217 2.3865 -0.20523 167.98 -0.26155 4.7534 0.10174 -0.0065324 5
1660.6 14120 2.3865 -0.20529 166.91 -0.26165 4.7519 0.10129 -0.0066801 5
1665.9 13891 2.3865 -0.20542 164.45 -0.2621 4.7504 0.10031 -0.0067867 5
1675.4 13491 2.3865 -0.20566 160.26 -0.26799 4.7506 0.098676 -0.0044188 5
1683.4 13151 2.3865 -0.20585 157.07 -0.2732 4.7504 0.097623 0.025719 5
1685.6 13057 2.3866 -0.2059 156.27 -0.27399 4.7502 0.097414 0.050491 5
1689.1 12907 2.3866 -0.20598 154.89 -0.27441 4.7535 0.097092 0.036559 5
1695.5 12645 2.3866 -0.20613 152.36 -0.27489 4.7628 0.096489 -0.0034 5
1700.8 12425 2.3866 -0.20625 150.26 -0.27578 4.761 0.095719 -0.0061674 5
1702.3 12365 2.3866 -0.20628 149.68 -0.27611 4.7597 0.095456 -0.0065926 5
1705.8 12221 2.3866 -0.20636 148.29 -0.27702 4.7559 0.094782 -0.0074063 5
1712.1 11966 2.3866 -0.2065 145.88 -0.27898 4.7501 0.093602 -0.0081809 5
1717.5 11752 2.3866 -0.20662 143.95 -0.28111 4.7491 0.09282 -0.0081239 5
1719 11693 2.3866 -0.20665 143.44 -0.282 4.7491 0.092625 -0.0078692 5
1722.5 11552 2.3866 -0.20673 142.24 -0.28443 4.749 0.092179 -0.0066524 5
1728.8 11302 2.3866 -0.20686 140.15 -0.28795 4.749 0.091502 -0.001882 5
1734.2 11089 2.3866 -0.20697 138.42 -0.28767 4.7489 0.091104 0.041703 5
1735.6 11031 2.3866 -0.207 137.94 -0.28744 4.7489 0.091014 0.055367 5
1739.2 10893 2.3866 -0.20708 136.72 -0.2876 4.7532 0.090792 0.040513 5
1745.5 10651 2.3866 -0.20721 134.55 -0.28845 4.7652 0.090397 -0.0026574 5
1750.8 10446 2.3866 -0.20731 132.89 -0.29011 4.7629 0.090008 -0.0067623 5
1752.3 10390 2.3866 -0.20734 132.45 -0.29086 4.7612 0.089887 -0.0074766 5
1755.8 10256 2.3866 -0.20741 131.42 -0.29292 4.7565 0.089599 -0.0088576 5
1762.2 10017 2.3866 -0.20754 129.66 -0.29649 4.7489 0.089178 -0.010197 5
1767.5 9815.1 2.3866 -0.20764 128.26 -0.29831 4.7474 0.089018 -0.010119 5
1769 9759.4 2.3866 -0.20767 127.9 -0.29873 4.7473 0.088994 -0.0097148 5
1772.5 9626.1 2.3866 -0.20773 127.05 -0.29968 4.7471 0.088948 -0.0078314 5
1778.8 9390 2.3866 -0.20785 125.55 -0.3008 4.7469 0.088871 -0.000725 5
1784.2 9191.9 2.3866 -0.20795 124.13 -0.29919 4.7475 0.08876 0.044305 5
1785.7 9137.9 2.3866 -0.20798 123.72 -0.29858 4.748 0.088718 0.057758 5
1789.2 9009.5 2.3866 -0.20805 122.72 -0.29871 4.7537 0.088596 0.04235 5
1795.5 8783.5 2.3866 -0.20816 120.97 -0.29937 4.767 0.08834 -0.0026531 5
1800.9 8593.1 2.3867 -0.20826 119.61 -0.30062 4.7642 0.088084 -0.0073707 5
1802.3 8540.8 2.3867 -0.20828 119.24 -0.30117 4.7622 0.088002 -0.0082175 5
1805.9 8415.7 2.3867 -0.20835 118.39 -0.30267 4.7564 0.087805 -0.0098607 5
1812.2 8193.9 2.3867 -0.20846 116.93 -0.30519 4.7472 0.087545 -0.011466 5
1817.5 8006.8 2.3867 -0.20855 115.74 -0.3063 4.7453 0.087507 -0.011358 5
1819 7955.2 2.3867 -0.20858 115.42 -0.30653 4.7451 0.087509 -0.010851 5
1822.5 7832.1 2.3867 -0.20864 114.69 -0.30703 4.7448 0.087515 -0.00852 5
1828.9 7614.1 2.3867 -0.20874 113.38 -0.3076 4.7446 0.087536 9.0232e-05 5
1834.2 7431.2 2.3867 -0.20883 112.16 -0.3062 4.7456 0.087592 0.046481 5
1835.7 7381.3 2.3867 -0.20886 111.81 -0.30569 4.7466 0.087606 0.059965 5
1839.2 7262.6 2.3867 -0.20892 110.96 -0.30582 4.7536 0.087584 0.044311 5
1845.5 7053.3 2.3867 -0.20902 109.48 -0.30646 4.769 0.087482 -0.0017144 5
1850.9 6877.1 2.3867 -0.20911 108.34 -0.3076 4.7658 0.087346 -0.0071406 5
1852.4 6828.7 2.3867 -0.20913 108.03 -0.30809 4.7636 0.087293 -0.0081485 5
1855.9 6712.8 2.3867 -0.20919 107.32 -0.30941 4.7571 0.08716 -0.010114 5
1862.2 6507.4 2.3867 -0.20929 106.11 -0.31159 4.7468 0.086971 -0.012052 5
1867.5 6334.1 2.3867 -0.20937 105.13 -0.3125 4.7446 0.086942 -0.011934 5
1869 6286.4 2.3867 -0.2094 104.87 -0.31268 4.7445 0.086942 -0.011345 5
1872.6 6172.3 2.3867 -0.20945 104.28 -0.31307 4.7442 0.086942 -0.0086687 5
1878.9 5970.3 2.3867 -0.20955 103.21 -0.3135 4.7439 0.086944 0.0010282 5
1884.2 5800.6 2.3867 -0.20963 102.21 -0.31229 4.7455 0.087056 0.046915 5
1885.7 5754.3 2.3867 -0.20965 101.91 -0.3118 4.747 0.087116 0.059921 5
1889.2 5644.1 2.3867 -0.20971 101.2 -0.31164 4.7551 0.087199 0.044427 5
1895.5 5449.8 2.3867 -0.2098 99.941 -0.31152 4.7718 0.087286 -0.0013935 5
1900.9 5286.6 2.3867 -0.20988 98.955 -0.31195 4.7681 0.087263 -0.0073276 5
1902.4 5241.8 2.3867 -0.2099 98.689 -0.31224 4.7655 0.087245 -0.008458 5
1905.9 5134.7 2.3867 -0.20996 98.065 -0.31313 4.7581 0.087187 -0.010672 5
1912.2 4944.7 2.3867 -0.21005 97.02 -0.31503 4.7464 0.087043 -0.012872 5
1917.6 4784 2.3867 -0.21012 96.224 -0.31657 4.7443 0.086874 -0.012711 5
1919.1 4739.7 2.3867 -0.21015 96.02 -0.31709 4.7443 0.086795 -0.011991 5
1922.6 4633.9 2.3867 -0.2102 95.552 -0.31842 4.7442 0.086562 -0.008717 5
1928.9 4445.8 2.3867 -0.21029 94.757 -0.32025 4.7441 0.086117 0.0031498 5
1934.2 4286.6 2.3867 -0.21036 94.092 -0.32035 4.7471 0.085865 0.059463 5
1935.7 4242.8 2.3867 -0.21038 93.906 -0.32032 4.7497 0.085808 0.075432 5
1939.7 4125.3 2.3867 -0.21044 93.37 -0.3203 4.7674 0.085671 0.044311 5
1946.8 3918 2.3867 -0.21053 92.404 -0.32044 4.7771 0.085302 -0.0097257 5
1952.8 3743.5 2.3868 -0.21062 91.59 -0.32135 4.7556 0.084723 -0.030404 5
1954.5 3695.4 2.3868 -0.21064 91.375 -0.3217 4.7497 0.084543 -0.033914 5
1958.5 3580.3 2.3868 -0.21069 90.895 -0.32265 4.7412 0.084118 -0.03667 5
1965.6 3375.8 2.3868 -0.21079 90.131 -0.32675 4.735 0.083265 0.0047356 5
1971.6 3201.7 2.3868 -0.21087 89.595 -0.32884 4.7431 0.08267 0.060924 5
1973.2 3153.5 2.3868 -0.21089 89.465 -0.32894 4.7569 0.082542 0.072826 5
1977.2 3038.8 2.3868 -0.21094 89.064 -0.32878 4.7768 0.082168 0.040406 5
1984.3 2835.7 2.3868 -0.21104 88.31 -0.32896 4.7814 0.081192 -0.013983 5
1990.3 2664.2 2.3868 -0.21112 87.68 -0.33106 4.7555 0.079912 -0.033339 5
1992 2616.9 2.3868 -0.21114 87.521 -0.33183 4.7484 0.079534 -0.036579 5
1996 2503 2.3868 -0.21119 87.195 -0.33379 4.7382 0.07867 -0.039062 5
2003.1 2299.4 2.3868 -0.21128 86.741 -0.34036 4.7309 0.077159 0.0042722 5
2009.1 2125.1 2.3868 -0.21136 86.462 -0.34253 4.7392 0.075981 0.060728 5
2010.8 2076.5 2.3868 -0.21138 86.397 -0.34245 4.7536 0.075668 0.072121 5
2013.4 1999.6 2.3868 -0.21141 86.226 -0.34269 4.7683 0.075019 0.056692 5
2018.1 1862.9 2.3868 -0.21147 85.879 -0.34392 4.7855 0.07359 0.0056253 5
2022.2 1746.1 2.3868 -0.21152 85.699 -0.34612 4.7801 0.072114 -0.012603 5
2023.3 1713.8 2.3868 -0.21154 85.653 -0.34708 4.7765 0.071648 -0.017009 5
2025.9 1636.1 2.3868 -0.21157 85.551 -0.3498 4.7657 0.070486 -0.026338 5
2030.7 1496.9 2.3868 -0.21163 85.431 -0.35505 4.7468 0.068467 -0.036887 5
2034.7 1377.2 2.3868 -0.21168 85.426 -0.35897 4.7392 0.067074 -0.035405 5
2035.8 1343.8 2.3868 -0.21169 85.444 -0.36017 4.7377 0.066742 -0.030954 5
2038.4 1263.5 2.3868 -0.21173 85.505 -0.36313 4.7346 0.065995 -0.014119 5
2043.2 1119.3 2.3868 -0.21179 85.608 -0.36701 4.731 0.064691 0.025899 5
2047.2 996.01 2.3868 -0.21184 85.601 -0.36537 4.7455 0.063419 0.062342 5
2048.3 961.78 2.3868 -0.21185 85.588 -0.36465 4.7543 0.063054 0.067586 5
2050.9 878.87 2.3868 -0.21188 85.57 -0.36554 4.7697 0.062049 0.053549 5
2055.7 732.5 2.3868 -0.21194 85.536 -0.36802 4.7882 0.060652 0.0062021 5
2059.7 709.9 2.3868 -0.21199 85.132 -0.36219 4.7796 0.062261 -0.012591 5
2060.8 709.9 2.3868 -0.21201 84.872 -0.35821 4.7739 0.063379 -0.017261 5
2063.4 709.9 2.3868 -0.21204 84.05 -0.34583 4.7576 0.066889 -0.027272 5
2068.2 709.9 2.3868 -0.2121 82.128 -0.31936 4.7322 0.074639 -0.038799 5
2072.2 709.9 2.3868 -0.21215 80.207 -0.29752 4.7292 0.08163 -0.033692 5
2073.3 709.9 2.3868 -0.21216 79.493 -0.29002 4.7312 0.084243 -0.023304 5
2075.9 709.9 2.3868 -0.21219 77.493 -0.27063 4.7399 0.091191 0.01672 5
2080.7 709.9 2.3868 -0.21225 73.619 -0.24393 4.7689 0.10101 0.11735 5
2084.7 709.9 2.3868 -0.21229 70.817 -0.24814 4.841 0.10188 0.21367 5
2085.8 709.9 2.3868 -0.2123 70.101 -0.25476 4.8804 0.10136 0.24572 0
