time (s) altitude (m) velocity (m/s) mass (kg) dynamic pressure (Pa)trajectory angle (rad) Lift (N)Drag (N)heading angle (rad) latitude (rad) angle of attack (rad) 
585.1 43963 2533.4 3300 6982.4 0.18986 9751.3 3679.7 1.8313 -0.11597 0.31469
585.91 44352 2541.5 3267 6652.6 0.1895 9287.7 3503.8 1.8313 -0.11566 0.31462
587.36 45046 2556.2 3266.5 6106.7 0.18876 8507.8 3205.1 1.8313 -0.11511 0.31417
588.59 45636 2568.8 3248.3 5681.9 0.18804 7931.1 2991.2 1.8314 -0.11465 0.31457
588.93 45799 2572.4 3243.3 5570.4 0.18783 7773 2931 1.8314 -0.11452 0.3145
589.74 46190 2580.9 3231.2 5312.8 0.18731 7411.5 2794 1.8314 -0.11421 0.31444
591.19 46887 2596.3 3209.8 4886.2 0.18632 6790.8 2555.3 1.8314 -0.11365 0.31362
592.42 47478 2609.5 3191.6 4575.6 0.18541 6361.4 2393.6 1.8315 -0.11318 0.31367
592.76 47642 2613.2 3186.6 4494.9 0.18515 6248.9 2351 1.8315 -0.11305 0.31366
593.57 48033 2622.1 3174.5 4307.4 0.18452 5993 2255.2 1.8315 -0.11273 0.31382
595.02 48730 2638.1 3153.1 3992.9 0.18336 5558.4 2091.5 1.8316 -0.11217 0.31392
596.25 49321 2651.8 3134.9 3744.5 0.18235 5221.7 1966 1.8316 -0.11169 0.31428
596.59 49485 2655.7 3129.8 3678.7 0.18206 5128.3 1930.3 1.8316 -0.11156 0.3142
597.4 49876 2664.9 3117.8 3525.9 0.18137 4918 1851.5 1.8316 -0.11124 0.31431
598.85 50572 2681.5 3096.3 3269.6 0.18011 4561.8 1717.3 1.8317 -0.11066 0.31435
600.08 51162 2695.7 3078.1 3072.3 0.17902 4291.8 1616.4 1.8317 -0.11017 0.31458
600.42 51325 2699.7 3073.1 3023.5 0.17871 4222.2 1589.7 1.8317 -0.11004 0.31451
601.24 51716 2709.2 3061.1 2909.5 0.17798 4067.9 1532.3 1.8318 -0.10971 0.31474
602.69 52410 2726.4 3039.6 2716.2 0.17667 3798.2 1430.2 1.8318 -0.10913 0.31474
603.91 52999 2741.1 3021.4 2561.4 0.17554 3578.6 1346.3 1.8318 -0.10863 0.31452
604.25 53162 2745.2 3016.4 2520.1 0.17523 3518.5 1323 1.8318 -0.10849 0.31437
605.07 53551 2755.1 3004.3 2423.5 0.17448 3387.6 1274.3 1.8319 -0.10816 0.31459
606.52 54243 2772.8 2982.9 2259.9 0.17313 3157.5 1186.8 1.8319 -0.10757 0.31446
607.75 54830 2788 2964.7 2129 0.17199 2967.3 1113.5 1.8319 -0.10706 0.31389
608.09 54992 2792.2 2959.7 2094.1 0.17167 2917 1094.3 1.8319 -0.10692 0.31376
608.9 55380 2802.4 2947.6 2012.6 0.17091 2811.6 1055.9 1.832 -0.10658 0.31437
610.35 56070 2820.7 2926.2 1874.5 0.16956 2618.1 982.58 1.832 -0.10598 0.31428
611.58 56655 2836.4 2908 1764.2 0.1684 2443.1 913.3 1.832 -0.10547 0.31238
611.92 56816 2840.7 2902.9 1734.8 0.16808 2399 896.22 1.832 -0.10532 0.31206
612.73 57203 2851.2 2890.9 1666.1 0.16731 2306 861.54 1.8321 -0.10498 0.31222
614.18 57890 2870.1 2869.4 1550 0.16594 2127.5 791.62 1.8321 -0.10437 0.31037
615.41 58473 2886.3 2851.2 1457.3 0.16477 1969.4 727.43 1.8321 -0.10384 0.30699
615.75 58634 2890.8 2846.2 1432.6 0.16444 1931.3 712.45 1.8322 -0.1037 0.30646
616.56 59018 2901.6 2834.2 1375 0.16366 1850.4 681.69 1.8322 -0.10335 0.30606
618.01 59703 2921.1 2812.7 1277.7 0.16225 1694.1 619.46 1.8322 -0.10272 0.3029
619.24 60282 2937.9 2794.5 1200.1 0.16105 1562.2 566.04 1.8322 -0.10219 0.29904
619.58 60442 2942.5 2789.5 1179.5 0.16071 1530.7 553.75 1.8322 -0.10204 0.29842
620.39 60825 2953.7 2777.4 1131.3 0.15991 1463.8 528.48 1.8323 -0.10168 0.29778
621.84 61506 2973.9 2756 1050 0.15847 1334.5 477.26 1.8323 -0.10105 0.29411
623.07 62082 2991.1 2737.8 985.31 0.15724 1228.1 434.65 1.8323 -0.1005 0.29019
623.41 62241 2996 2732.8 968.11 0.15689 1202.8 424.93 1.8323 -0.10035 0.28956
624.22 62622 3007.5 2720.7 928 0.15607 1149 404.97 1.8324 -0.099991 0.28887
625.67 63298 3028.3 2699.3 860.34 0.15461 1046.7 365.21 1.8324 -0.099342 0.28542
626.9 63871 3046.1 2681.1 806.56 0.15337 964.27 333.04 1.8324 -0.098788 0.28205
627.24 64029 3051.1 2676 792.26 0.15302 944.65 325.7 1.8324 -0.098635 0.28154
628.06 64407 3063 2664 758.96 0.1522 903.5 311 1.8325 -0.098266 0.28122
629.51 65079 3084.5 2642.5 702.83 0.15074 826.55 282.37 1.8325 -0.097605 0.27889
630.73 65648 3102.8 2624.3 658.24 0.14951 762.06 258.57 1.8325 -0.09704 0.27581
631.07 65805 3108 2619.3 646.4 0.14916 746 252.74 1.8325 -0.096884 0.2752
631.89 66180 3120.3 2607.3 618.82 0.14835 711.01 240.29 1.8325 -0.096508 0.27433
633.34 66848 3142.4 2585.8 572.38 0.1469 641.95 214.67 1.8326 -0.095835 0.26973
634.57 67413 3161.3 2567.6 535.54 0.14565 585.57 193.63 1.8326 -0.095259 0.26503
634.91 67568 3166.6 2562.6 525.77 0.14531 572.41 188.88 1.8326 -0.0951 0.26423
635.72 67941 3179.3 2550.6 503.01 0.14448 543.63 178.68 1.8326 -0.094717 0.26289
637.17 68603 3202.1 2529.1 464.73 0.14301 487.11 157.8 1.8327 -0.094031 0.25743
638.4 69164 3221.7 2510.9 434.4 0.14175 443.55 141.84 1.8327 -0.093444 0.25289
638.74 69318 3227.1 2505.9 426.36 0.1414 433.6 138.35 1.8327 -0.093282 0.25221
639.81 69805 3244.4 2490 401.89 0.1403 404.07 128.07 1.8327 -0.092767 0.25026
641.93 70764 3278.9 2458.6 357.27 0.13813 346.67 108.18 1.8328 -0.091741 0.24442
644.28 71822 3318 2423.8 312.33 0.13573 292.34 90.537 1.8328 -0.090589 0.23829
645.96 72577 3346.4 2398.9 283.39 0.13401 255.47 78.421 1.8328 -0.089756 0.23212
646.4 72772 3353.9 2392.4 276.3 0.13356 246.94 75.649 1.8329 -0.089538 0.23073
647.16 73109 3366.8 2381.2 264.48 0.13278 233.74 71.432 1.8329 -0.089161 0.22895
648.73 73811 3394.1 2357.9 241.35 0.13115 199.75 59.942 1.8329 -0.088368 0.2189
650.71 74684 3428.8 2328.7 215.23 0.12897 148.11 42.875 1.8329 -0.087368 0.1926
652.55 75492 3461.9 2301.4 193.46 0.12668 101.83 28.969 1.833 -0.086427 0.15967
653.76 76021 3484 2283.5 180.36 0.12501 77.923 22.447 1.833 -0.085801 0.13913
654.06 76153 3489.7 2279 177.21 0.12458 72.686 21.241 1.833 -0.085643 0.13359
655.13 76616 3509.5 2263.1 166.62 0.12298 56.201 17.416 1.833 -0.085086 0.11509
657.25 77521 3549.4 2231.7 147.61 0.11954 30.738 12.074 1.8331 -0.083973 0.078008
659.6 78505 3594.7 2196.9 129.3 0.11529 10.559 8.9169 1.8331 -0.082724 0.037048
661.29 79195 3627.6 2172 117.79 0.11197 1.9214 7.8483 1.8331 -0.08182 0.0076198
661.73 79371 3636.3 2165.5 115 0.11106 1.7202e-16 7.6071 1.8331 -0.081583 0
661.73 79371 3636.3 2165.5 115 0.11106 1.7202e-16 7.6071 1.8331 -0.081583 0
662.73 79774 3635.2 2165.5 107.64 0.10898 -6.6915e-16 7.1279 1.8331 -0.081042 0
663.73 80166 3634.2 2165.5 100.91 0.10689 7.4758e-16 6.6896 1.8332 -0.080501 0
664.73 80550 3633.3 2165.5 94.692 0.1048 1.4164e-16 6.2846 1.8332 -0.07996 0
665.73 80926 3632.3 2165.5 88.952 0.10271 3.9188e-16 5.91 1.8332 -0.079419 0
666.73 81295 3631.4 2165.5 83.647 0.10062 -9.1141e-16 5.5622 1.8332 -0.078879 0
667.73 81656 3630.4 2165.5 78.741 0.098527 -4.5421e-16 5.2344 1.8332 -0.078338 0
668.73 82009 3629.5 2165.5 74.201 0.096434 5.707e-16 4.9312 1.8332 -0.077797 0
669.73 82355 3628.7 2165.5 70 0.09434 -4.0379e-16 4.6506 1.8332 -0.077257 0
670.73 82693 3627.8 2165.5 66.107 0.092245 -3.8134e-16 4.3908 1.8333 -0.076716 0
671.73 83023 3627 2165.5 62.5 0.090149 -8.8129e-16 4.15 1.8333 -0.076175 0
672.73 83346 3626.1 2165.5 59.155 0.088052 -5.3081e-16 3.9268 1.8333 -0.075635 0
673.73 83661 3625.3 2165.5 56.053 0.085954 -3.5926e-17 3.7199 1.8333 -0.075094 0
674.73 83968 3624.6 2165.5 53.173 0.083856 -7.4978e-16 3.5279 1.8333 -0.074554 0
675.73 84268 3623.8 2165.5 50.5 0.081756 2.2657e-16 3.3496 1.8333 -0.074014 0
676.73 84560 3623.1 2165.5 48.016 0.079656 2.1543e-16 3.1841 1.8333 -0.073473 0
677.73 84844 3622.3 2165.5 45.701 0.077555 -2.9292e-17 3.0298 1.8333 -0.072933 0
678.73 85121 3621.7 2034.6 0 0.075454 -0 0 1.8333 -0.072393 0
679.73 85390 3621 2034.6 0 0.073351 -0 0 1.8334 -0.071853 0
680.73 85652 3620.3 2034.6 0 0.071248 0 0 1.8334 -0.071313 0
681.73 85906 3619.7 2034.6 0 0.069144 -0 0 1.8334 -0.070773 0
682.73 86152 3619.1 2034.6 0 0.06704 -0 0 1.8334 -0.070232 0
683.73 86391 3618.5 2034.6 0 0.064935 -0 0 1.8334 -0.069692 0
684.73 86622 3617.9 2034.6 0 0.062829 -0 0 1.8334 -0.069152 0
685.73 86845 3617.3 2034.6 0 0.060723 0 0 1.8334 -0.068612 0
686.73 87061 3616.8 2034.6 0 0.058616 -0 0 1.8334 -0.068073 0
687.73 87269 3616.3 2034.6 0 0.056508 -0 0 1.8334 -0.067533 0
688.73 87469 3615.8 2034.6 0 0.0544 -0 0 1.8334 -0.066993 0
689.73 87662 3615.3 2034.6 0 0.052292 -0 0 1.8334 -0.066453 0
690.73 87847 3614.9 2034.6 0 0.050183 -0 0 1.8334 -0.065913 0
691.73 88025 3614.4 2034.6 0 0.048073 0 0 1.8335 -0.065373 0
692.73 88195 3614 2034.6 0 0.045963 -0 0 1.8335 -0.064834 0
693.73 88357 3613.6 2034.6 0 0.043852 -0 0 1.8335 -0.064294 0
694.73 88511 3613.2 2034.6 0 0.041742 0 0 1.8335 -0.063754 0
695.73 88658 3612.9 2034.6 0 0.03963 -0 0 1.8335 -0.063214 0
696.73 88798 3612.5 2034.6 0 0.037519 0 0 1.8335 -0.062675 0
697.73 88929 3612.2 2034.6 0 0.035407 -0 0 1.8335 -0.062135 0
698.73 89053 3611.9 2034.6 0 0.033294 -0 0 1.8335 -0.061595 0
699.73 89170 3611.7 2034.6 0 0.031182 -0 0 1.8335 -0.061056 0
700.73 89279 3611.4 2034.6 0 0.029069 -0 0 1.8335 -0.060516 0
701.73 89380 3611.2 2034.6 0 0.026956 -0 0 1.8335 -0.059977 0
702.73 89473 3611 2034.6 0 0.024842 0 0 1.8335 -0.059437 0
703.73 89559 3610.8 2034.6 0 0.022729 -0 0 1.8335 -0.058897 0
704.73 89637 3610.6 2034.6 0 0.020615 -0 0 1.8335 -0.058358 0
705.73 89708 3610.4 2034.6 0 0.018501 0 0 1.8335 -0.057818 0
706.73 89771 3610.3 2034.6 0 0.016387 -0 0 1.8335 -0.057279 0
707.73 89826 3610.2 2034.6 0 0.014272 -0 0 1.8335 -0.056739 0
708.73 89874 3610.1 2034.6 0 0.012158 -0 0 1.8335 -0.0562 0
709.73 89914 3610 2034.6 0 0.010043 0 0 1.8335 -0.05566 0
710.73 89947 3610 2034.6 0 0.0079288 -0 0 1.8335 -0.055121 0
711.73 89971 3610 2034.6 0 0.0058142 -0 0 1.8335 -0.054581 0
712.73 89989 3609.9 2034.6 0 0.0036995 0 0 1.8335 -0.054041 0
713.73 89998 3610 2034.6 0 0.0015848 0 0 1.8335 -0.053502 0
714.73 90000 3610 2034.6 0 0 0 0 1.8335 -0.052962 0
