time (s) altitude (m) longitude (rad) latitude (rad) velocity (m/s) trajectory angle (rad) heading angle (rad) angle of attack (rad) bank angle (rad) fuel mass (kg) Third Stage (flag)
124.64 25404 2.3915 -0.20544 1616.4 0.025221 0.98769 7.7104e-05 0.55335 1562 1
128.52 25535 2.392 -0.20461 1633.1 0.017544 0.99671 0.014645 0.54738 1551.8 1
135.45 25713 2.393 -0.2031 1666.1 0.015294 1.0186 0.023982 0.52369 1531.7 1
141.33 25875 2.3938 -0.20178 1696.2 0.017385 1.0383 0.026259 0.51243 1513.1 1
142.95 25923 2.394 -0.20141 1704.8 0.018369 1.0439 0.029142 0.51341 1507.8 1
146.84 26056 2.3946 -0.2005 1726 0.021072 1.0573 0.026016 0.519 1494.6 1
153.77 26321 2.3955 -0.19885 1765.2 0.022321 1.0801 0.023055 0.56521 1470.4 1
159.65 26553 2.3963 -0.1974 1799.3 0.02191 1.1004 0.025367 0.6201 1449.2 1
161.27 26617 2.3965 -0.19699 1808.5 0.022049 1.1065 0.026057 0.62957 1443.3 1
165.16 26776 2.397 -0.196 1830.9 0.022652 1.1216 0.028152 0.65667 1429 1
172.08 27066 2.3978 -0.19418 1870.8 0.022155 1.15 0.026481 0.74203 1403.7 1
177.96 27296 2.3985 -0.19259 1904.4 0.018825 1.1745 0.026259 0.79486 1382.4 1
179.58 27352 2.3987 -0.19214 1913.8 0.017871 1.1815 0.033598 0.80311 1376.5 1
183.47 27489 2.3992 -0.19105 1936.8 0.018779 1.2018 0.038418 0.81922 1361.6 1
190.4 27755 2.3999 -0.18906 1977.8 0.020203 1.2389 0.035767 0.8474 1335 1
196.28 27988 2.4005 -0.18732 2012.1 0.019052 1.268 0.03381 0.84432 1312.8 1
197.9 28049 2.4006 -0.18684 2021.6 0.01881 1.2759 0.034809 0.84324 1306.7 1
201.79 28195 2.401 -0.18565 2044.3 0.017991 1.2943 0.032935 0.83654 1292.2 1
208.72 28440 2.4016 -0.18349 2084.6 0.016358 1.3255 0.032899 0.81464 1266.3 1
214.59 28637 2.402 -0.18161 2118.5 0.015708 1.3511 0.033316 0.79816 1244.4 1
216.22 28691 2.4022 -0.18109 2127.7 0.015587 1.358 0.032902 0.79407 1238.3 1
220.11 28820 2.4024 -0.17982 2149.2 0.015237 1.3741 0.032012 0.78089 1223.9 1
227.03 29038 2.4029 -0.17751 2185.2 0.013731 1.4 0.027659 0.73365 1198.5 1
232.91 29205 2.4032 -0.17552 2214 0.012109 1.4194 0.028145 0.69847 1177.3 1
234.53 29248 2.4033 -0.17496 2221.7 0.011975 1.4248 0.028167 0.69211 1171.4 1
238.42 29350 2.4035 -0.17362 2239.7 0.011473 1.4372 0.027726 0.67559 1157.3 1
245.35 29523 2.4038 -0.1712 2270.3 0.010748 1.4577 0.026557 0.63036 1132.4 1
251.23 29663 2.404 -0.16911 2294.8 0.010148 1.4736 0.025476 0.60709 1111.4 1
252.85 29701 2.404 -0.16853 2301.4 0.0099211 1.4778 0.025444 0.60293 1105.6 1
256.74 29787 2.4042 -0.16713 2316.7 0.009398 1.4877 0.024944 0.594 1091.8 1
263.67 29932 2.4044 -0.16462 2342.7 0.0084772 1.5047 0.024732 0.57496 1067.4 1
269.54 30044 2.4045 -0.16246 2363.7 0.0078634 1.5186 0.024777 0.56914 1046.6 1
271.17 30074 2.4045 -0.16186 2369.4 0.0076978 1.5224 0.024713 0.56728 1040.9 1
273.76 30121 2.4046 -0.1609 2378.2 0.0074828 1.5284 0.025116 0.56427 1031.8 1
278.38 30203 2.4046 -0.15918 2393.5 0.0074229 1.5391 0.025825 0.55153 1015.5 1
282.29 30273 2.4047 -0.15771 2406 0.0075215 1.548 0.025208 0.54012 1001.6 1
283.38 30293 2.4047 -0.15731 2409.4 0.0074986 1.5504 0.025191 0.53793 997.83 1
285.97 30339 2.4047 -0.15633 2417.2 0.0075253 1.556 0.025387 0.5308 988.72 1
290.59 30425 2.4047 -0.15458 2430.5 0.0078931 1.566 0.026327 0.51004 972.48 1
294.51 30504 2.4047 -0.15309 2441.3 0.0086217 1.5742 0.027297 0.49978 958.68 1
295.59 30527 2.4047 -0.15268 2444.2 0.0088742 1.5765 0.027157 0.49854 954.87 1
298.18 30582 2.4047 -0.15169 2451.3 0.0080459 1.5811 0.015806 0.49581 946.07 1
302.8 30651 2.4047 -0.14991 2463.8 0.0040117 1.5879 0.015329 0.49236 930.97 1
306.72 30680 2.4046 -0.1484 2474.4 0.0027173 1.5948 0.026493 0.4948 917.71 1
307.8 30688 2.4046 -0.14799 2477.4 0.0030651 1.597 0.027353 0.49522 913.9 1
311.69 30721 2.4046 -0.14648 2487.9 0.0038136 1.605 0.026387 0.49931 900.26 1
318.61 30798 2.4045 -0.14378 2506.4 0.0050905 1.619 0.026884 0.4991 875.94 1
324.49 30882 2.4044 -0.14147 2521.6 0.0063382 1.6308 0.025931 0.48138 855.31 1
326.11 30909 2.4043 -0.14084 2525.7 0.006567 1.6338 0.018467 0.47662 849.67 1
330 30963 2.4042 -0.1393 2535.7 0.0047519 1.6398 0.01831 0.45995 836.66 1
336.93 31042 2.404 -0.13656 2553 0.0046992 1.6509 0.026441 0.41809 812.95 1
342.81 31122 2.4038 -0.13421 2567.2 0.0060081 1.6602 0.018462 0.40489 792.64 1
344.43 31148 2.4037 -0.13357 2571.2 0.005072 1.6622 0.018296 0.40369 787.32 1
348.32 31191 2.4036 -0.13201 2580.6 0.0038029 1.6673 0.018267 0.40175 774.39 1
355.25 31258 2.4033 -0.12922 2597 0.0040418 1.6773 0.025088 0.39825 750.86 1
361.12 31329 2.403 -0.12685 2610.6 0.0052024 1.6861 0.018334 0.39418 730.73 1
362.75 31351 2.403 -0.12619 2614.3 0.0044374 1.688 0.019 0.39203 725.41 1
366.64 31394 2.4028 -0.12461 2623.2 0.0040482 1.6932 0.020125 0.38386 712.39 1
373.56 31467 2.4024 -0.12179 2638.8 0.0040299 1.7022 0.020408 0.36395 689.12 1
379.44 31530 2.4021 -0.11938 2651.7 0.0040363 1.7095 0.019564 0.35687 669.45 1
381.06 31547 2.402 -0.11871 2655.3 0.0039693 1.7115 0.019781 0.35547 664.04 1
384.95 31588 2.4018 -0.11711 2663.7 0.003923 1.7161 0.019478 0.34986 651.06 1
391.88 31660 2.4013 -0.11426 2678.5 0.0038428 1.7242 0.019203 0.33875 628.02 1
397.76 31720 2.4009 -0.11182 2690.7 0.0037373 1.7308 0.018678 0.33719 608.54 1
399.38 31736 2.4008 -0.11115 2694.1 0.0036609 1.7326 0.018789 0.33653 603.18 1
403.27 31774 2.4006 -0.10953 2702.1 0.003585 1.737 0.018737 0.33247 590.32 1
410.2 31841 2.4001 -0.10664 2716.1 0.0035438 1.7445 0.018611 0.32549 567.45 1
416.07 31897 2.3996 -0.10418 2727.7 0.0034804 1.7508 0.018131 0.32604 548.11 1
417.7 31913 2.3995 -0.1035 2730.9 0.0034188 1.7525 0.018064 0.32578 542.79 1
421.58 31948 2.3992 -0.10187 2738.5 0.0033045 1.7566 0.017961 0.32247 530.04 1
428.51 32010 2.3986 -0.098955 2751.7 0.0031591 1.7638 0.01785 0.31863 507.36 1
434.39 32060 2.3981 -0.096473 2762.8 0.0030456 1.7698 0.017605 0.32195 488.17 1
436.01 32074 2.398 -0.095786 2765.8 0.0029939 1.7715 0.017625 0.32209 482.89 1
439.9 32105 2.3976 -0.094138 2772.9 0.0029167 1.7755 0.017594 0.32027 470.22 1
446.83 32161 2.397 -0.091197 2785.5 0.0029235 1.7826 0.017702 0.31583 447.68 1
452.7 32210 2.3965 -0.088694 2795.9 0.0029895 1.7885 0.017237 0.30634 428.6 1
454.33 32223 2.3963 -0.088002 2798.7 0.0029696 1.79 0.017073 0.30057 423.35 1
456.92 32245 2.3961 -0.086896 2803.3 0.0028072 1.7924 0.015348 0.28954 415 1
461.54 32275 2.3956 -0.084921 2811.4 0.0019337 1.796 0.015518 0.24002 400.29 1
465.46 32303 2.3952 -0.083243 2817.8 0.0039478 1.799 0.032524 0.18963 387.31 1
466.54 32317 2.3951 -0.08278 2819.4 0.0059017 1.8 0.041523 0.17842 383.46 1
469.13 32385 2.3949 -0.081668 2822.4 0.013195 1.8026 0.05474 0.15166 373.81 1
473.75 32673 2.3944 -0.079687 2824.9 0.03198 1.8065 0.072077 0.091296 355.95 1
477.67 33134 2.394 -0.078009 2823.5 0.05173 1.809 0.087216 0.071555 340.83 1
478.75 33301 2.3939 -0.077546 2822.5 0.057685 1.8097 0.091332 0.068823 336.72 1
481.34 33773 2.3936 -0.076439 2819.6 0.071322 1.8112 0.091567 0.06423 327.32 1
485.96 34835 2.3931 -0.074474 2813.9 0.091266 1.8133 0.091005 0.052627 312.56 1
489.88 35915 2.3927 -0.072813 2808.1 0.10472 1.8143 0.10225 0.018713 301.93 1
490.96 36237 2.3926 -0.072356 2806.1 0.10835 1.8144 0.084964 0 299.21 1
490.96 36237 2.3926 -0.072356 2806.1 0.10835 1.8144 0.084964 0 299.21 0
499.51 39162 2.3917 -0.068802 2742.5 0.132 1.8307 0.056825 0.78698 299.21 0
514.73 44104 2.3899 -0.062671 2683.9 0.0977 1.8773 0.064236 1.5705 299.2 0
527.65 46695 2.3882 -0.057596 2645.3 0.057198 1.9053 0.11941 1.5266 299.2 0
531.21 47212 2.3877 -0.056215 2635.3 0.045467 1.9174 0.12816 1.5699 299.2 0
539.76 47915 2.3865 -0.052945 2612 0.01715 1.9418 0.15084 1.57 299.19 0
554.99 47586 2.3841 -0.04727 2573.5 -0.034123 1.9901 0.17444 1.5699 299.19 0
567.9 45733 2.3819 -0.04263 2540.7 -0.078301 2.0403 0.17435 1.5665 299.19 0
571.47 44971 2.3813 -0.041382 2530.7 -0.09057 2.0567 0.17395 1.543 299.19 0
580.02 42704 2.3796 -0.038471 2501.5 -0.12016 2.1051 0.17447 1.5425 299.18 0
595.24 37508 2.3764 -0.033691 2408.6 -0.15084 2.2512 0.1745 1.3076 299.18 0
608.16 33215 2.3731 -0.030404 2246.2 -0.12254 2.4851 0.17447 1.213 299.18 0
611.72 32333 2.3721 -0.029699 2180.8 -0.10298 2.5759 0.15493 1.2175 299.18 0
618.13 31113 2.3702 -0.028702 2075.4 -0.077833 2.728 0.1316 1.2559 299.17 0
629.55 29612 2.3668 -0.027719 1907.8 -0.059795 2.996 0.10681 1.3692 299.17 0
639.24 28490 2.364 -0.027646 1771.3 -0.070007 3.2438 0.1144 1.4418 299.16 0
641.91 28148 2.3633 -0.027748 1729.6 -0.074309 3.3237 0.11941 1.457 299.16 0
648.32 27310 2.3617 -0.028219 1621.7 -0.079971 3.5329 0.11638 1.3876 300.15 0
659.74 26035 2.3594 -0.029704 1552.9 -0.054319 3.8657 0.087476 1.1749 286.5 0
669.43 25575 2.3578 -0.031488 1637.5 -0.0030767 4.0884 0.077 1.1139 254.23 0
672.1 25597 2.3574 -0.032062 1651.3 0.013548 4.1574 0.076107 1.2073 245.31 0
678.51 25896 2.3566 -0.033554 1708.7 0.045484 4.3053 0.06688 1.0571 220.78 0
689.93 27713 2.3557 -0.036537 1817.1 0.13931 4.4847 0.064381 0.63118 176.37 0
699.62 31013 2.3552 -0.039242 1874.8 0.23096 4.5648 0.089846 0.48262 145.66 0
702.29 32224 2.3551 -0.039996 1878.2 0.25078 4.584 0.089119 0.47312 139.46 0
708.7 35389 2.3549 -0.041781 1850.1 0.28129 4.6154 0.095958 0.45186 134.22 0
720.12 41289 2.3546 -0.04492 1833.9 0.2783 4.6402 0.079956 0.42903 125.35 0
729.81 45903 2.3544 -0.047557 1781.5 0.25259 4.65 0.074779 0.41454 128.1 0
732.48 47070 2.3544 -0.048269 1778.6 0.24221 4.6512 0.080447 0.41079 127.13 0
745.3 51930 2.3542 -0.051696 1744.4 0.19043 4.6567 0.094124 0.37961 127.13 0
768.14 57371 2.3538 -0.057749 1706.6 0.084652 4.6618 0.12357 0.3347 127.12 0
787.51 58599 2.3536 -0.062859 1695.1 -0.010117 4.6652 0.12495 0.31955 127.12 0
792.86 58390 2.3535 -0.064267 1695.3 -0.036714 4.666 0.12417 0.34428 127.12 0
805.69 56911 2.3534 -0.067641 1700.5 -0.099128 4.6684 0.13219 0.28876 127.07 0
828.52 51015 2.3531 -0.073644 1724.1 -0.20054 4.6748 0.12633 0.27462 127.09 0
847.9 43169 2.353 -0.078739 1749.7 -0.26593 4.6854 0.085217 0.26594 127.07 0
853.24 40643 2.3529 -0.080147 1755.7 -0.27839 4.6897 0.078601 0.27927 127.07 0
859.66 37504 2.3529 -0.081834 1758.2 -0.28408 4.6976 0.07834 0.25918 127.07 0
871.07 32119 2.3529 -0.08484 1736.5 -0.24963 4.7227 0.076178 0.24178 127.07 0
880.76 28715 2.353 -0.087369 1674.3 -0.15065 4.7583 0.078471 0.20878 127.06 0
883.43 28140 2.353 -0.088057 1647.9 -0.10878 4.7701 0.085287 0.20305 127.06 0
889.85 27605 2.3531 -0.089689 1635.9 0.0069726 4.7992 0.094855 0.17793 117.07 0
901.26 29471 2.3534 -0.092633 1708.5 0.17434 4.841 0.080253 0.18996 83.985 0
910.95 32997 2.3538 -0.09514 1690.2 0.24121 4.8665 0.067307 0.2343 72.513 0
913.63 34076 2.3539 -0.095809 1667.3 0.2501 4.8722 0.068918 0.26181 73.272 0
920.04 36730 2.3542 -0.097383 1630.1 0.25484 4.8832 0.061539 0.27139 73.262 0
931.45 41161 2.3547 -0.10011 1583 0.22767 4.8937 0.046665 0.2808 73.263 0
941.14 44303 2.3551 -0.10239 1554.6 0.18818 4.8986 0.04699 0.30831 73.262 0
943.82 45057 2.3552 -0.10302 1548 0.17607 4.8997 0.047581 0.32632 73.262 0
950.23 46640 2.3555 -0.10451 1534.4 0.14549 4.9021 0.047571 0.28532 73.262 0
961.64 48668 2.356 -0.10715 1516.6 0.087286 4.9049 0.047871 0.25141 73.262 0
971.33 49570 2.3564 -0.10939 1507.3 0.035668 4.9071 0.048636 0.31186 73.262 0
974.01 49685 2.3566 -0.11 1505.7 0.021196 4.9079 0.049009 0.32079 73.262 0
980.42 49721 2.3569 -0.11148 1503.4 -0.013547 4.9094 0.048902 0.26563 73.262 0
991.83 48961 2.3574 -0.11409 1504.3 -0.074898 4.9117 0.049637 0.19226 73.262 0
1001.5 47500 2.3578 -0.11631 1509.8 -0.12529 4.9138 0.050932 0.23091 73.262 0
1004.2 46968 2.358 -0.11692 1511.9 -0.13876 4.9146 0.05136 0.23707 73.262 0
1010.6 45474 2.3583 -0.11839 1517.9 -0.16984 4.9166 0.051411 0.18335 73.262 0
1022 42097 2.3588 -0.12099 1530.3 -0.21867 4.9199 0.056118 0.12043 73.262 0
1031.7 38648 2.3593 -0.1232 1538.3 -0.247 4.9242 0.065168 0.13485 73.262 0
1034.4 37632 2.3594 -0.1238 1539.2 -0.25127 4.926 0.067604 0.13637 73.262 0
1040.8 35172 2.3597 -0.12526 1533.9 -0.25102 4.9308 0.075392 0.10079 73.659 0
1052.2 31122 2.3603 -0.12786 1545 -0.20386 4.9419 0.091738 0.081265 67.854 0
1061.9 28709 2.3609 -0.13013 1589.5 -0.10765 4.9543 0.087914 0.072613 52.418 0
1064.6 28325 2.361 -0.13077 1599.4 -0.070982 4.9581 0.085034 0.07842 47.308 0
1071 28132 2.3614 -0.13231 1584.4 0.030999 4.9682 0.087396 0.065456 39.466 0
1082.4 30014 2.3622 -0.13507 1635.3 0.16078 4.9808 0.073575 0.064511 15.07 0
1092.1 33020 2.3629 -0.13742 1639.9 0.20961 4.9878 0.063263 0.065742 3.0479 0
1094.8 33937 2.363 -0.13806 1644.7 0.2132 4.9889 0.066601 0.083024 0.0038785 0
1103.3 36947 2.3636 -0.14009 1598.1 0.22085 4.9934 0.064719 0.072596 0.00093203 0
1118.5 41856 2.3647 -0.14359 1541.9 0.18494 4.9969 0.053655 0.063146 1.0822e-05 0
1131.5 44964 2.3655 -0.1465 1511.2 0.13052 4.9986 0.05099 0.079864 4.5801e-06 0
1135 45623 2.3658 -0.1473 1504.8 0.11377 4.9991 0.053086 0.11502 2.4341e-05 0
1143.6 46814 2.3663 -0.1492 1492 0.072489 5.0003 0.065036 0.072113 2.4116e-05 0
1158.8 47634 2.3673 -0.15257 1477 0.00075727 5.0019 0.11153 0.039488 2.3377e-05 0
1171.7 47110 2.3682 -0.15541 1470.1 -0.054731 5.0035 0.1308 0.048853 2.286e-05 0
1175.3 46787 2.3684 -0.15619 1469.1 -0.069368 5.004 0.13041 0.068307 2.2763e-05 0
1183.8 45708 2.369 -0.15806 1467.9 -0.10249 5.0053 0.13056 0.024615 2.2471e-05 0
1199 42851 2.37 -0.16136 1467.6 -0.15072 5.0069 0.12812 0.019069 2.1455e-05 0
1212 39779 2.3709 -0.16415 1463.2 -0.17116 5.0089 0.12852 0.018151 2.0714e-05 0
1215.5 38888 2.3711 -0.16492 1460.1 -0.17149 5.0095 0.1284 0.037993 2.0581e-05 0
1221.9 37317 2.3715 -0.16629 1451.2 -0.1647 5.0109 0.12797 0.013778 2.0187e-05 0
1233.4 34898 2.3723 -0.16871 1422 -0.12533 5.013 0.12507 0.013954 1.8834e-05 0
1243 33570 2.3729 -0.17073 1382.5 -0.066146 5.0154 0.12269 0.01587 1.7868e-05 0
1245.7 33364 2.3731 -0.17128 1369.5 -0.046736 5.0161 0.12238 0.032213 1.7696e-05 0
1252.1 33167 2.3735 -0.17257 1335.7 0.001215 5.0182 0.12044 0.012729 1.72e-05 0
1263.5 33771 2.3742 -0.17478 1272.5 0.077546 5.0202 0.11949 0.011978 1.5513e-05 0
1273.2 34989 2.3748 -0.17657 1221 0.12004 5.0221 0.11967 0.012279 1.4322e-05 0
1275.9 35388 2.375 -0.17705 1207.7 0.12717 5.0224 0.11582 0.039454 1.4111e-05 0
1282.3 36392 2.3753 -0.17817 1178.6 0.13344 5.024 0.10534 0.015413 1.3513e-05 0
1293.7 38032 2.376 -0.18012 1138.2 0.10848 5.0249 0.058676 0.013391 1.1492e-05 0
1303.4 38975 2.3765 -0.18173 1115.2 0.061661 5.0261 0.047472 0.040903 1.0079e-05 0
1306.1 39135 2.3766 -0.18217 1109.8 0.048248 5.0266 0.053656 0.067219 9.832e-06 0
1312.5 39360 2.377 -0.18322 1098.5 0.014823 5.0278 0.053254 0.03285 9.1454e-06 0
1323.9 39163 2.3776 -0.18507 1083.7 -0.046564 5.029 0.053766 0.013196 6.8492e-06 0
1333.6 38413 2.3781 -0.18661 1074.9 -0.096415 5.0303 0.058361 0.041245 5.2775e-06 0
1336.3 38118 2.3783 -0.18704 1072.8 -0.10912 5.0309 0.060755 0.052757 5.011e-06 0
1344.8 36951 2.3787 -0.18838 1065.3 -0.14372 5.0325 0.078272 0.0075627 4.3094e-06 0
1360.1 34486 2.3795 -0.19073 1037.4 -0.15344 5.0329 0.12605 -0.0059585 2.0348e-06 0
1373 32741 2.3802 -0.19265 988.93 -0.10322 5.033 0.13359 -0.0019461 5.8083e-07 0
1376.5 32423 2.3803 -0.19317 971.09 -0.084624 5.0331 0.13105 0.022604 3.6072e-07 0
1385.1 31922 2.3807 -0.19437 923.76 -0.040411 5.0341 0.12638 -0.0073792 0 0
1400.3 31737 2.3814 -0.19635 833.13 0.0050005 5.0323 0.1037 -0.0076396 0 0
1413.2 31772 2.3819 -0.19787 763.08 -0.0083553 5.033 0.086821 0.0081773 0 0
1416.8 31731 2.3821 -0.19827 745.97 -0.018535 5.0334 0.085589 0.046441 0 0
1425.3 31523 2.3824 -0.19919 707.12 -0.050099 5.0356 0.084498 0.0030583 0 0
1440.6 30664 2.3829 -0.20071 645.3 -0.11995 5.0354 0.087332 -0.0046573 0 0
1453.5 29467 2.3833 -0.20188 596.27 -0.17919 5.037 0.092507 0.01535 0 0
1457.1 29077 2.3834 -0.20219 582.55 -0.19374 5.0379 0.093126 0.061287 0 0
1465.6 28068 2.3837 -0.20289 549.38 -0.22515 5.0418 0.096024 0.0041603 0 0
1480.8 26169 2.384 -0.20402 485.17 -0.25677 5.0391 0.10647 -0.019103 0 0
1493.7 24661 2.3843 -0.20487 427.39 -0.25595 5.0383 0.11427 0.010643 0 0
1497.3 24286 2.3844 -0.20508 412.14 -0.25231 5.0401 0.11506 0.047331 0 0
1505.9 23464 2.3846 -0.20556 377.24 -0.23791 5.0437 0.12141 -0.01219 0 0
1521.1 22314 2.3848 -0.20633 323.18 -0.19643 5.0308 0.12687 -0.031912 0 0
1534 21587 2.385 -0.20691 289.85 -0.18178 5.0269 0.11618 0.021255 0 0
1537.6 21399 2.3851 -0.20706 283.45 -0.18954 5.0311 0.11468 0.054892 0 0
1546.1 20935 2.3852 -0.2074 270.58 -0.20714 5.0362 0.11222 -0.016233 0 0
1561.3 20035 2.3854 -0.20798 255.85 -0.24842 5.0155 0.10444 -0.04612 0 0
1574.2 19183 2.3855 -0.20845 248.56 -0.27953 5.0091 0.098399 0.028608 0 0
1577.8 18937 2.3856 -0.20858 246.84 -0.28414 5.0156 0.096959 0.072683 0 0
1584.2 18493 2.3857 -0.2088 243.53 -0.28746 5.0251 0.095014 0.0030307 0 0
1595.6 17709 2.3858 -0.2092 237.3 -0.29363 5.012 0.084118 -0.043384 0 0
1605.3 17030 2.3859 -0.20952 233.29 -0.31631 5.01 0.072337 0.057138 0 0
1608 16833 2.3859 -0.20961 232.72 -0.325 5.0191 0.070241 0.077942 0 0
1614.4 16346 2.386 -0.20982 231.84 -0.34259 5.0291 0.06386 0.0017881 0 0
1625.8 15410 2.3861 -0.21019 233.46 -0.37713 5.0148 0.049377 -0.046286 0 0
1635.5 14554 2.3862 -0.2105 235.24 -0.39296 5.0147 0.045751 0.06479 0 0
1638.2 14312 2.3862 -0.21059 234.76 -0.38782 5.0257 0.04517 0.08215 0 0
1644.6 13757 2.3863 -0.2108 232.03 -0.37086 5.0362 0.043277 -0.0086161 0 0
1656 12860 2.3864 -0.21116 221 -0.33626 5.008 0.038714 -0.071445 0 0
1665.7 12193 2.3865 -0.21146 207.49 -0.32115 5.0019 0.036944 0.08023 0 0
1668.4 12019 2.3865 -0.21153 203.62 -0.31861 5.0179 0.037094 0.10207 0 0
1674.8 11620 2.3866 -0.21171 194.38 -0.31504 5.0375 0.037884 0.024621 0 0
1686.2 10995 2.3867 -0.21201 176.7 -0.27794 5.0497 0.050099 0.052844 0 0
1695.9 10580 2.3868 -0.21224 160.12 -0.23617 5.1507 0.062737 0.31957 0 0
1698.6 10484 2.3868 -0.2123 155.67 -0.23836 5.2164 0.063097 0.35981 0 0
