time (s) altitude (m) velocity (m/s) mass (kg) dynamic pressure (Pa)trajectory angle (rad) Lift (N)Drag (N)heading angle (rad) latitude (rad) angle of attack (rad) 
490.96 36237 2806.1 3300 26701 0.10835 28956 9744.3 1.8144 -0.072356 0.26394
492.26 36638 2817.3 3280.7 25312 0.11082 29128 10014 1.8144 -0.071805 0.27501
494.84 37462 2839.3 3242.6 22676 0.11584 28591 10244 1.8145 -0.070708 0.29265
497.7 38426 2864 3200.3 19953 0.1212 26821 9885.4 1.8145 -0.069482 0.30584
499.74 39148 2882.2 3169.9 18144 0.12472 25136 9380.3 1.8146 -0.068599 0.31236
500.28 39339 2887 3162.1 17694 0.12558 24310 9040.4 1.8146 -0.068368 0.31054
501.58 39815 2899 3142.8 16630 0.12751 23045 8599.3 1.8146 -0.067802 0.31241
504.16 40782 2923.8 3104.6 14678 0.13079 20337 7586.2 1.8147 -0.066676 0.31237
507.01 41889 2952.6 3062.3 12748 0.13358 17592 6549.1 1.8147 -0.065416 0.31149
509.06 42702 2974.2 3032 11510 0.13511 15891 5915.7 1.8148 -0.064507 0.31158
509.59 42915 2980 3024.1 11207 0.13546 15416 5729.5 1.8148 -0.064269 0.31077
511.57 43718 3001.6 2994.8 10147 0.13653 13996 5206.3 1.8148 -0.063383 0.31136
515.1 45174 3041.8 2942.7 8495 0.13775 11588 4287.9 1.8149 -0.061787 0.30893
518.09 46432 3077.5 2898.4 7306.4 0.13818 9911 3656.9 1.815 -0.060417 0.30771
518.91 46783 3087.5 2886.2 7009.1 0.13822 9477.5 3491.7 1.815 -0.060036 0.30702
520.89 47628 3112 2856.9 6385.9 0.13821 8684.2 3205.4 1.815 -0.059118 0.30823
524.41 49148 3156.9 2804.7 5423.6 0.13796 7484.3 2776.5 1.8151 -0.057465 0.31137
527.4 50453 3196.1 2760.5 4715.4 0.13754 6517.6 2416.8 1.8152 -0.056043 0.31168
528.23 50815 3207.1 2748.3 4535.9 0.13739 6223.8 2299.9 1.8152 -0.055648 0.31008
530.21 51686 3233.9 2719 4159.9 0.13697 5735.1 2121.3 1.8152 -0.054694 0.31108
533.73 53249 3282.8 2666.8 3566.6 0.1361 4883.3 1796.9 1.8153 -0.052976 0.30951
536.72 54585 3325.6 2622.5 3120.2 0.13518 4150.5 1504.5 1.8154 -0.051498 0.30328
537.55 54955 3337.6 2610.3 3005.6 0.13489 3964.8 1430.7 1.8154 -0.051087 0.30151
539.52 55844 3366.8 2581 2745.3 0.13418 3620.5 1304.5 1.8154 -0.050095 0.30141
543.05 57436 3420.1 2528.9 2329 0.13282 2990.9 1061 1.8155 -0.048306 0.29585
546.04 58793 3466.7 2484.6 2019.3 0.13153 2489.6 862.78 1.8155 -0.046766 0.28766
546.86 59168 3479.8 2472.4 1940.4 0.13115 2371.8 818.04 1.8156 -0.046337 0.28598
548.84 60070 3511.5 2443.1 1761.9 0.13023 2133.3 732.97 1.8156 -0.045303 0.28418
552.36 61679 3569.4 2390.9 1478.9 0.12856 1753.2 596.79 1.8157 -0.043437 0.2802
555.35 63050 3619.8 2346.7 1270.5 0.12716 1497.5 509.28 1.8157 -0.04183 0.27917
556.18 63429 3633.9 2334.5 1217.6 0.12679 1425.8 484.07 1.8157 -0.041382 0.2779
558.16 64339 3668.1 2305.2 1098.5 0.12589 1273 431.24 1.8158 -0.040302 0.2759
561.68 65965 3730.6 2253 911.14 0.12426 998.68 332.39 1.8158 -0.038353 0.26546
564.67 67349 3785.1 2208.7 774.56 0.1228 801.89 261.68 1.8159 -0.036673 0.25535
565.5 67732 3800.4 2196.5 740.15 0.12239 757.47 246.21 1.8159 -0.036204 0.25338
567.47 68651 3837.5 2167.2 663.01 0.12142 672.7 218.31 1.8159 -0.035075 0.25194
571 70291 3905.3 2115.1 542.86 0.11959 465.55 143.59 1.816 -0.033035 0.22438
573.99 71683 3965 2070.8 455.49 0.1175 269.26 77.64 1.816 -0.031276 0.17377
574.81 72066 3981.8 2058.6 433.52 0.11678 229.6 66.485 1.8161 -0.030786 0.16046
576.12 72669 4008.7 2039.3 400.96 0.11556 174.7 51.033 1.8161 -0.030008 0.14017
578.69 73855 4063.1 2001.1 343.56 0.11273 89.172 31.275 1.8161 -0.028452 0.094346
581.55 75149 4125 1958.8 289.77 0.10895 30.912 20.547 1.8162 -0.026702 0.045261
583.6 76060 4170.4 1928.5 256.84 0.10582 5.0192 16.893 1.8162 -0.025432 0.0090744
584.13 76294 4182.4 1920.6 248.98 0.10495 1.9948e-15 16.178 1.8162 -0.025099 0
584.13 76294 4182.4 1920.6 248.98 0.10495 1.9948e-15 16.178 1.8162 -0.025099 0
585.13 76732 4181.4 1920.6 232.23 0.10329 7.4421e-16 15.083 1.8162 -0.024473 0
586.13 77159 4180.5 1920.6 216.9 0.10162 -3.4754e-17 14.082 1.8162 -0.023848 0
587.13 77580 4179.5 1920.6 202.75 0.09996 1.6244e-15 13.158 1.8162 -0.023222 0
588.13 77993 4178.6 1920.6 189.69 0.098295 2.1276e-16 12.305 1.8163 -0.022597 0
589.13 78400 4177.7 1920.6 177.62 0.09663 4.5538e-16 11.518 1.8163 -0.021971 0
590.13 78800 4176.8 1920.6 166.47 0.094964 -5.068e-16 10.79 1.8163 -0.021346 0
591.13 79192 4175.9 1920.6 156.15 0.093297 1.3761e-15 10.118 1.8163 -0.02072 0
592.13 79578 4175.1 1920.6 146.61 0.09163 -1.4095e-16 9.4958 1.8163 -0.020095 0
593.13 79956 4174.2 1920.6 137.77 0.089962 7.2849e-16 8.9201 1.8163 -0.01947 0
594.13 80328 4173.4 1920.6 129.58 0.088294 5.2948e-16 8.3871 1.8163 -0.018845 0
595.13 80692 4172.6 1920.6 122 0.086625 1.2218e-16 7.8934 1.8163 -0.01822 0
596.13 81050 4171.8 1920.6 114.97 0.084955 1.3126e-15 7.4357 1.8164 -0.017595 0
597.13 81400 4171 1920.6 108.44 0.083285 1.086e-16 7.0112 1.8164 -0.01697 0
598.13 81744 4170.3 1920.6 102.39 0.081614 7.6699e-16 6.6174 1.8164 -0.016345 0
599.13 82080 4169.5 1920.6 96.766 0.079943 -5.8145e-18 6.2519 1.8164 -0.01572 0
600.13 82410 4168.8 1920.6 91.543 0.078271 0 5.9124 1.8164 -0.015096 0
601.13 82732 4168.1 1920.6 86.687 0.076599 0 5.5969 1.8164 -0.014471 0
602.13 83048 4167.4 1920.6 82.172 0.074926 0 5.3037 1.8164 -0.013846 0
603.13 83356 4166.7 1920.6 77.972 0.073252 0 5.0309 1.8164 -0.013222 0
604.13 83657 4166.1 1920.6 74.062 0.071579 0 4.7771 1.8164 -0.012597 0
605.13 83952 4165.4 1920.6 70.421 0.069904 0 4.5409 1.8165 -0.011973 0
606.13 84239 4164.8 1920.6 67.03 0.06823 0 4.3209 1.8165 -0.011349 0
607.13 84520 4164.2 1920.6 63.869 0.066554 0 4.1159 1.8165 -0.010724 0
608.13 84793 4163.6 1920.6 60.923 0.064879 0 3.9249 1.8165 -0.0101 0
609.13 85060 4163 1789.7 0 0.063203 0 0 1.8165 -0.0094758 0
610.13 85319 4162.5 1789.7 0 0.061526 0 0 1.8165 -0.0088516 0
611.13 85572 4161.9 1789.7 0 0.059849 0 0 1.8165 -0.0082275 0
612.13 85817 4161.4 1789.7 0 0.058172 0 0 1.8165 -0.0076034 0
613.13 86055 4160.9 1789.7 0 0.056494 0 0 1.8165 -0.0069793 0
614.13 86287 4160.4 1789.7 0 0.054816 0 0 1.8165 -0.0063553 0
615.13 86511 4159.9 1789.7 0 0.053138 0 0 1.8165 -0.0057313 0
616.13 86729 4159.4 1789.7 0 0.051459 0 0 1.8166 -0.0051074 0
617.13 86939 4159 1789.7 0 0.04978 0 0 1.8166 -0.0044835 0
618.13 87143 4158.5 1789.7 0 0.048101 0 0 1.8166 -0.0038596 0
619.13 87339 4158.1 1789.7 0 0.046421 0 0 1.8166 -0.0032358 0
620.13 87529 4157.7 1789.7 0 0.044741 0 0 1.8166 -0.002612 0
621.13 87711 4157.3 1789.7 0 0.04306 0 0 1.8166 -0.0019882 0
622.13 87886 4157 1789.7 0 0.04138 0 0 1.8166 -0.0013645 0
623.13 88055 4156.6 1789.7 0 0.039699 0 0 1.8166 -0.00074075 0
624.13 88216 4156.3 1789.7 0 0.038018 0 0 1.8166 -0.00011706 0
625.13 88371 4156 1789.7 0 0.036337 0 0 1.8166 0.0005066 0
626.13 88518 4155.7 1789.7 0 0.034655 0 0 1.8166 0.0011302 0
627.13 88659 4155.4 1789.7 0 0.032973 0 0 1.8166 0.0017538 0
628.13 88792 4155.1 1789.7 0 0.031291 0 0 1.8166 0.0023774 0
629.13 88919 4154.8 1789.7 0 0.029609 0 0 1.8166 0.003001 0
630.13 89038 4154.6 1789.7 0 0.027927 0 0 1.8166 0.0036246 0
631.13 89151 4154.4 1789.7 0 0.026244 0 0 1.8166 0.0042481 0
632.13 89256 4154.2 1789.7 0 0.024561 0 0 1.8166 0.0048716 0
633.13 89355 4154 1789.7 0 0.022879 0 0 1.8166 0.0054951 0
634.13 89446 4153.8 1789.7 0 0.021196 0 0 1.8166 0.0061186 0
635.13 89531 4153.6 1789.7 0 0.019513 0 0 1.8166 0.0067421 0
636.13 89609 4153.5 1789.7 0 0.017829 0 0 1.8166 0.0073656 0
637.13 89679 4153.4 1789.7 0 0.016146 0 0 1.8167 0.007989 0
638.13 89743 4153.3 1789.7 0 0.014463 0 0 1.8167 0.0086125 0
639.13 89799 4153.2 1789.7 0 0.012779 0 0 1.8167 0.0092359 0
640.13 89849 4153.1 1789.7 0 0.011096 0 0 1.8167 0.0098594 0
641.13 89891 4153 1789.7 0 0.0094119 0 0 1.8167 0.010483 0
642.13 89927 4153 1789.7 0 0.0077283 0 0 1.8167 0.011106 0
643.13 89956 4152.9 1789.7 0 0.0060446 0 0 1.8167 0.01173 0
644.13 89977 4152.9 1789.7 0 0.0043609 0 0 1.8167 0.012353 0
645.13 89992 4152.9 1789.7 0 0.0026772 0 0 1.8167 0.012977 0
646.13 89999 4152.9 1789.7 0 0.00099354 0 0 1.8167 0.0136 0
647.13 90000 4153 1789.7 0 0 0 0 1.8167 0.014223 0
