time (s) altitude (m) longitude (rad) latitude (rad) velocity (m/s) trajectory angle (rad) heading angle (rad) angle of attack (rad) bank angle (rad) fuel mass (kg) 
0 26004 2.5307 -0.264 1520 -0.0069659 1.0001 0.015231 0.014252 1562
0.62208 25997 2.5308 -0.26388 1521.3 -0.0074286 1.0002 0.015241 0.01355 1560.9
2.0588 25980 2.531 -0.26359 1524.5 -0.0084226 1.0004 0.01572 0.0085697 1558.2
4.2427 25950 2.5313 -0.26315 1529.4 -0.0094852 1.0006 0.017472 -0.0014918 1554.2
7.0782 25907 2.5317 -0.26258 1536.1 -0.0099515 1.0007 0.018919 -0.010692 1548.7
10.441 25856 2.5321 -0.2619 1544.4 -0.0099449 1.0007 0.018447 -0.013021 1541.9
14.185 25798 2.5326 -0.26113 1554.1 -0.0099381 1.0007 0.01738 -0.012482 1534.2
18.145 25737 2.5332 -0.26032 1565 -0.0099402 1.0007 0.016364 -0.012272 1525.7
22.15 25674 2.5337 -0.25949 1576.8 -0.0099171 1.0007 0.015576 -0.011619 1516.8
26.023 25615 2.5343 -0.25868 1588.8 -0.0093628 1.0007 0.016331 -0.012639 1507.7
29.596 25566 2.5348 -0.25794 1600.7 -0.007608 1.0007 0.018 -0.012913 1498.9
32.712 25534 2.5352 -0.25728 1611.5 -0.0049863 1.0007 0.019125 -0.012152 1490.9
35.236 25519 2.5355 -0.25674 1620.6 -0.0022675 1.0007 0.019757 -0.0085212 1484.1
37.057 25515 2.5358 -0.25635 1627.4 -4.7677e-05 1.0008 0.019986 -0.0045025 1479.1
38.095 25516 2.536 -0.25613 1631.3 0.0012828 1.0008 0.020036 -0.002869 1476.2
38.341 25517 2.536 -0.25607 1632.3 0.0016042 1.0008 0.020032 -0.0028818 1475.5
38.963 25519 2.5361 -0.25594 1634.7 0.0024211 1.0009 0.019994 -0.003826 1473.8
40.4 25527 2.5363 -0.25563 1640.2 0.0043215 1.0009 0.019798 -0.0083509 1469.7
42.584 25548 2.5366 -0.25516 1648.8 0.0071869 1.0009 0.019323 -0.013594 1463.3
45.419 25590 2.537 -0.25454 1660.2 0.010723 1.0008 0.018359 -0.014595 1455
48.782 25660 2.5375 -0.2538 1674.1 0.014347 1.0008 0.016676 -0.014349 1444.8
52.526 25761 2.538 -0.25297 1689.9 0.017245 1.0007 0.014238 -0.014614 1433.3
56.486 25883 2.5386 -0.25209 1706.9 0.018804 1.0007 0.011979 -0.014077 1421
60.491 26014 2.5392 -0.25119 1724.6 0.019444 1.0007 0.01121 -0.014409 1408.4
64.364 26146 2.5398 -0.2503 1742.1 0.019701 1.0007 0.010412 -0.013945 1395.9
67.937 26268 2.5404 -0.24948 1758.7 0.019338 1.0008 0.0092871 -0.013898 1384.2
71.054 26373 2.5408 -0.24876 1773.4 0.018752 1.0008 0.0093194 -0.01286 1373.8
73.577 26457 2.5412 -0.24816 1785.2 0.018384 1.0009 0.0096715 -0.0097244 1365.4
75.398 26516 2.5415 -0.24774 1793.8 0.01821 1.0009 0.010033 -0.0060477 1359.3
76.436 26550 2.5417 -0.24749 1798.6 0.018158 1.001 0.010192 -0.0045769 1355.8
76.682 26558 2.5417 -0.24743 1799.8 0.018146 1.001 0.010205 -0.0045778 1355
77.509 26585 2.5418 -0.24724 1803.6 0.018115 1.001 0.010207 -0.005873 1352.2
79.407 26647 2.5421 -0.24678 1812.5 0.018014 1.0011 0.010043 -0.01142 1345.8
82.259 26740 2.5426 -0.2461 1825.8 0.017732 1.0011 0.0094922 -0.014367 1336.3
85.899 26856 2.5432 -0.24522 1842.7 0.017091 1.0012 0.0094845 -0.014773 1324.1
90.117 26989 2.5438 -0.2442 1862.5 0.017336 1.0012 0.012729 -0.014326 1309.9
94.666 27146 2.5446 -0.24307 1884.1 0.019798 1.0012 0.015271 -0.015601 1294.3
99.283 27331 2.5453 -0.24192 1905.8 0.021893 1.0012 0.011196 -0.013654 1278.6
103.7 27509 2.5461 -0.24081 1925.7 0.019359 1.0016 0.0021452 0.030259 1264.3
107.66 27637 2.5467 -0.2398 1943.4 0.013914 1.0027 0.0011953 0.093356 1251.9
110.93 27714 2.5473 -0.23896 1958.3 0.010811 1.0044 0.0072404 0.14574 1241.5
113.32 27763 2.5477 -0.23834 1969.4 0.010079 1.0063 0.010907 0.18532 1233.6
114.7 27790 2.5479 -0.23798 1975.9 0.01015 1.0076 0.013246 0.205 1229
115.02 27797 2.548 -0.2379 1977.4 0.010235 1.008 0.013475 0.20872 1227.9
115.57 27808 2.5481 -0.23775 1980 0.010377 1.0086 0.01387 0.21356 1226
116.84 27835 2.5483 -0.23742 1986.1 0.010877 1.0101 0.01568 0.23336 1221.7
118.77 27879 2.5486 -0.23691 1995.5 0.012223 1.0128 0.018665 0.26496 1215
121.29 27947 2.549 -0.23624 2007.8 0.014837 1.0171 0.021272 0.30844 1206.1
124.31 28047 2.5496 -0.23543 2022.6 0.017926 1.023 0.01919 0.35972 1195.4
127.71 28176 2.5501 -0.23451 2038.7 0.018876 1.0298 0.012485 0.4186 1183.8
131.36 28312 2.5507 -0.23351 2055.5 0.017059 1.0368 0.0094269 0.48113 1171.7
135.12 28433 2.5514 -0.23246 2072.9 0.014328 1.0447 0.010093 0.54632 1159.3
138.84 28534 2.552 -0.23141 2090.3 0.011747 1.0537 0.012996 0.61025 1147
142.38 28615 2.5526 -0.2304 2107.1 0.010385 1.0641 0.018721 0.6717 1135
145.6 28685 2.5531 -0.22947 2122.5 0.010416 1.0757 0.024149 0.72706 1123.7
148.39 28749 2.5536 -0.22865 2135.9 0.011263 1.0875 0.028981 0.77523 1113.6
150.63 28806 2.5539 -0.22798 2146.8 0.012332 1.0982 0.031807 0.81321 1105.4
152.23 28850 2.5542 -0.2275 2154.4 0.013063 1.1063 0.032269 0.84014 1099.4
153.15 28876 2.5543 -0.22722 2158.7 0.013385 1.1109 0.031996 0.85279 1096
153.36 28882 2.5543 -0.22716 2159.8 0.013449 1.112 0.032008 0.85498 1095.2
154.19 28906 2.5545 -0.22691 2163.6 0.013672 1.1163 0.031799 0.86406 1092.2
156.09 28963 2.5547 -0.22633 2172.3 0.013894 1.126 0.030837 0.89409 1085.2
158.94 29049 2.5552 -0.22545 2184.9 0.013428 1.1406 0.029637 0.93533 1074.7
162.58 29150 2.5557 -0.22431 2200.5 0.011892 1.1594 0.029426 0.96619 1061.5
166.8 29252 2.5563 -0.22297 2218 0.010019 1.181 0.029616 0.94425 1046.2
171.35 29347 2.5569 -0.2215 2236.3 0.0089065 1.2034 0.029357 0.89389 1029.6
175.96 29437 2.5575 -0.21998 2254.1 0.0086979 1.2249 0.028824 0.85339 1012.9
180.38 29525 2.558 -0.21851 2270.4 0.0088011 1.2447 0.027954 0.84138 996.92
184.34 29604 2.5584 -0.21717 2284.5 0.0086992 1.2619 0.027372 0.84361 982.68
187.61 29668 2.5588 -0.21605 2295.7 0.008458 1.2759 0.026935 0.84649 970.94
190 29714 2.559 -0.21523 2303.7 0.0081848 1.2861 0.026627 0.84547 962.38
191.38 29740 2.5592 -0.21475 2308.2 0.008019 1.2919 0.026472 0.84485 957.47
191.71 29746 2.5592 -0.21464 2309.2 0.0079738 1.2932 0.026457 0.84459 956.3
192.42 29759 2.5593 -0.21439 2311.6 0.0078805 1.2962 0.026405 0.84415 953.75
194.06 29788 2.5594 -0.21382 2316.8 0.0076575 1.3031 0.026178 0.8412 947.89
196.55 29832 2.5597 -0.21295 2324.6 0.0073296 1.3132 0.025955 0.83321 939.05
199.75 29885 2.56 -0.21182 2334.5 0.0069891 1.3261 0.025684 0.82011 927.67
203.51 29945 2.5603 -0.21049 2345.7 0.0067139 1.3409 0.025454 0.80696 914.35
207.64 30009 2.5607 -0.20901 2357.6 0.0065183 1.3568 0.025222 0.79948 899.74
211.93 30074 2.561 -0.20746 2369.5 0.0062958 1.3731 0.025105 0.79965 884.59
216.16 30137 2.5613 -0.20591 2380.9 0.0061032 1.3893 0.02565 0.80544 869.63
220.13 30194 2.5615 -0.20446 2391.3 0.00596 1.4045 0.02589 0.81342 855.6
223.63 30243 2.5618 -0.20316 2400.2 0.0057418 1.4181 0.025885 0.82116 843.22
226.5 30282 2.5619 -0.2021 2407.2 0.0054901 1.4292 0.025851 0.82651 833.11
228.57 30309 2.562 -0.20132 2412.1 0.0052702 1.4372 0.025857 0.82885 825.78
229.76 30324 2.5621 -0.20088 2414.8 0.0051429 1.4418 0.025881 0.82937 821.59
230.05 30327 2.5621 -0.20077 2415.5 0.0051118 1.4429 0.025891 0.8294 820.59
230.53 30333 2.5621 -0.20059 2416.6 0.0050599 1.4448 0.025899 0.82944 818.88
231.66 30347 2.5622 -0.20017 2419.1 0.0049414 1.4492 0.02594 0.82945 814.92
233.38 30367 2.5623 -0.19952 2422.9 0.0047708 1.4558 0.026028 0.82879 808.84
235.64 30392 2.5624 -0.19867 2427.8 0.0045804 1.4646 0.026189 0.82693 800.87
238.36 30422 2.5625 -0.19764 2433.7 0.0044202 1.4751 0.02645 0.82468 791.26
241.45 30455 2.5626 -0.19647 2440.1 0.0043324 1.4871 0.026819 0.82459 780.33
244.81 30491 2.5627 -0.19519 2447.1 0.0043214 1.5002 0.027249 0.82827 768.46
248.31 30528 2.5628 -0.19386 2454.3 0.0043528 1.5141 0.02758 0.83355 756.04
251.85 30566 2.5628 -0.1925 2461.6 0.0043952 1.5281 0.027683 0.83513 743.5
255.3 30603 2.5629 -0.19117 2468.7 0.0044575 1.5417 0.027633 0.83279 731.29
258.53 30639 2.5629 -0.18992 2475.2 0.0045239 1.5545 0.027502 0.83201 719.83
261.45 30672 2.5629 -0.18879 2481.1 0.0045447 1.5659 0.02734 0.8345 709.52
263.96 30700 2.5629 -0.18782 2486.2 0.0045019 1.5756 0.027179 0.83856 700.69
265.96 30723 2.5629 -0.18705 2490.2 0.004417 1.5834 0.027042 0.84202 693.64
267.39 30738 2.5629 -0.18649 2493 0.0043296 1.589 0.026926 0.84389 688.61
268.2 30747 2.5629 -0.18617 2494.6 0.0042711 1.5921 0.026852 0.84445 685.76
268.39 30749 2.5629 -0.1861 2495 0.0042565 1.5929 0.02684 0.84451 685.09
268.82 30753 2.5629 -0.18593 2495.8 0.0042257 1.5946 0.026979 0.84465 683.57
269.83 30764 2.5629 -0.18554 2497.8 0.0041502 1.5985 0.026678 0.84528 680.04
271.37 30780 2.5629 -0.18494 2500.8 0.0040002 1.6044 0.026705 0.846 674.62
273.4 30800 2.5628 -0.18414 2504.8 0.0038238 1.6123 0.0265 0.84553 667.48
275.87 30822 2.5628 -0.18318 2509.5 0.0035549 1.6217 0.026359 0.84074 658.85
278.69 30847 2.5627 -0.18207 2514.9 0.0034004 1.6324 0.026163 0.82581 648.97
281.78 30873 2.5626 -0.18086 2520.7 0.0033474 1.6436 0.025936 0.79137 638.19
285.04 30903 2.5625 -0.17958 2526.8 0.0039897 1.6552 0.025678 0.73982 626.76
288.38 30938 2.5624 -0.17826 2532.9 0.0040801 1.6653 0.018172 0.68353 615.33
291.69 30969 2.5623 -0.17696 2538.9 0.0034808 1.6736 0.018064 0.62705 604.26
294.88 30998 2.5621 -0.1757 2544.6 0.0036564 1.6813 0.018272 0.5731 593.55
297.85 31027 2.562 -0.17453 2549.9 0.0040232 1.6878 0.018227 0.52314 583.62
300.5 31056 2.5619 -0.17348 2554.5 0.0047434 1.6932 0.018388 0.48142 574.73
302.76 31086 2.5618 -0.17258 2558.5 0.0054317 1.6974 0.018298 0.44938 567.19
304.55 31112 2.5617 -0.17187 2561.5 0.0061265 1.7007 0.018424 0.42768 561.18
305.83 31133 2.5616 -0.17136 2563.7 0.006612 1.7029 0.018408 0.41692 556.92
306.56 31146 2.5616 -0.17107 2564.9 0.0069228 1.7041 0.01841 0.41359 554.51
306.73 31149 2.5616 -0.17101 2565.2 0.006985 1.7044 0.018418 0.41326 553.95
307.16 31156 2.5615 -0.17083 2566 0.0071608 1.7051 0.018409 0.41215 552.51
308.17 31175 2.5615 -0.17044 2567.6 0.007568 1.7068 0.018391 0.40684 549.17
309.71 31207 2.5614 -0.16982 2570.2 0.0081981 1.7093 0.018339 0.39746 544.06
311.75 31252 2.5613 -0.16901 2573.5 0.0090338 1.7125 0.018399 0.38708 537.35
314.21 31312 2.5611 -0.16803 2577.4 0.010024 1.7163 0.018159 0.38261 529.27
317.03 31389 2.561 -0.16691 2581.8 0.011045 1.7206 0.018447 0.39176 520.11
320.12 31481 2.5608 -0.16568 2586.5 0.01201 1.7256 0.017397 0.42024 510.17
323.38 31583 2.5606 -0.16437 2591.4 0.011675 1.7306 0.011892 0.46553 499.98
326.72 31675 2.5603 -0.16304 2596.2 0.009375 1.7354 0.0067055 0.5173 489.97
330.04 31739 2.5601 -0.16171 2601.1 0.0051009 1.7396 4.7521e-05 0.56782 480.44
333.22 31759 2.5599 -0.16043 2606 -0.00036247 1.7431 3.2277e-05 0.61374 471.53
336.19 31739 2.5597 -0.15924 2610.6 -0.0045931 1.7473 0.0060343 0.64292 463.02
338.84 31697 2.5595 -0.15818 2614.7 -0.007283 1.7519 0.010157 0.63614 455.13
341.1 31650 2.5593 -0.15727 2618.4 -0.0086725 1.7563 0.014393 0.60388 448.2
342.9 31608 2.5592 -0.15655 2621.3 -0.0090794 1.76 0.017292 0.57341 442.52
344.18 31577 2.5591 -0.15604 2623.4 -0.0089935 1.7627 0.019679 0.55156 438.4
344.9 31560 2.559 -0.15574 2624.5 -0.0087927 1.7643 0.020821 0.54016 436.03
345.07 31556 2.559 -0.15568 2624.8 -0.0087328 1.7647 0.02116 0.5379 435.47
345.69 31542 2.559 -0.15542 2625.8 -0.0084614 1.7661 0.022233 0.52996 433.41
347.13 31512 2.5588 -0.15485 2628.1 -0.0075324 1.7693 0.024733 0.504 428.6
349.31 31475 2.5587 -0.15397 2631.6 -0.0052849 1.7743 0.028547 0.46705 421.11
352.15 31451 2.5584 -0.15283 2635.9 -0.00086825 1.7809 0.033478 0.41708 411.11
355.51 31474 2.5581 -0.15147 2640.7 0.0065648 1.7884 0.039368 0.35898 398.9
359.25 31591 2.5578 -0.14996 2645.4 0.017424 1.7963 0.045865 0.29355 385.02
363.22 31845 2.5574 -0.14837 2649.1 0.031443 1.8035 0.052825 0.22446 370.29
367.22 32262 2.557 -0.14676 2651.4 0.047388 1.8091 0.059743 0.15545 355.71
371.09 32831 2.5566 -0.1452 2651.8 0.063493 1.8127 0.066597 0.086505 342.32
374.67 33501 2.5563 -0.14377 2650.8 0.077976 1.8144 0.072703 0.043968 330.89
377.78 34193 2.556 -0.14253 2648.7 0.08969 1.8153 0.077748 0.039595 321.78
380.31 34820 2.5557 -0.14152 2646.5 0.097917 1.816 0.077089 0.031968 315.1
382.13 35303 2.5555 -0.14079 2644.9 0.10257 1.8163 0.073346 0.016343 310.74
383.16 35587 2.5554 -0.14038 2644.1 0.10472 1.8163 0.071808 0.0026089 308.43
383.41 35655 2.5554 -0.14028 2643.9 0.10518 1.8163 0.071288 0 307.9
383.41 35655 2.5554 -0.14028 2643.9 0.10518 1.8163 0.071288 0 307.9
384.96 36100 2.5552 -0.13966 2631.6 0.11217 1.8172 0.066206 0.13144 307.31
388.61 37219 2.5549 -0.13823 2617.8 0.12054 1.8232 0.051646 0.46403 304.47
394.32 39012 2.5543 -0.13599 2617.6 0.11775 1.8365 0.052009 0.93373 296.16
402.07 41230 2.5534 -0.13297 2609.8 0.099523 1.8624 0.085433 1.5706 288.55
411.82 43321 2.5522 -0.12921 2586.7 0.06509 1.9007 0.11322 1.5707 283.97
423.52 44693 2.5505 -0.12484 2548 0.026622 1.9487 0.16298 1.5643 281.36
437.13 44808 2.5484 -0.11988 2523.3 -0.020024 2.0056 0.17382 1.5034 274.02
452.57 43228 2.5456 -0.11459 2449.8 -0.058334 2.0916 0.17451 1.2696 277.6
469.78 40294 2.5421 -0.10914 2379 -0.08102 2.2087 0.17451 1.2495 274.12
488.68 36448 2.5376 -0.10411 2238.9 -0.094166 2.3932 0.11667 1.2386 278.11
509.17 31835 2.532 -0.099922 2115.8 -0.11545 2.6245 0.083523 1.3661 272.74
531.17 26870 2.5256 -0.097933 1801.6 -0.088144 3.0977 0.079722 1.1725 281.82
554.56 27551 2.5196 -0.099365 1680.4 0.14636 3.6378 0.093726 0.81471 240.13
579.24 37123 2.5146 -0.10331 1695.7 0.25427 3.9162 0.068427 1.2917 194.35
605.1 44386 2.5101 -0.10791 1561 0.072146 3.9624 0.047393 1.5696 207.03
632.02 44575 2.5057 -0.11291 1584.6 -0.048197 4.0249 0.04602 1.5698 196.19
659.86 38060 2.5015 -0.11801 1548 -0.27408 4.0304 0.039489 1.5704 210.45
688.5 26054 2.4979 -0.12408 1730.3 -0.13561 4.3994 0.077624 0.78402 146.27
717.81 30317 2.4973 -0.13241 1967.2 0.2324 4.8007 0.045314 0.35439 30.678
747.64 45003 2.4982 -0.14131 1972.7 0.22739 4.7973 0.072027 0.26843 0.0020273
777.87 55847 2.4991 -0.15018 1872.8 0.1392 4.8418 0.079254 0.27974 2.0489
808.35 59200 2.5002 -0.15887 1869.4 -0.0193 4.8162 0.12639 0.11309 1.2066
838.93 55264 2.5012 -0.16772 1860.4 -0.12015 4.8446 0.13037 0.16078 1.1693
869.47 44118 2.5024 -0.17638 1913.3 -0.25219 4.83 0.12994 0.10239 0.26539
899.84 33172 2.5035 -0.18503 1785.4 -0.072896 4.8822 0.12226 0.10466 0.0011063
929.89 35623 2.5051 -0.19271 1580.8 0.12168 4.9071 0.073271 0.11392 0.0022059
959.48 40511 2.5065 -0.19958 1483.5 0.088828 4.9391 0.11984 0.11642 0
988.47 43086 2.5081 -0.20593 1422 0.012648 4.9382 0.053015 0.058935 0
1016.7 40958 2.5095 -0.212 1406.2 -0.10216 4.956 0.1261 0.073407 0
1044.1 37018 2.511 -0.21769 1360.9 -0.092886 4.9578 0.12563 0.045685 5.5117e-05
1070.5 34755 2.5124 -0.22298 1279.3 -0.022411 4.9823 0.12241 0.052941 0
1095.8 35625 2.5137 -0.22761 1170.3 0.06708 4.986 0.11956 0.033972 2.3484e-05
1119.9 37392 2.5149 -0.23168 1083.2 0.052118 5.0046 0.11736 0.055579 3.228e-05
1142.6 38114 2.516 -0.23522 1018.3 3.518e-05 5.0014 0.11979 0.0076304 0
1163.8 37264 2.517 -0.23839 973.12 -0.078169 5.0154 0.11844 0.055263 4.605e-05
1183.5 35395 2.5179 -0.24115 928.6 -0.11876 5.0113 0.12727 -0.0063941 0
1201.6 33294 2.5187 -0.24358 871.94 -0.13042 5.0248 0.13005 0.045098 3.6127e-05
1217.9 31716 2.5194 -0.24557 794.09 -0.1016 5.0203 0.13345 -0.020432 1.1081e-05
1232.5 30610 2.5199 -0.24721 717.86 -0.10534 5.0318 0.090102 0.068078 1.6935e-05
1245.1 29603 2.5203 -0.24848 657.87 -0.13129 5.0264 0.094934 -0.064017 2.96e-05
1255.9 28649 2.5206 -0.24949 597.37 -0.14421 5.0352 0.12372 0.0968 8.8784e-07
1264.6 27947 2.5209 -0.25021 544.29 -0.14513 5.0325 0.13937 -0.10854 4.0945e-05
1271.4 27411 2.5211 -0.25074 504.26 -0.15154 5.0352 0.14308 0.1698 0
1276 27072 2.5212 -0.25106 478.61 -0.15551 5.0415 0.14678 -0.14714 4.0096e-05
1278.6 26869 2.5213 -0.25125 464.52 -0.15952 5.0351 0.14808 0.1462 3.2936e-06
1279.3 26828 2.5213 -0.25129 461.44 -0.15993 5.0393 0.14834 0.047429 1.8549e-05
1281.2 26685 2.5213 -0.25142 451.49 -0.1621 5.041 0.14983 0.032352 1.8534e-05
1285.8 26355 2.5214 -0.25171 428.93 -0.16657 5.0428 0.15605 0.0030344 1.8517e-05
1293 25859 2.5216 -0.25215 395.16 -0.16956 5.0434 0.16666 0.0019963 1.8475e-05
1302.7 25249 2.5218 -0.25268 354.1 -0.16668 5.0446 0.17382 0.00076181 1.8403e-05
1314.9 24579 2.522 -0.25327 314.43 -0.16561 5.0454 0.17425 -0.00051992 1.8286e-05
1329.5 23846 2.5222 -0.2539 281.9 -0.17533 5.0458 0.17434 -0.0024474 1.8122e-05
1346.5 23003 2.5224 -0.25456 257.04 -0.19811 5.0456 0.17439 -0.0021727 1.7898e-05
1365.7 22010 2.5227 -0.25525 238.33 -0.22133 5.0454 0.1744 -0.0027848 1.7614e-05
1387 20921 2.5229 -0.25596 221.29 -0.22306 5.0448 0.1744 -0.00235 1.7261e-05
1410.4 19849 2.5232 -0.25667 202.7 -0.21649 5.0442 0.17437 -0.0024466 1.6841e-05
1435.5 18772 2.5235 -0.25737 185.95 -0.23087 5.0436 0.17434 -0.0017789 1.635e-05
1462.4 17641 2.5237 -0.25807 172.05 -0.24093 5.0433 0.17428 -0.0019339 1.5792e-05
1490.9 16516 2.5239 -0.25874 158.01 -0.24488 5.043 0.17418 -0.0014753 1.5165e-05
1520.7 15398 2.5242 -0.25939 145.4 -0.25523 5.0428 0.174 -0.0016242 1.4479e-05
1551.7 14292 2.5244 -0.26001 133.81 -0.26109 5.0426 0.17356 -0.0012508 1.3733e-05
1583.8 13213 2.5246 -0.2606 123.37 -0.26915 5.0426 0.17193 -0.0013879 1.294e-05
1616.7 12164 2.5248 -0.26115 114.19 -0.27367 5.0425 0.16867 -0.0010814 1.2102e-05
1650.3 11160 2.525 -0.26168 105.89 -0.27832 5.0426 0.16503 -0.0012315 1.1234e-05
1684.3 10193 2.5252 -0.26218 99.366 -0.28368 5.0426 0.16341 -0.00097583 1.0342e-05
1718.5 9264.5 2.5253 -0.26265 93.835 -0.28488 5.0427 0.162 -0.0011313 9.4387e-06
1752.8 8383.1 2.5255 -0.26309 88.758 -0.28614 5.0427 0.16133 -0.00090521 8.5325e-06
1787 7547.6 2.5256 -0.26351 84.332 -0.28693 5.0427 0.16073 -0.0010584 7.6374e-06
1820.8 6759.8 2.5258 -0.26391 80.325 -0.28744 5.0427 0.16049 -0.00084734 6.7606e-06
1854.1 6018.5 2.5259 -0.26428 76.837 -0.28781 5.0428 0.16024 -0.0010028 5.9157e-06
1886.6 5324.1 2.526 -0.26463 73.689 -0.28792 5.0427 0.16018 -0.00079933 5.1087e-06
1918.2 4675.6 2.5261 -0.26495 70.949 -0.28796 5.0428 0.16015 -0.00095985 4.3515e-06
1948.6 4073.2 2.5262 -0.26526 68.441 -0.28784 5.0427 0.16044 -0.00075616 3.6478e-06
1977.8 3515.2 2.5263 -0.26553 66.342 -0.28843 5.0427 0.16004 -0.00094315 3.007e-06
2005.4 2996.4 2.5264 -0.26579 65.082 -0.29186 5.0426 0.15933 -0.00074545 2.4298e-06
2031.5 2507.1 2.5265 -0.26603 64.898 -0.29298 5.0427 0.15456 -0.00092353 1.9225e-06
2055.8 2059.5 2.5266 -0.26626 63.882 -0.2875 5.0425 0.15141 -0.00073161 1.4822e-06
2078.1 1657.8 2.5267 -0.26646 62.81 -0.28954 5.0427 0.14964 -0.00085105 1.1125e-06
2098.4 1296.6 2.5267 -0.26664 62.059 -0.28804 5.0421 0.14712 -0.0011782 8.0664e-07
2116.5 979.25 2.5268 -0.2668 61.382 -0.28886 5.0411 0.14503 -0.00063903 5.66e-07
2132.3 706.32 2.5268 -0.26693 60.456 -0.28323 5.0436 0.14641 0.00042177 3.7984e-07
2145.7 480.67 2.5269 -0.26705 59.541 -0.29034 5.0427 0.14537 -0.0029294 2.4895e-07
2156.7 289.42 2.5269 -0.26714 60.072 -0.29309 5.0396 0.14249 -0.0013599 1.5699e-07
2165.2 152.96 2.5269 -0.26721 57.853 -0.25392 5.0407 0.16196 0.0035362 1.0955e-07
2171 71.226 2.527 -0.26726 55.039 -0.25605 5.0615 0.16616 0.051162 5.6925e-08
2174.3 22.953 2.527 -0.26729 54.754 -0.28935 5.1117 0.16442 0.13729 7.5207e-09
2175.1 10.754 2.527 -0.26729 54.809 -0.29527 5.1317 0.16392 0.14365 0
