time (s) altitude (m) longitude (rad) latitude (rad) velocity (m/s) trajectory angle (rad) heading angle (rad) angle of attack (rad) bank angle (rad) fuel mass (kg) 
124.63 26671 2.3952 -0.21252 1613.4 0.056115 -0.024738 0.00018093 1.0882 1562
128.59 26979 2.3962 -0.21254 1622 0.040296 -0.012241 0.0067557 1.0806 1554
135.66 27299 2.398 -0.21254 1639.7 0.016361 0.015175 0.017881 1.0211 1539.4
141.65 27382 2.3996 -0.21249 1656.9 0.0011762 0.042531 0.025036 0.95435 1526.1
143.3 27380 2.4001 -0.21247 1662.1 -0.0021549 0.050528 0.026562 0.94349 1522.3
147.27 27342 2.4011 -0.21241 1675.1 -0.0090533 0.070435 0.029217 0.91388 1512.8
154.33 27186 2.403 -0.21224 1700.9 -0.015892 0.10817 0.035059 0.84255 1494.3
160.32 27019 2.4046 -0.21204 1725.6 -0.015754 0.14298 0.039232 0.81718 1476.6
161.97 26975 2.4051 -0.21198 1732.9 -0.014989 0.15314 0.04044 0.81548 1471.4
165.94 26881 2.4062 -0.2118 1751.3 -0.011777 0.17864 0.043146 0.81912 1458.2
173 26790 2.4081 -0.21141 1786.7 -0.0023863 0.22954 0.048855 0.86188 1432.4
178.99 26814 2.4098 -0.21098 1818.3 0.0068308 0.27809 0.05021 0.91826 1408.9
180.65 26838 2.4103 -0.21085 1827 0.0089959 0.29195 0.050678 0.92893 1402.3
184.61 26924 2.4114 -0.2105 1848.2 0.014157 0.32598 0.050835 0.96154 1386.3
191.67 27151 2.4133 -0.20978 1886.1 0.019368 0.38783 0.048732 1.0479 1357.6
197.67 27375 2.415 -0.20907 1918.1 0.019368 0.43956 0.045917 1.0784 1333.6
199.32 27436 2.4155 -0.20885 1926.9 0.019115 0.45333 0.045577 1.0796 1327
201.96 27532 2.4162 -0.20849 1940.9 0.018563 0.4752 0.045004 1.0782 1316.5
206.67 27698 2.4175 -0.20781 1966 0.017544 0.51299 0.043486 1.0646 1298
210.66 27834 2.4186 -0.20719 1987.2 0.016831 0.54377 0.042425 1.0492 1282.3
211.77 27870 2.4189 -0.20701 1993 0.016677 0.55208 0.042167 1.0469 1278
214.41 27958 2.4196 -0.20657 2007 0.016298 0.57176 0.041648 1.0405 1267.7
219.12 28110 2.4209 -0.20575 2031.9 0.015853 0.6057 0.040418 1.0188 1249.4
223.11 28239 2.4219 -0.20501 2052.9 0.015727 0.63338 0.03965 1.0066 1234
224.22 28274 2.4222 -0.2048 2058.6 0.0157 0.64089 0.039449 1.005 1229.7
226.86 28360 2.4229 -0.20428 2072.5 0.015594 0.65863 0.03856 1.0018 1219.6
231.57 28511 2.4241 -0.20332 2097 0.015041 0.68888 0.036079 0.99189 1201.7
235.56 28634 2.4252 -0.20247 2117.6 0.014299 0.71338 0.035514 0.98745 1186.6
236.66 28667 2.4254 -0.20223 2123.2 0.014112 0.72011 0.035439 0.98648 1182.4
240.63 28784 2.4264 -0.20135 2142.9 0.013384 0.7439 0.035196 0.98358 1167.5
247.69 28979 2.4282 -0.1997 2176 0.012249 0.78532 0.03494 0.97286 1140.9
253.68 29134 2.4296 -0.19823 2202.2 0.011413 0.81924 0.033811 0.96106 1118.5
255.34 29175 2.43 -0.19781 2209.2 0.011138 0.82831 0.033322 0.9575 1112.4
259.3 29270 2.431 -0.19679 2225.5 0.010528 0.84969 0.03306 0.94811 1097.7
266.36 29430 2.4326 -0.1949 2253.1 0.0096319 0.88654 0.032074 0.93165 1071.6
272.36 29554 2.4339 -0.19324 2275.1 0.0087349 0.91667 0.031305 0.93339 1049.6
274.01 29587 2.4343 -0.19277 2281 0.0083965 0.92489 0.032159 0.93344 1043.5
277.97 29661 2.4352 -0.19163 2294.7 0.0080894 0.9451 0.033602 0.93459 1028.9
285.04 29791 2.4366 -0.18954 2318 0.0078699 0.98145 0.033942 0.94006 1002.8
291.03 29899 2.4378 -0.18771 2337 0.0074334 1.0119 0.03345 0.94288 980.64
292.68 29927 2.4382 -0.1872 2342.1 0.0072744 1.0203 0.033452 0.94187 974.56
296.65 29993 2.4389 -0.18595 2354.1 0.0068648 1.04 0.032805 0.93766 959.99
303.71 30101 2.4402 -0.18368 2374.5 0.0061968 1.0741 0.032024 0.91791 934.17
309.7 30188 2.4413 -0.18171 2390.6 0.00603 1.102 0.03159 0.89485 912.35
311.35 30212 2.4416 -0.18115 2394.7 0.0060677 1.1096 0.032239 0.88994 906.34
314 30251 2.442 -0.18026 2401.2 0.0063339 1.1218 0.031896 0.88364 896.71
318.71 30322 2.4428 -0.17866 2412.2 0.0059556 1.1419 0.026227 0.86988 879.85
322.7 30375 2.4434 -0.17728 2421.3 0.0047523 1.1576 0.026256 0.86902 865.83
323.8 30387 2.4436 -0.1769 2423.7 0.0045465 1.162 0.02621 0.86997 861.93
326.45 30413 2.444 -0.17598 2429.4 0.003832 1.1725 0.026789 0.87579 852.63
331.15 30455 2.4447 -0.17432 2439.4 0.0036631 1.1932 0.034795 0.90745 835.69
335.15 30494 2.4452 -0.1729 2447.8 0.0044409 1.2131 0.035668 0.93639 820.93
336.25 30506 2.4454 -0.17251 2450.1 0.0044366 1.2184 0.035156 0.94041 816.88
338.89 30535 2.4457 -0.17155 2455.7 0.0045426 1.2316 0.035891 0.95058 807.15
343.6 30588 2.4463 -0.16984 2465.4 0.0044994 1.2555 0.036407 0.97468 789.78
347.6 30631 2.4468 -0.16837 2473.6 0.004204 1.276 0.036694 0.98125 775.03
348.7 30643 2.4469 -0.16796 2475.8 0.0041391 1.2817 0.036982 0.98197 770.96
352.66 30682 2.4473 -0.16648 2483.7 0.0039837 1.3023 0.037323 0.97978 756.29
359.73 30752 2.448 -0.16382 2497.3 0.0039708 1.339 0.037927 0.98129 730.13
365.72 30812 2.4485 -0.16154 2508.6 0.0039551 1.3705 0.038216 0.99222 707.92
367.37 30828 2.4487 -0.1609 2511.6 0.0038888 1.3792 0.038245 0.99377 701.79
371.34 30866 2.4489 -0.15937 2518.9 0.0037773 1.4001 0.038566 0.99659 687.09
378.4 30931 2.4494 -0.15661 2531.6 0.0035046 1.4374 0.03814 0.99651 660.93
384.39 30983 2.4496 -0.15426 2542.2 0.0033208 1.4684 0.037569 0.98154 638.83
386.04 30997 2.4497 -0.1536 2545.1 0.0033562 1.4769 0.038324 0.97534 632.74
390.01 31033 2.4498 -0.15203 2551.9 0.0038081 1.4971 0.03694 0.95436 618.11
397.07 31103 2.45 -0.14921 2564 0.0036997 1.5292 0.029117 0.90505 592.7
403.06 31153 2.4501 -0.14681 2574.2 0.002724 1.5531 0.028922 0.88758 571.69
404.72 31164 2.4501 -0.14614 2577 0.0026957 1.56 0.029645 0.8823 565.83
408.68 31191 2.4501 -0.14455 2583.7 0.0027062 1.576 0.029252 0.86379 551.83
415.74 31250 2.45 -0.14169 2595.3 0.0040276 1.6032 0.02939 0.78744 526.92
421.74 31332 2.4499 -0.13926 2604.7 0.0067753 1.6249 0.029845 0.7425 505.83
423.39 31364 2.4499 -0.13859 2607.3 0.0076516 1.6308 0.029389 0.74214 500.03
427.35 31453 2.4498 -0.13697 2613.2 0.0095439 1.6447 0.029654 0.75241 486.24
434.42 31650 2.4495 -0.1341 2623.2 0.011172 1.67 0.027677 0.83573 462.14
440.41 31811 2.4493 -0.13165 2631.5 0.0084829 1.6905 0.01924 0.91422 442.62
442.06 31844 2.4492 -0.13098 2633.8 0.0067716 1.6954 0.017327 0.9172 437.47
446.03 31892 2.449 -0.12936 2639.4 0.0021756 1.7062 0.011758 0.8866 425.38
453.09 31848 2.4485 -0.12647 2649.8 -0.0065358 1.7221 0.01088 0.76866 404.25
459.08 31713 2.4482 -0.12402 2658.9 -0.0092505 1.7366 0.024342 0.66831 385.31
460.73 31674 2.448 -0.12334 2661.4 -0.0082532 1.7416 0.026123 0.63814 379.68
464.7 31604 2.4477 -0.12172 2667.2 -0.004386 1.7532 0.033015 0.56988 365.89
471.76 31648 2.4472 -0.11883 2676.3 0.010736 1.7743 0.045343 0.44641 339.95
477.75 31974 2.4466 -0.11638 2681.5 0.030999 1.7908 0.05579 0.34222 317.35
479.41 32127 2.4465 -0.1157 2682.3 0.037504 1.7948 0.058678 0.31332 311.19
483.37 32612 2.4461 -0.11409 2683 0.053979 1.8032 0.06558 0.24421 296.85
490.43 33915 2.4454 -0.11122 2679.7 0.083385 1.8131 0.077954 0.12439 273.83
496.43 35428 2.4448 -0.1088 2673 0.10472 1.8163 0.088022 0.027117 257.71
498.08 35901 2.4446 -0.10813 2670.6 0.10959 1.8165 0.090553 0 253.86
498.08 35901 2.4446 -0.10813 2670.6 0.10959 1.8165 0.090553 0 253.86
506.14 38660 2.4438 -0.10495 2602.7 0.14424 1.8385 0.09361 0.7322 253.86
520.5 43840 2.4421 -0.099552 2515.3 0.12606 1.917 0.15381 1.5703 253.85
532.68 46942 2.4404 -0.095184 2458.6 0.078886 1.9691 0.17451 1.5701 253.85
536.04 47546 2.4399 -0.094005 2448.1 0.067959 1.9816 0.17393 1.5287 253.85
544.1 48600 2.4386 -0.091221 2424.6 0.039187 2.0068 0.1744 1.5696 253.85
558.46 49039 2.4362 -0.086389 2392.3 -0.014042 2.0465 0.17441 1.5666 253.84
570.64 47985 2.4341 -0.082412 2369.6 -0.058431 2.0815 0.17389 1.5025 253.84
574 47473 2.4335 -0.081336 2363.4 -0.070268 2.0921 0.17181 1.4325 253.84
582.07 45891 2.432 -0.0788 2347.5 -0.096074 2.1207 0.17412 1.3747 253.83
596.42 42058 2.4291 -0.074481 2305.1 -0.1309 2.1944 0.17444 1.248 253.83
608.6 38227 2.4264 -0.071121 2244.5 -0.14299 2.2914 0.15106 1.1914 253.83
611.97 37157 2.4257 -0.070262 2222.8 -0.14314 2.3249 0.13996 1.1861 253.83
618.01 35273 2.4242 -0.068811 2178.6 -0.14028 2.3939 0.12902 1.1886 253.82
628.78 32199 2.4214 -0.066597 2081.1 -0.12708 2.5496 0.10382 1.2225 253.82
637.92 29969 2.4189 -0.065184 1983.4 -0.11369 2.7128 0.087156 1.2668 253.82
640.44 29414 2.4182 -0.064881 1954.4 -0.11044 2.7626 0.084324 1.2375 253.82
646.48 28183 2.4165 -0.064321 1882.8 -0.10204 2.8919 0.078995 1.3072 253.39
657.25 26412 2.4135 -0.063953 1725.3 -0.074505 3.1582 0.077213 1.1966 255.34
666.39 25725 2.4111 -0.064289 1661.6 -0.0044231 3.4081 0.092955 1.0425 241.98
668.91 25769 2.4105 -0.064483 1691.1 0.024153 3.4784 0.090939 1.0275 229.55
674.96 26357 2.409 -0.065133 1732.7 0.084533 3.6306 0.078832 1.0287 204.73
685.72 28461 2.4065 -0.066802 1813.6 0.12075 3.8308 0.05071 1.3338 164.77
694.86 30237 2.4046 -0.068554 1828 0.081686 3.9254 0.017871 1.566 148.7
697.38 30562 2.4041 -0.069064 1805.2 0.070371 3.939 0.011438 1.5513 150.39
703.43 31156 2.403 -0.07029 1776.4 0.039048 3.9699 0.014894 1.5696 150.39
714.2 31354 2.401 -0.072515 1733.8 -0.01855 4.0232 0.014543 1.5695 150.38
723.33 30675 2.3995 -0.07444 1701.8 -0.068164 4.0692 0.014574 1.563 150.38
725.85 30354 2.3991 -0.074976 1692.9 -0.081973 4.0833 0.01999 1.5043 150.38
731.9 29365 2.3982 -0.076285 1703.7 -0.10618 4.1343 0.042097 1.2534 143.66
742.67 27548 2.3968 -0.078831 1796.6 -0.071562 4.2687 0.062691 0.78057 111.29
751.8 27120 2.3958 -0.081265 1881.6 0.030687 4.3838 0.054217 0.5464 75.634
754.32 27360 2.3955 -0.081973 1908.8 0.058464 4.4063 0.051903 0.49296 65.012
760.37 28442 2.395 -0.083721 1961.4 0.12387 4.4503 0.050476 0.38953 41.825
771.14 31984 2.3942 -0.086942 2024.7 0.19639 4.4959 0.042434 0.34526 10.338
780.27 35750 2.3937 -0.089715 2022.4 0.20338 4.5138 0.021585 0.36332 0.0026438
782.8 36758 2.3935 -0.090478 2005.7 0.19956 4.5164 0.019263 0.36397 0.9322
788.84 39066 2.3932 -0.09229 1982.7 0.18506 4.5212 0.017909 0.36793 0.88074
799.61 42613 2.3925 -0.095488 1952.6 0.14984 4.5264 0.017495 0.34265 0.86793
808.75 44962 2.392 -0.098184 1934.3 0.11519 4.529 0.016542 0.31838 0.83603
811.27 45498 2.3919 -0.098926 1930.2 0.10502 4.5295 0.016905 0.32507 0.82893
817.31 46576 2.3916 -0.1007 1921.5 0.080564 4.5308 0.026511 0.29856 0.76577
828.08 47808 2.391 -0.10386 1908.4 0.039532 4.5337 0.069255 0.2608 0.73875
837.22 48215 2.3905 -0.10652 1899.5 0.0077609 4.5368 0.086438 0.24307 0.68253
839.74 48232 2.3904 -0.10726 1897.4 -0.0010236 4.5377 0.086197 0.24115 0.66989
847.8 48006 2.39 -0.1096 1892 -0.028292 4.5403 0.098501 0.20539 0.5621
862.16 46647 2.3893 -0.11376 1883.3 -0.070465 4.5458 0.12432 0.17659 0.55763
874.34 44710 2.3887 -0.11726 1875 -0.097421 4.5515 0.12661 0.15675 0.50245
877.7 44079 2.3885 -0.11823 1872.3 -0.1033 4.5532 0.12707 0.1679 0.49749
885.76 42446 2.3881 -0.12053 1863.7 -0.11284 4.5581 0.12786 0.14437 0.44613
900.12 39439 2.3875 -0.12461 1836.9 -0.10895 4.5687 0.12731 0.1319 0.43506
912.3 37300 2.3871 -0.12802 1797.6 -0.07987 4.581 0.12677 0.12925 0.3962
915.66 36858 2.3869 -0.12894 1783.6 -0.067341 4.5849 0.1257 0.13418 0.38682
923.73 36134 2.3867 -0.13115 1746.7 -0.03366 4.5952 0.12226 0.13164 0.31732
938.08 36077 2.3862 -0.13496 1674.5 0.028444 4.6145 0.12045 0.14139 0.3031
950.26 37064 2.386 -0.13807 1616.4 0.066396 4.6303 0.11756 0.14985 0.1191
953.63 37439 2.3859 -0.13891 1602.2 0.072289 4.6341 0.11636 0.1615 9.5374e-05
961.69 38428 2.3857 -0.14089 1570 0.081243 4.6429 0.11916 0.14908 1.0099e-05
976.04 40229 2.3855 -0.14433 1522 0.077396 4.6551 0.11868 0.14235 4.9454e-05
988.23 41485 2.3854 -0.14718 1490.3 0.05735 4.6629 0.11696 0.1314 2.3744e-05
991.59 41753 2.3853 -0.14796 1482.8 0.050027 4.6647 0.11888 0.14302 3.3457e-05
999.65 42235 2.3852 -0.14981 1466.5 0.030767 4.6689 0.12054 0.11643 3.3357e-05
1014 42487 2.3851 -0.15306 1442.9 -0.007199 4.675 0.12296 0.10097 3.3018e-05
1026.2 42078 2.385 -0.15578 1426.8 -0.039276 4.6799 0.12418 0.092991 3.2779e-05
1029.6 41870 2.385 -0.15653 1422.7 -0.047574 4.6813 0.12469 0.10767 3.2737e-05
1037.6 41221 2.3849 -0.15831 1413.3 -0.065544 4.6848 0.12542 0.081181 3.2621e-05
1052 39654 2.3849 -0.16144 1395.2 -0.087493 4.6907 0.12589 0.070201 3.2229e-05
1064.2 38123 2.3848 -0.16406 1375.6 -0.091557 4.6965 0.12566 0.065045 3.1959e-05
1067.5 37705 2.3848 -0.16478 1369 -0.089703 4.6982 0.1252 0.08147 3.1913e-05
1075.6 36768 2.3848 -0.16649 1350.6 -0.079823 4.7029 0.12509 0.059481 3.1785e-05
1089.9 35550 2.3848 -0.16946 1308.1 -0.04464 4.711 0.12362 0.055508 3.1361e-05
1102.1 35151 2.3848 -0.17191 1263.7 -0.0054272 4.7186 0.12202 0.055286 3.1069e-05
1105.5 35152 2.3848 -0.17257 1250.6 0.0051148 4.7206 0.12113 0.071059 3.1018e-05
1113.5 35318 2.3848 -0.17412 1218.6 0.027458 4.7257 0.12036 0.050175 3.0878e-05
1127.9 36021 2.3848 -0.17678 1162.4 0.051274 4.7326 0.11873 0.049873 3.0405e-05
1140.1 36759 2.3849 -0.17895 1118.2 0.051738 4.7381 0.11804 0.049569 3.0076e-05
1143.4 36946 2.3849 -0.17953 1106.8 0.048946 4.7394 0.11733 0.069411 3.0018e-05
1151.5 37331 2.3849 -0.1809 1081.1 0.037318 4.7428 0.11689 0.044377 2.9855e-05
1165.9 37666 2.385 -0.18328 1040.5 0.0043954 4.7469 0.11635 0.040697 2.9308e-05
1178 37507 2.3851 -0.18522 1010.6 -0.030615 4.7505 0.1157 0.038945 2.8926e-05
1181.4 37387 2.3851 -0.18575 1002.9 -0.040658 4.7514 0.11588 0.063142 2.8859e-05
1189.5 36967 2.3852 -0.187 984.71 -0.063887 4.7542 0.11767 0.032805 2.8671e-05
1203.8 35835 2.3853 -0.18916 951.12 -0.097149 4.7578 0.1224 0.028545 2.8037e-05
1216 34631 2.3853 -0.19092 917.47 -0.11231 4.7614 0.12548 0.024088 2.7597e-05
1219.4 34285 2.3854 -0.1914 906.78 -0.11395 4.7622 0.12579 0.049645 2.752e-05
1227.4 33466 2.3854 -0.19251 877.85 -0.11313 4.7653 0.12879 0.019509 2.7305e-05
1241.8 32146 2.3855 -0.1944 815.2 -0.10408 4.7686 0.11792 0.016535 2.6586e-05
1254 31155 2.3856 -0.19589 756.88 -0.10684 4.7716 0.094223 0.013221 2.6087e-05
1257.3 30880 2.3856 -0.19628 741.41 -0.11203 4.7722 0.091962 0.042719 2.6001e-05
1265.4 30194 2.3857 -0.19718 702.87 -0.12444 4.775 0.089752 0.014576 2.5761e-05
1279.7 28888 2.3858 -0.19866 631.4 -0.14999 4.7776 0.091241 0.011064 2.4957e-05
1291.9 27720 2.3859 -0.19978 567.87 -0.17064 4.7802 0.097813 0.0077621 2.4403e-05
1295.3 27397 2.3859 -0.20007 549.9 -0.17548 4.7807 0.099274 0.039773 2.4306e-05
1303.3 26629 2.3859 -0.20072 506.98 -0.18584 4.7838 0.1086 0.0056074 2.4041e-05
1317.7 25369 2.386 -0.20175 431.88 -0.18746 4.7846 0.13458 0.00085822 2.3152e-05
1329.9 24476 2.3861 -0.20251 375.64 -0.17737 4.7863 0.14159 0.0039249 2.254e-05
1333.2 24259 2.3861 -0.2027 362.54 -0.17614 4.7868 0.14172 0.037565 2.2433e-05
1341.3 23771 2.3861 -0.20313 334.51 -0.17364 4.7902 0.14363 -0.004571 2.214e-05
1355.7 22977 2.3862 -0.20382 297.4 -0.18427 4.7851 0.13752 -0.01266 2.1159e-05
1367.8 22284 2.3862 -0.20436 278.82 -0.2205 4.7853 0.12509 0.012004 2.0483e-05
1371.2 22073 2.3862 -0.2045 275.67 -0.23539 4.7871 0.12408 0.048628 2.0365e-05
1379.3 21532 2.3863 -0.20483 269.27 -0.26017 4.7926 0.12346 -0.0036292 2.0041e-05
1393.6 20518 2.3863 -0.2054 259.68 -0.27553 4.7845 0.11894 -0.018547 1.8956e-05
1405.8 19679 2.3863 -0.20587 251.2 -0.26823 4.7837 0.1132 0.016166 1.8207e-05
1409.2 19458 2.3863 -0.20599 248.71 -0.26489 4.7871 0.11181 0.054299 1.8076e-05
1417.2 18951 2.3864 -0.20629 242.13 -0.25313 4.7936 0.10974 -0.0096238 1.7716e-05
1431.6 18130 2.3864 -0.20681 229.69 -0.23901 4.7785 0.1027 -0.025667 1.651e-05
1443.8 17478 2.3864 -0.20722 220.2 -0.24567 4.7785 0.097524 0.030878 1.5675e-05
1447.1 17296 2.3864 -0.20733 217.93 -0.24888 4.7849 0.096598 0.068732 1.553e-05
1455.2 16864 2.3865 -0.2076 212.69 -0.25536 4.7957 0.094815 -0.0033499 1.5126e-05
1469.6 16082 2.3865 -0.20805 205.03 -0.27507 4.7792 0.086377 -0.030649 1.3774e-05
1481.7 15377 2.3865 -0.20842 201.26 -0.30722 4.7783 0.077074 0.037434 1.2836e-05
1485.1 15168 2.3865 -0.20852 200.77 -0.31642 4.7867 0.075054 0.072343 1.2672e-05
1493.2 14654 2.3865 -0.20876 199.78 -0.334 4.7985 0.068318 -0.0057137 1.2215e-05
1507.5 13664 2.3866 -0.20918 200.33 -0.36983 4.7769 0.050655 -0.039797 1.068e-05
1519.7 12754 2.3866 -0.20953 200.74 -0.39025 4.7758 0.043743 0.048481 9.6115e-06
1523.1 12496 2.3866 -0.20963 199.84 -0.38585 4.7876 0.043171 0.082395 9.4237e-06
1531.1 11907 2.3866 -0.20986 195.4 -0.37284 4.8013 0.039538 -0.011071 8.8977e-06
1545.5 10918 2.3867 -0.21026 182.51 -0.37884 4.7682 0.032536 -0.054182 7.1238e-06
1557.7 10093 2.3867 -0.21057 172.02 -0.41026 4.7631 0.032462 0.055518 5.8853e-06
1561 9860.4 2.3867 -0.21065 169.99 -0.41239 4.7787 0.032144 0.089979 5.6686e-06
1569.1 9310.5 2.3867 -0.21084 165.06 -0.4309 4.7993 0.028888 0.0047826 5.0294e-06
1583.4 8266.8 2.3867 -0.21117 162.11 -0.49906 4.7784 0.020787 -0.036017 2.9487e-06
1595.6 7259.1 2.3867 -0.21144 164.36 -0.56467 4.7829 0.014917 0.066963 1.4065e-06
1599 6958.6 2.3867 -0.21151 164.82 -0.57554 4.8004 0.01371 0.094693 1.0118e-06
1607 6207.1 2.3868 -0.21168 165.83 -0.61183 4.8226 0.0082115 -0.0069525 8.6317e-07
1621.4 4912.2 2.3868 -0.21199 157.75 -0.52353 4.771 0.022289 -0.040138 0
1633.6 4204.9 2.3868 -0.21224 128.9 -0.24696 4.8656 0.05234 0.24917 0
1636.9 4130.9 2.3868 -0.2123 116.24 -0.17177 4.9783 0.05377 0.32828 0
