time (s) altitude (m) longitude (rad) latitude (rad) velocity (m/s) trajectory angle (rad) heading angle (rad) angle of attack (rad) bank angle (rad) fuel mass (kg) 
0 25846 2.5307 -0.264 1520 -0.0080827 1.0001 0.015764 0.0076381 1562
0.94022 25834 2.5309 -0.26381 1522.1 -0.0085836 1.0002 0.015819 0.00596 1560.2
3.0893 25805 2.5311 -0.26338 1527 -0.0094777 1.0004 0.016863 -0.002943 1556.2
6.2936 25757 2.5316 -0.26274 1534.6 -0.0099582 1.0004 0.018004 -0.011803 1549.9
10.334 25694 2.5321 -0.26192 1544.8 -0.0099541 1.0004 0.017316 -0.012288 1541.6
14.937 25624 2.5327 -0.26098 1557.2 -0.0099573 1.0004 0.016001 -0.012892 1531.9
19.786 25548 2.5334 -0.25998 1571.3 -0.0099088 1.0004 0.015368 -0.012948 1521.1
24.553 25477 2.5341 -0.25899 1586.2 -0.0085593 1.0004 0.017204 -0.012472 1509.8
28.912 25428 2.5347 -0.25808 1600.8 -0.0051218 1.0004 0.019142 -0.0123 1498.8
32.566 25410 2.5352 -0.2573 1613.8 -0.00090575 1.0004 0.020116 -0.011902 1489.1
35.266 25414 2.5356 -0.25673 1623.8 0.0027257 1.0004 0.02015 -0.0079621 1481.7
36.829 25424 2.5358 -0.25639 1629.7 0.0048686 1.0004 0.020028 -0.0045988 1477.3
37.202 25427 2.5358 -0.25631 1631.1 0.0053931 1.0004 0.019988 -0.0045289 1476.2
37.805 25433 2.5359 -0.25618 1633.4 0.0062336 1.0005 0.019908 -0.0054017 1474.5
39.199 25449 2.5361 -0.25588 1638.8 0.0081484 1.0005 0.019482 -0.0096504 1470.5
41.318 25482 2.5364 -0.25543 1647.1 0.01089 1.0005 0.018549 -0.013945 1464.3
44.069 25539 2.5368 -0.25483 1658.1 0.013984 1.0004 0.016967 -0.014492 1456.2
47.332 25623 2.5373 -0.25411 1671.4 0.016692 1.0004 0.014601 -0.01461 1446.4
50.965 25730 2.5378 -0.25331 1686.4 0.018301 1.0004 0.01214 -0.014889 1435.4
54.808 25852 2.5384 -0.25245 1702.7 0.018874 1.0003 0.010978 -0.014975 1423.7
58.693 25978 2.539 -0.25158 1719.7 0.019215 1.0003 0.011138 -0.01509 1411.5
62.451 26104 2.5395 -0.25072 1736.6 0.019582 1.0003 0.010829 -0.015008 1399.5
65.918 26223 2.5401 -0.24993 1752.5 0.019498 1.0003 0.0097322 -0.014542 1388.1
68.942 26325 2.5405 -0.24923 1766.7 0.01903 1.0003 0.0092603 -0.014202 1378.1
71.39 26407 2.5409 -0.24866 1778.3 0.018604 1.0004 0.0093656 -0.013335 1369.9
73.157 26465 2.5412 -0.24824 1786.6 0.018352 1.0004 0.0096635 -0.010616 1364
74.164 26498 2.5413 -0.24801 1791.3 0.018248 1.0004 0.0098279 -0.0091972 1360.7
74.403 26506 2.5414 -0.24795 1792.4 0.018226 1.0004 0.0098417 -0.0091905 1359.9
75.205 26532 2.5415 -0.24776 1796.2 0.018154 1.0005 0.0098586 -0.01068 1357.2
77.047 26592 2.5418 -0.24733 1804.8 0.018005 1.0005 0.0099798 -0.014683 1351
79.814 26682 2.5422 -0.24667 1817.7 0.017839 1.0005 0.010079 -0.015364 1341.7
83.346 26796 2.5428 -0.24582 1834.1 0.017605 1.0005 0.0099532 -0.016005 1329.9
87.438 26928 2.5434 -0.24483 1853.2 0.017278 1.0005 0.0098961 -0.016047 1316.2
91.852 27068 2.5442 -0.24374 1873.9 0.016859 1.0005 0.0098033 -0.016068 1301.4
96.332 27209 2.5449 -0.24263 1894.8 0.016554 1.0005 0.010373 -0.015949 1286.4
100.62 27344 2.5456 -0.24156 1914.9 0.016576 1.0006 0.010519 -0.015755 1272
104.46 27466 2.5462 -0.24059 1932.9 0.016297 1.0006 0.009489 -0.014931 1259.2
107.63 27564 2.5468 -0.23978 1947.7 0.015723 1.0006 0.0092345 -0.014562 1248.6
109.95 27635 2.5472 -0.23918 1958.5 0.01535 1.0007 0.0096421 -0.01104 1240.8
111.29 27675 2.5474 -0.23884 1964.7 0.015198 1.0007 0.0099052 -0.0062978 1236.4
111.6 27684 2.5474 -0.23875 1966.2 0.015169 1.0007 0.0099233 -0.0057718 1235.3
112.3 27705 2.5476 -0.23858 1969.5 0.015105 1.0008 0.0099375 -0.0046427 1233
113.89 27752 2.5478 -0.23816 1976.9 0.014964 1.0009 0.01002 0.0044362 1227.7
116.3 27823 2.5483 -0.23753 1988.2 0.01484 1.0013 0.010576 0.036542 1219.6
119.41 27916 2.5488 -0.23672 2002.8 0.014979 1.0024 0.011414 0.090152 1209.2
123.06 28027 2.5494 -0.23575 2019.9 0.015157 1.0047 0.010937 0.15204 1196.9
127.06 28149 2.5501 -0.23468 2038.6 0.014842 1.0083 0.010868 0.22188 1183.5
131.23 28274 2.5509 -0.23355 2058.2 0.014748 1.0134 0.012601 0.29355 1169.5
135.33 28400 2.5516 -0.23242 2077.7 0.014782 1.0197 0.012645 0.36526 1155.6
139.18 28517 2.5522 -0.23135 2095.9 0.014189 1.0266 0.012341 0.43177 1142.7
142.58 28615 2.5528 -0.23039 2111.8 0.013257 1.0335 0.012478 0.49107 1131.3
145.36 28690 2.5533 -0.2296 2124.5 0.012308 1.0398 0.013513 0.53897 1121.9
147.38 28742 2.5537 -0.22902 2133.6 0.011805 1.0448 0.015663 0.57406 1115.1
148.53 28771 2.5539 -0.22869 2138.9 0.011631 1.048 0.016433 0.5937 1111.1
148.81 28778 2.5539 -0.22861 2140.1 0.011591 1.0487 0.016532 0.59837 1110.2
149.92 28805 2.5541 -0.22828 2145.1 0.011425 1.0519 0.017072 0.61658 1106.4
152.46 28867 2.5545 -0.22754 2156.3 0.011184 1.0596 0.019349 0.66074 1097.6
156.21 28958 2.5552 -0.22643 2172.8 0.011316 1.0727 0.023299 0.72625 1084.4
160.86 29076 2.5559 -0.22503 2192.9 0.012048 1.0918 0.027449 0.80527 1067.7
166.04 29216 2.5567 -0.22344 2214.6 0.01213 1.1159 0.028967 0.89904 1048.9
171.33 29350 2.5575 -0.22178 2235.8 0.010461 1.1421 0.029205 0.94772 1029.7
176.29 29457 2.5583 -0.22018 2254.8 0.0088065 1.1665 0.028851 0.91032 1011.8
180.53 29537 2.5589 -0.2188 2270.5 0.0081412 1.1862 0.028238 0.86934 996.45
183.71 29595 2.5593 -0.21775 2281.8 0.0079568 1.2003 0.027799 0.84809 985.01
185.56 29629 2.5595 -0.21713 2288.3 0.0079139 1.2084 0.027557 0.84361 978.35
186.01 29637 2.5596 -0.21698 2289.8 0.007899 1.2103 0.027526 0.84272 976.76
186.7 29650 2.5597 -0.21675 2292.2 0.0078812 1.2133 0.027497 0.84208 974.27
188.29 29678 2.5599 -0.21621 2297.6 0.0078333 1.2201 0.027175 0.83889 968.55
190.71 29722 2.5602 -0.2154 2305.6 0.0077542 1.2303 0.027043 0.83304 959.91
193.81 29777 2.5606 -0.21434 2315.7 0.0076962 1.2433 0.026563 0.82576 948.78
197.46 29842 2.561 -0.21308 2327.1 0.0075625 1.2582 0.02639 0.82173 935.78
201.47 29912 2.5614 -0.21169 2339.3 0.0073971 1.2745 0.025926 0.83124 921.51
205.63 29980 2.5619 -0.21023 2351.4 0.0065732 1.2913 0.025819 0.86031 906.79
209.74 30041 2.5623 -0.20877 2363.3 0.0062157 1.3095 0.032207 0.89669 892.01
213.59 30099 2.5626 -0.20739 2374.4 0.006429 1.3281 0.031817 0.91446 877.9
216.99 30150 2.563 -0.20616 2383.6 0.0061573 1.344 0.031308 0.90355 865.57
219.76 30191 2.5632 -0.20515 2390.9 0.0062997 1.3569 0.031029 0.88296 855.46
221.78 30222 2.5633 -0.20441 2396 0.0061372 1.3657 0.026409 0.86916 848.23
222.94 30238 2.5634 -0.20399 2398.9 0.0058581 1.3703 0.025882 0.86416 844.16
223.21 30242 2.5635 -0.20389 2399.6 0.0057963 1.3714 0.025995 0.86364 843.19
223.74 30249 2.5635 -0.20369 2400.9 0.0056785 1.3736 0.026 0.8626 841.31
224.97 30266 2.5636 -0.20324 2403.9 0.005421 1.3785 0.025989 0.85721 836.97
226.84 30289 2.5637 -0.20255 2408.4 0.0050882 1.386 0.025967 0.84599 830.35
229.29 30319 2.5639 -0.20164 2414.1 0.004788 1.3956 0.026 0.83061 821.7
232.22 30352 2.5641 -0.20055 2420.8 0.0046151 1.407 0.026101 0.8178 811.36
235.52 30388 2.5643 -0.19932 2428 0.0045684 1.4197 0.026313 0.81493 799.72
239.06 30428 2.5645 -0.19799 2435.5 0.0045576 1.4333 0.026655 0.823 787.21
242.7 30468 2.5647 -0.19661 2443.1 0.0045155 1.4477 0.027114 0.83418 774.31
246.31 30508 2.5648 -0.19524 2450.5 0.0044638 1.462 0.027557 0.84213 761.52
249.75 30545 2.565 -0.19393 2457.6 0.0044317 1.4758 0.027785 0.8452 749.34
252.88 30579 2.5651 -0.19273 2464 0.0044129 1.4884 0.02781 0.84629 738.24
255.58 30609 2.5651 -0.19169 2469.6 0.0043831 1.4993 0.027739 0.84751 728.66
257.75 30632 2.5652 -0.19086 2474 0.0043388 1.508 0.027639 0.84852 720.96
259.31 30649 2.5652 -0.19025 2477.1 0.0042936 1.5143 0.02755 0.8488 715.44
260.2 30658 2.5653 -0.18991 2478.9 0.0042641 1.5178 0.027499 0.84879 712.31
260.41 30660 2.5653 -0.18983 2479.4 0.0042567 1.5186 0.027493 0.84877 711.56
261.01 30667 2.5653 -0.1896 2480.6 0.0042349 1.521 0.027458 0.84869 709.43
262.41 30681 2.5653 -0.18906 2483.4 0.0041817 1.5266 0.027368 0.84784 704.51
264.53 30703 2.5653 -0.18824 2487.6 0.0041023 1.5349 0.027239 0.84478 697.03
267.28 30731 2.5654 -0.18717 2493.1 0.0040258 1.5457 0.027063 0.83858 687.33
270.54 30763 2.5654 -0.18589 2499.5 0.003988 1.5583 0.026859 0.83076 675.84
274.17 30800 2.5654 -0.18447 2506.6 0.0040027 1.5722 0.026659 0.82522 663.07
278.02 30838 2.5654 -0.18297 2513.9 0.0039935 1.5868 0.026495 0.82906 649.59
281.9 30877 2.5654 -0.18144 2521.2 0.003837 1.6015 0.026382 0.83978 635.97
285.66 30912 2.5653 -0.17996 2528.2 0.0035622 1.6158 0.026334 0.84089 622.82
289.13 30943 2.5652 -0.17859 2534.5 0.0034779 1.6289 0.026372 0.81351 610.69
292.15 30970 2.5651 -0.17739 2539.9 0.0038519 1.6398 0.026547 0.76906 600.12
294.6 30996 2.5651 -0.17642 2544.3 0.0045759 1.6484 0.026896 0.73016 591.55
296.37 31019 2.565 -0.17572 2547.4 0.0053245 1.6543 0.026937 0.70534 585.37
297.37 31033 2.565 -0.17532 2549.2 0.0057885 1.6576 0.026521 0.69729 581.85
297.61 31036 2.565 -0.17523 2549.6 0.0058946 1.6584 0.026416 0.69633 581.01
298.14 31044 2.565 -0.17502 2550.5 0.0061261 1.6601 0.026093 0.69408 579.17
299.37 31064 2.5649 -0.17453 2552.6 0.0065918 1.664 0.024439 0.68274 574.91
301.25 31097 2.5648 -0.17379 2555.8 0.006991 1.6694 0.021004 0.66197 568.52
303.7 31141 2.5647 -0.17281 2559.9 0.0069761 1.6758 0.018306 0.63694 560.34
306.63 31193 2.5646 -0.17165 2564.8 0.006801 1.6829 0.018292 0.62184 550.66
309.93 31250 2.5644 -0.17033 2570.3 0.0065994 1.6909 0.018007 0.63063 539.81
313.46 31308 2.5643 -0.16892 2576.1 0.0060627 1.6996 0.01803 0.66994 528.25
317.11 31360 2.5641 -0.16747 2581.9 0.0050039 1.7091 0.017562 0.7252 516.4
320.72 31399 2.5639 -0.16603 2587.7 0.0033059 1.7189 0.017566 0.77262 504.73
324.15 31420 2.5636 -0.16465 2593.2 0.0013875 1.7284 0.015881 0.7697 493.66
327.28 31423 2.5634 -0.1634 2598.3 -0.00088298 1.7361 0.012033 0.72263 483.72
329.98 31410 2.5633 -0.16232 2602.7 -0.0027276 1.7421 0.014239 0.67698 475.16
332.16 31392 2.5631 -0.16145 2606.2 -0.0033361 1.7473 0.018123 0.63897 468.11
333.72 31379 2.563 -0.16082 2608.8 -0.0032202 1.7512 0.020828 0.61259 462.94
334.6 31371 2.5629 -0.16047 2610.2 -0.0029331 1.7534 0.022337 0.5971 459.96
334.81 31370 2.5629 -0.16038 2610.6 -0.002846 1.7539 0.02271 0.5937 459.25
335.93 31362 2.5628 -0.15993 2612.4 -0.0022242 1.7568 0.024633 0.57502 455.45
338.47 31355 2.5626 -0.15892 2616.4 0.0001308 1.7635 0.029069 0.53077 446.64
342.22 31383 2.5623 -0.15741 2622.1 0.0060197 1.7735 0.035591 0.46529 433.26
346.87 31520 2.5619 -0.15555 2628.4 0.017184 1.7856 0.043725 0.38483 416.23
352.05 31864 2.5614 -0.15347 2633.6 0.033942 1.7975 0.052735 0.2933 397.15
357.33 32475 2.5609 -0.15136 2636.2 0.054089 1.8071 0.061999 0.20346 378.34
362.3 33311 2.5604 -0.14937 2636 0.073665 1.8129 0.07059 0.11262 362.07
366.54 34222 2.56 -0.14769 2633.6 0.089331 1.8155 0.078157 0.064451 349.66
369.72 35012 2.5597 -0.14643 2630.8 0.09965 1.8167 0.082258 0.039687 341.4
371.57 35510 2.5595 -0.14569 2628.8 0.10472 1.817 0.081298 0.0057315 337.04
372.02 35632 2.5595 -0.14552 2628.4 0.10577 1.8171 0.080371 0 336.05
372.02 35632 2.5595 -0.14552 2628.4 0.10577 1.8171 0.080371 0 336.05
372.18 35678 2.5595 -0.14545 2626.9 0.10677 1.8171 0.079864 0.014406 336.05
372.57 35788 2.5594 -0.1453 2623.4 0.10904 1.8172 0.078477 0.047826 336.05
373.17 35963 2.5594 -0.14506 2618.2 0.11233 1.8176 0.07645 0.10117 336.03
373.99 36207 2.5593 -0.14474 2611.3 0.11634 1.8185 0.073507 0.17138 336.04
375.01 36522 2.5592 -0.14434 2603.4 0.12057 1.8203 0.070154 0.26218 336.02
376.23 36911 2.5591 -0.14386 2594.4 0.12458 1.8229 0.065505 0.36649 336.05
377.64 37370 2.5589 -0.14331 2585.3 0.12777 1.8266 0.063976 0.49234 335.98
379.23 37897 2.5587 -0.1427 2574.6 0.13047 1.8317 0.068576 0.62668 336.14
380.98 38486 2.5586 -0.14203 2568.3 0.13165 1.8378 0.074525 0.78442 335
382.88 39125 2.5584 -0.1413 2567.8 0.13092 1.8445 0.08121 0.94307 332.29
384.91 39802 2.5581 -0.14053 2564.8 0.12886 1.8528 0.088167 1.1296 330.12
387.07 40501 2.5579 -0.13971 2563.5 0.12484 1.8616 0.095702 1.3035 327.5
389.32 41203 2.5576 -0.13885 2555.8 0.11886 1.8723 0.10342 1.513 326.42
391.65 41887 2.5573 -0.13797 2543.1 0.11104 1.8843 0.11152 1.5692 326.57
394.05 42537 2.557 -0.13708 2531.5 0.1029 1.8959 0.11976 1.5655 326.5
396.5 43145 2.5567 -0.13617 2519.7 0.094419 1.9076 0.12822 1.568 326.53
398.97 43704 2.5564 -0.13526 2508.4 0.085961 1.919 0.13674 1.5612 326.51
401.44 44209 2.5561 -0.13436 2497.3 0.077302 1.9303 0.14527 1.5646 326.52
403.9 44656 2.5557 -0.13347 2486.7 0.068891 1.9413 0.15381 1.5402 326.51
406.33 45046 2.5554 -0.1326 2476.6 0.060527 1.952 0.16203 1.5472 326.51
408.7 45376 2.555 -0.13176 2467.1 0.052568 1.9624 0.17015 1.5021 326.51
410.99 45652 2.5547 -0.13094 2458.3 0.04505 1.9724 0.1744 1.4943 326.51
413.2 45877 2.5544 -0.13017 2450.3 0.037999 1.9816 0.1743 1.4545 326.5
415.29 46055 2.554 -0.12944 2442.9 0.031465 1.9901 0.17436 1.4437 326.5
417.26 46191 2.5537 -0.12876 2436.3 0.025431 1.9979 0.17424 1.4109 326.5
419.09 46292 2.5534 -0.12813 2430.4 0.019953 2.005 0.17429 1.4025 326.5
420.76 46363 2.5532 -0.12756 2425.2 0.015004 2.0113 0.17409 1.3764 326.5
422.26 46410 2.5529 -0.12705 2420.6 0.010646 2.017 0.17413 1.3694 326.49
423.57 46438 2.5527 -0.1266 2416.6 0.0068571 2.0218 0.17396 1.3455 326.49
424.7 46452 2.5525 -0.12622 2413.3 0.0036966 2.026 0.17389 1.337 326.49
425.62 46457 2.5524 -0.12591 2410.6 0.0011291 2.0293 0.17352 1.3164 326.49
426.33 46458 2.5522 -0.12567 2408.5 -0.00081122 2.0319 0.17341 1.3119 326.48
426.83 46456 2.5522 -0.1255 2407.1 -0.0021669 2.0337 0.17324 1.3019 326.48
427.1 46454 2.5521 -0.12541 2406.3 -0.0029125 2.0347 0.17327 1.3038 326.48
427.17 46454 2.5521 -0.12539 2406.1 -0.0030914 2.0349 0.17325 1.3024 326.48
427.47 46451 2.552 -0.12529 2405.3 -0.0039009 2.036 0.17329 1.3021 326.47
428.17 46443 2.5519 -0.12505 2403.3 -0.0057906 2.0385 0.1735 1.3009 326.47
429.25 46424 2.5517 -0.12469 2400.2 -0.0087207 2.0425 0.17385 1.2964 326.47
430.71 46387 2.5515 -0.12421 2396.1 -0.012613 2.0478 0.17406 1.2843 326.47
432.52 46322 2.5512 -0.12361 2391.1 -0.017341 2.0543 0.17411 1.2653 326.47
434.65 46220 2.5508 -0.12291 2385.2 -0.022754 2.0621 0.17421 1.244 326.46
437.08 46071 2.5504 -0.12211 2378.6 -0.028707 2.071 0.17424 1.2231 326.46
439.76 45868 2.5499 -0.12125 2371.2 -0.035043 2.081 0.17426 1.2019 326.46
442.66 45605 2.5494 -0.12032 2363.1 -0.041579 2.092 0.17425 1.18 326.46
445.74 45279 2.5488 -0.11934 2354.4 -0.048114 2.1041 0.17427 1.1578 326.45
448.95 44892 2.5482 -0.11833 2345 -0.054446 2.1171 0.17426 1.1365 326.45
452.24 44450 2.5475 -0.11731 2334.9 -0.060384 2.1311 0.17428 1.1169 326.45
455.57 43960 2.5469 -0.1163 2324.2 -0.065753 2.146 0.17426 1.0996 326.45
458.89 43437 2.5462 -0.1153 2312.8 -0.070409 2.1617 0.17427 1.085 326.44
462.14 42893 2.5456 -0.11433 2300.8 -0.074249 2.1783 0.1742 1.0733 326.44
465.29 42346 2.5449 -0.11342 2288.2 -0.077223 2.1953 0.17418 1.0648 326.44
468.28 41812 2.5443 -0.11256 2275.4 -0.079392 2.2126 0.17161 1.0595 326.44
471.08 41303 2.5437 -0.11177 2263 -0.081065 2.2294 0.16403 1.0571 326.44
473.64 40831 2.5431 -0.11107 2251.6 -0.082508 2.245 0.15555 1.0568 326.43
475.92 40405 2.5426 -0.11045 2241.5 -0.083765 2.2591 0.14817 1.058 326.43
477.9 40033 2.5422 -0.10992 2232.8 -0.084843 2.2714 0.14201 1.0606 326.43
479.53 39723 2.5418 -0.10949 2225.6 -0.085731 2.2818 0.13744 1.0637 326.43
480.81 39479 2.5415 -0.10916 2219.9 -0.086404 2.29 0.13461 1.0658 326.42
481.7 39307 2.5413 -0.10893 2215.9 -0.086848 2.2958 0.13321 1.0664 326.42
482.2 39211 2.5412 -0.1088 2213.7 -0.08708 2.2991 0.13278 1.0665 326.42
482.32 39188 2.5412 -0.10877 2213.1 -0.087132 2.2999 0.13274 1.0666 326.42
482.88 39080 2.541 -0.10862 2210.6 -0.087368 2.3036 0.1323 1.0684 326.41
484.18 38829 2.5407 -0.10829 2204.5 -0.087886 2.3125 0.13025 1.0748 326.41
486.18 38441 2.5403 -0.10779 2195 -0.088622 2.3266 0.12682 1.0811 326.41
488.83 37926 2.5396 -0.10714 2182.1 -0.089449 2.3459 0.12284 1.0913 326.41
492.05 37298 2.5389 -0.10638 2165.6 -0.09021 2.3709 0.11941 1.1062 326.4
495.76 36575 2.5379 -0.10552 2145.3 -0.090712 2.4021 0.11618 1.1265 326.4
499.85 35783 2.5369 -0.10463 2121.1 -0.090964 2.4398 0.11207 1.1523 326.4
504.22 34946 2.5358 -0.10373 2093.6 -0.091338 2.4836 0.1052 1.1832 326.4
508.74 34084 2.5346 -0.10286 2064 -0.092586 2.5321 0.096022 1.2175 326.39
513.29 33211 2.5334 -0.10206 2033.2 -0.095029 2.5841 0.08894 1.2526 326.39
517.75 32343 2.5322 -0.10136 2001.1 -0.098311 2.6395 0.084629 1.2845 326.39
522 31501 2.531 -0.10076 1968.2 -0.10198 2.6975 0.081756 1.3093 326.39
525.91 30710 2.5299 -0.10028 1935.5 -0.10551 2.7562 0.079858 1.3245 326.38
529.39 29997 2.529 -0.099919 1904.2 -0.10835 2.8132 0.078646 1.3296 326.38
532.33 29390 2.5281 -0.099661 1875.9 -0.11004 2.8654 0.077925 1.3251 326.38
534.66 28911 2.5275 -0.099491 1852.1 -0.11056 2.9095 0.077521 1.3165 326.37
536.32 28575 2.527 -0.09939 1834.4 -0.1103 2.9424 0.077293 1.3052 326.37
537.25 28387 2.5267 -0.09934 1824.2 -0.10981 2.9615 0.077184 1.2924 326.37
537.48 28343 2.5267 -0.099329 1821.8 -0.10963 2.966 0.077171 1.2902 326.37
537.59 28320 2.5266 -0.099323 1820.5 -0.10954 2.9684 0.077167 1.2901 326.36
537.86 28267 2.5266 -0.09931 1817.5 -0.10931 2.974 0.077166 1.289 326.36
538.28 28183 2.5265 -0.099291 1812.8 -0.10894 2.9829 0.077112 1.2876 326.35
538.85 28071 2.5263 -0.099266 1806.2 -0.10834 2.9951 0.077115 1.2828 326.36
539.57 27932 2.5261 -0.099239 1798.1 -0.10748 3.0106 0.076976 1.2768 326.34
540.43 27768 2.5259 -0.09921 1787.8 -0.10616 3.0295 0.077001 1.2646 326.37
541.43 27581 2.5256 -0.099182 1776.1 -0.10429 3.0518 0.076792 1.2526 326.32
542.56 27375 2.5253 -0.099158 1762 -0.10155 3.0776 0.076881 1.2332 326.38
543.81 27156 2.5249 -0.099141 1746.9 -0.097819 3.1068 0.077057 1.2157 326.28
545.19 26929 2.5246 -0.099134 1728.3 -0.092545 3.1398 0.078946 1.1881 326.42
546.67 26702 2.5242 -0.099141 1709.3 -0.085092 3.1774 0.084354 1.1627 326.18
548.26 26487 2.5237 -0.099165 1682.8 -0.074183 3.221 0.089364 1.1245 326.67
549.94 26296 2.5233 -0.09921 1674.8 -0.060876 3.2668 0.095663 1.0927 323.59
551.71 26138 2.5228 -0.099279 1688.8 -0.045178 3.3149 0.10122 1.0712 316.23
553.55 26027 2.5224 -0.099375 1697 -0.025788 3.3698 0.10831 1.0842 309
555.45 25977 2.5219 -0.099505 1708.4 -0.0055574 3.4304 0.11091 1.1182 300.5
557.41 25990 2.5214 -0.09967 1717.5 0.012326 3.4953 0.10934 1.2022 291.95
559.41 26053 2.5209 -0.099874 1730.1 0.023234 3.5625 0.10488 1.3 282.68
561.45 26146 2.5204 -0.10012 1742.4 0.028962 3.6288 0.098616 1.341 273.57
563.5 26256 2.5199 -0.10039 1758 0.031703 3.6932 0.096081 1.3797 263.99
565.56 26372 2.5194 -0.10071 1772.7 0.031313 3.7569 0.0945 1.4297 254.52
567.62 26484 2.5189 -0.10105 1789.9 0.030458 3.8195 0.095718 1.3581 244.58
569.67 26608 2.5185 -0.10143 1804.9 0.039692 3.8809 0.10217 1.1584 234.71
571.69 26789 2.5181 -0.10182 1819.7 0.06062 3.9393 0.10873 0.99736 224.55
573.67 27061 2.5177 -0.10224 1830.5 0.091702 3.9919 0.11631 0.81298 214.82
575.6 27452 2.5173 -0.10266 1840.7 0.12982 4.036 0.11984 0.68311 205.26
577.48 27966 2.517 -0.10308 1846.9 0.16846 4.0725 0.12204 0.61259 196.8
579.28 28585 2.5167 -0.1035 1853.2 0.20405 4.1033 0.12349 0.58638 188.9
581.01 29282 2.5164 -0.1039 1855.1 0.23502 4.1295 0.12419 0.56606 182.51
582.64 30029 2.5162 -0.10429 1859.5 0.2607 4.1514 0.12402 0.5665 176.4
584.18 30795 2.516 -0.10466 1848.3 0.28234 4.1706 0.11776 0.56576 173.9
585.61 31550 2.5158 -0.10499 1825.7 0.30017 4.187 0.11584 0.57326 174.29
586.93 32273 2.5156 -0.1053 1809.6 0.31332 4.2003 0.11554 0.57126 174.09
588.12 32946 2.5154 -0.10558 1794.8 0.32354 4.2111 0.11637 0.57627 174.21
589.19 33559 2.5153 -0.10583 1783.5 0.33106 4.2198 0.11723 0.57314 174.12
590.11 34101 2.5152 -0.10605 1773.6 0.33681 4.2268 0.11798 0.57647 174.18
590.9 34565 2.5151 -0.10623 1766.1 0.3409 4.2324 0.11845 0.57346 174.12
591.55 34947 2.515 -0.10638 1759.8 0.34393 4.2366 0.11882 0.57593 174.16
592.05 35242 2.5149 -0.10649 1755.5 0.34593 4.2397 0.11896 0.57369 174.12
592.39 35447 2.5149 -0.10657 1752.3 0.34726 4.2417 0.11909 0.57542 174.14
592.58 35562 2.5149 -0.10661 1750.7 0.34791 4.2428 0.11908 0.5741 174.12
592.63 35589 2.5149 -0.10662 1750.3 0.34808 4.2431 0.1191 0.57461 174.13
593.01 35818 2.5148 -0.10671 1747 0.34932 4.2453 0.11922 0.57421 174.12
593.9 36351 2.5147 -0.10691 1739.7 0.35183 4.25 0.11976 0.57266 174.12
595.28 37180 2.5146 -0.10723 1728.9 0.35467 4.2567 0.12055 0.57066 174.11
597.13 38287 2.5144 -0.10765 1715.7 0.3567 4.2644 0.12126 0.56783 174.11
599.4 39645 2.5141 -0.10816 1701 0.35682 4.2722 0.1218 0.56342 174.1
602.06 41215 2.5138 -0.10876 1685.4 0.35426 4.2796 0.12237 0.55738 174.1
605.06 42948 2.5135 -0.10943 1669.6 0.34864 4.2861 0.123 0.55001 174.1
608.35 44789 2.5132 -0.11016 1654 0.33994 4.2915 0.12366 0.5415 174.1
611.85 46681 2.5129 -0.11093 1639 0.32842 4.2959 0.1243 0.53226 174.1
615.51 48568 2.5125 -0.11174 1624.7 0.31452 4.2994 0.12485 0.52264 174.1
619.25 50398 2.5121 -0.11256 1611.2 0.29879 4.3022 0.12533 0.5131 174.1
623.01 52127 2.5118 -0.11339 1598.9 0.28177 4.3043 0.12574 0.50389 174.1
626.72 53720 2.5114 -0.1142 1587.7 0.26405 4.306 0.1261 0.49512 174.1
630.31 55154 2.5111 -0.11499 1577.7 0.24616 4.3073 0.12648 0.48658 174.1
633.71 56412 2.5108 -0.11573 1569 0.22865 4.3083 0.12683 0.47817 174.1
636.86 57489 2.5105 -0.11642 1561.7 0.21201 4.3091 0.12711 0.47038 174.1
639.7 58386 2.5102 -0.11704 1555.5 0.19671 4.3098 0.12725 0.46467 174.1
642.17 59112 2.51 -0.11758 1550.6 0.18317 4.3102 0.12727 0.46203 174.1
644.24 59676 2.5098 -0.11803 1546.8 0.17173 4.3106 0.12721 0.46189 174.1
645.85 60092 2.5096 -0.11838 1543.9 0.1627 4.3109 0.12717 0.46253 174.1
646.99 60371 2.5095 -0.11863 1542 0.1563 4.311 0.12716 0.4626 174.1
647.63 60523 2.5095 -0.11877 1541 0.15269 4.3111 0.12717 0.46229 174.1
647.78 60558 2.5094 -0.1188 1540.8 0.15184 4.3112 0.12717 0.46215 174.1
653.22 61694 2.5089 -0.11999 1533 0.12086 4.3119 0.12805 0.44163 174.1
664.58 63218 2.5079 -0.12246 1522.3 0.054734 4.3132 0.12873 0.42387 174.1
678.78 63496 2.5066 -0.12555 1519.5 -0.029069 4.3147 0.12884 0.408 174.1
692.01 62127 2.5054 -0.12843 1527 -0.10659 4.3163 0.12894 0.3951 174.1
700.74 60373 2.5046 -0.13033 1537 -0.15651 4.3176 0.12828 0.38952 174.1
702.93 59825 2.5044 -0.13081 1540.1 -0.16883 4.318 0.12757 0.40641 174.1
703.39 59706 2.5043 -0.13091 1540.8 -0.17139 4.3181 0.12757 0.4062 174.1
704.46 59421 2.5042 -0.13115 1542.4 -0.17733 4.3183 0.1276 0.40399 174.1
706.11 58960 2.5041 -0.1315 1545 -0.18645 4.3187 0.12766 0.39808 174.1
708.3 58311 2.5039 -0.13198 1548.6 -0.19846 4.3191 0.12777 0.39052 174.1
710.99 57459 2.5036 -0.13257 1553.4 -0.21297 4.3198 0.12776 0.38493 174.1
714.12 56392 2.5033 -0.13325 1559.3 -0.22951 4.3206 0.1276 0.38303 174.1
717.61 55103 2.503 -0.13401 1566.2 -0.24752 4.3217 0.12722 0.38331 174.1
721.39 53595 2.5027 -0.13484 1574.2 -0.26634 4.323 0.12672 0.38351 174.1
725.37 51882 2.5023 -0.13571 1583 -0.28528 4.3247 0.12618 0.38313 174.1
729.46 49994 2.5019 -0.13661 1592.3 -0.30359 4.3269 0.12548 0.38252 174.1
733.58 47973 2.5016 -0.13751 1601.7 -0.32044 4.3297 0.12482 0.38217 174.1
737.64 45878 2.5012 -0.1384 1610.6 -0.33501 4.3332 0.12394 0.38201 174.1
741.53 43777 2.5009 -0.13926 1618.3 -0.34647 4.3376 0.12341 0.38187 174.1
745.17 41747 2.5006 -0.14007 1624.5 -0.35422 4.3429 0.11938 0.38145 174.1
748.49 39863 2.5003 -0.1408 1628.7 -0.35843 4.3489 0.11 0.38069 174.09
751.4 38192 2.5 -0.14145 1631.1 -0.35973 4.3552 0.099846 0.37938 174.09
753.85 36787 2.4998 -0.142 1632 -0.35887 4.3613 0.091527 0.37673 174.09
755.78 35686 2.4997 -0.14243 1632 -0.35679 4.3666 0.084997 0.37384 174.08
757.14 34912 2.4996 -0.14274 1631.4 -0.35452 4.3707 0.080728 0.37323 174.08
757.91 34478 2.4995 -0.14291 1630.9 -0.35291 4.3731 0.079004 0.3739 174.08
758.09 34377 2.4995 -0.14295 1630.8 -0.35249 4.3737 0.078834 0.37392 174.08
758.21 34309 2.4995 -0.14298 1630.7 -0.35221 4.3741 0.078795 0.37393 174.07
758.49 34150 2.4994 -0.14304 1630.4 -0.35151 4.3751 0.078558 0.37338 174.06
758.93 33903 2.4994 -0.14314 1629.9 -0.35027 4.3766 0.078101 0.3724 174.06
759.53 33569 2.4994 -0.14328 1629.3 -0.34844 4.3787 0.077337 0.37005 174.05
760.28 33152 2.4993 -0.14345 1628 -0.34578 4.3815 0.076513 0.36754 174.06
761.18 32657 2.4992 -0.14365 1626.5 -0.34214 4.385 0.075626 0.36412 174.03
762.23 32092 2.4992 -0.14389 1623.9 -0.33706 4.3894 0.075133 0.36121 174.07
763.41 31463 2.4991 -0.14416 1620.9 -0.33031 4.3947 0.075142 0.35727 174.01
764.72 30784 2.499 -0.14446 1615.6 -0.321 4.4013 0.076752 0.35304 174.09
766.16 30066 2.4989 -0.14478 1609.9 -0.30846 4.4092 0.081 0.34669 173.95
767.71 29332 2.4987 -0.14514 1598.8 -0.29054 4.4192 0.086165 0.33915 174.21
769.36 28602 2.4986 -0.14552 1597.2 -0.26906 4.4305 0.091906 0.33038 172.57
771.12 27890 2.4985 -0.14593 1607.7 -0.24309 4.4431 0.097859 0.32528 168.47
772.95 27225 2.4984 -0.14636 1615.4 -0.2087 4.4587 0.10211 0.32547 163.97
774.86 26645 2.4983 -0.14682 1625.5 -0.16764 4.4768 0.1011 0.33383 158.33
776.84 26180 2.4982 -0.14731 1635.4 -0.12178 4.4974 0.096519 0.35415 152.07
778.86 25855 2.4981 -0.14782 1647.9 -0.074163 4.5205 0.090322 0.39056 144.93
780.93 25683 2.498 -0.14834 1661.3 -0.027523 4.5469 0.083225 0.46403 137.33
783.02 25662 2.4979 -0.14888 1676.8 0.014314 4.578 0.076401 0.60094 129.22
785.13 25775 2.4978 -0.14943 1692.6 0.048064 4.6142 0.068444 0.72524 121.07
787.24 26001 2.4978 -0.14999 1709.3 0.077682 4.6487 0.067574 0.63029 112.86
789.35 26342 2.4977 -0.15055 1724.7 0.11293 4.6776 0.076804 0.4952 104.61
791.43 26816 2.4977 -0.15111 1738.9 0.15041 4.7018 0.077186 0.42783 96.464
793.48 27412 2.4977 -0.15166 1751.4 0.18433 4.7212 0.075229 0.38639 88.925
795.48 28109 2.4977 -0.1522 1762.2 0.21342 4.737 0.073165 0.36514 82.095
797.42 28877 2.4978 -0.15272 1771.1 0.23728 4.7499 0.070873 0.3509 76.089
799.3 29691 2.4978 -0.15323 1778 0.2562 4.7605 0.069003 0.34799 70.932
801.09 30524 2.4978 -0.15371 1783.5 0.27076 4.7693 0.067243 0.34767 66.511
802.8 31355 2.4978 -0.15416 1786.8 0.28165 4.7766 0.06555 0.35455 62.945
804.4 32163 2.4979 -0.15459 1790.2 0.28934 4.7827 0.064001 0.36157 59.761
805.89 32934 2.4979 -0.15499 1785.1 0.29546 4.7881 0.066569 0.37235 58.401
807.27 33652 2.4979 -0.15536 1772.5 0.30064 4.793 0.0678 0.38022 58.655
808.52 34310 2.498 -0.15568 1763.9 0.30398 4.797 0.067978 0.38926 58.504
809.63 34899 2.498 -0.15597 1755.3 0.30625 4.8003 0.0675 0.39573 58.608
810.61 35414 2.498 -0.15623 1749.2 0.30747 4.803 0.067053 0.40305 58.521
811.43 35852 2.498 -0.15644 1743.5 0.30818 4.8052 0.066411 0.40786 58.588
812.11 36209 2.498 -0.15662 1739.6 0.3084 4.8068 0.065987 0.41228 58.528
812.63 36484 2.498 -0.15675 1736.1 0.30849 4.8081 0.06555 0.41414 58.572
812.99 36675 2.4981 -0.15684 1734.2 0.30841 4.8089 0.065408 0.41548 58.532
813.19 36781 2.4981 -0.15689 1732.9 0.30838 4.8093 0.065297 0.41549 58.556
813.24 36806 2.4981 -0.15691 1732.7 0.30836 4.8094 0.065305 0.4156 58.543
813.66 37025 2.4981 -0.15701 1730.2 0.30819 4.8103 0.064992 0.41567 58.538
814.63 37534 2.4981 -0.15726 1724.8 0.30751 4.8123 0.063472 0.41591 58.536
816.14 38317 2.4981 -0.15765 1716.8 0.30566 4.8149 0.060268 0.41699 58.532
818.15 39345 2.4982 -0.15815 1706.9 0.30178 4.8179 0.054167 0.41946 58.53
820.62 40581 2.4983 -0.15878 1695.9 0.29509 4.8207 0.04571 0.42175 58.525
823.5 41975 2.4983 -0.1595 1684.3 0.28523 4.823 0.035746 0.42234 58.522
826.73 43468 2.4984 -0.16031 1672.7 0.27225 4.8249 0.027553 0.42022 58.516
830.25 45003 2.4985 -0.16119 1661.3 0.25691 4.8264 0.029847 0.41545 58.515
833.98 46524 2.4986 -0.16211 1650.1 0.24013 4.8279 0.038982 0.40816 58.514
837.86 47984 2.4988 -0.16307 1639.5 0.2223 4.8293 0.045662 0.39903 58.515
841.79 49343 2.4989 -0.16404 1629.8 0.20365 4.8305 0.049198 0.38872 58.514
845.7 50570 2.499 -0.16501 1621.1 0.18453 4.8316 0.050607 0.37827 58.515
849.51 51644 2.4991 -0.16595 1613.5 0.16542 4.8325 0.051169 0.36866 58.514
853.15 52554 2.4992 -0.16684 1607 0.14681 4.8333 0.051497 0.36179 58.515
856.54 53301 2.4993 -0.16767 1601.7 0.1292 4.8339 0.051968 0.35938 58.514
859.6 53894 2.4994 -0.16843 1597.4 0.11306 4.8345 0.052537 0.36242 58.515
862.28 54346 2.4995 -0.16908 1594.2 0.098808 4.8349 0.053168 0.36976 58.514
864.53 54678 2.4996 -0.16963 1591.7 0.086795 4.8353 0.053683 0.37841 58.515
866.29 54907 2.4996 -0.17006 1590 0.07732 4.8356 0.054049 0.38509 58.514
867.53 55053 2.4997 -0.17037 1588.9 0.070614 4.8358 0.054204 0.38798 58.515
868.23 55130 2.4997 -0.17054 1588.3 0.066834 4.8359 0.054254 0.38847 58.514
868.39 55147 2.4997 -0.17058 1588.2 0.065943 4.836 0.054253 0.38838 58.514
869.42 55250 2.4997 -0.17083 1587.4 0.060385 4.8362 0.05423 0.38358 58.514
871.79 55452 2.4998 -0.17141 1585.7 0.04755 4.8365 0.054116 0.36129 58.514
875.36 55667 2.4999 -0.17228 1583.8 0.028076 4.8371 0.054015 0.3294 58.514
879.97 55780 2.5 -0.17341 1582.4 0.0029179 4.8377 0.054181 0.30535 58.514
885.38 55678 2.5002 -0.17473 1582.2 -0.026617 4.8385 0.054573 0.29273 58.514
891.31 55276 2.5004 -0.17618 1583.6 -0.058919 4.8394 0.054906 0.2846 58.514
897.48 54538 2.5006 -0.17768 1587 -0.092178 4.8403 0.05485 0.27603 58.514
903.58 53490 2.5008 -0.17917 1592.1 -0.12453 4.8414 0.054336 0.26561 58.514
909.28 52224 2.501 -0.18056 1598.3 -0.15423 4.8425 0.053595 0.25354 58.514
914.32 50882 2.5011 -0.18179 1604.9 -0.17977 4.8435 0.05335 0.24264 58.514
918.44 49632 2.5013 -0.18279 1611 -0.20001 4.8445 0.054199 0.24403 58.514
921.43 48640 2.5014 -0.18352 1615.7 -0.21424 4.8453 0.055508 0.25902 58.514
923.14 48041 2.5014 -0.18394 1618.4 -0.22218 4.8459 0.056221 0.27063 58.514
923.55 47896 2.5014 -0.18404 1619.1 -0.22404 4.846 0.056305 0.27153 58.514
923.77 47815 2.5014 -0.18409 1619.5 -0.22507 4.8461 0.056352 0.27142 58.515
924.3 47624 2.5015 -0.18422 1620.4 -0.22746 4.8463 0.056353 0.27025 58.513
925.12 47322 2.5015 -0.18442 1621.7 -0.23114 4.8466 0.056565 0.26633 58.518
926.22 46907 2.5015 -0.18469 1623.6 -0.23606 4.847 0.056786 0.25861 58.509
927.6 46377 2.5016 -0.18503 1625.8 -0.24204 4.8475 0.05731 0.24764 58.522
929.24 45730 2.5016 -0.18542 1628.7 -0.24896 4.8481 0.058092 0.23531 58.504
931.11 44965 2.5017 -0.18588 1631.7 -0.25657 4.8489 0.059274 0.22378 58.528
933.2 44084 2.5018 -0.18639 1635.4 -0.26466 4.8498 0.060837 0.21522 58.498
935.5 43088 2.5018 -0.18695 1638.8 -0.27282 4.8509 0.062716 0.20954 58.535
937.96 41984 2.5019 -0.18755 1642.8 -0.28078 4.8523 0.064447 0.2058 58.487
940.56 40782 2.502 -0.18818 1645.9 -0.28795 4.8539 0.066318 0.2019 58.543
943.28 39494 2.5021 -0.18885 1649.4 -0.29397 4.856 0.067298 0.19664 58.468
946.09 38143 2.5022 -0.18953 1651 -0.29801 4.8584 0.068787 0.1895 58.557
948.95 36749 2.5023 -0.19023 1652.7 -0.29963 4.8613 0.069125 0.18075 58.437
951.84 35345 2.5024 -0.19093 1650.9 -0.29774 4.8647 0.070266 0.17085 58.591
954.72 33963 2.5025 -0.19163 1649.2 -0.29191 4.8687 0.070875 0.16027 58.363
957.56 32643 2.5027 -0.19232 1640.7 -0.28043 4.8732 0.074425 0.14917 58.756
960.32 31421 2.5028 -0.193 1643.7 -0.2635 4.8782 0.085264 0.13857 56.74
962.99 30321 2.5029 -0.19365 1658 -0.24001 4.8837 0.091144 0.13047 52.189
965.53 29377 2.503 -0.19429 1671.1 -0.20945 4.8897 0.092408 0.12529 47.057
967.91 28613 2.5031 -0.19489 1683.7 -0.17521 4.8958 0.088501 0.12282 41.53
970.1 28028 2.5032 -0.19545 1700.3 -0.14078 4.9018 0.08331 0.12345 35.112
972.09 27611 2.5033 -0.19597 1697 -0.10633 4.9076 0.075585 0.12587 31.978
973.85 27344 2.5034 -0.19642 1672.6 -0.073879 4.913 0.072169 0.12724 32.599
975.36 27193 2.5035 -0.1968 1656.8 -0.046678 4.9177 0.070889 0.1269 32.237
976.6 27120 2.5036 -0.19712 1640.1 -0.023808 4.9215 0.07083 0.12687 32.487
977.56 27097 2.5036 -0.19736 1629.4 -0.0062189 4.9245 0.071257 0.12841 32.295
978.24 27097 2.5036 -0.19752 1620.1 0.0063229 4.9267 0.071866 0.13018 32.437
978.61 27103 2.5037 -0.19762 1616 0.013236 4.9279 0.072065 0.13092 32.33
978.7 27105 2.5037 -0.19764 1614.6 0.014894 4.9282 0.072129 0.13089 32.365
979.02 27114 2.5037 -0.19772 1610.8 0.020827 4.9292 0.072293 0.12999 32.326
979.78 27148 2.5037 -0.1979 1601 0.034453 4.9315 0.074178 0.12614 32.024
980.95 27231 2.5038 -0.19819 1596.9 0.054081 4.9349 0.078025 0.12199 29.867
982.53 27400 2.5039 -0.19857 1603.9 0.080589 4.9392 0.083762 0.12014 25.952
984.47 27704 2.504 -0.19905 1607.2 0.11414 4.9447 0.086558 0.12054 21.358
986.76 28193 2.5041 -0.1996 1613.3 0.15096 4.9509 0.085856 0.12231 16.062
989.36 28901 2.5043 -0.20023 1615.4 0.18717 4.9574 0.081865 0.12681 10.682
992.23 29836 2.5045 -0.20092 1621.3 0.21691 4.9636 0.070784 0.137 5.3514
995.31 30965 2.5047 -0.20165 1610.6 0.23791 4.9693 0.062482 0.14987 1.4603
998.57 32231 2.5049 -0.20241 1584.8 0.25192 4.9745 0.054872 0.16132 0.13476
1002 33578 2.5051 -0.20319 1563 0.25884 4.9791 0.04828 0.17005 4.5003e-05
1005.4 34951 2.5053 -0.20397 1542.4 0.25926 4.9828 0.044179 0.17471 0
1008.9 36304 2.5055 -0.20474 1525.2 0.25542 4.9858 0.045214 0.17555 4.0265e-05
1012.3 37600 2.5057 -0.2055 1509.5 0.24886 4.9883 0.04571 0.1728 3.4347e-05
1015.6 38811 2.506 -0.20622 1496.2 0.24017 4.9903 0.046622 0.16706 0
1018.8 39916 2.5062 -0.20691 1484.3 0.23021 4.9919 0.04654 0.15911 3.6974e-05
1021.8 40900 2.5063 -0.20756 1474.4 0.21952 4.9932 0.047066 0.15116 1.3216e-05
1024.5 41755 2.5065 -0.20815 1465.8 0.20883 4.9941 0.046987 0.14586 1.4487e-05
1027 42480 2.5067 -0.20867 1458.8 0.19857 4.9949 0.047465 0.14612 3.3629e-05
1029.1 43075 2.5068 -0.20913 1453 0.18928 4.9956 0.047476 0.15197 0
1030.8 43547 2.5069 -0.2095 1448.5 0.18125 4.9961 0.047915 0.1606 4.3121e-05
1032.2 43899 2.507 -0.2098 1445.1 0.17486 4.9965 0.047934 0.16775 0
1033.2 44139 2.5071 -0.21 1442.9 0.17028 4.9968 0.048178 0.17114 4.0524e-05
1033.7 44270 2.5071 -0.21012 1441.6 0.16769 4.9969 0.048102 0.1717 4.8192e-06
1033.9 44301 2.5071 -0.21014 1441.3 0.16707 4.997 0.048145 0.17159 1.951e-05
1034.9 44543 2.5072 -0.21036 1439 0.16211 4.9973 0.048174 0.16325 1.9513e-05
1037.2 45072 2.5073 -0.21086 1433.9 0.15043 4.9978 0.04802 0.13379 1.9529e-05
1040.8 45793 2.5076 -0.21162 1427 0.13225 4.9985 0.04805 0.11026 1.9573e-05
1045.4 46579 2.5079 -0.21259 1419.3 0.10804 4.9992 0.049291 0.10304 1.9655e-05
1050.8 47294 2.5082 -0.21373 1411.8 0.079114 5.0001 0.061507 0.098841 1.9778e-05
1056.8 47824 2.5086 -0.21498 1404.9 0.047739 5.001 0.082762 0.091159 1.9931e-05
1062.9 48099 2.509 -0.21627 1399.2 0.015955 5.0021 0.10377 0.082355 2.0097e-05
1069 48105 2.5094 -0.21754 1395.3 -0.014396 5.0031 0.12024 0.075137 2.0252e-05
1074.7 47880 2.5097 -0.21873 1392.9 -0.042065 5.0042 0.12485 0.069382 2.0377e-05
1079.8 47500 2.51 -0.21977 1391.8 -0.065976 5.0051 0.12674 0.063001 2.0465e-05
1083.9 47068 2.5103 -0.22062 1391.6 -0.084982 5.0058 0.12744 0.059223 2.0515e-05
1086.9 46687 2.5105 -0.22124 1391.8 -0.098409 5.0064 0.12816 0.065505 2.0537e-05
1088.6 46444 2.5106 -0.2216 1392 -0.10591 5.0068 0.12814 0.073367 2.0543e-05
1089 46384 2.5106 -0.22168 1392 -0.10767 5.0069 0.12823 0.072922 2.0543e-05
1091 46073 2.5108 -0.22209 1392.4 -0.11621 5.0073 0.12868 0.061276 2.0546e-05
1095.5 45286 2.5111 -0.22302 1393.3 -0.13454 5.0082 0.12983 0.048122 2.0549e-05
1102.1 43947 2.5115 -0.22437 1395 -0.15835 5.0096 0.13056 0.047994 2.0532e-05
1110.1 42058 2.512 -0.22601 1396.5 -0.18103 5.0115 0.13102 0.041233 2.0472e-05
1118.7 39800 2.5126 -0.22777 1395.3 -0.19445 5.0139 0.13085 0.038329 2.0363e-05
1127.1 37538 2.5131 -0.22948 1388.3 -0.19185 5.0167 0.13003 0.034821 2.0224e-05
1134.4 35677 2.5136 -0.23097 1374.9 -0.17281 5.0196 0.12878 0.033376 2.0093e-05
1140.1 34452 2.514 -0.23209 1358.7 -0.14629 5.0221 0.12749 0.032136 2.0002e-05
1143.4 33843 2.5142 -0.23275 1346.7 -0.12585 5.0238 0.12647 0.034182 1.9966e-05
1144.2 33712 2.5142 -0.23291 1343.5 -0.12046 5.0242 0.12626 0.038303 1.9962e-05
1146.2 33409 2.5144 -0.2333 1335 -0.10608 5.0253 0.12585 0.031531 1.9944e-05
1150.7 32880 2.5146 -0.23419 1313.6 -0.070275 5.0277 0.12427 0.031764 1.9851e-05
1157.2 32520 2.5151 -0.23545 1277.9 -0.013745 5.0314 0.12188 0.031899 1.9646e-05
1165.2 32716 2.5156 -0.23693 1230.9 0.051665 5.0358 0.11867 0.032834 1.9321e-05
1173.8 33547 2.5161 -0.23846 1180.5 0.10528 5.0402 0.11533 0.033398 1.8923e-05
1182.2 34727 2.5166 -0.23989 1134.9 0.13438 5.0438 0.11254 0.033325 1.8526e-05
1189.6 35869 2.517 -0.24109 1099.1 0.14153 5.0463 0.11071 0.033512 1.821e-05
1195.2 36720 2.5174 -0.24198 1074.5 0.13712 5.0479 0.10933 0.029888 1.8018e-05
1198.5 37193 2.5175 -0.2425 1061.1 0.1311 5.0488 0.10855 0.045726 1.7949e-05
1199.3 37302 2.5176 -0.24262 1058 0.12931 5.0491 0.10845 0.051121 1.7941e-05
1200.7 37489 2.5177 -0.24283 1052.7 0.1259 5.0496 0.10836 0.043995 1.7927e-05
1203.9 37894 2.5178 -0.24332 1041.1 0.11682 5.0504 0.10795 0.029278 1.7857e-05
1208.6 38427 2.5181 -0.24404 1025.2 0.10031 5.0513 0.10721 0.028904 1.7704e-05
1214.6 38963 2.5184 -0.24493 1007.3 0.075303 5.0525 0.10635 0.028665 1.7454e-05
1221.5 39367 2.5188 -0.24593 989.81 0.042569 5.0536 0.10586 0.025051 1.7125e-05
1228.6 39536 2.5192 -0.24697 974.38 0.0049619 5.0547 0.10666 0.023076 1.675e-05
1235.7 39440 2.5195 -0.24797 961.77 -0.033237 5.0558 0.10954 0.02219 1.6383e-05
1242.2 39128 2.5199 -0.24888 951.93 -0.06761 5.0568 0.11403 0.020487 1.6068e-05
1247.6 38710 2.5202 -0.24963 944.49 -0.094924 5.0576 0.11848 0.014227 1.5843e-05
1251.6 38317 2.5204 -0.25018 939.2 -0.11375 5.0582 0.12131 0.022264 1.5715e-05
1253.9 38059 2.5205 -0.2505 936.17 -0.12402 5.0588 0.12237 0.043447 1.5671e-05
1254.5 37995 2.5205 -0.25057 935.44 -0.12639 5.059 0.12251 0.046012 1.5666e-05
1255.3 37901 2.5205 -0.25068 934.4 -0.12973 5.0593 0.1227 0.043081 1.5661e-05
1257.1 37674 2.5206 -0.25093 931.98 -0.1372 5.0598 0.12379 0.028781 1.5631e-05
1259.9 37307 2.5208 -0.2513 928.16 -0.14778 5.0603 0.12627 0.013581 1.5564e-05
1263.5 36791 2.521 -0.25179 922.76 -0.15984 5.0609 0.13019 0.011746 1.5447e-05
1267.8 36132 2.5212 -0.25237 915.4 -0.1712 5.0616 0.13493 0.013228 1.5277e-05
1272.7 35354 2.5214 -0.25301 905.46 -0.17945 5.0625 0.13952 0.011739 1.5058e-05
1278 34502 2.5217 -0.25369 892.27 -0.18258 5.0635 0.14284 0.0089047 1.4801e-05
1283.4 33640 2.5219 -0.25438 875.44 -0.1797 5.0644 0.14359 0.007043 1.4523e-05
1288.7 32828 2.5222 -0.25505 855.33 -0.17178 5.0652 0.1402 0.0064489 1.4245e-05
1293.8 32114 2.5224 -0.25567 833.31 -0.16156 5.0661 0.13151 0.0069916 1.3988e-05
1298.5 31518 2.5226 -0.25622 811.43 -0.15242 5.0668 0.11908 0.0057941 1.3769e-05
1302.5 31040 2.5228 -0.25669 791.66 -0.14631 5.0673 0.10705 0.0017217 1.3603e-05
1305.7 30677 2.523 -0.25705 775.5 -0.14303 5.0677 0.0989 0.0075431 1.3492e-05
1308 30424 2.5231 -0.25731 763.77 -0.14145 5.0683 0.095123 0.024051 1.3434e-05
1309.3 30284 2.5231 -0.25746 757.02 -0.14072 5.0689 0.094014 0.03359 1.3414e-05
1309.6 30251 2.5231 -0.25749 755.41 -0.14056 5.0691 0.093912 0.033562 1.3412e-05
1311 30104 2.5232 -0.25764 748.11 -0.13983 5.0697 0.092943 0.021589 1.3388e-05
1314.2 29778 2.5233 -0.25798 731.2 -0.13866 5.0702 0.089513 -0.0013956 1.3264e-05
1319 29307 2.5235 -0.25848 705.43 -0.13832 5.0704 0.08663 0.0010049 1.2993e-05
1324.9 28736 2.5237 -0.25908 671.87 -0.13946 5.0711 0.085545 0.001577 1.2552e-05
1331.8 28111 2.524 -0.25972 632.71 -0.1429 5.0715 0.085093 -0.0014125 1.1973e-05
1339 27470 2.5242 -0.26036 591.54 -0.15 5.0718 0.084436 -0.002691 1.1313e-05
1346 26846 2.5245 -0.26094 552.46 -0.16118 5.072 0.083934 -0.0036721 1.0663e-05
1352.5 26268 2.5247 -0.26144 518.73 -0.17494 5.0718 0.083573 -0.012118 1.0105e-05
1357.9 25774 2.5248 -0.26184 492.31 -0.18878 5.0709 0.083321 -0.011403 9.7035e-06
1361.9 25400 2.5249 -0.26211 473.99 -0.20008 5.0714 0.08308 0.024334 9.4753e-06
1364.2 25181 2.525 -0.26227 463.86 -0.20698 5.0733 0.083026 0.058309 9.3962e-06
1364.8 25128 2.525 -0.26231 461.5 -0.20865 5.0739 0.083014 0.061072 9.387e-06
1365.6 25053 2.525 -0.26236 458.17 -0.21105 5.0748 0.083003 0.05835 9.3771e-06
1367.4 24877 2.5251 -0.26248 450.61 -0.21662 5.0766 0.08295 0.040927 9.3238e-06
1370.2 24606 2.5251 -0.26265 439.49 -0.22517 5.0782 0.082847 0.011484 9.2013e-06
1373.8 24247 2.5252 -0.26287 425.69 -0.23633 5.0784 0.082686 -0.0092392 8.9869e-06
1378.1 23810 2.5253 -0.26313 410.24 -0.24941 5.0776 0.082475 -0.014817 8.6756e-06
1383 23311 2.5254 -0.26341 394.12 -0.26328 5.0766 0.082278 -0.012503 8.2718e-06
1388.3 22771 2.5255 -0.2637 378.17 -0.27643 5.0757 0.082153 -0.01182 7.7978e-06
1393.7 22214 2.5257 -0.26398 363.02 -0.28743 5.0746 0.081895 -0.013643 7.2836e-06
1399 21666 2.5258 -0.26424 349.16 -0.29576 5.0728 0.080793 -0.019658 6.7693e-06
1404.1 21151 2.5259 -0.26449 337.06 -0.30268 5.0702 0.07793 -0.024825 6.2926e-06
1408.8 20687 2.5259 -0.2647 327.12 -0.3104 5.0675 0.073331 -0.021542 5.8894e-06
1412.8 20286 2.526 -0.26488 319.5 -0.31982 5.0667 0.06829 0.0043624 5.5817e-06
1416 19960 2.5261 -0.26503 314.08 -0.32961 5.0691 0.064418 0.046743 5.3793e-06
1418.3 19724 2.5261 -0.26513 310.59 -0.33751 5.0734 0.06234 0.080784 5.2717e-06
1419.6 19588 2.5261 -0.26518 308.74 -0.34207 5.0768 0.061653 0.093122 5.2359e-06
1419.9 19556 2.5261 -0.2652 308.31 -0.34312 5.0776 0.061577 0.093364 5.2319e-06
1420.8 19463 2.5261 -0.26523 307.1 -0.34606 5.08 0.061211 0.088041 5.2143e-06
1422.9 19247 2.5262 -0.26532 304.44 -0.3527 5.0846 0.059376 0.059208 5.1206e-06
1426 18914 2.5262 -0.26545 300.86 -0.36319 5.0881 0.056016 0.014006 4.9092e-06
1430.1 18473 2.5263 -0.26561 296.93 -0.3776 5.088 0.0521 -0.017987 4.5472e-06
1434.9 17936 2.5264 -0.26581 292.95 -0.39352 5.0851 0.049115 -0.026057 4.0369e-06
1440.3 17326 2.5265 -0.26602 288.7 -0.40534 5.0815 0.047531 -0.024741 3.4009e-06
1446 16679 2.5266 -0.26624 283.8 -0.40782 5.0773 0.046798 -0.026127 2.6945e-06
1451.8 16043 2.5266 -0.26645 278 -0.39899 5.072 0.046418 -0.031239 1.9826e-06
1457.4 15460 2.5267 -0.26666 271.43 -0.38048 5.0659 0.046233 -0.026578 1.3368e-06
1462.5 14963 2.5268 -0.26685 264.45 -0.35556 5.0644 0.046723 0.016117 8.0731e-07
1467 14571 2.5269 -0.26701 257.49 -0.32705 5.076 0.048569 0.1045 4.2081e-07
1470.6 14286 2.5269 -0.26714 251.03 -0.2995 5.1024 0.05093 0.2043 1.7398e-07
1473.2 14101 2.5269 -0.26723 245.86 -0.2788 5.1328 0.052367 0.26908 4.6802e-08
1474.7 14002 2.527 -0.26728 242.76 -0.26745 5.1535 0.052705 0.28882 4.4335e-09
1475.1 13980 2.527 -0.26729 242.02 -0.26484 5.1586 0.052726 0.29002 0
