time (s) altitude (m) longitude (rad) latitude (rad) velocity (m/s) trajectory angle (rad) heading angle (rad) angle of attack (rad) bank angle (rad) fuel mass (kg) 
0 26045 2.5307 -0.264 1520 -0.0068334 1 0.013902 -0.0047285 1562
2.0615 26020 2.531 -0.26359 1524.4 -0.0085566 1.0001 0.015532 -0.009589 1558.3
5.7331 25967 2.5315 -0.26285 1532.8 -0.0099978 1.0001 0.018991 -0.014487 1551.4
8.8483 25919 2.5319 -0.26222 1540.3 -0.0099893 1.0001 0.019262 -0.010257 1545.3
9.7083 25906 2.532 -0.26205 1542.4 -0.0099927 1.0001 0.018768 -0.0098994 1543.5
11.77 25874 2.5323 -0.26163 1547.6 -0.0099984 1.0001 0.018297 -0.013161 1539.4
15.441 25817 2.5328 -0.26088 1557.3 -0.0099978 1.0001 0.017341 -0.015101 1531.7
18.557 25769 2.5332 -0.26024 1565.9 -0.0099852 1 0.016627 -0.010206 1525
19.417 25755 2.5333 -0.26006 1568.4 -0.0099695 1.0001 0.016367 -0.0098728 1523.1
21.478 25723 2.5336 -0.25963 1574.4 -0.0099983 1.0001 0.015581 -0.01364 1518.5
25.15 25665 2.5341 -0.25887 1585.6 -0.0099751 1 0.015403 -0.014631 1510.1
28.265 25617 2.5346 -0.25822 1595.6 -0.009209 1 0.017045 -0.0091202 1502.6
29.125 25604 2.5347 -0.25804 1598.5 -0.0087521 1.0001 0.01737 -0.0085862 1500.5
31.186 25578 2.535 -0.2576 1605.5 -0.0074401 1.0001 0.018164 -0.01196 1495.3
34.858 25543 2.5355 -0.25682 1618.6 -0.0040253 1 0.019656 -0.013202 1485.7
37.973 25532 2.5359 -0.25616 1630.2 -0.00023215 1 0.020169 -0.0081122 1477.1
38.833 25532 2.5361 -0.25597 1633.5 0.00088771 1 0.020265 -0.0078272 1474.7
40.895 25540 2.5364 -0.25553 1641.5 0.0036967 1.0001 0.020197 -0.011573 1468.8
44.566 25578 2.5369 -0.25473 1656.1 0.0087123 1 0.019348 -0.012996 1458.1
47.682 25633 2.5373 -0.25405 1668.9 0.012563 1 0.017871 -0.0093762 1448.7
48.542 25652 2.5375 -0.25386 1672.4 0.013501 1 0.017453 -0.0092536 1446.1
50.603 25702 2.5378 -0.25341 1681.1 0.015583 1 0.016449 -0.012662 1439.8
54.275 25808 2.5383 -0.25259 1696.7 0.018122 1 0.013288 -0.014453 1428.5
57.39 25906 2.5388 -0.2519 1710.2 0.018876 1 0.010985 -0.011545 1418.8
58.25 25934 2.5389 -0.2517 1714 0.018923 1 0.01085 -0.011512 1416.1
60.311 26002 2.5392 -0.25124 1723.1 0.019073 1.0001 0.010988 -0.014676 1409.6
63.983 26124 2.5398 -0.2504 1739.7 0.019362 1 0.010828 -0.015797 1397.7
67.098 26229 2.5402 -0.24968 1754.1 0.019356 1 0.0098931 -0.013852 1387.5
67.958 26258 2.5404 -0.24949 1758.1 0.019256 1.0001 0.009805 -0.01366 1384.7
70.02 26328 2.5407 -0.24901 1767.9 0.019032 1.0001 0.0096534 -0.016062 1377.8
73.691 26451 2.5412 -0.24815 1785.2 0.01857 1 0.0096745 -0.016924 1365.5
76.807 26554 2.5417 -0.24742 1799.8 0.018351 1 0.010459 -0.015128 1355.1
77.667 26582 2.5419 -0.24721 1803.8 0.018374 1 0.010794 -0.014438 1352.2
79.041 26628 2.5421 -0.24688 1810.3 0.01845 1 0.010851 -0.015925 1347.5
81.489 26710 2.5425 -0.2463 1821.7 0.018478 1 0.010147 -0.016634 1339.3
83.566 26780 2.5428 -0.2458 1831.3 0.018221 1 0.009121 -0.015068 1332.4
84.139 26799 2.5429 -0.24566 1834 0.018093 1 0.0089906 -0.01489 1330.5
85.513 26844 2.5431 -0.24533 1840.4 0.017737 1.0001 0.0084481 -0.016158 1325.9
87.961 26922 2.5435 -0.24474 1851.7 0.01691 1.0001 0.008108 -0.01693 1317.8
90.038 26986 2.5438 -0.24423 1861.3 0.016347 1.0001 0.0095047 -0.015695 1310.9
90.611 27004 2.5439 -0.24409 1864 0.016293 1.0001 0.0099003 -0.015459 1309
91.985 27045 2.5442 -0.24375 1870.5 0.016281 1.0001 0.011317 -0.01594 1304.3
94.433 27122 2.5446 -0.24315 1882.1 0.017324 1 0.015877 -0.017327 1296
96.51 27193 2.5449 -0.24263 1892.1 0.019313 1 0.018201 -0.016102 1288.7
97.083 27215 2.545 -0.24249 1894.9 0.019929 1 0.01835 -0.013635 1286.7
98.458 27269 2.5452 -0.24215 1901.5 0.021303 1 0.016874 -0.0013332 1282
100.91 27372 2.5456 -0.24153 1913 0.022663 1.0005 0.012357 0.038567 1273.6
102.98 27462 2.546 -0.24101 1922.5 0.022549 1.0012 0.0089663 0.072909 1266.7
103.56 27487 2.5461 -0.24086 1925.1 0.022365 1.0014 0.0078948 0.082904 1264.8
104.93 27545 2.5463 -0.24052 1931.3 0.021578 1.002 0.005778 0.10199 1260.3
107.38 27642 2.5467 -0.23989 1942.2 0.019077 1.0033 0.0015507 0.14647 1252.5
109.45 27714 2.5471 -0.23936 1951.4 0.016098 1.0046 1.9333e-06 0.18115 1246.1
110.03 27731 2.5472 -0.23921 1953.9 0.015243 1.005 0.00030316 0.19149 1244.3
111.4 27769 2.5474 -0.23886 1960.1 0.013278 1.0059 0.001418 0.21459 1240
113.85 27826 2.5478 -0.23822 1971.2 0.010626 1.0082 0.0062039 0.25764 1232.3
115.93 27867 2.5481 -0.23768 1980.7 0.0094437 1.0107 0.0094718 0.29356 1225.5
116.5 27878 2.5482 -0.23753 1983.4 0.0092211 1.0114 0.010607 0.30364 1223.6
118.56 27915 2.5486 -0.23698 1993.1 0.0090525 1.0146 0.014097 0.33918 1216.7
122.23 27987 2.5492 -0.23601 2010.9 0.010967 1.0221 0.020905 0.40341 1204
125.35 28065 2.5497 -0.23517 2026.4 0.014188 1.0301 0.023625 0.45762 1193
126.21 28091 2.5499 -0.23493 2030.7 0.015089 1.0325 0.022609 0.47266 1189.9
128.27 28158 2.5502 -0.23437 2040.8 0.016734 1.0384 0.02087 0.50836 1182.6
131.94 28287 2.5508 -0.23335 2058.4 0.017028 1.0483 0.013148 0.57253 1169.9
135.06 28391 2.5513 -0.23248 2073 0.014873 1.0563 0.011733 0.62678 1159.4
135.92 28417 2.5515 -0.23224 2077.1 0.014299 1.0586 0.013286 0.6418 1156.6
137.98 28475 2.5518 -0.23165 2086.9 0.013053 1.0646 0.015056 0.6775 1149.6
141.65 28570 2.5524 -0.23059 2104.6 0.011917 1.0773 0.022309 0.74167 1136.9
144.76 28649 2.5529 -0.22969 2119.8 0.012237 1.0905 0.027198 0.79591 1125.7
145.62 28672 2.553 -0.22943 2124 0.012376 1.0944 0.028906 0.81093 1122.6
147.69 28728 2.5534 -0.22882 2134.2 0.013068 1.1047 0.032216 0.84636 1115
151.36 28835 2.5539 -0.22772 2152.1 0.014009 1.1244 0.032884 0.91089 1101.3
154.47 28929 2.5544 -0.22677 2166.6 0.013599 1.1413 0.031127 0.96068 1089.7
155.33 28954 2.5545 -0.2265 2170.5 0.013275 1.146 0.032115 0.97195 1086.6
157.39 29011 2.5548 -0.22586 2179.8 0.012512 1.1574 0.031331 0.97556 1079
161.07 29106 2.5553 -0.22471 2195.9 0.011101 1.1769 0.030191 0.94741 1065.5
164.18 29179 2.5557 -0.22371 2209.1 0.010342 1.1928 0.03009 0.90806 1054.1
165.04 29199 2.5558 -0.22344 2212.7 0.010249 1.1971 0.029909 0.9038 1051
167.1 29245 2.5561 -0.22277 2221.2 0.010028 1.2072 0.029774 0.89118 1043.4
170.77 29326 2.5565 -0.22157 2235.9 0.0098521 1.2249 0.029468 0.87478 1030
173.89 29395 2.5569 -0.22054 2248 0.0097189 1.2395 0.029068 0.87877 1018.7
174.75 29413 2.557 -0.22026 2251.3 0.0096365 1.2436 0.028926 0.87869 1015.6
176.81 29458 2.5573 -0.21957 2259.1 0.0094229 1.2531 0.028544 0.87792 1008.1
180.48 29534 2.5577 -0.21833 2272.5 0.0089749 1.2698 0.027924 0.86881 994.84
183.6 29597 2.558 -0.21727 2283.5 0.0086127 1.2837 0.027488 0.85797 983.62
184.46 29614 2.5581 -0.21698 2286.5 0.0085208 1.2874 0.02739 0.85617 980.53
186.52 29653 2.5583 -0.21627 2293.6 0.0082957 1.2963 0.027131 0.85096 973.13
190.19 29722 2.5586 -0.21499 2305.9 0.0079427 1.3119 0.02668 0.83739 959.98
193.31 29778 2.5589 -0.21391 2316 0.007682 1.3248 0.026268 0.8304 948.85
194.17 29793 2.559 -0.2136 2318.7 0.0076014 1.3283 0.026103 0.82909 945.79
196.23 29829 2.5592 -0.21288 2325.2 0.007407 1.3367 0.025974 0.82513 938.44
199.9 29891 2.5595 -0.21157 2336.4 0.0071041 1.3514 0.02565 0.81458 925.39
203.01 29942 2.5597 -0.21046 2345.7 0.006877 1.3636 0.025467 0.81102 914.35
203.87 29956 2.5598 -0.21015 2348.2 0.0068103 1.367 0.02537 0.81013 911.3
205.94 29989 2.56 -0.20941 2354.1 0.0066521 1.3749 0.025306 0.80737 904
209.61 30045 2.5602 -0.20808 2364.5 0.0064084 1.389 0.025153 0.80054 891.02
212.72 30092 2.5604 -0.20695 2373.1 0.0062343 1.4008 0.025208 0.80047 880.02
213.58 30104 2.5605 -0.20663 2375.4 0.0061869 1.4041 0.025339 0.80094 876.98
215.64 30135 2.5606 -0.20588 2380.9 0.0061134 1.4119 0.025653 0.8036 869.69
219.32 30187 2.5608 -0.20452 2390.5 0.0059307 1.4261 0.025881 0.81985 856.7
222.43 30231 2.561 -0.20337 2398.5 0.0056131 1.4382 0.025883 0.83206 845.69
223.29 30242 2.561 -0.20305 2400.6 0.0055044 1.4416 0.025874 0.83182 842.65
225.35 30269 2.5611 -0.20228 2405.7 0.0052576 1.4496 0.02584 0.82733 835.37
229.02 30314 2.5613 -0.20091 2414.3 0.0050972 1.4636 0.025872 0.78858 822.4
232.14 30354 2.5614 -0.19974 2421.4 0.0055462 1.4749 0.025993 0.73146 811.41
233 30366 2.5614 -0.19941 2423.2 0.0057951 1.4779 0.024407 0.71877 808.37
234.37 30385 2.5615 -0.19889 2426.1 0.0060668 1.4825 0.023989 0.70271 803.57
236.82 30422 2.5616 -0.19797 2431.2 0.0061709 1.4898 0.018703 0.65795 795.14
238.9 30452 2.5616 -0.19718 2435.5 0.0056996 1.4951 0.016387 0.63096 788.16
239.47 30460 2.5616 -0.19696 2436.7 0.0055623 1.4965 0.015834 0.62586 786.24
240.85 30478 2.5617 -0.19644 2439.5 0.005157 1.4998 0.015646 0.61607 781.66
243.29 30507 2.5617 -0.19551 2444.6 0.0044629 1.5055 0.01549 0.60595 773.52
245.37 30528 2.5618 -0.19472 2448.8 0.0038548 1.5103 0.015261 0.61375 766.62
245.94 30533 2.5618 -0.1945 2450 0.0036673 1.5117 0.015189 0.61616 764.71
247.32 30545 2.5618 -0.19397 2452.7 0.0032802 1.5149 0.016384 0.62756 760.14
249.77 30563 2.5619 -0.19304 2457.5 0.0027812 1.5212 0.018651 0.66708 751.92
251.84 30577 2.5619 -0.19224 2461.5 0.0026911 1.5272 0.022896 0.70056 744.83
252.42 30581 2.5619 -0.19202 2462.6 0.0027896 1.529 0.023679 0.71038 742.84
253.79 30591 2.562 -0.19149 2465.3 0.0031121 1.5336 0.026316 0.72836 738.03
256.24 30612 2.562 -0.19055 2470.3 0.0038588 1.5425 0.027782 0.77198 729.38
258.32 30633 2.562 -0.18975 2474.6 0.0042282 1.5503 0.027035 0.80365 722.03
258.89 30639 2.562 -0.18952 2475.7 0.0042659 1.5525 0.027923 0.8122 720.01
260.26 30653 2.562 -0.18899 2478.5 0.0043765 1.5578 0.027469 0.82482 715.14
262.71 30680 2.562 -0.18804 2483.5 0.0043409 1.5673 0.027173 0.84485 706.5
264.79 30702 2.562 -0.18724 2487.6 0.0042081 1.5755 0.02718 0.84482 699.17
265.36 30708 2.562 -0.18702 2488.8 0.0041817 1.5777 0.027009 0.84546 697.15
266.74 30722 2.562 -0.18648 2491.5 0.0040916 1.5831 0.026957 0.8422 692.31
269.18 30747 2.562 -0.18553 2496.4 0.0039945 1.5925 0.026834 0.82986 683.69
271.26 30767 2.562 -0.18472 2500.4 0.0039823 1.6004 0.026676 0.82188 676.38
271.83 30773 2.562 -0.18449 2501.5 0.003983 1.6026 0.026645 0.8206 674.37
273.89 30794 2.562 -0.18369 2505.6 0.0039972 1.6103 0.026517 0.81835 667.13
277.57 30831 2.5619 -0.18225 2512.6 0.0039553 1.6241 0.026265 0.82423 654.25
280.68 30861 2.5618 -0.18103 2518.5 0.0038002 1.6357 0.026075 0.82941 643.35
281.54 30869 2.5618 -0.18069 2520.1 0.0037444 1.639 0.0258 0.82722 640.34
283.6 30888 2.5617 -0.17988 2524 0.0036368 1.6465 0.025945 0.81104 633.14
287.27 30924 2.5616 -0.17844 2530.7 0.0040758 1.6596 0.025713 0.7504 620.3
290.39 30957 2.5615 -0.17721 2536.4 0.00427 1.6694 0.018426 0.70067 609.59
291.25 30966 2.5615 -0.17687 2537.9 0.0039595 1.6716 0.017642 0.6863 606.73
293.31 30986 2.5614 -0.17606 2541.6 0.0035515 1.677 0.017962 0.66259 599.84
296.98 31017 2.5612 -0.17461 2548.2 0.0032105 1.6861 0.017865 0.6151 587.55
300.1 31042 2.5611 -0.17337 2553.7 0.0031631 1.6935 0.01776 0.59466 577.13
300.96 31049 2.561 -0.17303 2555.3 0.0031659 1.6955 0.017758 0.58503 574.26
303.02 31066 2.5609 -0.17222 2558.9 0.003248 1.7001 0.017624 0.56482 567.37
306.69 31098 2.5607 -0.17076 2565.3 0.0036837 1.7079 0.017628 0.50781 555.11
309.81 31131 2.5605 -0.16952 2570.6 0.004428 1.7139 0.01774 0.45743 544.72
310.67 31141 2.5605 -0.16918 2572.1 0.0046863 1.7154 0.017838 0.44341 541.85
312.73 31167 2.5604 -0.16836 2575.5 0.0053949 1.719 0.017906 0.4183 534.98
316.4 31225 2.5601 -0.1669 2581.6 0.0069264 1.7247 0.01808 0.35995 522.78
319.51 31287 2.5599 -0.16566 2586.6 0.00843 1.7291 0.01821 0.33658 512.48
320.37 31306 2.5599 -0.16531 2588 0.0088463 1.7303 0.018045 0.33481 509.65
322.44 31356 2.5597 -0.16449 2591.2 0.0097817 1.733 0.018021 0.33561 502.89
326.11 31457 2.5595 -0.16302 2596.8 0.011252 1.7381 0.01706 0.36315 490.96
329.22 31549 2.5593 -0.16178 2601.4 0.011174 1.7423 0.0099764 0.40933 481.15
330.08 31574 2.5592 -0.16143 2602.6 0.010618 1.7433 0.009051 0.42036 478.55
332.14 31627 2.5591 -0.16061 2605.7 0.0090543 1.7458 0.0054221 0.44536 472.36
335.82 31693 2.5588 -0.15913 2611.1 0.0044384 1.7498 0.00019202 0.51164 461.72
338.93 31710 2.5586 -0.15788 2615.9 -0.00037749 1.7531 0.0010729 0.56136 452.84
339.79 31707 2.5585 -0.15754 2617.2 -0.0015896 1.7542 0.0030412 0.57655 450.36
341.85 31692 2.5584 -0.15671 2620.4 -0.0040197 1.7571 0.0066377 0.59796 444.29
345.52 31638 2.5581 -0.15523 2626.2 -0.0067784 1.7636 0.013046 0.58706 433.1
348.64 31579 2.5578 -0.15398 2631.1 -0.0072206 1.7697 0.018482 0.51994 423.18
349.5 31563 2.5577 -0.15363 2632.5 -0.0069713 1.7715 0.019983 0.50931 420.37
351.56 31528 2.5576 -0.1528 2635.8 -0.0058103 1.7757 0.023581 0.47363 413.51
355.23 31490 2.5573 -0.15132 2641.4 -0.0015649 1.7835 0.029989 0.40944 400.86
358.35 31500 2.557 -0.15006 2645.9 0.0042223 1.7899 0.035426 0.35516 389.77
359.21 31512 2.5569 -0.14972 2647.1 0.006165 1.7916 0.036927 0.34012 386.66
361.27 31559 2.5567 -0.14889 2649.8 0.011403 1.7957 0.040525 0.30415 379.13
364.94 31723 2.5564 -0.1474 2654 0.022596 1.8022 0.046933 0.24007 365.61
368.06 31955 2.5561 -0.14615 2656.7 0.03365 1.8068 0.05237 0.18571 354.17
368.92 32035 2.556 -0.1458 2657.2 0.036897 1.8079 0.053871 0.17071 351.04
370.98 32259 2.5558 -0.14497 2658.3 0.044916 1.8102 0.057469 0.13535 343.64
374.65 32769 2.5554 -0.14349 2659 0.059633 1.813 0.063877 0.068507 330.95
377.76 33314 2.5551 -0.14224 2658.5 0.072006 1.8141 0.069314 0.033652 320.86
378.62 33482 2.555 -0.14189 2658.2 0.075325 1.8143 0.070815 0.036719 318.2
380.69 33916 2.5548 -0.14107 2657.1 0.083002 1.8148 0.074284 0.030389 312.07
384.36 34787 2.5544 -0.1396 2654 0.095644 1.8156 0.081292 0.031549 302.04
387.47 35615 2.5541 -0.13835 2650.6 0.10472 1.8162 0.082615 0.018988 294.51
388.33 35855 2.554 -0.13801 2649.7 0.10677 1.8163 0.080287 0 292.61
388.33 35855 2.554 -0.13801 2649.7 0.10677 1.8163 0.080287 0 292.61
391.84 36918 2.5537 -0.13662 2621.5 0.12231 1.8203 0.066421 0.3059 292.61
398.08 38994 2.553 -0.13419 2583.3 0.13052 1.8391 0.065547 0.85073 292.61
403.38 40733 2.5524 -0.13216 2555.5 0.12434 1.8611 0.089533 1.313 292.61
404.84 41191 2.5523 -0.13161 2548 0.12074 1.8683 0.092805 1.4406 292.61
408.35 42215 2.5518 -0.1303 2531.3 0.10958 1.8844 0.10504 1.5708 292.61
414.59 43763 2.5511 -0.12799 2503.6 0.0875 1.9117 0.12683 1.5708 292.61
419.89 44794 2.5503 -0.12606 2481.8 0.069099 1.9339 0.14531 1.5708 292.61
421.35 45036 2.5501 -0.12554 2476 0.063808 1.94 0.15042 1.5707 292.61
423.69 45380 2.5498 -0.1247 2466.9 0.055477 1.9497 0.15848 1.5708 292.61
427.85 45872 2.5492 -0.12322 2451.5 0.040534 1.9669 0.17196 1.5708 292.61
431.38 46167 2.5487 -0.12199 2439.2 0.027757 1.9813 0.17453 1.5707 292.61
432.36 46229 2.5485 -0.12165 2436 0.024214 1.9852 0.17173 1.5696 292.61
434.69 46342 2.5482 -0.12084 2428.5 0.015702 1.9943 0.17448 1.5708 292.61
438.85 46424 2.5475 -0.11941 2415.8 0.00044616 2.0104 0.17453 1.5707 292.61
442.39 46372 2.5469 -0.11822 2405.6 -0.012574 2.0239 0.17446 1.5707 292.61
443.36 46338 2.5468 -0.11789 2402.9 -0.016181 2.0276 0.17441 1.569 292.61
445.7 46223 2.5464 -0.11711 2396.3 -0.024842 2.0367 0.17452 1.5707 292.61
449.86 45899 2.5457 -0.11573 2384.9 -0.040353 2.0532 0.17452 1.5707 292.61
453.39 45505 2.545 -0.11457 2375.2 -0.053578 2.068 0.17449 1.5705 292.61
454.37 45376 2.5449 -0.11426 2372.5 -0.057241 2.0722 0.17425 1.5673 292.61
456.7 45035 2.5444 -0.1135 2365.9 -0.066031 2.0826 0.17452 1.5704 292.61
460.87 44311 2.5437 -0.11218 2353.7 -0.081577 2.1024 0.17452 1.543 292.61
464.4 43583 2.543 -0.11108 2342.5 -0.093927 2.121 0.1745 1.4757 292.61
465.37 43366 2.5428 -0.11077 2339.2 -0.097058 2.1265 0.17429 1.4497 292.61
467.71 42817 2.5424 -0.11006 2331 -0.10411 2.1402 0.17452 1.4157 292.61
471.87 41759 2.5415 -0.10881 2314.6 -0.11486 2.1672 0.17452 1.3405 292.61
475.4 40796 2.5408 -0.10777 2298.4 -0.12168 2.1932 0.17452 1.2841 292.61
476.38 40523 2.5406 -0.10749 2293.5 -0.12316 2.201 0.17443 1.2634 292.61
478.71 39859 2.5401 -0.10683 2280.8 -0.12581 2.2207 0.17452 1.2346 292.61
482.88 38663 2.5392 -0.10568 2254.6 -0.12738 2.26 0.17453 1.18 292.61
486.41 37664 2.5384 -0.10475 2228 -0.12507 2.2982 0.17436 1.1435 292.61
487.38 37395 2.5382 -0.1045 2219.9 -0.12382 2.3096 0.17193 1.1319 292.61
489.72 36767 2.5376 -0.10392 2199.7 -0.12001 2.3377 0.16697 1.1165 292.61
493.88 35718 2.5366 -0.10293 2161.9 -0.11122 2.39 0.15102 1.0945 292.61
497.41 34909 2.5357 -0.10215 2129.5 -0.10254 2.4355 0.13996 1.0862 292.61
498.39 34700 2.5355 -0.10194 2120.4 -0.099952 2.4485 0.13645 1.0842 292.61
500.73 34223 2.5349 -0.10146 2098.5 -0.093575 2.4799 0.13213 1.086 292.61
504.89 33467 2.5338 -0.10066 2058 -0.081372 2.5389 0.12688 1.0966 292.61
508.42 32919 2.5329 -0.10005 2022 -0.070594 2.5923 0.1243 1.1148 292.61
509.39 32784 2.5326 -0.099895 2011.8 -0.067638 2.6076 0.12295 1.1213 292.61
511.73 32484 2.532 -0.099536 1987 -0.060778 2.6452 0.12241 1.1387 292.61
515.89 32033 2.5308 -0.098969 1942.3 -0.049933 2.715 0.11779 1.1772 292.61
519.42 31717 2.5298 -0.098559 1905.6 -0.043761 2.7742 0.10656 1.2145 292.61
520.4 31637 2.5295 -0.098457 1896.1 -0.04281 2.79 0.10341 1.2254 292.61
523.91 31360 2.5286 -0.09813 1863.8 -0.04189 2.8446 0.090795 1.2656 292.61
530.15 30851 2.5268 -0.097685 1812.3 -0.048443 2.9364 0.079987 1.335 292.61
535.45 30343 2.5254 -0.097441 1769.9 -0.059311 3.0161 0.079745 1.3828 292.61
536.91 30185 2.525 -0.097395 1757.8 -0.06284 3.0394 0.076846 1.3918 292.61
540.41 29773 2.524 -0.097324 1729.3 -0.072282 3.0955 0.076811 1.4097 292.61
546.66 28912 2.5223 -0.097335 1676.4 -0.089646 3.2038 0.075461 1.4049 292.61
551.95 28076 2.521 -0.097487 1628.3 -0.1008 3.3053 0.074254 1.3548 292.61
553.42 27835 2.5206 -0.097553 1614.3 -0.10249 3.3351 0.072254 1.3319 292.61
555.75 27450 2.52 -0.097678 1589.2 -0.10331 3.3841 0.074015 1.2857 292.98
559.92 26790 2.5191 -0.097969 1574.2 -0.095731 3.4782 0.090012 1.1888 288.11
563.45 26299 2.5183 -0.098291 1595.2 -0.078969 3.5644 0.090959 1.1272 277.54
564.42 26180 2.518 -0.098394 1597 -0.072784 3.5893 0.088352 1.1142 275.07
566.76 25937 2.5175 -0.098662 1607.9 -0.056704 3.6488 0.087964 1.0958 267.98
570.92 25663 2.5166 -0.099222 1629.9 -0.024499 3.7578 0.08467 1.0942 254.18
574.45 25599 2.5159 -0.099779 1651.5 0.0017502 3.8512 0.080354 1.1265 241.46
575.43 25607 2.5157 -0.099946 1658 0.008158 3.8768 0.080453 1.1315 237.82
577.76 25667 2.5153 -0.10037 1674.1 0.021737 3.9391 0.077745 1.1955 228.88
581.93 25872 2.5145 -0.10119 1705.6 0.034458 4.0452 0.067488 1.2897 212.62
585.46 26093 2.514 -0.10196 1735.4 0.037148 4.1278 0.063495 1.3203 198.56
586.43 26156 2.5138 -0.10219 1744.1 0.037701 4.1502 0.061888 1.3293 194.57
588.77 26311 2.5135 -0.10274 1765.7 0.038081 4.202 0.061621 1.3287 184.9
592.93 26596 2.513 -0.10377 1805.7 0.03835 4.2944 0.063572 1.3471 167.12
596.46 26838 2.5126 -0.10471 1840.3 0.036585 4.3685 0.053136 1.3632 152.16
597.44 26903 2.5125 -0.10497 1850 0.035419 4.3863 0.052338 1.3083 148.19
599.78 27062 2.5123 -0.10562 1873.2 0.038952 4.4283 0.052019 1.1332 138.6
603.94 27449 2.512 -0.10681 1913.8 0.062387 4.4899 0.050181 0.771 121.72
607.47 27976 2.5118 -0.10785 1945.9 0.093243 4.5266 0.049434 0.57159 107.97
608.44 28162 2.5117 -0.10814 1954.1 0.10183 4.5349 0.049116 0.55108 104.32
610.78 28674 2.5116 -0.10885 1972.7 0.1219 4.5525 0.048564 0.48144 95.941
614.94 29814 2.5114 -0.11011 2000.6 0.15326 4.5764 0.047121 0.40585 82.55
618.47 30972 2.5113 -0.1112 2018.9 0.17339 4.5912 0.045248 0.37307 72.935
619.45 31316 2.5113 -0.1115 2023.1 0.17781 4.5947 0.046493 0.3609 70.571
621.79 32176 2.5112 -0.11222 2031.3 0.18716 4.6021 0.047991 0.35247 65.342
625.95 33815 2.511 -0.11351 2038.8 0.20158 4.614 0.065608 0.34344 57.362
629.48 35296 2.5109 -0.11461 2039.2 0.21257 4.6236 0.075939 0.34197 51.75
630.46 35718 2.5109 -0.11491 2039.1 0.21478 4.6259 0.0801 0.34244 50.411
632.79 36744 2.5108 -0.11563 2030 0.21986 4.6314 0.074968 0.34276 49.121
636.95 38597 2.5107 -0.11691 2003.2 0.2241 4.6395 0.07358 0.34167 49.72
640.49 40160 2.5107 -0.11797 1988.1 0.22272 4.6447 0.07625 0.33837 49.334
641.46 40587 2.5106 -0.11827 1983 0.222 4.6459 0.074936 0.33861 49.481
643.8 41598 2.5106 -0.11897 1973.2 0.21899 4.6486 0.075211 0.33499 49.481
647.96 43346 2.5105 -0.12021 1957.6 0.21116 4.6524 0.07639 0.32862 49.481
651.49 44762 2.5105 -0.12126 1945.9 0.20257 4.6549 0.076924 0.32365 49.481
652.47 45141 2.5104 -0.12155 1942.9 0.19992 4.6555 0.077098 0.32238 49.481
657.14 46878 2.5104 -0.12293 1929.5 0.186 4.658 0.077839 0.31331 49.481
665.46 49613 2.5102 -0.12538 1909.6 0.15737 4.6612 0.079634 0.29936 49.48
672.53 51543 2.5101 -0.12745 1896 0.13059 4.6632 0.081044 0.28723 49.48
674.48 52010 2.5101 -0.12802 1892.7 0.12288 4.6636 0.081687 0.28744 49.48
679.15 53010 2.51 -0.12938 1885.7 0.10404 4.6646 0.082276 0.2774 49.48
687.48 54368 2.5099 -0.13181 1875.7 0.069429 4.6662 0.085637 0.2652 49.48
694.54 55088 2.5098 -0.13386 1869.6 0.039512 4.6674 0.09312 0.25593 49.48
696.49 55217 2.5098 -0.13443 1868.3 0.031231 4.6677 0.095708 0.25754 49.48
701.16 55403 2.5097 -0.13578 1865.7 0.011417 4.6686 0.10473 0.24744 49.48
709.49 55309 2.5096 -0.1382 1863.1 -0.023364 4.6702 0.12284 0.23829 49.48
716.55 54811 2.5096 -0.14024 1862.6 -0.052309 4.6716 0.12267 0.23098 49.48
718.5 54607 2.5095 -0.1408 1862.9 -0.060262 4.6721 0.1228 0.23296 49.48
723.17 54000 2.5095 -0.14216 1863.8 -0.079051 4.6731 0.12301 0.22454 49.48
731.5 52522 2.5094 -0.14456 1867.1 -0.11144 4.6752 0.12266 0.21784 49.48
738.56 50882 2.5093 -0.1466 1871 -0.13736 4.6773 0.12151 0.21227 49.48
740.51 50370 2.5093 -0.14716 1872.2 -0.14419 4.6779 0.11989 0.21476 49.48
745.18 49043 2.5092 -0.14851 1875.2 -0.1597 4.6796 0.12368 0.20742 49.479
753.51 46370 2.5092 -0.1509 1879.7 -0.18319 4.6834 0.1202 0.20231 49.479
760.57 43839 2.5091 -0.15294 1882.8 -0.19966 4.6873 0.08951 0.19769 49.479
762.52 43103 2.5091 -0.1535 1883.8 -0.20404 4.6884 0.085525 0.19948 49.479
767.2 41281 2.5091 -0.15484 1884.9 -0.21216 4.6914 0.08272 0.19357 49.479
775.52 37930 2.509 -0.15723 1881.2 -0.21577 4.6989 0.081163 0.1876 49.479
782.58 35161 2.509 -0.15925 1867.8 -0.20226 4.7083 0.08 0.18084 49.479
784.53 34443 2.509 -0.15981 1861.7 -0.19495 4.7115 0.078575 0.18011 49.479
787.65 33364 2.509 -0.16069 1849.6 -0.17963 4.7172 0.079723 0.17438 49.479
793.2 31731 2.509 -0.16226 1819.4 -0.13956 4.7291 0.080159 0.16574 49.479
797.91 30737 2.5091 -0.16358 1785.1 -0.093173 4.7409 0.082736 0.15706 49.479
799.21 30539 2.5091 -0.16394 1774.3 -0.078449 4.7443 0.089197 0.15546 49.479
802.32 30214 2.5091 -0.1648 1771 -0.0383 4.753 0.10119 0.1491 44.77
807.87 30218 2.5092 -0.16635 1802.3 0.038661 4.7688 0.10272 0.14729 28.282
812.58 30809 2.5093 -0.16767 1814.7 0.098544 4.7815 0.089845 0.15279 16.592
813.88 31058 2.5093 -0.16804 1820.9 0.11113 4.7845 0.091799 0.15587 13.178
817 31772 2.5093 -0.16892 1831.7 0.13869 4.7916 0.080737 0.16417 5.8406
822.55 33352 2.5095 -0.17048 1819.4 0.17108 4.8022 0.068684 0.1823 6.9846e-05
827.26 34869 2.5096 -0.17178 1781.1 0.18685 4.8098 0.068102 0.19347 1.3379
828.56 35300 2.5096 -0.17213 1776 0.18919 4.8116 0.067517 0.19808 0.8917
831.67 36347 2.5097 -0.17297 1759.2 0.19258 4.8155 0.067277 0.19838 0.88743
837.22 38202 2.5099 -0.17444 1733.3 0.19138 4.8211 0.067051 0.19768 0.88782
841.93 39722 2.51 -0.17568 1714.8 0.18473 4.8248 0.066593 0.19187 0.87453
843.23 40129 2.5101 -0.17602 1710.1 0.18216 4.8256 0.066661 0.19277 0.8654
846.35 41073 2.5102 -0.17683 1699.6 0.175 4.8275 0.066578 0.18548 0.86288
851.89 42636 2.5103 -0.17826 1683.6 0.15892 4.83 0.066755 0.17306 0.58845
856.6 43824 2.5105 -0.17947 1672.4 0.1426 4.8316 0.067285 0.16383 0.082404
857.9 44127 2.5105 -0.1798 1669.5 0.13787 4.832 0.06714 0.16371 2.1686e-06
861.02 44811 2.5106 -0.1806 1662.7 0.12636 4.833 0.067128 0.15416 0
866.57 45872 2.5108 -0.18201 1652 0.10458 4.8344 0.068224 0.14095 0
871.28 46608 2.5109 -0.18321 1644.2 0.085285 4.8354 0.07351 0.1343 0
872.58 46784 2.511 -0.18354 1642.3 0.079906 4.8357 0.076415 0.13337 0
877.25 47321 2.5111 -0.18472 1635.8 0.060538 4.8367 0.086369 0.11995 0
885.58 47915 2.5114 -0.18681 1625.9 0.027211 4.8384 0.11851 0.10699 0
892.64 48071 2.5116 -0.18858 1619 0.00021002 4.84 0.12629 0.096491 0
894.59 48061 2.5117 -0.18907 1617.5 -0.0073361 4.8404 0.12172 0.098979 0
899.26 47937 2.5118 -0.19024 1614.4 -0.025447 4.8414 0.1242 0.088129 0
907.59 47383 2.5121 -0.19231 1610.5 -0.056869 4.843 0.12676 0.079331 0
914.65 46592 2.5124 -0.19406 1608.4 -0.082141 4.8445 0.12737 0.07253 0
916.6 46324 2.5124 -0.19454 1608 -0.088801 4.8449 0.12804 0.075862 0
921.27 45601 2.5126 -0.1957 1607.1 -0.10396 4.846 0.12848 0.066837 0
929.6 44051 2.5129 -0.19775 1605.5 -0.12744 4.8479 0.12918 0.061277 0
936.66 42522 2.5131 -0.19948 1603.1 -0.14245 4.8498 0.12952 0.056907 0
938.61 42073 2.5132 -0.19996 1602.1 -0.14558 4.8504 0.12955 0.059306 0
943.28 40966 2.5133 -0.2011 1598.9 -0.15089 4.8519 0.12956 0.053603 0
951.61 38956 2.5136 -0.20313 1589.1 -0.15107 4.8549 0.12915 0.050678 0
958.67 37325 2.5139 -0.20484 1575 -0.13984 4.8579 0.12836 0.04881 0
960.62 36905 2.514 -0.20531 1570 -0.13463 4.8588 0.12799 0.051856 0
963.84 36255 2.5141 -0.20608 1560.6 -0.12402 4.8605 0.12751 0.048053 0
970.78 35082 2.5143 -0.20773 1535.3 -0.092747 4.8643 0.12599 0.048271 0
980.05 34155 2.5147 -0.20989 1492.2 -0.037238 4.8703 0.12352 0.049745 0
989.81 34074 2.515 -0.21209 1440.5 0.025784 4.8771 0.12069 0.052385 0
998.13 34657 2.5154 -0.21391 1396.4 0.07126 4.8827 0.1185 0.054283 0
1003.4 35252 2.5155 -0.21501 1370.1 0.092665 4.886 0.11738 0.055313 0
1004.6 35419 2.5156 -0.21528 1363.8 0.096972 4.8867 0.11715 0.057515 0
1009.3 36073 2.5158 -0.21625 1342.1 0.1093 4.8894 0.11649 0.054879 0
1017.6 37343 2.5161 -0.21793 1307 0.11914 4.8933 0.11588 0.053817 0
1024.7 38424 2.5163 -0.21932 1280.7 0.1167 4.896 0.11591 0.051458 0
1026.7 38712 2.5164 -0.2197 1274.1 0.11455 4.8967 0.1159 0.055969 0
1031.3 39368 2.5166 -0.22061 1259 0.1071 4.8982 0.11624 0.048698 0
1039.7 40382 2.5169 -0.22219 1235.2 0.087233 4.9005 0.11707 0.045637 0
1046.7 41045 2.5172 -0.22351 1218 0.065307 4.9021 0.11805 0.042186 0
1048.7 41192 2.5172 -0.22387 1213.7 0.058638 4.9025 0.11836 0.047976 0
1053.3 41476 2.5174 -0.22474 1204.1 0.041809 4.9035 0.11912 0.039144 0
1061.7 41735 2.5177 -0.22626 1189.4 0.0098134 4.9051 0.12075 0.036249 0
1068.7 41700 2.518 -0.22754 1179.1 -0.018218 4.9064 0.12218 0.033238 0
1070.7 41649 2.518 -0.22789 1176.6 -0.025947 4.9067 0.12258 0.039459 0
1075.4 41457 2.5182 -0.22873 1170.9 -0.044243 4.9076 0.12346 0.030583 0
1083.7 40875 2.5185 -0.23021 1162.1 -0.075142 4.909 0.12507 0.028283 0
1090.7 40164 2.5188 -0.23146 1155.2 -0.098452 4.9104 0.12606 0.025848 0
1092.7 39936 2.5188 -0.2318 1153.3 -0.10424 4.9107 0.1263 0.032132 0
1097.4 39342 2.519 -0.23262 1148.7 -0.11671 4.9117 0.12679 0.023677 0
1105.7 38150 2.5193 -0.23407 1139.3 -0.13287 4.9134 0.12721 0.022057 0
1112.7 37059 2.5196 -0.23528 1129.2 -0.1391 4.915 0.1271 0.020129 0
1114.7 36753 2.5196 -0.23561 1125.9 -0.13941 4.9154 0.12698 0.025754 0
1119.4 36028 2.5198 -0.23641 1116.9 -0.13748 4.9166 0.12677 0.018581 0
1127.7 34816 2.5201 -0.2378 1096.3 -0.1242 4.9186 0.12583 0.017535 0
1134.8 33939 2.5203 -0.23897 1073.6 -0.10353 4.9204 0.12477 0.016097 0
1136.7 33731 2.5204 -0.23928 1066.4 -0.096491 4.9209 0.12434 0.021155 0
1141.4 33300 2.5206 -0.24003 1047.6 -0.077885 4.9222 0.12355 0.014967 0
1149.7 32787 2.5209 -0.24134 1009.1 -0.041499 4.9243 0.12172 0.014291 0
1156.8 32601 2.5211 -0.24241 972.62 -0.011937 4.926 0.11969 0.013026 0
1158.7 32586 2.5212 -0.2427 962.13 -0.004672 4.9264 0.11882 0.018948 0
1163.4 32600 2.5213 -0.24337 936.51 0.010623 4.9275 0.11795 0.011944 0
1171.7 32752 2.5216 -0.24453 890.84 0.026601 4.929 0.10879 0.011553 0
1178.8 32918 2.5218 -0.24547 854.57 0.024636 4.9302 0.093575 0.010231 0
1180.7 32956 2.5219 -0.24572 845.28 0.02131 4.9304 0.090962 0.018854 0
1185.4 33020 2.522 -0.24632 823.75 0.010693 4.9312 0.08853 0.0093046 0
1193.7 33008 2.5222 -0.24734 787.98 -0.015822 4.9321 0.087641 0.0089626 0
1200.8 32848 2.5224 -0.24817 759.85 -0.043531 4.933 0.087996 0.007468 0
1202.7 32778 2.5225 -0.2484 752.4 -0.05179 4.9332 0.087634 0.01668 0
1207.4 32562 2.5226 -0.24893 735.06 -0.072416 4.9339 0.088049 0.0065148 0
1215.7 32017 2.5228 -0.24983 705.34 -0.11023 4.9348 0.089157 0.0058102 0
1222.8 31402 2.523 -0.25057 680.62 -0.14176 4.9356 0.090394 0.0047584 0
1224.8 31210 2.523 -0.25077 673.77 -0.15018 4.9358 0.090733 0.014196 0
1229.4 30714 2.5231 -0.25124 657.2 -0.16961 4.9365 0.091266 0.0032216 0
1237.8 29730 2.5233 -0.25204 626.22 -0.19991 4.9373 0.095216 0.0029332 0
1244.8 28831 2.5235 -0.25268 596.68 -0.21815 4.9381 0.10364 0.0015982 0
1246.8 28579 2.5235 -0.25286 587.7 -0.22147 4.9382 0.1076 0.01095 0
1251.4 27980 2.5236 -0.25326 564.51 -0.22577 4.9389 0.11856 0.00040772 0
1259.8 26975 2.5238 -0.25393 518.36 -0.22162 4.9395 0.13851 9.2788e-05 0
1266.8 26218 2.5239 -0.25445 477.61 -0.21162 4.94 0.14037 -0.00091748 0
1268.8 26026 2.5239 -0.25459 466.89 -0.20923 4.9401 0.14095 0.0093823 0
1273.5 25592 2.524 -0.2549 441.74 -0.2027 4.9407 0.14245 -0.0019618 0
1281.8 24907 2.5241 -0.25543 400.52 -0.19083 4.9407 0.14532 -0.0016603 0
1288.8 24404 2.5242 -0.25583 369.79 -0.18152 4.941 0.14657 -0.0032224 0
1290.8 24276 2.5243 -0.25594 362.06 -0.17934 4.9408 0.14677 0.0086777 0
1295.5 23985 2.5243 -0.25619 344.74 -0.17461 4.9414 0.14765 -0.0029204 0
1303.8 23514 2.5244 -0.2566 318.4 -0.17074 4.9409 0.14534 -0.0033682 0
1310.8 23138 2.5245 -0.25693 300.89 -0.17698 4.9409 0.13923 -0.003371 0
1312.8 23034 2.5245 -0.25702 296.88 -0.18098 4.9407 0.13822 0.010663 0
1317.5 22782 2.5246 -0.25722 288.23 -0.1914 4.9414 0.13655 -0.0036217 0
1325.8 22309 2.5246 -0.25757 276.29 -0.21516 4.9407 0.13169 -0.0033704 0
1332.9 21877 2.5247 -0.25786 269.02 -0.23731 4.9407 0.12906 -0.0033442 0
1334.8 21753 2.5247 -0.25793 267.33 -0.24262 4.9406 0.12861 0.010777 0
1339.5 21448 2.5248 -0.25812 263.56 -0.25306 4.9414 0.1284 -0.0031823 0
1347.8 20893 2.5249 -0.25844 257.44 -0.26311 4.9406 0.1261 -0.0039121 0
1354.9 20422 2.5249 -0.2587 252.63 -0.26615 4.9405 0.12216 -0.0024633 0
1356.8 20292 2.5249 -0.25877 251.38 -0.26666 4.9404 0.12139 0.012026 0
1361.5 19985 2.525 -0.25894 248.23 -0.26538 4.9413 0.11996 -0.003961 0
1369.8 19454 2.525 -0.25924 242.46 -0.26002 4.9401 0.1157 -0.0039637 0
1376.9 19023 2.5251 -0.25949 237.48 -0.2552 4.94 0.11262 -0.0024974 0
1378.8 18906 2.5251 -0.25956 236.07 -0.25359 4.9399 0.11189 0.01295 0
1383.5 18634 2.5252 -0.25972 232.59 -0.24946 4.941 0.11065 -0.0029248 0
1391.8 18169 2.5252 -0.26001 226.15 -0.2426 4.9395 0.10773 -0.0058168 0
1398.9 17793 2.5253 -0.26024 220.66 -0.23943 4.9393 0.10555 0.0011496 0
1400.8 17691 2.5253 -0.2603 219.16 -0.23892 4.9396 0.10499 0.017597 0
1405.5 17451 2.5253 -0.26045 215.58 -0.23818 4.9411 0.10412 -0.0038964 0
1413.8 17033 2.5254 -0.26072 209.44 -0.23955 4.9386 0.10178 -0.007502 0
1420.9 16684 2.5255 -0.26093 204.66 -0.24421 4.9385 0.099884 0.0032556 0
1422.9 16587 2.5255 -0.26099 203.43 -0.24577 4.939 0.099383 0.019729 0
1427.5 16355 2.5255 -0.26113 200.57 -0.24963 4.941 0.098532 -0.0027132 0
1435.9 15942 2.5256 -0.26138 195.92 -0.25708 4.9378 0.096143 -0.010639 0
1442.9 15589 2.5256 -0.26158 192.41 -0.26433 4.9375 0.094013 0.0087149 0
1444.9 15491 2.5256 -0.26163 191.5 -0.26623 4.9389 0.093513 0.028399 0
1448.4 15314 2.5256 -0.26173 189.9 -0.26904 4.9415 0.092849 -0.0012407 0
1454.6 14998 2.5257 -0.2619 187.14 -0.27344 4.9375 0.090662 -0.017905 0
1459.9 14730 2.5257 -0.26205 184.92 -0.27768 4.9369 0.088791 0.01952 0
1461.4 14656 2.5257 -0.26209 184.33 -0.27876 4.9393 0.088398 0.029292 0
1464.9 14479 2.5258 -0.26218 182.9 -0.28088 4.9422 0.087434 -0.00038651 0
1471.1 14162 2.5258 -0.26235 180.42 -0.28498 4.9378 0.084769 -0.01995 0
1476.4 13893 2.5258 -0.26249 178.41 -0.28935 4.9371 0.082887 0.022936 0
1477.9 13818 2.5258 -0.26253 177.87 -0.29032 4.94 0.082593 0.032243 0
1481.4 13640 2.5259 -0.26262 176.52 -0.2918 4.943 0.081831 -0.0018639 0
1487.6 13324 2.5259 -0.26278 174.06 -0.29385 4.9378 0.079572 -0.021128 0
1492.9 13058 2.5259 -0.26291 171.92 -0.29592 4.937 0.078117 0.02337 0
1494.4 12985 2.5259 -0.26295 171.32 -0.29618 4.94 0.077834 0.033073 0
1497.9 12810 2.526 -0.26303 169.82 -0.29643 4.9434 0.077166 -0.00071775 0
1504.1 12503 2.526 -0.26319 167 -0.29636 4.9376 0.075664 -0.02365 0
1509.4 12246 2.526 -0.26332 164.48 -0.29654 4.9366 0.074729 0.027431 0
1510.9 12176 2.526 -0.26335 163.76 -0.29646 4.9403 0.07454 0.037001 0
1514.4 12010 2.5261 -0.26343 162.01 -0.29623 4.9441 0.074006 -0.0021778 0
1520.6 11717 2.5261 -0.26358 158.85 -0.29738 4.9371 0.072377 -0.025595 0
1525.9 11471 2.5261 -0.2637 156.24 -0.30089 4.9359 0.07108 0.028776 0
1527.4 11403 2.5261 -0.26374 155.54 -0.30203 4.9399 0.070785 0.038647 0
1530.9 11241 2.5261 -0.26381 153.89 -0.30507 4.9441 0.069917 -0.0019671 0
1537.2 10952 2.5262 -0.26395 151.14 -0.31302 4.9357 0.067399 -0.030482 0
1542.5 10704 2.5262 -0.26407 149.11 -0.32319 4.9339 0.06556 0.034348 0
1543.9 10634 2.5262 -0.2641 148.63 -0.3263 4.939 0.065227 0.044206 0
1547.4 10466 2.5262 -0.26418 147.55 -0.33336 4.9437 0.064153 -0.002478 0
1553.7 10161 2.5263 -0.26431 145.87 -0.34719 4.9347 0.060779 -0.030536 0
1559 9894 2.5263 -0.26442 144.66 -0.36059 4.9337 0.058086 0.039386 0
1560.4 9819 2.5263 -0.26445 144.36 -0.36407 4.9394 0.057389 0.049445 0
1563.9 9637.4 2.5263 -0.26452 143.66 -0.37236 4.9456 0.055025 0.001993 0
1570.2 9303.7 2.5263 -0.26465 142.61 -0.39579 4.9351 0.046175 -0.044119 0
1575.5 9001.9 2.5264 -0.26475 142.62 -0.42936 4.9283 0.038527 0.022074 0
1576.9 8913.8 2.5264 -0.26478 142.92 -0.43996 4.9324 0.037263 0.036569 0
1579.3 8769 2.5264 -0.26483 143.55 -0.45571 4.9359 0.035263 0.010691 0
1583.4 8496.2 2.5264 -0.26491 145.57 -0.48647 4.9355 0.029317 -0.010835 0
1587 8247.3 2.5264 -0.26498 148.25 -0.5153 4.9361 0.025836 0.022554 0
1587.9 8175.3 2.5264 -0.265 149.06 -0.52227 4.9381 0.025267 0.026592 0
1590.3 7998 2.5264 -0.26504 151.06 -0.53727 4.9403 0.023872 0.0019193 0
1594.4 7667 2.5265 -0.26513 154.39 -0.55591 4.9378 0.022339 -0.018914 0
1598 7375.6 2.5265 -0.2652 156.49 -0.56062 4.9369 0.02261 0.016744 0
1598.9 7294.4 2.5265 -0.26522 156.87 -0.55949 4.9388 0.022603 0.021421 0
1601.3 7100 2.5265 -0.26527 157.51 -0.55509 4.9405 0.022412 -0.0015591 0
1605.4 6757.7 2.5265 -0.26535 157.65 -0.54115 4.9372 0.022211 -0.018803 0
1609 6475.2 2.5265 -0.26542 156.83 -0.52512 4.9366 0.022168 0.020394 0
1609.9 6399 2.5265 -0.26544 156.48 -0.52024 4.9388 0.022069 0.023344 0
1612.3 6219.6 2.5265 -0.26549 155.49 -0.50951 4.9407 0.021311 -0.0023863 0
1616.4 5909.6 2.5266 -0.26558 153.66 -0.49715 4.9372 0.019327 -0.018972 0
1620 5653.3 2.5266 -0.26565 152.21 -0.49285 4.9364 0.018324 0.018779 0
1621 5583.2 2.5266 -0.26567 151.82 -0.49178 4.9384 0.018122 0.023281 0
1623.3 5416.4 2.5266 -0.26572 150.91 -0.49054 4.9405 0.017311 0.00014912 0
1627.5 5121.6 2.5266 -0.2658 149.52 -0.49248 4.9375 0.015824 -0.018563 0
1631 4872.1 2.5266 -0.26587 148.51 -0.49552 4.9366 0.015473 0.016477 0
1632 4803.2 2.5266 -0.26589 148.22 -0.49569 4.9384 0.015376 0.02115 0
1634.3 4638.7 2.5266 -0.26594 147.53 -0.4966 4.9402 0.014867 -0.0016267 0
1638.5 4346.8 2.5267 -0.26602 146.36 -0.49862 4.9368 0.01412 -0.019182 0
1642 4100.3 2.5267 -0.26609 145.32 -0.49897 4.936 0.014086 0.019058 0
1643 4032.6 2.5267 -0.26611 145.01 -0.49838 4.9381 0.014014 0.021998 0
1645.3 3871.2 2.5267 -0.26616 144.24 -0.49754 4.9398 0.013519 -0.0028928 0
1649.5 3586.1 2.5267 -0.26624 142.87 -0.49716 4.9361 0.012837 -0.018789 0
1653 3346.7 2.5267 -0.2663 141.65 -0.49631 4.9354 0.01279 0.018768 0
1654 3281 2.5267 -0.26632 141.29 -0.49557 4.9375 0.012758 0.022912 0
1656.3 3124.7 2.5267 -0.26637 140.42 -0.49438 4.9397 0.012289 8.431e-05 0
1660.5 2849 2.5268 -0.26644 138.87 -0.49448 4.9366 0.011519 -0.016991 0
1664 2617.2 2.5268 -0.26651 137.56 -0.49499 4.9361 0.011485 0.019046 0
1665 2553.6 2.5268 -0.26653 137.19 -0.49463 4.9383 0.011458 0.023744 0
1667.3 2401.9 2.5268 -0.26657 136.3 -0.49446 4.9408 0.011031 0.0033804 0
1671.5 2133.9 2.5268 -0.26665 134.71 -0.49602 4.9389 0.010446 -0.012641 0
1675 1908.4 2.5268 -0.26671 133.39 -0.49713 4.9395 0.010576 0.023182 0
1676 1846.4 2.5268 -0.26673 133.02 -0.49685 4.942 0.010702 0.025703 0
1678.3 1698.9 2.5268 -0.26677 132.13 -0.49603 4.9447 0.010522 0.0029976 0
1682.5 1439 2.5269 -0.26684 130.49 -0.49477 4.9422 0.010464 -0.015951 0
1686 1222 2.5269 -0.26691 129.06 -0.4911 4.9411 0.011291 0.013229 0
1687 1162.8 2.5269 -0.26692 128.65 -0.48889 4.9429 0.01147 0.015459 0
1689.3 1022.9 2.5269 -0.26696 127.6 -0.48393 4.9441 0.011553 -0.0056436 0
1693.5 779.89 2.5269 -0.26703 125.57 -0.47395 4.9385 0.012295 -0.024361 0
1697 581.27 2.5269 -0.26709 123.62 -0.46169 4.935 0.013596 0.0068835 0
1698 527.94 2.5269 -0.26711 123.02 -0.45729 4.9365 0.0142 0.013224 0
1700.3 403.23 2.5269 -0.26715 121.45 -0.44468 4.9387 0.015585 0.008056 0
1704.5 197.48 2.527 -0.26722 117.19 -0.40439 4.9469 0.021648 0.041674 0
1708 47.4 2.527 -0.26728 111.39 -0.35321 4.9755 0.027467 0.12536 0
1709 11.023 2.527 -0.26729 109.45 -0.33972 4.9901 0.027992 0.14204 0
