time (s) altitude (m) velocity (m/s) mass (kg)trajectory angle (rad) angle of attack (rad) heading angle (rad) latitude (rad)
0 90 30 28916 1.5691 0 -0.82407 -0.20666
0.35088 100.93 32.28 28855 1.569 -0.00032972 -0.81512 -0.20666
0.97581 122.37 36.366 28746 1.5688 -0.00088849 -0.80377 -0.20666
1.506 142.58 39.858 28653 1.5686 -0.0013154 -0.79822 -0.20666
1.6524 148.49 40.827 28627 1.5685 -0.0014255 -0.79722 -0.20666
2.0033 163.22 43.154 28566 1.5682 -0.0016812 -0.7956 -0.20666
2.6282 191.49 47.323 28457 1.5677 -0.0020719 -0.79481 -0.20666
3.1585 217.52 50.885 28364 1.5672 -0.0023256 -0.79555 -0.20666
3.3048 225.05 51.872 28338 1.567 -0.002387 -0.79592 -0.20666
3.6557 243.66 54.245 28277 1.5666 -0.0025227 -0.797 -0.20666
4.2806 278.89 58.494 28168 1.5659 -0.0026951 -0.79945 -0.20666
4.8109 310.86 62.121 28075 1.5652 -0.0027631 -0.80186 -0.20666
4.9573 320.03 63.126 28050 1.5651 -0.0027744 -0.80256 -0.20666
5.3081 342.6 65.542 27988 1.5646 -0.0027902 -0.80428 -0.20666
5.9331 384.91 69.867 27879 1.5639 -0.0027609 -0.80743 -0.20666
6.4633 422.93 73.558 27786 1.5632 -0.0026738 -0.81016 -0.20666
6.6097 433.78 74.58 27761 1.563 -0.0026443 -0.81092 -0.20666
6.9606 460.37 77.036 27699 1.5626 -0.0025649 -0.81274 -0.20666
7.5855 509.89 81.431 27590 1.5619 -0.002384 -0.81597 -0.20666
8.1157 554.05 85.179 27497 1.5613 -0.0021901 -0.8187 -0.20666
8.2621 566.6 86.217 27472 1.5611 -0.0021333 -0.81945 -0.20666
8.613 597.29 88.709 27410 1.5607 -0.0019912 -0.82125 -0.20666
9.2379 654.11 93.167 27301 1.5601 -0.0017155 -0.82443 -0.20666
9.7681 704.51 96.967 27208 1.5597 -0.0014598 -0.82712 -0.20666
9.9145 718.79 98.018 27183 1.5595 -0.0013877 -0.82787 -0.20666
10.24 751.08 100.36 27126 1.5593 -0.0012243 -0.82952 -0.20666
10.921 821.08 105.28 27007 1.5588 -0.00087273 -0.83298 -0.20666
11.772 913.29 111.46 26858 1.5585 -0.00042924 -0.83734 -0.20666
12.565 1004 117.25 26720 1.5583 -3.5118e-05 -0.8415 -0.20666
13.088 1066.3 121.09 26628 1.5583 0.00020946 -0.84432 -0.20666
13.219 1082.3 122.06 26605 1.5584 0.00026885 -0.84504 -0.20666
13.681 1139.4 125.47 26524 1.5586 0.00046828 -0.84763 -0.20666
14.596 1257.2 132.27 26365 1.5593 0.00079531 -0.85311 -0.20666
15.609 1395.2 139.86 26187 1.5605 0.00095451 -0.85999 -0.20666
16.335 1498.7 145.34 26061 1.5615 0.00086795 -0.86565 -0.20666
16.524 1526.3 146.76 26028 1.5617 0.00081669 -0.86725 -0.20666
16.875 1578.2 149.42 25966 1.5622 0.00072135 -0.87038 -0.20666
17.5 1673.1 154.17 25857 1.5631 0.00049226 -0.87654 -0.20666
18.03 1755.9 158.21 25764 1.5639 0.00023376 -0.88247 -0.20666
18.177 1779.1 159.33 25739 1.564 0.00015681 -0.88424 -0.20666
18.527 1835.5 162.02 25678 1.5645 -3.612e-05 -0.88874 -0.20666
19.152 1938.3 166.82 25568 1.5653 -0.00041771 -0.8978 -0.20666
19.683 2027.8 170.92 25476 1.566 -0.00077936 -0.90678 -0.20666
19.829 2052.9 172.06 25450 1.5662 -0.0008818 -0.90951 -0.20666
20.18 2113.8 174.79 25389 1.5666 -0.0011319 -0.91654 -0.20666
20.805 2224.5 179.66 25280 1.5672 -0.0015931 -0.93108 -0.20666
21.335 2320.9 183.81 25187 1.5677 -0.0019971 -0.94583 -0.20666
21.481 2347.9 184.96 25162 1.5678 -0.0021087 -0.95035 -0.20666
21.832 2413.2 187.72 25100 1.5681 -0.0023767 -0.96204 -0.20666
22.457 2532.1 192.65 24991 1.5684 -0.0028468 -0.98602 -0.20666
22.987 2635.4 196.85 24898 1.5686 -0.0032323 -1.0095 -0.20666
23.134 2664.3 198.01 24873 1.5686 -0.0033363 -1.0164 -0.20666
23.485 2734.2 200.79 24812 1.5687 -0.0035831 -1.0336 -0.20666
24.11 2861.2 205.76 24702 1.5687 -0.003996 -1.0656 -0.20666
24.64 2971.5 209.98 24610 1.5686 -0.0043087 -1.0927 -0.20666
24.786 3002.3 211.14 24584 1.5685 -0.0043897 -1.1 -0.20666
25.137 3076.9 213.94 24523 1.5684 -0.004578 -1.1169 -0.20666
25.762 3212.1 218.92 24414 1.568 -0.0048625 -1.1447 -0.20666
26.292 3329.3 223.15 24321 1.5676 -0.0050377 -1.1657 -0.20666
26.439 3362.1 224.32 24296 1.5675 -0.0050775 -1.171 -0.20666
26.79 3441.3 227.12 24234 1.5672 -0.0051596 -1.1832 -0.20666
27.415 3584.8 232.1 24125 1.5666 -0.0052278 -1.2027 -0.20666
27.945 3708.9 236.33 24033 1.5661 -0.0052004 -1.2173 -0.20666
28.091 3743.6 237.5 24007 1.5659 -0.0051841 -1.2211 -0.20666
28.442 3827.4 240.3 23946 1.5656 -0.0051239 -1.2298 -0.20666
29.067 3979.2 245.29 23837 1.565 -0.0049172 -1.2441 -0.20666
29.597 4110.4 249.53 23744 1.5646 -0.00463 -1.2553 -0.20666
29.744 4147 250.7 23719 1.5645 -0.0045403 -1.2583 -0.20666
30.094 4235.4 253.5 23657 1.5644 -0.0043083 -1.2653 -0.20666
30.719 4395.4 258.51 23548 1.5642 -0.0038123 -1.2776 -0.20666
31.25 4533.6 262.77 23456 1.5642 -0.0033204 -1.2879 -0.20666
31.396 4572.1 263.95 23430 1.5643 -0.0031844 -1.2909 -0.20666
31.747 4665.3 266.77 23369 1.5645 -0.002855 -1.2979 -0.20666
32.372 4833.5 271.81 23260 1.565 -0.0023085 -1.3113 -0.20666
32.902 4978.8 276.08 23167 1.5656 -0.0019315 -1.324 -0.20666
33.048 5019.3 277.26 23142 1.5658 -0.0018462 -1.3277 -0.20666
33.196 5060.3 278.45 23116 1.5659 -0.001764 -1.3317 -0.20666
33.525 5152.5 281.1 23058 1.5664 -0.0016063 -1.3412 -0.20666
33.996 5285.7 284.88 22976 1.5671 -0.0014681 -1.3567 -0.20666
34.551 5445.1 289.31 22879 1.5678 -0.0014439 -1.3792 -0.20666
35.124 5612.1 293.84 22779 1.5685 -0.0015785 -1.4091 -0.20666
35.645 5766.2 297.91 22689 1.5689 -0.0018417 -1.4434 -0.20666
36.051 5887.9 301.06 22618 1.569 -0.0021408 -1.4742 -0.20666
36.294 5961.3 302.92 22575 1.569 -0.0023583 -1.4935 -0.20666
36.353 5979.1 303.37 22565 1.569 -0.0024154 -1.4982 -0.20666
36.501 6024 304.5 22539 1.569 -0.0025644 -1.5097 -0.20666
36.83 6124.7 306.99 22482 1.5688 -0.0029359 -1.5341 -0.20666
37.301 6270.1 310.52 22399 1.5682 -0.003561 -1.5637 -0.20666
37.856 6443.6 314.63 22303 1.5672 -0.0044387 -1.59 -0.20666
38.429 6625 318.81 22203 1.5655 -0.0055062 -1.6088 -0.20666
38.95 6792 322.57 22112 1.5636 -0.0066178 -1.621 -0.20666
39.356 6923.7 325.49 22041 1.5617 -0.0075805 -1.6281 -0.20666
39.599 7003.1 327.23 21998 1.5604 -0.0081943 -1.6317 -0.20666
39.658 7022.3 327.65 21988 1.5601 -0.0083475 -1.6325 -0.20666
39.984 7129.4 329.98 21931 1.5581 -0.0092258 -1.6365 -0.20666
40.665 7355.6 334.84 21813 1.5534 -0.011233 -1.6431 -0.20666
41.515 7643.1 340.94 21664 1.5462 -0.014067 -1.649 -0.20667
42.309 7915.6 346.68 21526 1.5381 -0.017033 -1.653 -0.20667
42.831 8097.8 350.51 21434 1.532 -0.019161 -1.6551 -0.20667
42.963 8143.9 351.48 21411 1.5304 -0.019717 -1.6556 -0.20667
43.665 8392.1 356.69 21289 1.5209 -0.022832 -1.6578 -0.20667
44.915 8843 366.11 21071 1.5009 -0.028988 -1.6608 -0.20667
45.975 9234.3 374.19 20886 1.4801 -0.034822 -1.6627 -0.20668
46.268 9343.7 376.42 20835 1.4736 -0.036531 -1.6632 -0.20668
46.619 9475.5 379.09 20774 1.4655 -0.03863 -1.6636 -0.20668
47.244 9712.4 383.82 20665 1.4497 -0.04248 -1.6644 -0.20669
47.774 9915.3 387.79 20572 1.4349 -0.045759 -1.665 -0.20669
47.92 9971.6 388.89 20546 1.4306 -0.04664 -1.6651 -0.20669
48.271 10107 391.49 20485 1.4199 -0.048733 -1.6655 -0.2067
48.896 10350 396.09 20376 1.3995 -0.052317 -1.666 -0.2067
49.426 10558 399.95 20284 1.3808 -0.055198 -1.6664 -0.20671
49.573 10615 401.02 20258 1.3754 -0.055973 -1.6665 -0.20671
50.061 10808 404.57 20173 1.3568 -0.058475 -1.6668 -0.20672
51.082 11213 412.04 19995 1.3152 -0.063323 -1.6674 -0.20673
52.359 11724 421.74 19772 1.2593 -0.068649 -1.668 -0.20675
53.548 12202 431.38 19564 1.2047 -0.072883 -1.6685 -0.20678
54.332 12519 438.15 19427 1.1682 -0.075288 -1.6687 -0.2068
54.53 12598 439.92 19393 1.159 -0.075845 -1.6688 -0.20681
55.223 12877 446.3 19272 1.1266 -0.077645 -1.669 -0.20683
56.594 13429 459.91 19033 1.0634 -0.080531 -1.6693 -0.20687
58.115 14039 476.6 18767 0.99537 -0.082591 -1.6697 -0.20693
59.204 14474 489.65 18577 0.9486 -0.08344 -1.6699 -0.20697
59.487 14586 493.19 18528 0.93674 -0.083636 -1.6699 -0.20699
59.75 14691 496.55 18482 0.92584 -0.083842 -1.6699 -0.207
60.219 14876 502.65 18400 0.90669 -0.084229 -1.67 -0.20702
60.617 15034 507.97 18330 0.89073 -0.084579 -1.6701 -0.20704
60.726 15077 509.46 18311 0.88637 -0.084678 -1.6701 -0.20705
60.99 15181 513.08 18265 0.87599 -0.084916 -1.6701 -0.20706
61.458 15365 519.66 18183 0.8578 -0.085347 -1.6702 -0.20708
61.856 15521 525.38 18114 0.84266 -0.085718 -1.6703 -0.2071
61.966 15565 526.99 18095 0.83852 -0.08582 -1.6703 -0.20711
62.312 15700 532.12 18034 0.82561 -0.086136 -1.6703 -0.20713
62.998 15968 542.57 17915 0.80067 -0.086669 -1.6704 -0.20717
63.758 16263 554.62 17782 0.77399 -0.08705 -1.6705 -0.20721
64.303 16474 563.55 17687 0.75553 -0.087187 -1.6705 -0.20725
64.444 16529 565.91 17662 0.75082 -0.087206 -1.6706 -0.20726
64.971 16732 574.85 17570 0.73363 -0.087258 -1.6706 -0.20729
65.908 17091 591.34 17406 0.7043 -0.087262 -1.6707 -0.20736
66.703 17395 605.92 17267 0.68066 -0.087246 -1.6708 -0.20741
66.923 17479 610.04 17229 0.67432 -0.08726 -1.6708 -0.20743
67.449 17679 620.07 17137 0.65948 -0.087261 -1.6708 -0.20747
68.387 18035 638.52 16973 0.63416 -0.087264 -1.6709 -0.20754
69.182 18335 654.73 16834 0.61375 -0.08726 -1.671 -0.20761
69.402 18418 659.3 16796 0.60827 -0.08726 -1.671 -0.20763
69.928 18616 670.4 16704 0.59544 -0.087263 -1.671 -0.20767
70.865 18968 690.73 16540 0.5735 -0.087265 -1.6711 -0.20775
71.661 19265 708.52 16401 0.55574 -0.087262 -1.6711 -0.20783
71.88 19347 713.51 16363 0.55097 -0.087262 -1.6712 -0.20785
72.407 19544 725.64 16271 0.53974 -0.087264 -1.6712 -0.2079
73.344 19893 747.77 16107 0.52044 -0.087265 -1.6712 -0.20799
74.139 20188 767.06 15968 0.50469 -0.087263 -1.6713 -0.20807
74.359 20270 772.46 15929 0.50044 -0.087262 -1.6713 -0.2081
74.885 20465 785.56 15837 0.49038 -0.087264 -1.6713 -0.20815
75.823 20811 809.39 15673 0.47294 -0.087265 -1.6714 -0.20826
76.618 21104 830.09 15534 0.45855 -0.087263 -1.6714 -0.20835
76.838 21184 835.88 15496 0.45463 -0.087263 -1.6714 -0.20837
77.364 21377 849.9 15404 0.44532 -0.087265 -1.6714 -0.20843
78.301 21719 875.32 15240 0.429 -0.087265 -1.6715 -0.20855
79.097 22008 897.34 15101 0.41535 -0.087264 -1.6715 -0.20865
79.316 22088 903.49 15063 0.41161 -0.087263 -1.6715 -0.20868
80.04 22349 924 14936 0.39931 -0.087265 -1.6715 -0.20877
81.604 22906 969.39 14662 0.37291 -0.087266 -1.6716 -0.20898
83.692 23632 1032.3 14297 0.33752 -0.087266 -1.6716 -0.20929
85.89 24366 1101.2 13912 0.29952 -0.087266 -1.6717 -0.20964
87.763 24957 1162 13585 0.26627 -0.087266 -1.6717 -0.20995
88.94 25309 1201.2 13378 0.24491 -0.087264 -1.6717 -0.21016
89.231 25393 1211 13328 0.23959 -0.087261 -1.6717 -0.21022
89.757 25542 1228.9 13235 0.22991 -0.087264 -1.6717 -0.21031
90.694 25798 1261.2 13071 0.21252 -0.087265 -1.6717 -0.21049
91.49 26005 1288.9 12932 0.19766 -0.087261 -1.6717 -0.21064
91.709 26060 1296.6 12894 0.19354 -0.087261 -1.6717 -0.21069
92.236 26189 1315.3 12801 0.18365 -0.087263 -1.6717 -0.21079
93.173 26406 1348.9 12637 0.16602 -0.087264 -1.6717 -0.21098
93.968 26577 1377.9 12498 0.1511 -0.087259 -1.6717 -0.21115
94.188 26622 1386 12460 0.14699 -0.087257 -1.6717 -0.2112
94.319 26649 1390.9 12436 0.14453 -0.087256 -1.6717 -0.21123
94.554 26695 1399.5 12395 0.14017 -0.087254 -1.6717 -0.21128
94.753 26734 1406.8 12361 0.13648 -0.087253 -1.6717 -0.21132
94.808 26744 1408.9 12351 0.13546 -0.087253 -1.6717 -0.21133
94.939 26769 1414.8 12328 0.13302 -0.087253 -1.6717 -0.21136
95.174 26812 1412.6 12287 0.12869 -0.087253 -1.6717 -0.21141
95.372 26848 1406.5 12252 0.12502 -0.087254 -1.6717 -0.21145
95.427 26857 1410.8 12242 0.124 -0.087254 -1.6717 -0.21147
95.559 26880 1416.9 12219 0.12158 -0.087254 -1.6717 -0.21149
95.793 26920 1413.4 12178 0.11726 -0.087254 -1.6717 -0.21155
95.992 26952 1405.7 12144 0.11359 -0.087254 -1.6717 -0.21159
96.047 26961 1410.3 12134 0.11258 -0.087254 -1.6717 -0.2116
96.178 26981 1416 12111 0.11015 -0.087254 -1.6717 -0.21163
96.413 27017 1418.2 12070 0.10584 -0.087255 -1.6717 -0.21168
96.612 27046 1417.5 12035 0.10219 -0.087255 -1.6717 -0.21172
96.667 27054 1421 12025 0.10118 -0.087255 -1.6717 -0.21174
96.798 27073 1426.1 12002 0.098771 -0.087255 -1.6717 -0.21177
97.032 27105 1435.2 11961 0.09449 -0.087256 -1.6717 -0.21182
97.231 27132 1443 11926 0.090874 -0.087256 -1.6717 -0.21186
97.286 27139 1445.2 11917 0.089879 -0.087256 -1.6717 -0.21187
97.418 27156 1450.3 11894 0.087499 -0.087256 -1.6717 -0.2119
97.652 27185 1459.6 11853 0.083282 -0.087257 -1.6717 -0.21196
97.851 27209 1467.5 11818 0.079726 -0.087258 -1.6717 -0.212
97.906 27215 1469.7 11808 0.078749 -0.087258 -1.6717 -0.21201
98.037 27230 1475 11785 0.076414 -0.087258 -1.6717 -0.21204
98.272 27256 1484.4 11744 0.072284 -0.087259 -1.6717 -0.2121
98.471 27277 1492.4 11709 0.068812 -0.087259 -1.6717 -0.21214
98.526 27282 1494.6 11700 0.067858 -0.08726 -1.6717 -0.21216
98.657 27389 1500 11677 0.065605 -0.087259 -1.6717 -0.21219
98.891 26973 1509.5 11636 0.061527 -0.087257 -1.6717 -0.21224
99.09 30000 1517.7 11601 0.058288 -0.087256 -1.6717 -0.21229
99.145 32806 1520 11591 0.057562 -0.087256 -1.6717 -0.2123
