time (s) altitude (m) longitude (rad) latitude (rad) velocity (m/s) trajectory angle (rad) heading angle (rad) angle of attack (rad) bank angle (rad) fuel mass (kg) 
0 32806 2.3868 -0.2123 1520 0.057562 -1.6717 0.061106 0.46722 1562
2.5174 33014 2.3868 -0.2129 1520 0.050978 -1.6672 0.064007 0.46052 1560.2
7.952 33379 2.3866 -0.21418 1520.1 0.037606 -1.6578 0.074091 0.4014 1556.4
15.208 33707 2.3865 -0.21589 1519.8 0.022467 -1.647 0.086379 0.2925 1551.5
22.847 33891 2.3864 -0.2177 1519.2 0.0098249 -1.6379 0.098393 0.22663 1546.4
29.356 33944 2.3863 -0.21924 1519.3 0.0011481 -1.6309 0.10416 0.20537 1542
33.449 33936 2.3862 -0.22021 1519.4 -0.003575 -1.6267 0.10915 0.19617 1539.3
34.459 33930 2.3862 -0.22045 1519.4 -0.0045519 -1.6256 0.11102 0.19398 1538.6
38.117 33896 2.3861 -0.22132 1519.2 -0.007502 -1.6218 0.1172 0.18275 1536
44.634 33807 2.3861 -0.22286 1517.9 -0.0099873 -1.6145 0.12921 0.19848 1531.5
50.162 33722 2.386 -0.22417 1515.9 -0.0099907 -1.6066 0.13394 0.25214 1527.6
51.688 33699 2.386 -0.22453 1515.2 -0.0099236 -1.604 0.13211 0.26243 1526.5
55.347 33644 2.386 -0.22539 1513.8 -0.0099693 -1.5977 0.13148 0.27359 1523.9
61.863 33546 2.3859 -0.22693 1511.5 -0.009994 -1.5861 0.1299 0.27762 1519.3
67.392 33462 2.3859 -0.22824 1509.6 -0.0099677 -1.5762 0.12803 0.27546 1515.3
68.918 33439 2.3859 -0.2286 1509.1 -0.0099662 -1.5735 0.12722 0.27816 1514.2
72.576 33384 2.3859 -0.22946 1508 -0.0099918 -1.5669 0.12629 0.27699 1511.5
79.093 33286 2.3859 -0.23099 1506.2 -0.0099942 -1.5553 0.1241 0.27477 1506.7
84.621 33203 2.386 -0.23229 1504.9 -0.0099891 -1.5454 0.12242 0.27419 1502.6
86.147 33180 2.386 -0.23265 1504.6 -0.0099752 -1.5427 0.12149 0.27392 1501.4
89.806 33125 2.386 -0.23351 1503.9 -0.0099907 -1.5363 0.1201 0.26257 1498.7
96.322 33027 2.3861 -0.23504 1502.9 -0.0099939 -1.5259 0.11687 0.23448 1493.7
101.85 32944 2.3861 -0.23633 1502.4 -0.0099931 -1.5175 0.11541 0.23812 1489.5
103.38 32921 2.3862 -0.23669 1502.2 -0.009972 -1.5151 0.11458 0.24307 1488.3
107.04 32866 2.3862 -0.23755 1502 -0.0099943 -1.5093 0.11378 0.24738 1485.5
113.55 32768 2.3863 -0.23907 1501.6 -0.0099959 -1.4986 0.11194 0.25718 1480.4
119.08 32685 2.3864 -0.24036 1501.5 -0.009992 -1.4892 0.11063 0.26812 1476.1
120.61 32663 2.3865 -0.24072 1501.5 -0.0099768 -1.4865 0.1099 0.27327 1474.9
124.26 32608 2.3865 -0.24157 1501.5 -0.009995 -1.4799 0.1091 0.27787 1472
130.78 32510 2.3867 -0.24309 1501.8 -0.0099963 -1.4679 0.10717 0.28638 1466.7
136.31 32427 2.3868 -0.24438 1502.2 -0.0099917 -1.4574 0.10595 0.29763 1462.2
137.84 32404 2.3869 -0.24474 1502.3 -0.0099702 -1.4544 0.1052 0.30415 1461
141.49 32349 2.387 -0.24559 1502.7 -0.0099962 -1.447 0.10477 0.3181 1457.9
148.01 32251 2.3872 -0.24711 1503.5 -0.0099972 -1.4324 0.10469 0.36585 1452.5
153.54 32168 2.3874 -0.24839 1504.2 -0.009992 -1.4182 0.10467 0.40106 1447.8
155.07 32145 2.3874 -0.24875 1504.4 -0.0099801 -1.4141 0.10422 0.40899 1446.5
158.72 32090 2.3876 -0.2496 1504.9 -0.009996 -1.404 0.10381 0.42057 1443.3
165.24 31992 2.3878 -0.2511 1505.9 -0.0099969 -1.3852 0.10266 0.44144 1437.6
170.77 31909 2.3881 -0.25238 1506.9 -0.0099934 -1.3685 0.10175 0.45425 1432.6
172.29 31886 2.3882 -0.25273 1507.2 -0.0099728 -1.3638 0.10118 0.46126 1431.2
175.95 31831 2.3884 -0.25357 1507.9 -0.0099964 -1.3523 0.10068 0.46901 1427.9
182.47 31732 2.3887 -0.25507 1509.4 -0.0099971 -1.3311 0.099747 0.49007 1421.9
188 31649 2.3891 -0.25633 1510.8 -0.0099944 -1.3123 0.09922 0.50839 1416.8
189.52 31626 2.3892 -0.25668 1511.2 -0.0099764 -1.3069 0.098684 0.51483 1415.3
193.18 31571 2.3894 -0.25751 1512.2 -0.0099964 -1.294 0.09786 0.5172 1411.8
199.7 31472 2.3899 -0.25899 1514.3 -0.009997 -1.2709 0.095374 0.51605 1405.5
205.23 31388 2.3903 -0.26023 1516.4 -0.0099953 -1.2513 0.094327 0.52646 1400.1
206.75 31365 2.3904 -0.26058 1517 -0.0099723 -1.2457 0.09387 0.53499 1398.6
210.41 31310 2.3907 -0.2614 1518.6 -0.0099969 -1.2321 0.093594 0.54562 1394.9
216.93 31211 2.3912 -0.26285 1521.5 -0.0099974 -1.2069 0.093126 0.57232 1388.3
222.46 31127 2.3917 -0.26407 1524.1 -0.0099953 -1.1844 0.092837 0.5927 1382.5
223.98 31103 2.3919 -0.26441 1524.9 -0.0099749 -1.178 0.092449 0.60078 1380.9
227.64 31048 2.3922 -0.26521 1526.7 -0.009997 -1.1624 0.092215 0.61132 1376.9
234.16 30948 2.3929 -0.26663 1530.2 -0.0099974 -1.1336 0.091792 0.63654 1369.8
239.69 30863 2.3935 -0.26782 1533.4 -0.0099956 -1.108 0.091653 0.65703 1363.6
241.21 30840 2.3936 -0.26815 1534.3 -0.0099742 -1.1008 0.091349 0.66554 1361.9
244.87 30784 2.3941 -0.26893 1536.6 -0.0099972 -1.0831 0.091243 0.67676 1357.7
251.39 30684 2.3949 -0.2703 1540.8 -0.0099975 -1.0504 0.091179 0.70389 1350
256.92 30598 2.3956 -0.27144 1544.6 -0.009996 -1.0213 0.09121 0.72451 1343.3
258.44 30575 2.3958 -0.27176 1545.7 -0.0099743 -1.0131 0.090986 0.73313 1341.4
262.1 30518 2.3963 -0.2725 1548.4 -0.0099973 -0.993 0.090983 0.74454 1336.8
268.62 30417 2.3972 -0.27381 1553.3 -0.0099975 -0.95592 0.091053 0.7708 1328.5
274.15 30331 2.398 -0.27489 1557.8 -0.0099962 -0.92307 0.091142 0.79039 1321.2
275.67 30307 2.3982 -0.27519 1559.1 -0.0099741 -0.9138 0.09098 0.79889 1319.1
279.33 30250 2.3988 -0.27589 1562.3 -0.0099974 -0.89116 0.091022 0.80995 1314.1
285.85 30148 2.3999 -0.27711 1568.2 -0.0099976 -0.84947 0.091185 0.83507 1305
291.37 30062 2.4008 -0.27811 1573.5 -0.0099964 -0.81263 0.091283 0.85348 1297
292.9 30038 2.4011 -0.27838 1575 -0.0099742 -0.80224 0.091129 0.86141 1294.7
296.56 29980 2.4018 -0.27902 1578.8 -0.0099975 -0.77693 0.091195 0.87204 1289.2
303.08 29877 2.403 -0.28012 1585.9 -0.0099976 -0.73044 0.091236 0.89477 1279.1
308.6 29789 2.4041 -0.28102 1592.3 -0.0099964 -0.68956 0.091143 0.91093 1270.3
310.13 29765 2.4044 -0.28126 1594.1 -0.0099737 -0.67807 0.091055 0.91883 1267.8
313.79 29706 2.4051 -0.28182 1598.7 -0.0099975 -0.65003 0.091198 0.92963 1261.7
320.31 29602 2.4065 -0.28277 1607.3 -0.0099976 -0.59865 0.090988 0.94969 1250.4
325.83 29513 2.4077 -0.28353 1615.1 -0.0099965 -0.5536 0.09109 0.96671 1240.5
327.36 29488 2.408 -0.28373 1617.3 -0.0099754 -0.54089 0.090916 0.97372 1237.7
331.02 29429 2.4089 -0.2842 1622.9 -0.0099973 -0.5101 0.09063 0.98137 1230.8
337.53 29323 2.4104 -0.28497 1633.5 -0.0099977 -0.45382 0.090472 1.0016 1218.2
343.06 29232 2.4118 -0.28555 1643.1 -0.0099959 -0.40452 0.090163 1.0154 1206.9
344.59 29207 2.4121 -0.28571 1645.9 -0.0099646 -0.39071 0.090008 1.0238 1203.7
347.03 29167 2.4127 -0.28594 1650.5 -0.0099962 -0.3684 0.089663 1.027 1198.6
351.37 29095 2.4138 -0.28632 1659.1 -0.0099963 -0.32806 0.089382 1.0388 1189.1
355.06 29034 2.4148 -0.28661 1666.8 -0.0099929 -0.29321 0.088792 1.0465 1180.8
356.08 29017 2.4151 -0.28669 1669 -0.0099809 -0.28352 0.088436 1.0502 1178.5
358.52 28976 2.4157 -0.28686 1674.4 -0.0099954 -0.26016 0.08786 1.0535 1172.8
362.86 28903 2.4168 -0.28713 1684.6 -0.0099964 -0.21824 0.086571 1.061 1162.4
366.54 28841 2.4178 -0.28732 1693.9 -0.009992 -0.18228 0.085796 1.0679 1153.2
367.56 28824 2.4181 -0.28737 1696.5 -0.0099775 -0.17226 0.085423 1.0718 1150.7
370 28783 2.4188 -0.28748 1703 -0.0099951 -0.14815 0.084946 1.0761 1144.4
374.35 28708 2.42 -0.28762 1715.2 -0.0099965 -0.10459 0.084459 1.088 1132.9
378.03 28645 2.421 -0.28771 1726.1 -0.0099902 -0.066839 0.084385 1.0989 1122.7
379.05 28627 2.4213 -0.28772 1729.2 -0.0099777 -0.056273 0.084206 1.1044 1119.8
381.49 28585 2.422 -0.28775 1736.9 -0.009995 -0.030751 0.08413 1.1097 1112.8
385.83 28510 2.4232 -0.28776 1751 -0.0099957 0.01595 0.085005 1.1286 1099.7
389.52 28445 2.4243 -0.28772 1763.7 -0.009992 0.056451 0.083052 1.1295 1088.2
390.54 28427 2.4246 -0.28771 1767.4 -0.0099593 0.06752 0.080768 1.1261 1084.9
392.97 28384 2.4253 -0.28765 1776.5 -0.0099919 0.093342 0.076987 1.1158 1077
397.32 28306 2.4265 -0.28751 1794 -0.0099947 0.1371 0.069247 1.0906 1062.7
401 28240 2.4276 -0.28735 1809.9 -0.0099749 0.17191 0.06331 1.072 1050.5
402.02 28221 2.4279 -0.2873 1814.5 -0.0099765 0.18122 0.061821 1.069 1047.1
404.46 28177 2.4286 -0.28717 1825.6 -0.009994 0.20355 0.061712 1.0776 1038.9
408.8 28097 2.4299 -0.28689 1845.9 -0.0099919 0.2439 0.060212 1.0866 1023.9
412.49 28029 2.4309 -0.28662 1863.7 -0.0099868 0.27815 0.057817 1.0876 1010.9
413.51 28010 2.4312 -0.28654 1868.7 -0.009983 0.28754 0.056837 1.0931 1007.3
418.32 27918 2.4326 -0.2861 1893 -0.0099692 0.33171 0.054614 1.0719 989.8
427.86 27793 2.4354 -0.28506 1943.5 -0.0019887 0.41646 0.052795 0.96086 953.36
438.43 27913 2.4385 -0.28361 2001 0.013293 0.50637 0.048558 0.98382 911.08
446 28163 2.4406 -0.28238 2042 0.017109 0.56974 0.044911 1.0957 880.87
447.97 28229 2.4411 -0.28204 2052.6 0.016701 0.58613 0.043912 1.1018 873.1
451.63 28352 2.4422 -0.28137 2072.3 0.016006 0.61565 0.042732 1.09 858.75
458.14 28564 2.4439 -0.2801 2107.1 0.015163 0.66547 0.04023 1.0593 833.43
463.67 28737 2.4454 -0.27894 2135.8 0.014379 0.70487 0.037441 1.0531 812.23
465.2 28784 2.4458 -0.27861 2143.5 0.013945 0.71533 0.037321 1.0496 806.43
468.85 28891 2.4468 -0.27779 2161.4 0.013154 0.74014 0.037046 1.0445 792.54
475.37 29068 2.4484 -0.27626 2191.6 0.01196 0.78326 0.036578 1.0316 767.86
480.9 29209 2.4498 -0.27489 2215.7 0.011131 0.81859 0.035555 1.0194 747.03
482.43 29246 2.4502 -0.2745 2222.1 0.01089 0.82808 0.035022 1.013 741.31
484.86 29304 2.4508 -0.27387 2232.2 0.010534 0.84298 0.034627 1.0073 732.19
489.21 29404 2.4518 -0.27273 2249.6 0.0099615 0.86893 0.033985 0.99653 716
492.89 29485 2.4527 -0.27172 2263.8 0.0094941 0.8905 0.033762 0.99591 702.31
493.91 29507 2.4529 -0.27144 2267.6 0.0093481 0.89642 0.033708 0.99555 698.54
496.35 29558 2.4535 -0.27076 2276.6 0.0090333 0.91056 0.03397 0.99468 689.49
500.69 29645 2.4544 -0.26953 2292.1 0.0085886 0.93575 0.034476 0.99496 673.36
504.38 29716 2.4552 -0.26845 2304.9 0.0082668 0.9571 0.034593 0.99621 659.66
505.4 29736 2.4554 -0.26815 2308.3 0.0081712 0.96297 0.034574 0.99528 655.89
507.84 29781 2.456 -0.26743 2316.5 0.0079732 0.97695 0.034456 0.99159 646.84
512.18 29860 2.4569 -0.26611 2330.8 0.0076898 1.0015 0.034113 0.98469 630.75
515.87 29925 2.4576 -0.26497 2342.6 0.0074439 1.0221 0.033713 0.98369 617.14
516.88 29943 2.4578 -0.26465 2345.8 0.0073538 1.0277 0.033585 0.98262 613.39
519.32 29985 2.4583 -0.26388 2353.4 0.0071482 1.041 0.033268 0.97842 604.41
523.67 30056 2.4591 -0.26249 2366.5 0.0068234 1.0644 0.032683 0.96811 588.47
527.35 30115 2.4598 -0.26129 2377.2 0.0065761 1.0838 0.032225 0.96314 574.99
528.37 30131 2.46 -0.26095 2380 0.006498 1.0891 0.032121 0.96387 571.28
530.81 30168 2.4604 -0.26015 2386.7 0.0062984 1.1017 0.032065 0.96754 562.38
535.15 30229 2.4611 -0.25869 2398.1 0.0054145 1.1244 0.032399 1.0051 546.58
538.84 30273 2.4617 -0.25744 2406.7 0.0046108 1.1454 0.041075 1.053 532.93
539.86 30284 2.4619 -0.25709 2408.7 0.0046505 1.1521 0.042062 1.0613 529.03
542.3 30312 2.4623 -0.25624 2413.8 0.0046417 1.1682 0.044792 1.0733 519.68
546.64 30361 2.4629 -0.25473 2423 0.0046563 1.1975 0.04488 1.082 502.92
550.33 30402 2.4634 -0.25342 2430.7 0.0045362 1.2221 0.044295 1.0733 488.75
551.34 30413 2.4636 -0.25305 2432.8 0.0045594 1.2289 0.044634 1.0745 484.84
555 30453 2.464 -0.25174 2440.4 0.0044438 1.2531 0.044058 1.0784 470.81
561.52 30524 2.4648 -0.24936 2453.8 0.004436 1.2957 0.043372 1.0589 445.87
567.05 30585 2.4653 -0.2473 2465.2 0.0045347 1.3294 0.036664 1.0166 425.03
568.57 30602 2.4655 -0.24673 2468.5 0.0043303 1.3377 0.03686 1.0106 419.43
572.23 30641 2.4658 -0.24535 2476.1 0.0042759 1.3582 0.037258 1.0103 405.89
578.75 30709 2.4663 -0.24287 2489.2 0.0041924 1.3951 0.03793 1.0216 381.73
584.28 30766 2.4667 -0.24075 2500.1 0.0039917 1.4267 0.038406 1.0283 361.21
585.8 30781 2.4667 -0.24016 2503.1 0.0039437 1.4355 0.038526 1.0273 355.54
589.46 30817 2.4669 -0.23873 2510.1 0.0038848 1.4565 0.03872 1.0276 341.94
595.98 30880 2.4672 -0.23618 2522.3 0.0037938 1.4939 0.038804 1.0302 317.73
601.51 30932 2.4673 -0.23401 2532.5 0.0036675 1.5255 0.038535 1.0288 297.23
603.03 30946 2.4673 -0.2334 2535.2 0.003633 1.5342 0.038395 1.0256 291.57
606.69 30980 2.4674 -0.23195 2541.8 0.0037427 1.5547 0.038114 1.0024 278.05
613.21 31055 2.4674 -0.22936 2553.4 0.0056544 1.5896 0.037598 0.92432 254.04
618.74 31155 2.4673 -0.22715 2562.7 0.0086062 1.6176 0.036989 0.90602 233.85
620.26 31190 2.4673 -0.22654 2565.3 0.0092981 1.6252 0.037293 0.91826 228.32
622.7 31252 2.4672 -0.22557 2569.2 0.010267 1.6375 0.036218 0.93384 219.53
627.04 31367 2.4671 -0.22383 2576.2 0.0097876 1.6581 0.028957 1.0013 204.35
630.73 31449 2.4669 -0.22235 2582.1 0.0073399 1.6743 0.02792 1.0156 191.92
631.75 31467 2.4669 -0.22194 2583.7 0.0067653 1.6789 0.027655 0.99718 188.49
634.19 31506 2.4668 -0.22096 2587.6 0.0054718 1.6892 0.026321 0.96092 180.33
638.53 31553 2.4665 -0.21922 2594.6 0.002733 1.705 0.017405 0.88252 166.22
642.22 31564 2.4663 -0.21774 2600.6 -0.00060484 1.7152 0.011862 0.82005 154.74
643.23 31561 2.4663 -0.21733 2602.3 -0.0015964 1.7178 0.0097651 0.80163 151.6
645.67 31543 2.4661 -0.21635 2606.3 -0.0040424 1.7235 0.010956 0.75914 144.12
650.02 31482 2.4658 -0.2146 2613.6 -0.0061045 1.7344 0.018862 0.68333 130.33
653.7 31427 2.4656 -0.21311 2619.8 -0.0047453 1.7448 0.024796 0.61904 118.01
654.72 31416 2.4655 -0.2127 2621.5 -0.0039567 1.7477 0.02677 0.60128 114.53
657.16 31399 2.4653 -0.21172 2625.5 -0.0010191 1.755 0.031025 0.55873 105.99
661.5 31432 2.465 -0.20997 2632.1 0.0073957 1.7681 0.038607 0.48292 90.315
665.19 31551 2.4646 -0.20848 2637 0.017594 1.7789 0.045039 0.4186 76.691
666.21 31602 2.4646 -0.20807 2638.1 0.020862 1.7818 0.046815 0.40085 72.908
668.65 31764 2.4643 -0.20709 2640.6 0.029391 1.7885 0.051071 0.35829 63.857
672.99 32197 2.4639 -0.20534 2643.6 0.046484 1.7989 0.058652 0.28248 48.029
676.68 32725 2.4636 -0.20386 2644.4 0.062019 1.8061 0.065084 0.21817 35.238
677.69 32898 2.4635 -0.20346 2644.4 0.066334 1.8077 0.06686 0.20041 31.859
680.13 33358 2.4632 -0.20248 2643.7 0.076566 1.8111 0.07123 0.15787 24.068
684.48 34335 2.4628 -0.20075 2641.1 0.093442 1.8149 0.076557 0.082061 11.461
688.16 35301 2.4624 -0.19928 2638 0.10472 1.8162 0.074446 0.017755 2.2756
689.18 35585 2.4623 -0.19888 2637.1 0.10706 1.8163 0.072292 0 0.015262
689.18 35585 2.4623 -0.19888 2637.1 0.10706 1.8163 0.072292 0 0.015262
692.31 36525 2.462 -0.19764 2611.2 0.12145 1.8196 0.059916 0.27306 0.014624
697.88 38366 2.4614 -0.19548 2575.3 0.13108 1.8355 0.059125 0.7594 0.01449
702.61 39941 2.4609 -0.19368 2548.7 0.12872 1.8554 0.080519 1.172 0.014082
703.92 40365 2.4608 -0.19318 2541.4 0.1266 1.8621 0.083441 1.2859 0.014009
707.04 41334 2.4604 -0.19201 2525.2 0.1177 1.8776 0.094356 1.5705 0.013559
712.62 42838 2.4597 -0.18995 2498.4 0.097287 1.9043 0.1138 1.5708 0.013454
717.35 43888 2.4591 -0.18823 2477.2 0.082452 1.9257 0.1303 1.4073 0.013101
718.65 44149 2.4589 -0.18776 2471.6 0.078819 1.9315 0.13485 1.5707 0.013012
721.78 44713 2.4585 -0.18664 2458.3 0.067638 1.9454 0.14557 1.5708 0.012553
727.35 45499 2.4576 -0.18468 2435.8 0.047518 1.97 0.16544 1.5708 0.012421
732.08 45945 2.4569 -0.18304 2417.9 0.030252 1.9908 0.17452 1.5707 0.012063
733.39 46033 2.4567 -0.18259 2413.2 0.025456 1.9964 0.17295 1.5706 0.011976
738.08 46223 2.456 -0.181 2397.3 0.0081121 2.0161 0.17451 1.5707 0.011484
746.44 46074 2.4545 -0.17822 2371.3 -0.023136 2.0506 0.17451 1.5707 0.01133
753.53 45463 2.4533 -0.17592 2350.1 -0.049973 2.0813 0.17448 1.5707 0.010916
755.49 45216 2.4529 -0.1753 2344.2 -0.057433 2.0903 0.17425 1.5703 0.010807
760.19 44489 2.4521 -0.17383 2329.6 -0.075393 2.1132 0.1745 1.5707 0.010214
768.55 42720 2.4504 -0.17129 2300.1 -0.10776 2.1614 0.1745 1.5706 0.01003
775.64 40755 2.4489 -0.16925 2268.3 -0.13538 2.2146 0.17445 1.5613 0.0095368
777.6 40140 2.4485 -0.1687 2257.7 -0.14294 2.2321 0.17253 1.512 0.0094083
782.29 38566 2.4475 -0.16744 2229.2 -0.15643 2.2793 0.16177 1.408 0.0086993
790.65 35588 2.4455 -0.16538 2169 -0.16501 2.3787 0.1338 1.232 0.0084711
797.74 33175 2.4437 -0.16386 2102.8 -0.15071 2.4835 0.12603 1.1141 0.0078736
799.7 32576 2.4432 -0.16348 2080.1 -0.14207 2.5178 0.12615 1.0831 0.0077137
804.4 31345 2.4419 -0.16266 2018.9 -0.11239 2.6078 0.12431 1.0313 0.0068248
812.76 30086 2.4396 -0.16156 1894 -0.037469 2.7873 0.12314 0.97947 0.0065243
819.85 30050 2.4376 -0.16101 1786.9 0.031748 2.942 0.12221 0.97266 0.0057227
821.81 30191 2.4371 -0.16091 1759.5 0.048674 2.9824 0.12227 0.97561 0.0054895
825.33 30574 2.4361 -0.16079 1712.9 0.076283 3.0519 0.1222 0.98079 0.0041346
831.6 31582 2.4345 -0.16074 1640.3 0.11354 3.1621 0.12164 0.99287 0.003624
836.92 32645 2.4331 -0.16082 1589.2 0.13309 3.2409 0.12169 0.9975 0.0013213
838.39 32958 2.4328 -0.16086 1576.5 0.13681 3.2603 0.12162 0.99748 3.8182e-05
841.91 33726 2.4319 -0.16098 1548.7 0.14293 3.303 0.12149 0.99524 1.5452e-06
848.18 35111 2.4305 -0.16126 1506.4 0.14593 3.367 0.1215 0.97951 1.8545e-05
853.5 36253 2.4293 -0.16156 1476.4 0.1423 3.4111 0.12145 0.95781 7.5727e-06
854.96 36558 2.4289 -0.16165 1468.9 0.14048 3.4219 0.12166 0.9496 1.1758e-05
858.48 37264 2.4282 -0.16188 1452.2 0.13493 3.4458 0.12161 0.93212 1.1755e-05
864.75 38421 2.4268 -0.16232 1426 0.12148 3.4819 0.12182 0.89175 1.1742e-05
870.07 39282 2.4257 -0.16273 1406.9 0.10728 3.5076 0.1221 0.85664 1.1732e-05
871.54 39499 2.4254 -0.16284 1402 0.10298 3.5141 0.12232 0.844 1.173e-05
875.06 39978 2.4247 -0.16313 1391.1 0.09214 3.5285 0.12235 0.82111 1.1724e-05
881.33 40687 2.4234 -0.16365 1373.8 0.071241 3.5513 0.12292 0.77444 1.1703e-05
886.65 41137 2.4224 -0.16411 1361 0.052376 3.5685 0.12345 0.73828 1.1687e-05
888.12 41236 2.4221 -0.16424 1357.8 0.047019 3.5729 0.12365 0.72628 1.1684e-05
891.64 41429 2.4214 -0.16455 1350.4 0.03403 3.5831 0.1237 0.7031 1.1676e-05
897.91 41617 2.4202 -0.16513 1338.8 0.010591 3.6002 0.12466 0.6603 1.1647e-05
903.23 41622 2.4192 -0.16562 1330.1 -0.0092181 3.6138 0.12506 0.62869 1.1626e-05
904.7 41599 2.4189 -0.16576 1327.9 -0.014647 3.6175 0.12524 0.61878 1.1622e-05
908.22 41500 2.4183 -0.1661 1322.9 -0.02746 3.6262 0.12551 0.59826 1.1611e-05
914.49 41182 2.4171 -0.16671 1314.6 -0.04934 3.6416 0.12636 0.5628 1.1574e-05
919.81 40777 2.4162 -0.16723 1308.1 -0.06657 3.6548 0.12636 0.53751 1.1548e-05
921.28 40645 2.4159 -0.16738 1306.4 -0.071074 3.6584 0.12672 0.53295 1.1543e-05
923.62 40417 2.4155 -0.16762 1303.7 -0.077943 3.6644 0.12701 0.5176 1.153e-05
927.8 39963 2.4147 -0.16804 1298.7 -0.089123 3.6752 0.12733 0.49874 1.1485e-05
931.35 39534 2.4141 -0.16841 1294.4 -0.097452 3.6848 0.12736 0.48579 1.1454e-05
932.33 39409 2.4139 -0.16851 1293.2 -0.099546 3.6875 0.12717 0.48234 1.1448e-05
934.68 39101 2.4135 -0.16876 1290.2 -0.10418 3.694 0.12714 0.47203 1.1433e-05
938.86 38523 2.4128 -0.1692 1284.5 -0.11085 3.7062 0.12745 0.45502 1.138e-05
942.4 38010 2.4122 -0.16958 1279.1 -0.11475 3.7171 0.12761 0.44443 1.1344e-05
943.38 37867 2.4121 -0.16968 1277.5 -0.11552 3.7202 0.12735 0.44149 1.1338e-05
945.73 37519 2.4117 -0.16994 1273.6 -0.11686 3.7278 0.12714 0.43473 1.132e-05
949.91 36899 2.411 -0.1704 1265.7 -0.11715 3.742 0.12709 0.42025 1.1261e-05
953.46 36379 2.4104 -0.1708 1258.2 -0.11518 3.7548 0.12671 0.41314 1.122e-05
954.43 36238 2.4102 -0.17091 1255.9 -0.11428 3.7585 0.1269 0.41042 1.1212e-05
957.56 35799 2.4097 -0.17126 1248.3 -0.11027 3.7705 0.12656 0.40225 1.1192e-05
963.14 35073 2.4089 -0.1719 1232.5 -0.09905 3.7933 0.12591 0.39088 1.1126e-05
967.87 34537 2.4081 -0.17245 1217.1 -0.085687 3.8138 0.12524 0.3837 1.108e-05
969.17 34405 2.4079 -0.17261 1212.5 -0.081441 3.8197 0.12512 0.38137 1.1072e-05
972.3 34118 2.4075 -0.17298 1200.8 -0.070359 3.834 0.12474 0.37635 1.105e-05
977.87 33724 2.4067 -0.17365 1178 -0.048273 3.8603 0.12376 0.37053 1.0977e-05
982.6 33512 2.406 -0.17422 1157 -0.028281 3.883 0.12292 0.36601 1.0926e-05
983.91 33473 2.4059 -0.17438 1150.9 -0.022717 3.8893 0.12263 0.36592 1.0918e-05
987.04 33416 2.4054 -0.17477 1136.1 -0.0095422 3.9043 0.12217 0.36177 1.0894e-05
992.61 33426 2.4047 -0.17545 1108.8 0.012505 3.9305 0.12106 0.35771 1.0814e-05
997.34 33534 2.4042 -0.17603 1085.1 0.028674 3.9519 0.12009 0.353 1.0759e-05
998.64 33577 2.404 -0.17619 1078.5 0.032615 3.9576 0.12005 0.35293 1.0749e-05
1003.3 33772 2.4035 -0.17677 1055 0.044633 3.9774 0.11898 0.34649 1.0723e-05
1011.7 34218 2.4026 -0.17778 1014 0.056679 4.0092 0.11717 0.33452 1.0637e-05
1018.8 34626 2.4019 -0.17863 980.97 0.05708 4.0327 0.11527 0.32086 1.0578e-05
1020.7 34734 2.4017 -0.17886 972.2 0.055648 4.0385 0.11491 0.32008 1.0568e-05
1025.4 34973 2.4012 -0.17942 951.81 0.049766 4.0518 0.11391 0.30728 1.054e-05
1033.8 35295 2.4005 -0.18039 918.09 0.031059 4.0725 0.10957 0.28679 1.0447e-05
1040.9 35424 2.3999 -0.18119 892.2 0.0080349 4.0875 0.10635 0.2695 1.0384e-05
1042.9 35432 2.3997 -0.18141 885.45 0.00082455 4.0913 0.10479 0.26587 1.0373e-05
1052.2 35284 2.399 -0.18246 855.74 -0.038541 4.1081 0.098266 0.23996 1.0344e-05
1069 34213 2.3977 -0.18426 810.44 -0.11607 4.1342 0.092512 0.1997 1.0245e-05
1083.1 32591 2.3968 -0.18572 771.4 -0.17096 4.1564 0.096864 0.16789 1.0178e-05
1087.1 32065 2.3965 -0.18611 758.76 -0.18143 4.1629 0.0968 0.16357 1.0167e-05
1096.4 30744 2.396 -0.18703 722.77 -0.19667 4.1795 0.10749 0.14086 1.0135e-05
1113.2 28569 2.3951 -0.18854 628.54 -0.18223 4.2118 0.13672 0.11128 1.0031e-05
1127.4 27187 2.3945 -0.18966 530.81 -0.15525 4.2391 0.14147 0.090587 9.9607e-06
1131.3 26879 2.3944 -0.18994 506.07 -0.15318 4.2459 0.14282 0.092673 9.9485e-06
1136 26529 2.3942 -0.19026 477.18 -0.1508 4.2542 0.14563 0.080671 9.9156e-06
1144.3 25965 2.3939 -0.19078 429.6 -0.14848 4.2684 0.1553 0.073689 9.8065e-06
1151.4 25537 2.3937 -0.19119 393.18 -0.14635 4.2808 0.16271 0.068098 9.7323e-06
1153.4 25426 2.3937 -0.1913 383.88 -0.14574 4.2842 0.16402 0.070684 9.7195e-06
1158.1 25172 2.3936 -0.19155 363.07 -0.14459 4.2925 0.16781 0.062565 9.6851e-06
1166.4 24759 2.3934 -0.19196 330.77 -0.14174 4.3069 0.17443 0.057593 9.5711e-06
1173.5 24440 2.3933 -0.19228 308.4 -0.14167 4.3191 0.17432 0.051837 9.4937e-06
1175.5 24356 2.3932 -0.19236 303.15 -0.14322 4.3223 0.17422 0.055315 9.4803e-06
1180.2 24153 2.3931 -0.19256 291.72 -0.14809 4.3299 0.17444 0.045909 9.4445e-06
1188.5 23789 2.393 -0.1929 275.17 -0.16247 4.3414 0.17448 0.037543 9.326e-06
1195.6 23464 2.3929 -0.19318 264.27 -0.17931 4.35 0.17439 0.031023 9.2455e-06
1197.6 23371 2.3929 -0.19325 261.7 -0.18438 4.352 0.17419 0.034812 9.2317e-06
1202.3 23141 2.3928 -0.19343 256.16 -0.19675 4.357 0.17447 0.02493 9.1946e-06
1210.6 22708 2.3927 -0.19373 248.11 -0.21665 4.3637 0.17448 0.017902 9.0719e-06
1217.7 22323 2.3926 -0.19398 242.5 -0.22913 4.3684 0.17442 0.014861 8.9887e-06
1219.7 22215 2.3926 -0.19405 241.06 -0.23155 4.3696 0.17427 0.019724 8.9744e-06
1224.4 21955 2.3925 -0.19421 237.7 -0.23546 4.3726 0.17447 0.010991 8.9361e-06
1232.7 21496 2.3924 -0.19449 231.71 -0.23558 4.3759 0.17448 0.0073503 8.8096e-06
1239.8 21120 2.3923 -0.19472 226.29 -0.23052 4.3784 0.17439 0.0064896 8.7238e-06
1241.8 21019 2.3923 -0.19479 224.72 -0.22861 4.379 0.17423 0.012308 8.7091e-06
1246.5 20785 2.3922 -0.19494 220.85 -0.22363 4.3808 0.17446 0.0040675 8.6697e-06
1254.8 20390 2.3922 -0.1952 213.62 -0.21509 4.382 0.17447 0.0019005 8.5398e-06
1261.9 20075 2.3921 -0.19542 207.41 -0.21089 4.3832 0.17435 0.0027156 8.4518e-06
1263.9 19990 2.3921 -0.19548 205.72 -0.21046 4.3835 0.17412 0.0095172 8.4367e-06
1268.6 19790 2.392 -0.19561 201.8 -0.21086 4.3847 0.17442 0.00051983 8.3964e-06
1277 19440 2.3919 -0.19585 195.37 -0.21574 4.3846 0.17444 -0.00090126 8.2633e-06
1284 19142 2.3919 -0.19605 190.61 -0.22307 4.385 0.17431 0.0011874 8.1734e-06
1286 19059 2.3918 -0.19611 189.41 -0.22529 4.3852 0.17397 0.008405 8.1579e-06
1290.7 18860 2.3918 -0.19623 186.71 -0.23061 4.3862 0.1744 -0.00076852 8.1168e-06
1299.1 18502 2.3917 -0.19646 182.35 -0.23782 4.3854 0.17444 -0.0023049 7.981e-06
1306.1 18197 2.3917 -0.19664 178.89 -0.24138 4.3856 0.17433 0.00085084 7.8893e-06
1308.1 18114 2.3916 -0.19669 177.94 -0.2419 4.3858 0.17369 0.0086123 7.8736e-06
1312.8 17915 2.3916 -0.19681 175.67 -0.24268 4.3867 0.17439 -0.0013214 7.8317e-06
1321.2 17566 2.3915 -0.19702 171.5 -0.24159 4.3856 0.1744 -0.0029356 7.6936e-06
1328.3 17279 2.3915 -0.19719 167.84 -0.24072 4.3855 0.17424 0.00085014 7.6004e-06
1330.2 17201 2.3915 -0.19724 166.83 -0.24063 4.3857 0.17362 0.0091581 7.5844e-06
1334.9 17016 2.3914 -0.19735 164.42 -0.24103 4.3869 0.17425 -0.0011666 7.5419e-06
1343.3 16691 2.3913 -0.19755 160.22 -0.24259 4.3854 0.17412 -0.003749 7.402e-06
1350.4 16419 2.3913 -0.19771 156.86 -0.24566 4.3852 0.17392 0.0021465 7.3075e-06
1352.3 16345 2.3913 -0.19775 155.98 -0.2466 4.3857 0.17349 0.010718 7.2913e-06
1357 16166 2.3912 -0.19786 153.93 -0.24908 4.387 0.17388 -0.0014386 7.2483e-06
1365.4 15850 2.3912 -0.19804 150.45 -0.25241 4.3851 0.17388 -0.0042512 7.1067e-06
1372.5 15585 2.3911 -0.19819 147.61 -0.25468 4.3849 0.17354 0.002657 7.0113e-06
1374.4 15512 2.3911 -0.19823 146.85 -0.25524 4.3855 0.17296 0.011137 6.9949e-06
1379.1 15339 2.3911 -0.19833 145.04 -0.25633 4.3871 0.17383 -0.0011251 6.9515e-06
1387.5 15035 2.391 -0.1985 141.75 -0.2565 4.385 0.17396 -0.0043921 6.8087e-06
1394.6 14782 2.391 -0.19865 139.07 -0.25909 4.3847 0.17086 0.0027341 6.7124e-06
1396.5 14712 2.391 -0.19868 138.41 -0.26091 4.3854 0.17014 0.011319 6.696e-06
1401.2 14544 2.3909 -0.19878 136.9 -0.26415 4.387 0.17011 -0.0012356 6.6523e-06
1409.6 14246 2.3909 -0.19894 134.36 -0.26764 4.3849 0.16829 -0.0038741 6.5086e-06
1416.7 13994 2.3908 -0.19907 132.41 -0.2712 4.3847 0.16435 0.001923 6.4117e-06
1418.6 13925 2.3908 -0.19911 131.94 -0.27278 4.3852 0.16319 0.011086 6.3952e-06
1423.3 13758 2.3908 -0.1992 130.87 -0.27543 4.3869 0.16207 -0.00081154 6.3513e-06
1431.7 13462 2.3907 -0.19935 128.9 -0.2759 4.3848 0.15999 -0.0042084 6.2069e-06
1438.8 13215 2.3907 -0.19948 127.12 -0.27531 4.3845 0.15675 0.0027174 6.1098e-06
1440.7 13147 2.3907 -0.19952 126.65 -0.27583 4.3852 0.15591 0.012447 6.0931e-06
1445.4 12986 2.3906 -0.1996 125.48 -0.27552 4.3872 0.15586 -0.0010567 6.0491e-06
1453.8 12705 2.3906 -0.19975 123.06 -0.27143 4.3846 0.15554 -0.0046897 5.9044e-06
1460.9 12475 2.3905 -0.19988 120.8 -0.26961 4.3843 0.15389 0.0033209 5.8071e-06
1462.8 12412 2.3905 -0.19991 120.21 -0.27026 4.3851 0.15374 0.013292 5.7904e-06
1467.5 12262 2.3905 -0.19999 118.77 -0.27022 4.3874 0.15464 -0.00060895 5.7464e-06
1475.9 12001 2.3905 -0.20013 116.06 -0.26864 4.3843 0.15533 -0.0056873 5.6015e-06
1483 11784 2.3904 -0.20025 113.86 -0.27062 4.3838 0.1539 0.0047831 5.5041e-06
1484.9 11724 2.3904 -0.20028 113.35 -0.27239 4.3851 0.15377 0.015085 5.4875e-06
1489.6 11581 2.3904 -0.20035 112.12 -0.27434 4.3878 0.15474 -0.00091294 5.4434e-06
1498 11330 2.3903 -0.20049 109.87 -0.27385 4.384 0.15538 -0.006156 5.2987e-06
1505.1 11121 2.3903 -0.2006 107.99 -0.27503 4.3835 0.15382 0.0051599 5.2013e-06
1507 11063 2.3903 -0.20063 107.55 -0.27649 4.3849 0.1537 0.015718 5.1847e-06
1511.7 10926 2.3903 -0.2007 106.47 -0.27764 4.388 0.1546 -0.00031153 5.1407e-06
1520.1 10684 2.3902 -0.20082 104.59 -0.27862 4.3839 0.15478 -0.0071395 4.9962e-06
1527.2 10480 2.3902 -0.20093 103.24 -0.2825 4.3831 0.15329 0.0066478 4.899e-06
1529.2 10424 2.3902 -0.20096 102.96 -0.28412 4.385 0.15324 0.017337 4.8824e-06
1533.8 10288 2.3901 -0.20103 102.23 -0.28482 4.3884 0.15424 -0.00079594 4.8385e-06
1542.2 10051 2.3901 -0.20115 100.71 -0.28201 4.3836 0.15429 -0.0073598 4.6943e-06
1549.3 9853.7 2.3901 -0.20125 99.395 -0.28271 4.3828 0.1528 0.0067272 4.5973e-06
1551.3 9799.3 2.3901 -0.20128 99.099 -0.28391 4.3848 0.15281 0.017868 4.5807e-06
1556 9669.4 2.39 -0.20134 98.338 -0.28409 4.3887 0.15365 -0.00014179 4.5369e-06
1564.3 9441.4 2.39 -0.20146 96.86 -0.28257 4.3834 0.15347 -0.0083684 4.393e-06
1571.4 9250.6 2.39 -0.20156 95.718 -0.28489 4.3824 0.15194 0.0083392 4.2963e-06
1573.4 9197.8 2.3899 -0.20158 95.479 -0.28629 4.385 0.15171 0.019615 4.2797e-06
1578.1 9071.3 2.3899 -0.20165 94.882 -0.28699 4.3892 0.15244 -0.00075552 4.236e-06
1586.4 8849.5 2.3899 -0.20176 93.571 -0.28372 4.3831 0.15281 -0.0085587 4.0924e-06
1593.5 8665.1 2.3899 -0.20185 92.406 -0.28414 4.3821 0.15127 0.0083059 3.9958e-06
1595.5 8614.3 2.3898 -0.20188 92.163 -0.28577 4.3847 0.15098 0.020023 3.9793e-06
1600.2 8492.3 2.3898 -0.20194 91.596 -0.28716 4.3894 0.15148 4.1852e-05 3.9357e-06
1608.5 8277.5 2.3898 -0.20205 90.419 -0.28494 4.3829 0.15192 -0.0096292 3.7923e-06
1615.6 8098.4 2.3898 -0.20214 89.387 -0.28544 4.3817 0.15027 0.010065 3.6958e-06
1617.6 8049.1 2.3897 -0.20216 89.181 -0.28726 4.385 0.15007 0.021838 3.6793e-06
1622.3 7930.5 2.3897 -0.20222 88.675 -0.28802 4.39 0.15074 -0.00073319 3.6357e-06
1630.6 7722.3 2.3897 -0.20233 87.545 -0.28491 4.3826 0.15101 -0.0097215 3.4924e-06
1637.7 7548.8 2.3897 -0.20242 86.572 -0.28597 4.3814 0.14941 0.0097974 3.3959e-06
1639.7 7500.9 2.3897 -0.20244 86.393 -0.28786 4.3846 0.14918 0.022046 3.3794e-06
1644.4 7385.8 2.3896 -0.2025 85.955 -0.28889 4.3902 0.14973 0.00019889 3.3357e-06
1652.7 7183.3 2.3896 -0.2026 84.932 -0.28548 4.3825 0.15009 -0.010866 3.1922e-06
1659.8 7014.8 2.3896 -0.20269 84.015 -0.28618 4.3809 0.14846 0.011697 3.0956e-06
1661.8 6968.2 2.3896 -0.20271 83.854 -0.28826 4.385 0.14824 0.023865 3.079e-06
1666.5 6856.3 2.3895 -0.20276 83.456 -0.28916 4.3909 0.14885 -0.00061433 3.0353e-06
1674.8 6659.6 2.3895 -0.20286 82.485 -0.28545 4.3821 0.14917 -0.010923 2.8912e-06
1681.9 6495.9 2.3895 -0.20295 81.619 -0.2864 4.3806 0.14764 0.011339 2.7943e-06
1683.9 6450.7 2.3895 -0.20297 81.476 -0.28851 4.3846 0.14737 0.023919 2.7776e-06
1688.6 6341.7 2.3895 -0.20302 81.135 -0.28971 4.3911 0.14785 0.00034668 2.7336e-06
1696.9 6150.1 2.3894 -0.20312 80.246 -0.28563 4.382 0.14831 -0.012138 2.5888e-06
1704 5990.9 2.3894 -0.2032 79.411 -0.2862 4.3801 0.14671 0.013403 2.4912e-06
1706 5946.9 2.3894 -0.20322 79.283 -0.28867 4.385 0.14651 0.025814 2.4745e-06
1710.7 5840.8 2.3894 -0.20327 78.968 -0.28962 4.3918 0.14712 -0.00053459 2.4302e-06
1719 5654.6 2.3893 -0.20337 78.104 -0.28527 4.3815 0.14749 -0.012281 2.2842e-06
1726.1 5499.6 2.3893 -0.20345 77.328 -0.28662 4.3795 0.14589 0.012417 2.1857e-06
1728.1 5456.6 2.3893 -0.20347 77.228 -0.28918 4.3841 0.14563 0.02502 2.1688e-06
1732.8 5353.1 2.3893 -0.20352 76.98 -0.29039 4.3914 0.14609 0.00082758 2.124e-06
1741.1 5170.7 2.3892 -0.20361 76.272 -0.28653 4.3818 0.14597 -0.012344 1.9763e-06
1748.2 5018.4 2.3892 -0.20369 75.683 -0.28877 4.3798 0.14391 0.013754 1.8767e-06
1750.2 4976 2.3892 -0.20371 75.647 -0.29159 4.385 0.14365 0.02829 1.8596e-06
1753.3 4907.8 2.3892 -0.20374 75.574 -0.29258 4.391 0.14388 0.0018714 1.8141e-06
1758.9 4787 2.3892 -0.2038 75.286 -0.2897 4.3829 0.14374 -0.016803 1.6643e-06
1763.6 4685.9 2.3892 -0.20385 74.937 -0.28822 4.3805 0.14262 0.018539 1.5631e-06
1764.9 4658.1 2.3892 -0.20387 74.862 -0.28874 4.3854 0.14223 0.024209 1.5458e-06
1768.1 4591.3 2.3891 -0.2039 74.706 -0.2897 4.3906 0.14205 0.0012938 1.4995e-06
1773.6 4473 2.3891 -0.20396 74.324 -0.28768 4.3826 0.14259 -0.016219 1.3471e-06
1778.4 4373.9 2.3891 -0.20401 73.876 -0.28553 4.3803 0.14181 0.018016 1.244e-06
1779.7 4346.8 2.3891 -0.20402 73.772 -0.2863 4.3852 0.14158 0.023438 1.2263e-06
1782.8 4281.6 2.3891 -0.20406 73.542 -0.28701 4.39 0.14177 -8.7252e-05 1.1791e-06
1788.4 4166.3 2.3891 -0.20411 73.031 -0.28498 4.3813 0.14259 -0.015639 1.0234e-06
1793.1 4069.9 2.3891 -0.20416 72.5 -0.28336 4.3804 0.14226 0.022363 9.1806e-07
1794.4 4043.4 2.389 -0.20418 72.372 -0.28407 4.3863 0.14222 0.025276 8.9995e-07
1799.1 3948.4 2.389 -0.20422 71.907 -0.28412 4.3931 0.14298 -0.0017152 8.5164e-07
1807.5 3781.6 2.389 -0.20431 70.973 -0.28265 4.3808 0.14363 -0.012565 6.9211e-07
1814.6 3641 2.389 -0.20438 70.406 -0.28744 4.3793 0.14224 0.014793 5.8408e-07
1816.5 3601.8 2.389 -0.2044 70.39 -0.29058 4.3852 0.14202 0.027784 5.6551e-07
1821.2 3506.9 2.389 -0.20445 70.306 -0.29095 4.3939 0.14256 0.00046188 5.1587e-07
1829.6 3341.1 2.3889 -0.20453 69.64 -0.28334 4.3807 0.14291 -0.015361 3.5191e-07
1836.7 3203.8 2.3889 -0.2046 68.983 -0.28572 4.3777 0.14125 0.017426 2.4079e-07
1838.6 3165.5 2.3889 -0.20462 68.968 -0.28956 4.385 0.14101 0.029982 2.2168e-07
1843.3 3072.7 2.3889 -0.20467 68.9 -0.29059 4.3943 0.14154 -2.0443e-05 1.7055e-07
1851.7 2910.3 2.3889 -0.20475 68.283 -0.28312 4.3805 0.14196 -0.015002 1.5593e-09
1858.8 2775.9 2.3888 -0.20482 67.623 -0.28482 4.3773 0.14057 0.015661 0
1860.7 2738.5 2.3888 -0.20484 67.595 -0.28844 4.384 0.14035 0.028064 0
1865.4 2648 2.3888 -0.20488 67.495 -0.28927 4.3935 0.14096 0.0012687 0
1873.8 2489.5 2.3888 -0.20496 66.866 -0.28256 4.3809 0.14132 -0.014536 0
1880.9 2357.8 2.3888 -0.20503 66.296 -0.28574 4.378 0.13974 0.016641 0
1882.8 2321 2.3887 -0.20505 66.311 -0.28967 4.3852 0.13954 0.030876 0
1886.3 2254 2.3887 -0.20508 66.322 -0.29105 4.3936 0.13986 0.00201 0
1892.6 2135.7 2.3887 -0.20514 66.088 -0.2863 4.3817 0.14012 -0.019083 0
1897.9 2037.3 2.3887 -0.20519 65.664 -0.28358 4.3778 0.13947 0.020304 0
1899.4 2010.3 2.3887 -0.2052 65.566 -0.28409 4.3848 0.13934 0.027753 0
1902.9 1945.7 2.3887 -0.20524 65.333 -0.28451 4.3925 0.13959 0.0015916 0
1909.2 1831.2 2.3887 -0.20529 64.896 -0.28414 4.3808 0.13995 -0.018322 0
1914.5 1734.5 2.3886 -0.20534 64.565 -0.28544 4.3778 0.1394 0.021948 0
1916 1707.8 2.3886 -0.20536 64.507 -0.28636 4.3853 0.13935 0.029568 0
1919.5 1643.7 2.3886 -0.20539 64.354 -0.28654 4.3933 0.13965 0.0010765 0
1925.8 1530.3 2.3886 -0.20545 63.967 -0.28442 4.3809 0.13992 -0.018389 0
1931.1 1435.2 2.3886 -0.20549 63.617 -0.28504 4.3777 0.13932 0.020964 0
1932.6 1408.8 2.3886 -0.20551 63.556 -0.286 4.385 0.13924 0.028392 0
1936.1 1345.7 2.3886 -0.20554 63.399 -0.28629 4.3932 0.13961 0.0020217 0
1942.4 1234.2 2.3886 -0.2056 62.99 -0.28389 4.3811 0.14023 -0.018674 0
1947.7 1140.8 2.3885 -0.20564 62.594 -0.28405 4.3777 0.13987 0.02159 0
1949.1 1115 2.3885 -0.20566 62.517 -0.28487 4.3854 0.13984 0.028941 0
1952.7 1053.1 2.3885 -0.20569 62.339 -0.2857 4.3933 0.14009 0.00069181 0
1958.9 943.29 2.3885 -0.20574 62.007 -0.28549 4.3803 0.14024 -0.018468 0
1964.2 850.56 2.3885 -0.20579 61.74 -0.28612 4.3771 0.13957 0.021348 0
1965.7 824.95 2.3885 -0.2058 61.69 -0.28677 4.3847 0.1395 0.02841 0
1969.2 763.56 2.3885 -0.20583 61.552 -0.28663 4.3938 0.13984 0.003626 0
1975.5 655.22 2.3885 -0.20589 61.186 -0.28457 4.382 0.13974 -0.019944 0
1980.8 563.56 2.3884 -0.20594 61.012 -0.28909 4.3753 0.13762 0.015635 0
1982.3 537.88 2.3884 -0.20595 61.072 -0.29271 4.3816 0.13714 0.025177 0
1984.6 496.24 2.3884 -0.20597 61.208 -0.29594 4.3883 0.1367 0.010694 0
1988.8 421.19 2.3884 -0.20601 61.466 -0.29697 4.3895 0.13598 -0.0033788 0
1992.4 357.8 2.3884 -0.20604 61.491 -0.29169 4.3909 0.13699 0.013655 0
1993.3 340.57 2.3884 -0.20605 61.427 -0.28863 4.394 0.13763 0.014812 0
1995.7 300.27 2.3884 -0.20607 61.08 -0.27862 4.3965 0.14037 -0.0021843 0
1999.9 233.55 2.3884 -0.2061 59.622 -0.25596 4.387 0.1507 -0.0204 0
2003.4 182.3 2.3884 -0.20613 57.748 -0.24335 4.3783 0.1593 -0.0014754 0
2004.4 168.77 2.3884 -0.20614 57.22 -0.2429 4.3792 0.16089 0.0032393 0
2006.7 136.55 2.3884 -0.20616 56.086 -0.24761 4.3789 0.16512 -0.0036252 0
2010.9 78.009 2.3884 -0.20619 54.672 -0.26629 4.3807 0.17227 0.017494 0
2014.5 25.344 2.3883 -0.20622 54.245 -0.28699 4.4109 0.17214 0.090426 0
2015.5 10.163 2.3883 -0.20623 54.277 -0.29399 4.429 0.17211 0.10289 0
