0.2 -3 -0.082785701 0.045149761 0.0196375
0.2 -2 -0.051674541 0.043222317 0.0141762
0.2 0   0.012957492 0.042142211 0.00280675
0.5 -3 -0.080478445 0.045251429 0.0201396
0.5 -2 -0.04603322  0.038518558 0.0133459
0.5 -1 -0.017775046 0.037485751 0.00817177
0.5 0   0.005786668 0.044264683 0.00427872
1.1 -3 -0.091676786 0.066750175 0.022859
1.1 -2 -0.062361575 0.065829816 0.017992
1.1 -1 -0.028994381 0.06486395  0.0104651
1.1 0   0.009429905 0.064123166 0.00117587
2 -7    -0.12965032 0.066246162
2 -3   -0.035280412 0.055234672  0.00949623
2 -2   -0.012698083 0.054434992  0.00498063
2 -1.5 -0.0010432362 0.053813682 0.00255943
2 -1    0.010040396 0.054412022  0.000486727
2 0     0.032873263 0.055252318 -0.00394533
3 -7   -0.096213957 0.054949472
3 -6  -0.075292918  0.052043274
3 -5  -0.053643133  0.04942956    
4 -5  -0.062889392  0.022835321   0.0120853
4 -3   -0.028963786 0.019211418   0.00575543
4 -2   -0.011213804 0.018233686   0.00216443
4 -1    0.005542125 0.017896983  -0.00101653
4 0     0.021884824 0.018286042  -0.00397383
5 -6  -0.07719074  0.02167134
5 -5	-0.060441014 0.018805989  0.0157879
6 -3   -0.028855668 0.012483186   0.00577732
6 -2   -0.014236757 0.011570295   0.00303124
6 -1    0.000305501 0.01127234    0.000245837
6 0     0.014197026 0.011505241   -0.00215124
