time (s) altitude (m) longitude (rad) latitude (rad) velocity (m/s) trajectory angle (rad) heading angle (rad) angle of attack (rad) bank angle (rad) fuel mass (kg) 
0 25899 2.5307 -0.264 1520 -0.0081343 1 0.014819 0.0018868 1562
1.1553 25884 2.5309 -0.26377 1522.5 -0.0089275 1.0001 0.015296 -0.0013291 1559.9
3.7815 25846 2.5312 -0.26324 1528.5 -0.009937 1.0002 0.018082 -0.0116 1554.9
7.6569 25786 2.5318 -0.26246 1537.9 -0.0099925 1.0002 0.018523 -0.014455 1547.2
12.467 25712 2.5324 -0.26148 1550.2 -0.009988 1.0001 0.016952 -0.013249 1537.3
17.823 25629 2.5331 -0.26039 1565.1 -0.0099916 1.0001 0.015706 -0.012653 1525.8
23.29 25543 2.5339 -0.25925 1581.6 -0.009727 1.0001 0.015488 -0.011827 1513.3
28.425 25472 2.5346 -0.25818 1598.4 -0.0070838 1.0002 0.018822 -0.011119 1500.6
32.813 25438 2.5352 -0.25725 1613.9 -0.0021796 1.0001 0.020132 -0.011324 1489.1
36.098 25438 2.5357 -0.25655 1626.1 0.0021722 1.0002 0.020492 -0.0087485 1480
38.015 25449 2.5359 -0.25614 1633.4 0.0049445 1.0002 0.020154 -0.0052916 1474.6
38.473 25453 2.536 -0.25604 1635.2 0.0055687 1.0002 0.020175 -0.0050804 1473.3
39.303 25462 2.5361 -0.25586 1638.4 0.0067485 1.0003 0.020037 -0.0068884 1470.9
41.207 25487 2.5364 -0.25545 1645.9 0.009391 1.0003 0.019383 -0.012614 1465.4
44.069 25540 2.5368 -0.25483 1657.3 0.012967 1.0002 0.017841 -0.014791 1456.9
47.722 25630 2.5373 -0.25403 1672.2 0.0164 1.0002 0.01514 -0.014505 1445.9
51.954 25755 2.538 -0.2531 1689.9 0.018396 1.0001 0.012019 -0.014666 1433.1
56.519 25900 2.5386 -0.25208 1709.4 0.018895 1.0001 0.010754 -0.014876 1419
61.151 26052 2.5393 -0.25103 1729.9 0.019205 1.0001 0.010997 -0.01518 1404.4
65.582 26201 2.54 -0.25001 1750.2 0.019386 1.0001 0.010261 -0.015236 1389.9
69.553 26335 2.5406 -0.24909 1768.9 0.019034 1.0001 0.0095917 -0.015372 1376.8
72.835 26445 2.5411 -0.24833 1784.4 0.018609 1.0001 0.0096571 -0.015519 1365.8
75.236 26525 2.5415 -0.24776 1795.6 0.018397 1.0001 0.010149 -0.013876 1357.7
76.618 26570 2.5417 -0.24744 1802.1 0.018368 1.0001 0.010418 -0.011415 1353.1
76.946 26581 2.5418 -0.24736 1803.6 0.018364 1.0001 0.01046 -0.011241 1352
77.495 26599 2.5419 -0.24723 1806.1 0.018365 1.0001 0.010454 -0.011955 1350.1
78.766 26642 2.5421 -0.24693 1812.1 0.018348 1.0002 0.010341 -0.014753 1345.9
80.705 26706 2.5424 -0.24646 1821.1 0.018244 1.0002 0.0097328 -0.016163 1339.4
83.239 26789 2.5428 -0.24585 1832.9 0.017753 1.0002 0.008749 -0.016179 1330.9
86.269 26886 2.5432 -0.24512 1846.9 0.01696 1.0002 0.0087519 -0.016379 1320.8
89.68 26992 2.5438 -0.24429 1862.9 0.016547 1.0002 0.011396 -0.016422 1309.4
93.34 27110 2.5444 -0.24339 1880.3 0.018558 1.0001 0.01692 -0.016683 1296.9
97.108 27254 2.545 -0.24245 1898.3 0.021763 1.0001 0.014699 -0.016345 1283.8
100.84 27413 2.5456 -0.24152 1915.5 0.022048 1.0001 0.0079049 -0.016497 1271.3
104.39 27555 2.5462 -0.24062 1931.5 0.01901 1.0003 0.0013064 0.016731 1259.9
107.63 27659 2.5468 -0.23979 1945.9 0.014254 1.001 2.9395e-05 0.072547 1249.8
110.42 27727 2.5472 -0.23907 1958.5 0.01107 1.0022 0.0053445 0.11978 1241
112.67 27773 2.5476 -0.23849 1968.9 0.0098048 1.0036 0.0087098 0.15917 1233.7
114.28 27804 2.5479 -0.23807 1976.4 0.0095213 1.005 0.011873 0.18671 1228.4
115.2 27821 2.5481 -0.23783 1980.8 0.0096532 1.0059 0.013168 0.20183 1225.3
115.42 27825 2.5481 -0.23778 1981.8 0.0096956 1.0061 0.013607 0.20459 1224.6
116.14 27839 2.5482 -0.23759 1985.2 0.00992 1.0069 0.014569 0.21389 1222.1
117.78 27873 2.5485 -0.23716 1993.2 0.010841 1.009 0.017445 0.24392 1216.5
120.28 27933 2.5489 -0.23649 2005.4 0.013286 1.0128 0.021442 0.28606 1207.7
123.49 28032 2.5495 -0.23564 2021.2 0.017194 1.019 0.020857 0.34294 1196.3
127.26 28172 2.5501 -0.23461 2039.2 0.018763 1.0264 0.012493 0.40775 1183.3
131.41 28325 2.5508 -0.23348 2058.4 0.016836 1.0344 0.010169 0.48063 1169.5
135.71 28462 2.5515 -0.23228 2078.4 0.014045 1.0436 0.010435 0.55491 1155.3
139.96 28573 2.5523 -0.23108 2098.3 0.011138 1.0541 0.014103 0.62954 1141.2
143.94 28661 2.5529 -0.22993 2117.2 0.010243 1.0669 0.021717 0.69834 1127.5
147.46 28740 2.5535 -0.22891 2134 0.010965 1.0809 0.027519 0.76004 1114.9
150.33 28811 2.5539 -0.22806 2147.9 0.012295 1.0942 0.031901 0.80953 1104.4
152.41 28869 2.5543 -0.22743 2157.8 0.013239 1.1047 0.032013 0.8461 1096.7
153.61 28903 2.5545 -0.22707 2163.4 0.013559 1.1108 0.031445 0.86599 1092.2
153.89 28912 2.5545 -0.22698 2164.7 0.01361 1.1123 0.03145 0.87056 1091.2
155.61 28963 2.5548 -0.22646 2172.5 0.013779 1.1211 0.030991 0.89464 1084.9
159.45 29076 2.5553 -0.22528 2189.5 0.012923 1.141 0.030105 0.96438 1070.8
164.93 29215 2.5561 -0.22355 2212.7 0.010238 1.1698 0.029954 0.96133 1050.8
171.39 29350 2.557 -0.22147 2238.7 0.0089848 1.2017 0.029512 0.86919 1027.3
178.06 29486 2.5578 -0.21927 2264.1 0.009131 1.2323 0.028423 0.85826 1003.1
184.12 29609 2.5585 -0.21723 2285.8 0.008595 1.2594 0.027578 0.86054 981.19
188.85 29700 2.559 -0.21561 2301.8 0.0081175 1.2799 0.02704 0.84999 964.2
191.68 29752 2.5593 -0.21463 2311.1 0.0078003 1.2919 0.026656 0.84093 954.07
192.37 29764 2.5594 -0.21439 2313.3 0.0077453 1.2948 0.026597 0.84059 951.63
193.76 29789 2.5595 -0.21391 2317.8 0.0076034 1.3006 0.026479 0.83833 946.65
196.91 29843 2.5598 -0.2128 2327.7 0.0073048 1.3135 0.026087 0.82764 935.43
201.49 29920 2.5602 -0.21119 2341.5 0.006946 1.3318 0.025693 0.81536 919.15
207.06 30008 2.5607 -0.20919 2357.7 0.0065875 1.3535 0.025399 0.80771 899.41
213.06 30099 2.5612 -0.20702 2374.3 0.006198 1.3766 0.025389 0.80825 878.17
218.92 30183 2.5616 -0.20488 2389.9 0.0058454 1.3992 0.025915 0.8165 857.45
224.06 30253 2.5619 -0.20298 2402.8 0.005528 1.4192 0.025891 0.82068 839.28
227.98 30304 2.5621 -0.20152 2412.2 0.0052139 1.4343 0.025883 0.8233 825.46
230.28 30332 2.5622 -0.20066 2417.5 0.005026 1.4432 0.025936 0.82444 817.31
230.84 30339 2.5623 -0.20045 2418.7 0.0049789 1.4453 0.025968 0.82448 815.36
231.32 30345 2.5623 -0.20027 2419.8 0.0049401 1.4472 0.025981 0.82449 813.64
232.45 30358 2.5623 -0.19985 2422.3 0.0048531 1.4515 0.026035 0.82446 809.66
234.18 30378 2.5624 -0.1992 2426.1 0.0047328 1.4582 0.026151 0.82407 803.56
236.45 30404 2.5625 -0.19834 2431 0.0046077 1.467 0.026346 0.82341 795.55
239.18 30434 2.5626 -0.19731 2436.8 0.0045126 1.4776 0.026647 0.82388 785.89
242.28 30468 2.5627 -0.19613 2443.2 0.0044667 1.4896 0.027045 0.82738 774.91
245.65 30505 2.5628 -0.19484 2450.2 0.004454 1.5029 0.027461 0.83474 762.98
249.17 30543 2.5629 -0.1935 2457.4 0.0044207 1.5169 0.027704 0.84264 750.51
252.72 30582 2.563 -0.19214 2464.7 0.0043525 1.5311 0.027724 0.84457 737.93
256.17 30618 2.563 -0.1908 2471.8 0.0042934 1.5449 0.027608 0.84138 725.68
259.42 30653 2.563 -0.18955 2478.4 0.0042645 1.5577 0.027434 0.83638 714.18
262.35 30684 2.563 -0.18841 2484.3 0.0042609 1.5692 0.027254 0.83256 703.83
264.86 30710 2.563 -0.18744 2489.3 0.0042501 1.5789 0.027093 0.83242 694.97
266.87 30732 2.563 -0.18666 2493.3 0.0042162 1.5866 0.026956 0.83389 687.9
268.31 30747 2.563 -0.1861 2496.2 0.0041728 1.5922 0.026864 0.83512 682.85
269.12 30755 2.563 -0.18578 2497.8 0.004145 1.5953 0.026937 0.83549 679.99
269.31 30757 2.563 -0.18571 2498.1 0.0041394 1.5961 0.026949 0.83553 679.31
270.14 30766 2.563 -0.18538 2499.8 0.0041079 1.5992 0.026641 0.83593 676.39
272.04 30785 2.563 -0.18464 2503.5 0.003985 1.6065 0.026645 0.83639 669.71
274.91 30813 2.5629 -0.18352 2509 0.00387 1.6175 0.026432 0.83455 659.65
278.56 30847 2.5629 -0.18209 2516 0.0036182 1.6311 0.026244 0.81873 646.87
282.79 30888 2.5627 -0.18042 2523.9 0.0041505 1.6467 0.026143 0.7649 632.01
287.36 30937 2.5626 -0.17863 2532.3 0.0041124 1.6609 0.018284 0.69432 616.36
291.99 30980 2.5624 -0.1768 2540.6 0.0031921 1.6727 0.01822 0.63892 600.89
296.42 31016 2.5622 -0.17505 2548.6 0.0032764 1.6836 0.018068 0.59356 586
300.39 31050 2.562 -0.17348 2555.6 0.0034735 1.6925 0.017883 0.54196 572.73
303.67 31081 2.5619 -0.17218 2561.4 0.0042004 1.6993 0.018003 0.48741 561.74
306.07 31109 2.5617 -0.17122 2565.5 0.0048491 1.7037 0.018093 0.45009 553.73
307.46 31127 2.5617 -0.17068 2567.9 0.0053773 1.7063 0.018128 0.43566 549.1
307.78 31132 2.5616 -0.17054 2568.4 0.0054776 1.7068 0.018162 0.43426 548.01
308.41 31141 2.5616 -0.1703 2569.5 0.0057138 1.7079 0.018365 0.43139 545.93
309.85 31163 2.5615 -0.16972 2571.9 0.0062727 1.7104 0.018173 0.41864 541.12
312.04 31201 2.5614 -0.16885 2575.5 0.0071696 1.714 0.01851 0.39798 533.84
314.89 31258 2.5612 -0.16772 2580.1 0.0084619 1.7185 0.018351 0.37849 524.41
318.26 31338 2.561 -0.16637 2585.5 0.009921 1.7236 0.018756 0.37596 513.32
322.02 31443 2.5608 -0.16487 2591.2 0.011534 1.7295 0.017974 0.40363 501.07
325.99 31563 2.5605 -0.16328 2597.1 0.011241 1.7355 0.010631 0.46009 488.57
330.01 31665 2.5603 -0.16167 2603 0.0077653 1.7409 0.0039275 0.52859 476.6
333.9 31716 2.56 -0.16012 2608.8 0.0021151 1.7455 5.8796e-05 0.59562 465.47
337.48 31710 2.5597 -0.15868 2614.4 -0.0032545 1.7503 0.0050076 0.64459 455.17
340.61 31669 2.5595 -0.15742 2619.3 -0.0064358 1.7557 0.010052 0.62955 445.82
343.14 31621 2.5593 -0.1564 2623.3 -0.0078878 1.7606 0.014879 0.58381 437.99
344.97 31583 2.5591 -0.15567 2626.3 -0.0080558 1.7644 0.017719 0.55398 432.15
346.01 31561 2.5591 -0.15525 2628 -0.0079394 1.7665 0.019789 0.53501 428.78
346.26 31556 2.559 -0.15515 2628.4 -0.007849 1.7671 0.020118 0.53115 427.96
347.23 31536 2.559 -0.15476 2629.9 -0.0074484 1.7691 0.021816 0.51504 424.75
349.45 31497 2.5588 -0.15386 2633.5 -0.0058099 1.774 0.025677 0.47621 417.26
352.77 31464 2.5585 -0.15252 2638.6 -0.0014247 1.7814 0.031494 0.41826 405.71
356.94 31493 2.5581 -0.15084 2644.5 0.0073276 1.7904 0.038728 0.34599 390.63
361.7 31670 2.5577 -0.14892 2650.2 0.021408 1.7997 0.047127 0.26169 373.03
366.72 32074 2.5572 -0.1469 2654.2 0.039848 1.8076 0.055736 0.17669 354.57
371.65 32725 2.5567 -0.14492 2655.6 0.059869 1.8124 0.064564 0.085407 337.26
376.16 33550 2.5562 -0.14311 2654.4 0.077896 1.8144 0.072057 0.042416 322.79
379.94 34401 2.5559 -0.1416 2651.8 0.091735 1.8156 0.07937 0.047361 311.93
382.73 35113 2.5556 -0.14048 2649.1 0.10065 1.8164 0.080096 0.027827 304.74
384.34 35552 2.5554 -0.13983 2647.5 0.10472 1.8166 0.076368 0.0075375 300.99
384.73 35659 2.5554 -0.13968 2647.1 0.10555 1.8166 0.075967 0 300.14
384.73 35659 2.5554 -0.13968 2647.1 0.10555 1.8166 0.075967 0 300.14
385.67 35928 2.5553 -0.13931 2638.9 0.1106 1.817 0.072498 0.087042 300.14
387.88 36597 2.5551 -0.13843 2621.5 0.12005 1.8199 0.065556 0.26191 300.14
391.3 37704 2.5547 -0.13709 2599.3 0.12663 1.8281 0.051359 0.59852 300.14
395.9 39208 2.5542 -0.13532 2575.9 0.12571 1.8418 0.052248 0.92964 300.14
401.61 40966 2.5536 -0.13314 2549.7 0.11288 1.8628 0.075341 1.5636 300.14
408.33 42677 2.5528 -0.13062 2521.6 0.088293 1.8902 0.097106 1.5708 300.14
415.98 44127 2.5518 -0.1278 2492.4 0.062689 1.9197 0.12452 1.5707 300.14
424.44 45113 2.5506 -0.12476 2461.2 0.031482 1.9543 0.15467 1.5707 300.14
433.59 45464 2.5493 -0.12155 2429.1 -0.00045308 1.9932 0.17451 1.5707 300.14
443.3 45017 2.5477 -0.11825 2397.8 -0.037679 2.0369 0.17451 1.5707 300.14
453.42 43693 2.5459 -0.11495 2364.5 -0.071675 2.0869 0.17451 1.4667 300.14
463.81 41556 2.5439 -0.11172 2324.1 -0.10215 2.1518 0.17452 1.3337 300.14
474.31 38968 2.5417 -0.10868 2264.8 -0.10752 2.2378 0.17452 1.0784 300.14
484.77 36651 2.5393 -0.10596 2185.9 -0.08879 2.3423 0.15036 0.99652 300.14
495.04 35058 2.5368 -0.10363 2098.7 -0.053388 2.4517 0.13512 0.91381 300.14
504.97 34359 2.5342 -0.10175 2010.4 -0.015847 2.5639 0.12809 0.96634 300.14
514.42 34341 2.5317 -0.1003 1929.9 0.012175 2.672 0.12339 1.0049 300.14
523.24 34629 2.5293 -0.099223 1866.8 0.017568 2.7632 0.099182 1.1623 300.13
531.31 34806 2.5271 -0.098441 1824.2 0.0046167 2.831 0.082323 1.1933 300.13
538.51 34739 2.5251 -0.097874 1791.8 -0.01713 2.8869 0.078891 1.4032 300.13
544.74 34418 2.5235 -0.09748 1766 -0.040401 2.9363 0.077106 1.3321 300.13
549.9 33961 2.5221 -0.097221 1744.9 -0.062234 2.9788 0.075575 1.5658 300.13
553.92 33456 2.521 -0.097063 1728.6 -0.081162 3.0142 0.074606 1.3175 300.13
556.74 33040 2.5202 -0.096977 1716.6 -0.091047 3.04 0.073641 1.5702 300.13
558.32 32781 2.5198 -0.096938 1709.9 -0.10016 3.0557 0.073755 1.3179 300.13
558.69 32717 2.5197 -0.096929 1708.2 -0.10039 3.0592 0.073688 1.4225 300.13
559.28 32616 2.5196 -0.096917 1705.5 -0.1028 3.0652 0.074672 1.4386 300.14
560.65 32369 2.5192 -0.096892 1699.5 -0.10881 3.0795 0.071916 1.4859 300.11
562.79 31956 2.5186 -0.096863 1689.1 -0.11912 3.103 0.074648 1.4974 300.17
565.69 31346 2.5179 -0.096847 1675.3 -0.13233 3.1375 0.071542 1.4811 300.05
569.3 30503 2.5169 -0.096864 1654.6 -0.14783 3.184 0.072675 1.4296 300.27
573.61 29415 2.5158 -0.096946 1629.6 -0.1603 3.25 0.074015 1.3547 299.86
578.57 28112 2.5146 -0.09713 1587 -0.16472 3.3364 0.071501 1.2046 300.79
584.14 26752 2.5133 -0.097464 1574.6 -0.14105 3.4492 0.090559 1.0201 294.08
590.27 25666 2.5119 -0.098025 1608.9 -0.075627 3.5973 0.097484 0.93313 274.85
596.89 25351 2.5104 -0.098898 1636.5 0.012554 3.7833 0.089677 1.0684 251.51
603.96 25727 2.5091 -0.10014 1686.1 0.037513 3.9854 0.079454 1.4299 223.61
611.41 26124 2.5079 -0.10175 1739.9 0.027553 4.1952 0.076431 1.343 193.32
619.17 26672 2.507 -0.10371 1816.7 0.063526 4.3665 0.065255 0.88578 159.46
627.16 28399 2.5064 -0.10591 1867.4 0.18264 4.4885 0.10796 0.50769 125.82
635.33 32195 2.506 -0.10819 1884.5 0.30471 4.5696 0.10691 0.41598 98.35
643.58 37161 2.5057 -0.11046 1854 0.33724 4.6016 0.081392 0.41688 90.471
651.86 42153 2.5055 -0.11268 1802.7 0.33182 4.6174 0.07353 0.40899 91.293
660.08 46763 2.5053 -0.11484 1771.4 0.30479 4.6227 0.088493 0.3964 91.007
668.17 50833 2.5051 -0.11695 1742 0.27578 4.6277 0.078393 0.37965 91.124
676.05 54314 2.5049 -0.119 1720.9 0.23883 4.6287 0.095607 0.37022 91.079
683.66 57177 2.5047 -0.12097 1701.9 0.20483 4.631 0.08802 0.35057 91.085
690.93 59461 2.5046 -0.12285 1688.4 0.16712 4.631 0.097541 0.34717 91.098
697.78 61185 2.5044 -0.12461 1677 0.13369 4.6325 0.09493 0.32849 91.071
704.17 62431 2.5043 -0.12626 1669.7 0.099074 4.6323 0.099429 0.32659 91.104
710.02 63247 2.5042 -0.12776 1664.1 0.069441 4.6334 0.096174 0.31289 91.067
715.29 63733 2.5041 -0.12912 1661.3 0.040275 4.6332 0.098807 0.31421 91.104
719.93 63947 2.504 -0.13031 1659.5 0.016503 4.6341 0.095206 0.30753 91.066
723.9 63987 2.5039 -0.13133 1659.2 -0.0056498 4.6339 0.097156 0.32016 91.101
727.16 63907 2.5038 -0.13217 1659.3 -0.02229 4.6346 0.094111 0.32865 91.067
729.68 63788 2.5038 -0.13282 1660 -0.036475 4.6344 0.095847 0.34824 91.096
731.44 63666 2.5038 -0.13327 1660.4 -0.045312 4.6349 0.093962 0.35489 91.066
732.42 63589 2.5037 -0.13352 1660.9 -0.050992 4.6347 0.095096 0.36003 91.08
732.65 63569 2.5037 -0.13358 1661 -0.052058 4.6348 0.094568 0.35924 91.07
733.17 63522 2.5037 -0.13372 1661.2 -0.05485 4.6349 0.095256 0.35836 91.071
734.4 63405 2.5037 -0.13403 1661.9 -0.061329 4.635 0.094319 0.35217 91.051
736.3 63194 2.5037 -0.13452 1662.8 -0.071546 4.6352 0.095193 0.3379 91.075
738.88 62859 2.5036 -0.13518 1664.8 -0.085097 4.6354 0.094596 0.31926 91.029
742.11 62355 2.5035 -0.13601 1667.1 -0.10228 4.6357 0.095457 0.30173 91.095
745.96 61635 2.5035 -0.137 1671.4 -0.12221 4.6362 0.094372 0.29149 91.003
750.41 60642 2.5034 -0.13815 1676 -0.1455 4.6366 0.095414 0.28794 91.123
755.41 59319 2.5033 -0.13943 1683.7 -0.17059 4.6374 0.092703 0.28891 90.967
760.93 57609 2.5032 -0.14085 1691.6 -0.19857 4.6382 0.092321 0.29037 91.164
766.92 55461 2.5031 -0.14239 1703.6 -0.22682 4.6394 0.08917 0.29299 90.914
773.34 52831 2.5029 -0.14405 1715.1 -0.25724 4.6408 0.082676 0.29391 91.227
780.12 49693 2.5028 -0.1458 1731.6 -0.28542 4.6432 0.082291 0.29542 90.83
787.23 46043 2.5027 -0.14763 1744.8 -0.31393 4.6462 0.073863 0.29386 91.34
794.6 41918 2.5026 -0.14954 1762.5 -0.33403 4.6517 0.07692 0.29405 90.665
802.17 37449 2.5025 -0.1515 1766.7 -0.34553 4.6607 0.072106 0.28701 91.6
809.88 32918 2.5024 -0.1535 1766.8 -0.32508 4.6785 0.073866 0.27255 90.176
817.66 28931 2.5023 -0.15553 1714.3 -0.2604 4.7078 0.073516 0.23234 92.86
825.47 26431 2.5024 -0.15757 1709.6 -0.10102 4.7506 0.099141 0.19126 77.465
833.22 26428 2.5025 -0.15967 1782.1 0.092059 4.7968 0.073644 0.2021 41.82
840.87 28609 2.5027 -0.1618 1842.7 0.20902 4.83 0.054732 0.20981 11.957
848.35 31826 2.503 -0.16389 1841.4 0.24927 4.8469 0.019736 0.23513 0.00052346
855.59 35026 2.5033 -0.16586 1789 0.23839 4.8536 0.016791 0.25063 2.4399
862.55 37852 2.5035 -0.16772 1767.9 0.22287 4.8583 0.015824 0.24346 0.92889
869.16 40283 2.5038 -0.16947 1740.6 0.19744 4.8606 0.015323 0.23322 2.0769
875.37 42268 2.504 -0.1711 1728.3 0.17455 4.8626 0.023601 0.21691 0.97298
881.13 43877 2.5043 -0.17261 1710.8 0.15034 4.8641 0.047398 0.20298 1.3389
886.39 45131 2.5045 -0.17398 1703 0.131 4.8658 0.055807 0.18815 0.27782
891.12 46105 2.5047 -0.1752 1691.5 0.11084 4.8669 0.066137 0.17625 0.63861
895.28 46821 2.5049 -0.17628 1687 0.095154 4.8681 0.07337 0.16413 0.052752
898.82 47347 2.505 -0.17719 1679.6 0.079688 4.8688 0.082175 0.15411 0.32532
901.72 47704 2.5051 -0.17794 1677.2 0.068986 4.8697 0.091817 0.14791 0.00017186
903.97 47950 2.5052 -0.17852 1672.6 0.059379 4.8701 0.099992 0.14895 0.28741
905.54 48094 2.5053 -0.17892 1671.8 0.053856 4.8706 0.10406 0.15256 0.049647
906.41 48173 2.5053 -0.17914 1669.8 0.049993 4.8708 0.1059 0.15404 0.22475
906.62 48189 2.5053 -0.1792 1669.9 0.049366 4.8709 0.10599 0.15356 0.15499
907.93 48291 2.5054 -0.17953 1668.3 0.044218 4.8712 0.1088 0.14473 0.15497
911 48487 2.5055 -0.18032 1664.8 0.032313 4.872 0.11763 0.12766 0.15503
915.75 48670 2.5057 -0.18153 1660 0.014038 4.8731 0.12288 0.12261 0.15491
922.08 48689 2.506 -0.18315 1654.9 -0.010423 4.8746 0.12378 0.11304 0.15513
929.87 48362 2.5063 -0.18513 1650.6 -0.040271 4.8763 0.12525 0.10159 0.15475
938.96 47506 2.5067 -0.18742 1647.7 -0.073747 4.8784 0.12693 0.090809 0.15542
949.16 45977 2.5071 -0.18999 1646.1 -0.10784 4.8808 0.12835 0.080811 0.15412
960.26 43728 2.5076 -0.19278 1644.2 -0.13745 4.8839 0.12931 0.071933 0.15736
972.03 40887 2.5081 -0.19572 1637.7 -0.15429 4.8879 0.12968 0.064753 0.1301
984.25 37855 2.5087 -0.19874 1619.2 -0.14617 4.8934 0.12885 0.059921 0.051551
996.66 35336 2.5093 -0.20176 1579.9 -0.10146 4.901 0.1266 0.058626 0.0052344
1009 34083 2.5099 -0.20469 1520.3 -0.025682 4.9105 0.1232 0.061711 0
1021 34327 2.5104 -0.20742 1453.8 0.051278 4.9208 0.11961 0.067331 0
1032.5 35612 2.511 -0.2099 1394.5 0.10174 4.9299 0.11695 0.071017 3.0908e-05
1043.2 37270 2.5115 -0.21212 1347.1 0.12117 4.9368 0.11584 0.070552 3.8353e-05
1052.8 38823 2.512 -0.21405 1311.1 0.11855 4.9415 0.11588 0.067092 9.7173e-07
1061.3 40052 2.5123 -0.21571 1284.5 0.10422 4.9448 0.11652 0.062772 5.366e-05
1068.4 40912 2.5127 -0.21707 1265.5 0.085833 4.9471 0.11736 0.059202 0
1073.9 41453 2.5129 -0.21813 1252.4 0.068404 4.9486 0.11824 0.054187 5.2464e-05
1077.9 41754 2.5131 -0.21887 1244.1 0.054897 4.9496 0.11889 0.05296 1.3839e-06
1080.1 41894 2.5132 -0.21928 1239.8 0.046947 4.9501 0.11914 0.061907 4.0545e-05
1080.6 41924 2.5133 -0.21938 1238.8 0.04504 4.9503 0.11916 0.06289 2.4672e-05
1082 41999 2.5133 -0.21965 1236.1 0.039678 4.9507 0.11931 0.056451 2.4666e-05
1085.4 42137 2.5135 -0.22028 1230.2 0.026927 4.9515 0.12035 0.046159 2.4639e-05
1090.6 42245 2.5137 -0.22125 1222 0.0066984 4.9526 0.12117 0.047254 2.4576e-05
1097.5 42187 2.514 -0.22252 1212.7 -0.020622 4.9541 0.12282 0.042984 2.4464e-05
1106 41807 2.5144 -0.22407 1203.3 -0.053371 4.9558 0.12423 0.039494 2.4296e-05
1115.8 40966 2.5149 -0.22585 1194.3 -0.088188 4.958 0.12607 0.035347 2.4069e-05
1126.9 39601 2.5154 -0.22782 1184.6 -0.11901 4.9605 0.1271 0.03177 2.3786e-05
1138.8 37784 2.5159 -0.22993 1171.2 -0.13723 4.9635 0.12753 0.028181 2.3455e-05
1151.3 35793 2.5165 -0.23211 1148.6 -0.13205 4.9672 0.1267 0.025295 2.3088e-05
1164.3 34085 2.5171 -0.2343 1111 -0.097141 4.9714 0.12498 0.02288 2.2698e-05
1177.2 33101 2.5177 -0.23643 1056.6 -0.040218 4.9759 0.12217 0.021178 2.2305e-05
1190 32939 2.5183 -0.2384 991.93 0.013611 4.98 0.11896 0.019618 2.1924e-05
1202.3 33297 2.5188 -0.24017 926.78 0.042254 4.9834 0.11217 0.0181 2.1573e-05
1213.8 33725 2.5192 -0.24172 871.18 0.034475 4.9858 0.093046 0.016242 2.1264e-05
1224.3 33900 2.5196 -0.24306 828.09 0.0019619 4.9876 0.087849 0.014618 2.1008e-05
1233.5 33779 2.5199 -0.24418 794.39 -0.035681 4.989 0.087788 0.012893 2.081e-05
1241.2 33458 2.5202 -0.24508 768.58 -0.071252 4.9902 0.088087 0.01225 2.067e-05
1247.3 33065 2.5204 -0.24577 749.22 -0.099685 4.991 0.088113 0.0074939 2.0584e-05
1251.5 32716 2.5205 -0.24625 735.89 -0.11977 4.9916 0.088527 0.010498 2.054e-05
1254 32494 2.5206 -0.24651 728.35 -0.13063 4.9921 0.089027 0.025739 2.0525e-05
1254.5 32440 2.5206 -0.24657 726.58 -0.13319 4.9922 0.089088 0.027507 2.0524e-05
1255.6 32331 2.5207 -0.24669 723.12 -0.13806 4.9925 0.089284 0.021346 2.052e-05
1258.2 32066 2.5207 -0.24697 714.93 -0.14906 4.993 0.090415 0.0077199 2.0504e-05
1262.2 31621 2.5209 -0.24739 701.73 -0.16471 4.9935 0.094848 0.005383 2.0466e-05
1267.6 30981 2.521 -0.24794 681.78 -0.1809 4.9943 0.1082 0.0074 2.0398e-05
1274.2 30159 2.5212 -0.24859 652.12 -0.19152 4.9953 0.12714 0.0059401 2.0294e-05
1282 29211 2.5214 -0.24931 611.67 -0.1952 4.9965 0.13671 0.0045993 2.0152e-05
1290.8 28208 2.5217 -0.25007 562.31 -0.19555 4.9977 0.13947 0.0034866 1.997e-05
1300.5 27207 2.5219 -0.25083 507.1 -0.19405 4.9989 0.14531 0.0024133 1.975e-05
1310.8 26260 2.5221 -0.25156 449.73 -0.1893 5.0001 0.15478 0.0014095 1.9496e-05
1321.7 25422 2.5223 -0.25224 393.49 -0.17623 5.0011 0.16724 0.00045942 1.9217e-05
1333 24740 2.5225 -0.25285 343.45 -0.1554 5.0019 0.17427 -0.00044807 1.8919e-05
1344.3 24199 2.5227 -0.25339 305.27 -0.14218 5.0024 0.17442 -0.001211 1.8614e-05
1355.7 23729 2.5228 -0.25388 278.11 -0.14688 5.0026 0.17445 -0.0017575 1.8311e-05
1366.7 23267 2.523 -0.25432 259.34 -0.1687 5.0026 0.17446 -0.0020238 1.802e-05
1377.4 22775 2.5231 -0.25472 246.92 -0.19899 5.0026 0.17446 -0.0021515 1.7751e-05
1387.4 22262 2.5232 -0.25507 238.78 -0.22461 5.0026 0.17446 -0.0023371 1.7513e-05
1396.7 21760 2.5233 -0.25539 232.78 -0.23822 5.0024 0.17445 -0.0025103 1.7309e-05
1405 21306 2.5234 -0.25567 227.56 -0.24005 5.0023 0.17443 -0.0021806 1.7145e-05
1412.2 20923 2.5235 -0.25591 222.58 -0.235 5.0022 0.17441 -0.0025195 1.7021e-05
1418.2 20619 2.5235 -0.2561 218.03 -0.22806 5.0014 0.17436 -0.0081272 1.6935e-05
1422.9 20392 2.5236 -0.25625 214.21 -0.22226 4.9998 0.17429 -0.0073808 1.6882e-05
1426.2 20238 2.5236 -0.25635 211.45 -0.21851 5.0002 0.17416 0.013444 1.6855e-05
1428.1 20154 2.5236 -0.25641 209.86 -0.2168 5.0023 0.17353 0.030156 1.6846e-05
1428.5 20134 2.5236 -0.25642 209.5 -0.21649 5.003 0.17347 0.031761 1.6844e-05
1429.5 20089 2.5236 -0.25645 208.63 -0.21576 5.0045 0.17371 0.025125 1.6841e-05
1431.9 19983 2.5237 -0.25653 206.59 -0.21403 5.0062 0.17421 0.0031103 1.6827e-05
1435.6 19823 2.5237 -0.25664 203.45 -0.21205 5.0056 0.17426 -0.0093377 1.6793e-05
1440.6 19613 2.5237 -0.25678 199.34 -0.21151 5.0039 0.17428 -0.006639 1.6734e-05
1446.7 19358 2.5238 -0.25696 194.55 -0.21396 5.0032 0.17433 -0.0022325 1.6643e-05
1453.9 19059 2.5239 -0.25716 189.5 -0.22037 5.0031 0.17433 -0.0018845 1.6517e-05
1462.1 18718 2.5239 -0.25739 184.57 -0.22961 5.0029 0.17434 -0.0021676 1.6354e-05
1471.2 18336 2.524 -0.25763 179.9 -0.23842 5.0027 0.17433 -0.0021353 1.6157e-05
1480.9 17922 2.5241 -0.25788 175.31 -0.24327 5.0024 0.17433 -0.001921 1.5928e-05
1491.2 17494 2.5242 -0.25814 170.42 -0.24344 5.0023 0.1743 -0.0018163 1.5671e-05
1501.8 17064 2.5242 -0.2584 165.1 -0.24197 5.0021 0.17426 -0.0017826 1.5395e-05
1512.7 16641 2.5243 -0.25866 159.64 -0.24272 5.0019 0.17415 -0.0017193 1.5108e-05
1523.6 16226 2.5244 -0.25891 154.5 -0.24667 5.0017 0.1742 -0.0017291 1.4817e-05
1534.4 15820 2.5245 -0.25914 149.95 -0.25294 5.0016 0.17204 -0.0015945 1.4534e-05
1544.9 15422 2.5245 -0.25937 146.66 -0.26701 5.0014 0.16376 -0.0016476 1.4265e-05
1554.9 15023 2.5246 -0.25958 145.28 -0.28605 5.0013 0.15404 -0.0017029 1.4018e-05
1564.3 14629 2.5247 -0.25978 145.14 -0.29833 5.0011 0.14542 -0.0018123 1.3801e-05
1573 14258 2.5247 -0.25996 145.15 -0.30064 5.001 0.13862 -0.0012205 1.3618e-05
1580.7 13928 2.5248 -0.26012 144.65 -0.29578 5.0012 0.13374 -0.0014858 1.3471e-05
1587.4 13650 2.5248 -0.26026 143.58 -0.28837 5.0003 0.13061 -0.0061394 1.336e-05
1593 13427 2.5248 -0.26037 142.22 -0.28151 4.9972 0.12851 -0.012159 1.3284e-05
1597.3 13258 2.5249 -0.26046 140.92 -0.27695 4.9947 0.12717 -0.0026859 1.3237e-05
1600.3 13141 2.5249 -0.26052 139.91 -0.27426 4.9972 0.12644 0.026425 1.3213e-05
1602.1 13077 2.5249 -0.26056 139.32 -0.27302 5.0016 0.12625 0.042301 1.3205e-05
1602.5 13062 2.5249 -0.26056 139.18 -0.27271 5.0029 0.12625 0.042784 1.3203e-05
1603.7 13017 2.5249 -0.26059 138.74 -0.27175 5.0063 0.12635 0.032749 1.3198e-05
1606.5 12913 2.5249 -0.26064 137.64 -0.26892 5.0099 0.12688 0.0019475 1.3178e-05
1610.8 12756 2.525 -0.26073 135.71 -0.26355 5.0076 0.12773 -0.013015 1.313e-05
1616.7 12555 2.525 -0.26084 132.84 -0.25757 5.0036 0.12845 -0.0071389 1.3044e-05
1623.8 12317 2.525 -0.26098 129.22 -0.25576 5.0023 0.12916 -0.0012954 1.2914e-05
1632.2 12045 2.5251 -0.26114 125.39 -0.26001 5.0026 0.13057 -0.0010114 1.2736e-05
1641.7 11741 2.5251 -0.2613 121.63 -0.2656 5.0024 0.1324 -0.0016656 1.251e-05
1652 11413 2.5252 -0.26148 118.03 -0.27026 5.0021 0.13354 -0.0015177 1.2238e-05
1663.1 11067 2.5252 -0.26167 114.65 -0.27428 5.0018 0.13387 -0.0013169 1.1928e-05
1674.6 10711 2.5253 -0.26186 111.65 -0.27893 5.0017 0.13431 -0.0012288 1.159e-05
1686.4 10349 2.5254 -0.26205 109.11 -0.28272 5.0016 0.13449 -0.0012499 1.1234e-05
1698.3 9990.8 2.5254 -0.26223 106.81 -0.28446 5.0015 0.13412 -0.0012155 1.0873e-05
1710 9642.7 2.5255 -0.26241 104.72 -0.2857 5.0014 0.13362 -0.0011961 1.0522e-05
1721.3 9311.5 2.5255 -0.26258 102.77 -0.28618 5.0013 0.13309 -0.0013407 1.0193e-05
1732 9002.5 2.5256 -0.26274 101.05 -0.28746 5.0009 0.13235 -0.0015462 9.896e-06
1742 8719.3 2.5256 -0.26288 99.626 -0.28916 5.0007 0.13143 -0.00077441 9.6408e-06
1750.9 8465.8 2.5257 -0.26301 98.506 -0.2909 5.0014 0.13038 -0.00010487 9.4328e-06
1758.7 8245.8 2.5257 -0.26312 97.632 -0.29212 5.001 0.12931 -0.004443 9.274e-06
1765.2 8063.1 2.5257 -0.26321 96.962 -0.29311 4.9957 0.12833 -0.014058 9.1628e-06
1770.3 7920.4 2.5257 -0.26328 96.474 -0.29383 4.9892 0.12748 -0.0076457 9.0942e-06
1773.9 7820.1 2.5258 -0.26333 96.15 -0.29443 4.9921 0.12689 0.025768 9.0599e-06
1775.9 7763.8 2.5258 -0.26336 95.971 -0.29468 5 0.1267 0.046903 9.048e-06
1776.4 7750.5 2.5258 -0.26336 95.928 -0.29473 5.0023 0.1267 0.048201 9.0462e-06
1777.7 7713.9 2.5258 -0.26338 95.803 -0.29458 5.0083 0.12684 0.037075 9.0405e-06
1780.8 7628.9 2.5258 -0.26342 95.439 -0.29252 5.0145 0.12739 0.0015218 9.0148e-06
1785.6 7499.8 2.5258 -0.26349 94.637 -0.28703 5.0097 0.12792 -0.015781 8.954e-06
1791.9 7332.9 2.5258 -0.26358 93.317 -0.28263 5.0023 0.12789 -0.0071015 8.8459e-06
1799.7 7131.2 2.5259 -0.26368 91.891 -0.28535 5.001 0.12767 6.8054e-05 8.6824e-06
1808.8 6895.7 2.5259 -0.2638 90.725 -0.29007 5.0022 0.12771 -0.00039531 8.4595e-06
1819 6632.1 2.5259 -0.26393 89.608 -0.29101 5.002 0.12731 -0.0014603 8.178e-06
1830.1 6348.4 2.526 -0.26407 88.445 -0.29151 5.0016 0.12653 -0.0011179 7.8432e-06
1841.8 6050.7 2.526 -0.26422 87.288 -0.29182 5.0015 0.12576 -0.0010138 7.4652e-06
1854.1 5746.2 2.5261 -0.26437 86.086 -0.29153 5.0015 0.12506 -0.00096467 7.0571e-06
1866.5 5441.5 2.5261 -0.26453 84.871 -0.29141 5.0014 0.12442 -0.0010646 6.6348e-06
1878.8 5142.6 2.5262 -0.26468 83.695 -0.29142 5.0013 0.12387 -0.00095349 6.215e-06
1890.8 4855.4 2.5262 -0.26482 82.573 -0.2912 5.0013 0.12342 -0.0010473 5.8148e-06
1902.3 4585.6 2.5263 -0.26496 81.475 -0.29051 5.0008 0.12317 -0.0014635 5.4492e-06
1913 4338.2 2.5263 -0.26508 80.456 -0.29043 5.0002 0.12288 -0.0009627 5.1311e-06
1922.6 4116.4 2.5263 -0.26519 79.629 -0.29123 5.0013 0.12251 0.00081238 4.869e-06
1931.1 3923.5 2.5264 -0.26529 79.002 -0.29222 5.0024 0.12185 -0.0021428 4.6673e-06
1938.2 3762.2 2.5264 -0.26537 78.633 -0.29471 4.996 0.12082 -0.015707 4.525e-06
1943.7 3634.9 2.5264 -0.26543 78.475 -0.29676 4.9843 0.11995 -0.013899 4.4368e-06
1947.7 3544.9 2.5264 -0.26548 78.385 -0.29736 4.9855 0.11944 0.023129 4.3922e-06
1949.9 3494.3 2.5264 -0.2655 78.323 -0.2972 4.9961 0.1193 0.051064 4.3775e-06
1950.4 3482.4 2.5264 -0.26551 78.305 -0.29713 4.9997 0.1193 0.053517 4.3757e-06
1951.3 3460.8 2.5264 -0.26552 78.267 -0.29682 5.0058 0.11935 0.047408 4.3718e-06
1953.5 3410.5 2.5264 -0.26554 78.141 -0.29507 5.0157 0.11965 0.021359 4.3577e-06
1957 3333.3 2.5264 -0.26558 77.799 -0.29038 5.018 0.12013 -0.0084904 4.3228e-06
1961.6 3232.4 2.5265 -0.26563 77.119 -0.28481 5.0097 0.12043 -0.016991 4.2607e-06
1967.3 3109.9 2.5265 -0.2657 76.239 -0.28392 5.0013 0.12045 -0.0070844 4.1644e-06
1974 2966 2.5265 -0.26577 75.512 -0.28826 4.9996 0.12052 -9.3895e-06 4.0305e-06
1981.6 2801.4 2.5265 -0.26585 74.991 -0.29126 5.0013 0.12054 0.00090945 3.8562e-06
1990.1 2619.8 2.5266 -0.26594 74.46 -0.29112 5.0022 0.12022 -0.0010509 3.6425e-06
1999.2 2425.1 2.5266 -0.26604 73.877 -0.29108 5.0018 0.11974 -0.0011202 3.3913e-06
2009 2220.1 2.5266 -0.26614 73.274 -0.29082 5.0014 0.11937 -0.001181 3.1077e-06
2019.1 2008.8 2.5267 -0.26625 72.596 -0.29016 5.0013 0.11904 -0.00069937 2.7979e-06
2029.5 1794 2.5267 -0.26636 71.927 -0.29022 5.0014 0.11872 -0.0009843 2.4704e-06
2040 1579.1 2.5267 -0.26647 71.24 -0.28962 5.0012 0.11853 -0.00078289 2.1341e-06
2050.4 1367.4 2.5268 -0.26657 70.551 -0.28936 5.0013 0.11831 -0.00088882 1.7992e-06
2060.7 1161.8 2.5268 -0.26668 69.874 -0.28891 5.0011 0.11821 -0.00099348 1.4749e-06
2070.6 964.69 2.5268 -0.26678 69.305 -0.2901 5.0006 0.11768 -0.0014393 1.171e-06
2080.1 777.83 2.5268 -0.26687 68.845 -0.28953 5.0001 0.11776 -0.00064778 8.951e-07
2088.9 607.05 2.5269 -0.26696 68.043 -0.28441 5.0015 0.11804 0.0012909 6.539e-07
2097 450.77 2.5269 -0.26704 67.91 -0.29925 5.0046 0.1144 0.0017906 4.5147e-07
2104.2 302.04 2.5269 -0.26711 68.82 -0.30552 5.0045 0.11524 -0.0052138 2.9011e-07
2110.4 184.57 2.5269 -0.26717 66.587 -0.24405 4.9951 0.12775 -0.014997 1.6914e-07
2115.6 115.61 2.5269 -0.26722 61.011 -0.1836 4.9845 0.14188 -0.0049726 8.5954e-08
2119.6 72.29 2.527 -0.26725 56.865 -0.19692 4.9966 0.14801 0.051536 3.5179e-08
2122.4 38.184 2.527 -0.26728 55.43 -0.24158 5.0354 0.14836 0.1214 1.0102e-08
2124 15.986 2.527 -0.26729 55.321 -0.27112 5.0703 0.14805 0.15299 1.3692e-09
2124.3 10.411 2.527 -0.26729 55.352 -0.27786 5.0796 0.14796 0.15582 0
