time (s) altitude (m) longitude (rad) latitude (rad) velocity (m/s) trajectory angle (rad) heading angle (rad) angle of attack (rad) bank angle (rad) fuel mass (kg) 
124.64 25266 2.5175 0.24076 1619.3 0.01664 1.8238 2.2195e-06 1562
126.83 25321 2.5173 0.2413 1626.9 0.014564 1.8237 0.010535 1556.2
130.73 25415 2.5171 0.24226 1641.4 0.015326 1.8237 0.013679 1545.2
134.05 25501 2.5168 0.24309 1654 0.015838 1.8236 0.012523 1535.7
134.96 25524 2.5168 0.24332 1657.6 0.015977 1.8236 0.015103 1533.1
137.15 25584 2.5166 0.24387 1666.3 0.01692 1.8236 0.014118 1526.6
141.06 25699 2.5164 0.24486 1682.2 0.018034 1.8235 0.013181 1514.9
144.37 25801 2.5161 0.24571 1696.1 0.018558 1.8235 0.012269 1504.7
145.28 25830 2.5161 0.24594 1699.9 0.018604 1.8235 0.012552 1501.9
147.48 25900 2.5159 0.24651 1709.4 0.018777 1.8234 0.012086 1495
151.38 26027 2.5157 0.24752 1726.5 0.018985 1.8234 0.012218 1482.6
154.69 26137 2.5154 0.24839 1741.5 0.019219 1.8233 0.012103 1471.9
155.61 26167 2.5154 0.24863 1745.7 0.01925 1.8233 0.012458 1468.8
157.8 26241 2.5152 0.24921 1755.9 0.019325 1.8233 0.011605 1461.6
161.7 26374 2.5149 0.25026 1774.3 0.018941 1.8232 0.010775 1448.5
165.02 26484 2.5147 0.25115 1789.8 0.018383 1.8232 0.010618 1437.3
165.93 26514 2.5146 0.2514 1794 0.018224 1.8231 0.011131 1434.2
168.12 26585 2.5145 0.25199 1804.2 0.018027 1.8231 0.011354 1426.8
172.03 26712 2.5142 0.25306 1822.4 0.017934 1.8231 0.011975 1413.6
175.34 26821 2.5139 0.25398 1837.8 0.017948 1.823 0.01162 1402.4
176.25 26851 2.5139 0.25424 1842.1 0.017886 1.823 0.011436 1399.3
178.45 26923 2.5137 0.25485 1852.2 0.01728 1.823 0.0089873 1392
182.35 27043 2.5134 0.25595 1870.3 0.016213 1.8229 0.012843 1378.9
185.66 27150 2.5132 0.25689 1886.3 0.019154 1.8229 0.025214 1367.3
186.58 27185 2.5131 0.25715 1890.8 0.02117 1.8229 0.02748 1363.9
188.77 27283 2.5129 0.25778 1901.5 0.025306 1.8228 0.021959 1356
192.67 27475 2.5126 0.25891 1919.3 0.024677 1.8228 4.3844e-06 1343
195.99 27613 2.5124 0.25988 1933.6 0.018024 1.8227 5.2842e-06 1332.9
196.9 27643 2.5123 0.26014 1937.6 0.016927 1.8227 0.0030005 1330
199.09 27709 2.5121 0.26079 1947.3 0.013776 1.8227 3.4732e-06 1323.2
203 27787 2.5118 0.26194 1964.7 0.0067782 1.8226 2.7776e-06 1311.2
206.31 27822 2.5115 0.26293 1980.2 0.005125 1.8226 0.021781 1300.3
207.22 27832 2.5115 0.26321 1984.9 0.0069284 1.8226 0.026315 1297
209.42 27871 2.5113 0.26387 1996 0.011463 1.8225 0.029362 1289
213.32 27999 2.511 0.26505 2016.1 0.021125 1.8225 0.030946 1274.5
216.63 28164 2.5107 0.26607 2032.4 0.027491 1.8224 0.020884 1262.5
217.55 28216 2.5106 0.26635 2036.6 0.028126 1.8224 0.011878 1259.3
219.74 28338 2.5105 0.26703 2046.2 0.026036 1.8224 2.4962e-06 1252.3
223.64 28519 2.5101 0.26824 2063 0.018968 1.8223 1.744e-06 1240.5
226.96 28635 2.5099 0.26928 2077.6 0.015766 1.8223 0.011965 1230.1
227.87 28665 2.5098 0.26956 2081.7 0.015767 1.8223 0.012922 1227.1
230.06 28737 2.5096 0.27026 2091.5 0.015374 1.8223 0.010847 1220.1
233.97 28850 2.5093 0.2715 2108.7 0.011513 1.8222 3.3812e-07 1207.9
237.28 28911 2.509 0.27256 2123 0.0056778 1.8222 6.8811e-07 1198
238.19 28920 2.5089 0.27285 2126.9 0.0044067 1.8221 8.0259e-06 1195.2
240.39 28931 2.5087 0.27356 2136.2 0.00054112 1.8221 2.8782e-06 1188.6
244.29 28928 2.5084 0.27483 2153.5 0.00014687 1.8221 0.025644 1175.8
247.6 28950 2.5081 0.27591 2168.9 0.0071716 1.822 0.028673 1163.7
248.52 28967 2.508 0.27621 2173 0.0085294 1.822 0.024564 1160.4
250.71 29014 2.5078 0.27693 2182.4 0.011374 1.822 0.023431 1152.6
254.61 29137 2.5075 0.27823 2198.9 0.017394 1.8219 0.027821 1138.7
257.93 29283 2.5072 0.27933 2212.1 0.022525 1.8219 0.021584 1126.9
258.84 29330 2.5071 0.27964 2215.5 0.023113 1.8219 0.010595 1123.7
261.03 29438 2.5069 0.28038 2223 0.020857 1.8218 9.931e-08 1116.9
264.94 29592 2.5065 0.28169 2236.1 0.014377 1.8218 1.0746e-06 1105.2
268.25 29679 2.5062 0.28282 2246.9 0.009574 1.8218 4.6214e-06 1095.3
269.17 29698 2.5062 0.28313 2249.9 0.0080383 1.8217 6.9165e-06 1092.6
271.36 29730 2.506 0.28387 2257 0.0047784 1.8217 2.9298e-06 1086
275.26 29742 2.5056 0.28521 2269.5 -0.0017717 1.8217 3.1214e-06 1074.4
278.57 29721 2.5053 0.28635 2280.6 -0.0027171 1.8216 0.029147 1063.8
279.49 29716 2.5052 0.28667 2283.9 -0.00033194 1.8216 0.031479 1060.4
281.68 29725 2.505 0.28743 2291.5 0.0036934 1.8216 0.028814 1052.5
285.59 29787 2.5047 0.28879 2304.5 0.010116 1.8215 0.027514 1038.6
288.9 29883 2.5043 0.28994 2314.9 0.014785 1.8215 0.023825 1027
289.81 29916 2.5043 0.29026 2317.6 0.015707 1.8215 0.012008 1023.8
292 29992 2.5041 0.29103 2323.5 0.013807 1.8214 0.0009847 1017
295.91 30091 2.5037 0.29241 2333.7 0.0077737 1.8214 1.6112e-06 1005.3
299.22 30132 2.5034 0.29358 2342.3 0.0031541 1.8213 6.0236e-06 995.34
300.14 30138 2.5033 0.29391 2344.6 0.0017078 1.8213 3.7487e-06 992.61
302.33 30136 2.5031 0.29468 2350.2 -0.0018541 1.8213 1.6797e-06 986.08
306.23 30110 2.5027 0.29608 2360.7 -0.0028141 1.8212 0.023209 973.49
309.54 30103 2.5024 0.29726 2370.1 0.0019943 1.8212 0.023252 961.8
310.46 30110 2.5023 0.29759 2372.6 0.0026056 1.8212 0.018648 958.68
312.65 30127 2.5021 0.29838 2378.2 0.0039027 1.8212 0.018082 951.21
316.56 30172 2.5017 0.29979 2387.9 0.0058472 1.8211 0.016909 937.97
319.87 30224 2.5014 0.30099 2395.9 0.0072581 1.8211 0.016957 926.78
320.78 30241 2.5013 0.30132 2398 0.0076745 1.8211 0.025403 923.69
322.98 30288 2.5011 0.30211 2403.3 0.01058 1.821 0.025661 915.99
326.88 30414 2.5007 0.30354 2412.2 0.015895 1.821 0.025592 902.33
330.19 30554 2.5004 0.30475 2419.2 0.018748 1.8209 0.015958 891.14
331.11 30596 2.5003 0.30508 2421 0.018688 1.8209 0.0093833 888.22
333.3 30689 2.5001 0.30589 2425 0.016354 1.8209 5.1887e-08 881.63
337.2 30816 2.4997 0.30732 2431.9 0.010172 1.8209 4.3704e-06 870.37
340.52 30878 2.4994 0.30854 2437.8 0.0055076 1.8208 1.0072e-05 860.8
341.43 30889 2.4993 0.30888 2439.5 0.0040438 1.8208 4.6397e-05 858.2
343.62 30904 2.4991 0.30969 2443.4 0.00159 1.8208 0.0056154 851.78
347.53 30899 2.4987 0.31113 2450.6 -0.0028158 1.8207 9.3206e-07 840.33
350.84 30856 2.4983 0.31236 2456.9 -0.0080518 1.8207 6.494e-06 830.79
351.75 30836 2.4983 0.31271 2458.7 -0.0092127 1.8207 0.0089962 828.09
353.95 30783 2.498 0.31352 2463 -0.0098934 1.8206 0.015063 821.23
357.85 30708 2.4976 0.31498 2471.1 -0.0046869 1.8206 0.035649 807.79
361.16 30695 2.4973 0.31622 2477.8 0.0012848 1.8205 0.015586 796.01
362.08 30700 2.4972 0.31656 2479.5 0.00075682 1.8205 0.014363 793.12
364.27 30705 2.497 0.31739 2483.7 0.0013077 1.8205 0.015671 785.87
368.17 30724 2.4966 0.31886 2491.1 0.0026422 1.8205 0.015869 772.89
371.49 30751 2.4963 0.32011 2497.3 0.0038302 1.8204 0.016296 761.85
372.4 30760 2.4962 0.32045 2499 0.0042139 1.8204 0.020175 758.79
374.59 30789 2.4959 0.32128 2503.1 0.0057178 1.8204 0.015862 751.38
378.5 30836 2.4956 0.32276 2510.2 0.0033327 1.8203 1.2155e-06 739.04
381.81 30854 2.4952 0.32402 2516.3 0.0015786 1.8203 0.025075 728.54
382.72 30858 2.4951 0.32437 2518.1 0.0036349 1.8203 0.026281 725.21
384.92 30886 2.4949 0.32521 2522.1 0.0058741 1.8203 0.017218 717.68
388.82 30937 2.4945 0.3267 2529.1 0.0037443 1.8202 9.4629e-07 705.33
392.13 30956 2.4942 0.32797 2535 0.0011545 1.8202 0.017797 695
393.05 30959 2.4941 0.32832 2536.7 0.0023232 1.8202 0.017549 691.83
395.24 30975 2.4938 0.32916 2540.7 0.003533 1.8201 0.017822 684.5
399.14 31021 2.4934 0.33067 2547.7 0.0057384 1.8201 0.017797 671.43
402.46 31077 2.4931 0.33195 2553.4 0.0075668 1.82 0.017878 660.39
403.37 31096 2.493 0.3323 2555 0.0080741 1.82 0.013498 657.35
405.56 31138 2.4928 0.33315 2558.6 0.006575 1.82 2.4564e-06 650.54
409.47 31174 2.4923 0.33466 2565.2 0.00066703 1.82 2.0121e-06 639
412.78 31168 2.492 0.33595 2570.9 -0.00095437 1.8199 0.017431 628.61
413.69 31167 2.4919 0.33631 2572.5 -0.00017858 1.8199 0.016853 625.53
415.16 31168 2.4918 0.33688 2575 0.00052411 1.8199 0.017115 620.69
417.76 31176 2.4915 0.33789 2579.4 0.0017967 1.8199 0.016807 612.06
419.97 31189 2.4912 0.33875 2583.2 0.0028119 1.8198 0.016538 604.74
420.58 31194 2.4912 0.33899 2584.2 0.0030882 1.8198 0.0167 602.72
422.04 31206 2.491 0.33956 2586.6 0.0037634 1.8198 0.016589 597.88
424.64 31236 2.4908 0.34058 2590.9 0.0049751 1.8198 0.016833 589.27
426.85 31268 2.4905 0.34145 2594.4 0.006084 1.8197 0.017376 581.95
427.46 31277 2.4905 0.34169 2595.4 0.0064106 1.8197 0.017005 579.94
428.92 31303 2.4903 0.34226 2597.7 0.0067712 1.8197 0.011615 575.18
431.52 31344 2.49 0.34329 2601.8 0.0049898 1.8197 4.3426e-06 567.13
433.73 31364 2.4898 0.34416 2605.3 0.0019439 1.8197 5.9533e-06 560.58
434.34 31367 2.4897 0.3444 2606.3 0.0012787 1.8197 0.0019802 558.74
435.8 31369 2.4896 0.34498 2608.6 5.8616e-05 1.8196 0.0061714 554.27
438.41 31367 2.4893 0.34601 2612.8 -0.00030203 1.8196 0.014988 545.99
440.61 31368 2.4891 0.34688 2616.4 0.00080257 1.8196 0.017733 538.71
441.22 31370 2.489 0.34712 2617.3 0.0011338 1.8196 0.017722 536.69
442.69 31375 2.4888 0.3477 2619.6 0.001876 1.8196 0.016197 531.86
445.29 31391 2.4886 0.34873 2623.7 0.0026517 1.8195 0.013532 523.36
447.5 31407 2.4883 0.34961 2627.2 0.0028807 1.8195 0.012375 516.22
448.11 31412 2.4882 0.34985 2628.1 0.002917 1.8195 0.012534 514.25
449.57 31423 2.4881 0.35044 2630.3 0.0029742 1.8195 0.011768 509.55
452.17 31443 2.4878 0.35147 2634.3 0.0028505 1.8194 0.010988 501.21
454.38 31460 2.4876 0.35235 2637.7 0.0027612 1.8194 0.01199 494.13
454.99 31464 2.4875 0.3526 2638.6 0.002799 1.8194 0.012009 492.17
457.18 31480 2.4873 0.35347 2642 0.0028063 1.8194 0.011538 485.13
461.09 31509 2.4868 0.35504 2647.8 0.0027628 1.8193 0.011623 472.62
464.4 31533 2.4865 0.35637 2652.8 0.0027424 1.8193 0.011312 462.01
465.31 31540 2.4864 0.35673 2654.1 0.0027025 1.8193 0.01184 459.09
467.5 31556 2.4861 0.35761 2657.3 0.0027063 1.8193 0.011449 452.07
471.41 31584 2.4857 0.35919 2663.1 0.0026735 1.8192 0.011538 439.59
474.72 31607 2.4854 0.36052 2667.9 0.0026609 1.8192 0.011248 429
475.64 31614 2.4853 0.36089 2669.2 0.0026262 1.8192 0.011722 426.09
477.83 31629 2.485 0.36178 2672.3 0.0025985 1.8191 0.011152 419.09
481.73 31656 2.4846 0.36336 2677.9 0.0025488 1.8191 0.011552 406.64
485.04 31678 2.4842 0.3647 2682.6 0.0025549 1.8191 0.010923 396.07
485.96 31685 2.4841 0.36508 2683.9 0.0024854 1.8191 0.011029 393.17
488.15 31700 2.4839 0.36597 2687 0.0029614 1.819 0.017624 386.1
492.06 31759 2.4835 0.36756 2692 0.0096054 1.819 0.040417 372.54
495.37 31891 2.4831 0.36891 2695.3 0.020638 1.819 0.048448 360.22
496.28 31946 2.483 0.36928 2696.1 0.023703 1.8189 0.050708 356.86
498.47 32111 2.4827 0.37018 2697.5 0.032225 1.8189 0.057257 348.69
502.38 32540 2.4823 0.37177 2698.4 0.049481 1.8189 0.06777 334.29
505.69 33049 2.4819 0.37312 2697.7 0.064373 1.8189 0.070123 322.68
506.61 33212 2.4818 0.37349 2697.4 0.068099 1.8189 0.071389 319.65
508.8 33640 2.4816 0.37438 2696.4 0.07661 1.8189 0.07086 312.7
512.7 34514 2.4812 0.37597 2694.1 0.089176 1.8189 0.072092 301.55
516.02 35349 2.4808 0.37732 2691.2 0.097979 1.8189 0.078873 293.21
516.93 35592 2.4807 0.37769 2690.3 0.10028 1.8189 0.077974 291.06
519.12 36196 2.4805 0.37857 2687.9 0.10477 1.8189 0.078631 286.34
523.03 37324 2.48 0.38015 2684.1 0.11026 1.8189 0.076469 278.66
526.34 38311 2.4797 0.38149 2678.5 0.11171 1.8189 0.063682 275.24
527.25 38583 2.4796 0.38185 2675.6 0.1114 1.8189 0.060483 275.63
529.45 39232 2.4793 0.38273 2670.2 0.11021 1.8189 0.059508 275.63
533.35 40360 2.4789 0.3843 2661.5 0.10668 1.8189 0.058795 275.63
536.66 41280 2.4785 0.38562 2654.8 0.10253 1.8189 0.058349 275.63
537.58 41526 2.4784 0.38599 2653.1 0.10123 1.8189 0.058038 275.63
539.04 41914 2.4783 0.38657 2650.4 0.098998 1.8189 0.057366 275.63
541.64 42580 2.478 0.38761 2646 0.094687 1.8189 0.058213 275.63
543.85 43121 2.4777 0.38849 2642.4 0.090777 1.8189 0.059413 275.63
544.46 43266 2.4777 0.38873 2641.4 0.089659 1.8189 0.059658 275.63
545.92 43607 2.4775 0.38931 2639.2 0.086915 1.8189 0.060198 275.63
548.52 44185 2.4772 0.39034 2635.5 0.081844 1.8189 0.062422 275.63
550.73 44648 2.477 0.39122 2632.5 0.077415 1.8189 0.065491 275.63
551.34 44771 2.4769 0.39146 2631.7 0.076178 1.8189 0.066283 275.63
552.8 45058 2.4768 0.39204 2629.8 0.073181 1.8189 0.067508 275.63
555.41 45540 2.4765 0.39307 2626.6 0.067731 1.8189 0.06967 275.63
557.61 45918 2.4763 0.39395 2624.1 0.06298 1.8189 0.06977 275.63
558.22 46018 2.4762 0.39419 2623.5 0.061641 1.8189 0.069872 275.63
560.42 46358 2.4759 0.39505 2621.2 0.056757 1.8189 0.069724 275.63
564.32 46893 2.4755 0.3966 2617.5 0.047789 1.8188 0.069752 275.63
567.63 47273 2.4752 0.3979 2614.8 0.039962 1.8188 0.069587 275.63
568.55 47366 2.4751 0.39826 2614.1 0.037771 1.8188 0.069553 275.63
570.74 47567 2.4748 0.39913 2612.5 0.032478 1.8188 0.069551 275.63
574.64 47850 2.4744 0.40067 2610.1 0.022928 1.8187 0.069602 275.63
577.96 48013 2.474 0.40197 2608.3 0.014735 1.8187 0.069745 275.63
578.87 48045 2.4739 0.40233 2607.9 0.012463 1.8187 0.069643 275.63
581.06 48101 2.4737 0.4032 2606.9 0.0070018 1.8187 0.069721 275.63
584.97 48122 2.4733 0.40473 2605.6 -0.0027505 1.8186 0.069655 275.63
588.28 48063 2.4729 0.40604 2604.7 -0.01103 1.8186 0.069365 275.63
589.19 48034 2.4728 0.4064 2604.5 -0.013313 1.8186 0.069489 275.63
591.39 47942 2.4726 0.40726 2604 -0.01877 1.8185 0.069561 275.63
595.29 47702 2.4722 0.40879 2603.6 -0.028424 1.8185 0.069421 275.63
598.6 47422 2.4718 0.41009 2603.4 -0.036523 1.8184 0.069376 275.63
599.52 47333 2.4717 0.41045 2603.4 -0.038739 1.8184 0.069361 275.63
603.9 46830 2.4712 0.41218 2603.6 -0.049213 1.8183 0.069727 275.63
611.71 45649 2.4704 0.41524 2604.5 -0.066891 1.8181 0.070071 275.63
618.34 44373 2.4697 0.41784 2605.7 -0.080937 1.818 0.061429 275.63
620.16 43979 2.4695 0.41856 2606.1 -0.084752 1.8179 0.059854 275.63
623.45 43225 2.4691 0.41985 2606.9 -0.091276 1.8178 0.058235 275.63
629.31 41751 2.4685 0.42215 2608.1 -0.10182 1.8177 0.055903 275.63
634.28 40384 2.4679 0.4241 2608.7 -0.10915 1.8176 0.056706 275.63
635.65 39991 2.4678 0.42464 2608.7 -0.11079 1.8175 0.058639 275.63
638.94 39030 2.4674 0.42593 2608.5 -0.11385 1.8174 0.058514 275.51
644.79 37271 2.4668 0.42822 2605.4 -0.11601 1.8172 0.062763 276.09
649.76 35795 2.4663 0.43017 2605.4 -0.11128 1.8171 0.078621 272.16
651.14 35403 2.4661 0.43071 2607.9 -0.10811 1.8171 0.079268 268.49
653.33 34801 2.4659 0.43157 2610.4 -0.10238 1.817 0.079517 263.32
657.23 33822 2.4655 0.4331 2614.8 -0.089289 1.8169 0.077383 252.86
660.54 33107 2.4651 0.43441 2618.5 -0.075715 1.8168 0.074341 242.76
661.46 32930 2.465 0.43477 2619.6 -0.071629 1.8168 0.074298 239.78
663.65 32549 2.4648 0.43564 2622 -0.061089 1.8167 0.072139 232.3
667.56 32021 2.4643 0.43719 2626.6 -0.042077 1.8167 0.062139 218.22
670.87 31721 2.464 0.43851 2631.1 -0.027184 1.8166 0.054453 205.89
671.78 31660 2.4639 0.43888 2632.4 -0.023261 1.8166 0.051731 202.46
673.97 31551 2.4636 0.43975 2635.6 -0.014448 1.8166 0.048381 194.21
677.88 31477 2.4632 0.44131 2641.3 -0.00077964 1.8165 0.037335 179.66
681.19 31501 2.4628 0.44264 2646.3 0.0051278 1.8165 0.013375 168.17
682.11 31514 2.4627 0.443 2647.7 0.005 1.8164 0.0053157 165.29
684.3 31537 2.4625 0.44388 2651.1 0.0029083 1.8164 2.6716e-06 158.68
688.2 31559 2.462 0.44545 2657.1 0.0021227 1.8164 0.018307 146.43
691.52 31593 2.4617 0.44679 2661.9 0.0065981 1.8163 0.021303 135.22
692.43 31611 2.4616 0.44716 2663.2 0.007392 1.8163 0.011737 132.2
694.62 31652 2.4613 0.44804 2666.5 0.0062043 1.8163 2.788e-06 125.49
698.53 31693 2.4609 0.44962 2672.3 0.00143 1.8162 6.7431e-06 113.99
701.84 31691 2.4605 0.45096 2677.3 -0.0012333 1.8162 0.0037664 104.01
702.75 31688 2.4604 0.45133 2678.7 -0.0018444 1.8162 0.0038965 101.23
704.95 31676 2.4601 0.45222 2682 -0.001752 1.8161 0.017622 94.307
708.85 31699 2.4597 0.45381 2686.9 0.0084539 1.8161 0.052067 80.322
712.16 31851 2.4593 0.45516 2688.6 0.027185 1.8161 0.074005 66.979
713.08 31926 2.4592 0.45553 2688.4 0.033314 1.816 0.079145 63.21
715.27 32169 2.459 0.45643 2686.7 0.049618 1.816 0.091309 54.081
719.17 32861 2.4585 0.45801 2678.6 0.083209 1.816 0.11775 37.984
722.49 33730 2.4582 0.45934 2667 0.11351 1.816 0.13325 25.187
723.4 34016 2.4581 0.45971 2663.3 0.12135 1.816 0.14336 21.936
724.86 34512 2.4579 0.46029 2656.2 0.13438 1.816 0.15195 16.874
727.46 35510 2.4576 0.46133 2643.1 0.1555 1.816 0.15811 8.7456
729.67 36456 2.4574 0.4622 2632.5 0.17011 1.816 0.15695 2.8602
730.28 36730 2.4573 0.46244 2629.8 0.17356 1.816 0.15664 1.3984
731.74 37407 2.4571 0.46301 2621.2 0.18068 1.8161 0.15441 0.00012071
734.35 38662 2.4569 0.46402 2603.7 0.19012 1.8161 0.15521 0.64906
736.56 39763 2.4566 0.46487 2591.5 0.19589 1.8161 0.16036 0.23043
737.16 40071 2.4566 0.46511 2588 0.19717 1.8161 0.16042 0.3902
738.63 40816 2.4564 0.46567 2580.4 0.19966 1.8161 0.16247 0.3902
741.23 42155 2.4561 0.46666 2567.9 0.20238 1.8161 0.16541 0.3902
743.44 43295 2.4559 0.4675 2558.3 0.20313 1.8162 0.16438 0.3902
744.05 43610 2.4558 0.46773 2555.9 0.20309 1.8162 0.16396 0.3902
