time (s) altitude (m) velocity (m/s) mass (kg)trajectory angle (rad) angle of attack (rad) heading angle (rad) latitude (rad)
0 90 30 29388 1.5691 0 1.3334 -0.2123 2.3868
0.44108 103.56 31.492 29324 1.5687 -0.0013579 1.3768 -0.2123 2.3868
1.2267 129.35 34.178 29211 1.5672 -0.0036874 1.4284 -0.2123 2.3868
1.8932 152.9 36.486 29115 1.565 -0.0055089 1.4525 -0.2123 2.3868
2.0772 159.68 37.128 29089 1.5643 -0.0059827 1.4576 -0.2123 2.3868
2.5183 176.39 38.675 29025 1.5623 -0.0070718 1.4672 -0.2123 2.3868
3.3039 207.86 41.459 28912 1.5578 -0.0088061 1.4791 -0.2123 2.3868
3.9704 236.29 43.85 28816 1.553 -0.010061 1.486 -0.2123 2.3868
4.1545 244.42 44.514 28790 1.5516 -0.010378 1.4875 -0.2123 2.3868
5.0366 285.09 47.73 28663 1.5436 -0.011723 1.4935 -0.2123 2.3868
6.6078 364.61 53.578 28436 1.5259 -0.013241 1.5004 -0.2123 2.3868
7.9409 439.3 58.663 28244 1.5073 -0.013584 1.5042 -0.2123 2.3868
8.3089 461.1 60.088 28191 1.5017 -0.013548 1.5051 -0.2123 2.3868
9.1911 515.47 63.541 28064 1.4872 -0.013223 1.5068 -0.2123 2.3868
10.762 619.71 69.833 27838 1.4586 -0.011762 1.5093 -0.2123 2.3868
12.095 715.69 75.327 27646 1.4318 -0.0095921 1.5109 -0.2123 2.3868
12.463 743.41 76.869 27593 1.4241 -0.0088692 1.5113 -0.2123 2.3868
13.125 794.58 79.671 27498 1.4099 -0.0074441 1.5119 -0.21229 2.3868
14.303 889.98 84.754 27328 1.3839 -0.0044465 1.513 -0.21229 2.3868
15.303 975.21 89.158 27185 1.3613 -0.0013947 1.5137 -0.21229 2.3868
15.579 999.43 90.388 27145 1.355 -0.00049339 1.5139 -0.21229 2.3868
16.241 1058.7 93.369 27050 1.34 0.0017861 1.5144 -0.21229 2.3868
17.419 1168.6 98.79 26880 1.3138 0.0061739 1.5151 -0.21228 2.3868
18.419 1266.1 103.49 26736 1.2921 0.010095 1.5157 -0.21228 2.3868
18.695 1293.7 104.81 26696 1.2862 0.011177 1.5158 -0.21228 2.3868
19.357 1361.1 108 26601 1.2725 0.013767 1.5161 -0.21227 2.3868
20.535 1485.5 113.78 26432 1.2492 0.018173 1.5167 -0.21227 2.3868
21.535 1595.5 118.79 26288 1.2306 0.021558 1.5172 -0.21226 2.3868
21.811 1626.5 120.19 26248 1.2257 0.022429 1.5173 -0.21226 2.3868
22.473 1702.3 123.58 26153 1.2143 0.024419 1.5176 -0.21225 2.3868
23.651 1841.6 129.71 25983 1.1955 0.027487 1.5181 -0.21225 2.3868
24.651 1964.3 135.02 25839 1.1808 0.029595 1.5185 -0.21224 2.3868
24.927 1999 136.5 25800 1.177 0.03012 1.5186 -0.21224 2.3868
25.798 2110.4 141.21 25674 1.1656 0.031621 1.5189 -0.21223 2.3868
27.522 2340.6 150.73 25426 1.1456 0.033582 1.5195 -0.21221 2.3868
29.433 2611.2 161.57 25151 1.1269 0.03425 1.5202 -0.21219 2.3868
30.803 2815.3 169.51 24954 1.1154 0.03425 1.5206 -0.21218 2.3868
31.158 2869.8 171.61 24903 1.1127 0.034219 1.5207 -0.21217 2.3868
31.82 2972.7 175.53 24808 1.108 0.034169 1.5209 -0.21217 2.3868
32.998 3161.1 182.61 24638 1.1006 0.034125 1.5213 -0.21215 2.3868
33.998 3326.4 188.72 24495 1.0953 0.034148 1.5216 -0.21214 2.3868
34.274 3372.9 190.42 24455 1.094 0.034155 1.5217 -0.21213 2.3868
34.936 3485.9 194.53 24360 1.0913 0.0342 1.5219 -0.21212 2.3868
36.114 3692.9 201.94 24190 1.0876 0.034303 1.5223 -0.21211 2.3868
37.114 3874.5 208.33 24047 1.0856 0.034373 1.5226 -0.21209 2.3868
37.39 3925.5 210.11 24007 1.0853 0.034389 1.5227 -0.21209 2.3868
38.052 4049.7 214.4 23912 1.0848 0.034428 1.5229 -0.21208 2.3868
39.23 4277.1 222.14 23742 1.0852 0.034475 1.5232 -0.21206 2.3868
40.23 4476.6 228.81 23599 1.0867 0.034498 1.5235 -0.21204 2.3868
40.506 4532.7 230.66 23559 1.0873 0.034503 1.5236 -0.21204 2.3868
41.168 4669.2 235.14 23464 1.0892 0.03452 1.5238 -0.21203 2.3868
42.346 4919.2 243.22 23294 1.0936 0.034555 1.5242 -0.21201 2.3868
43.346 5138.6 250.18 23151 1.0987 0.034626 1.5245 -0.21199 2.3868
43.622 5200.4 252.12 23111 1.1003 0.034661 1.5246 -0.21198 2.3868
44.236 5339.7 256.47 23023 1.1042 0.034751 1.5248 -0.21197 2.3868
45.52 5639.7 265.67 22838 1.1138 0.034785 1.5252 -0.21195 2.3868
47.124 6032 277.42 22608 1.1279 0.033846 1.5257 -0.21192 2.3868
48.62 6415.5 288.36 22393 1.1416 0.031786 1.5262 -0.21189 2.3868
49.605 6677.6 295.22 22251 1.1495 0.029889 1.5266 -0.21187 2.3868
49.853 6744.6 296.87 22215 1.1512 0.029318 1.5267 -0.21187 2.3868
51.177 7109.2 305.28 22025 1.1582 0.02585 1.5271 -0.21184 2.3868
53.534 7783.8 318.79 21687 1.1607 0.017554 1.528 -0.2118 2.3868
55.533 8377.1 329.31 21399 1.1508 0.0084134 1.5287 -0.21176 2.3869
56.085 8543.7 332.15 21320 1.1459 0.0055743 1.5289 -0.21174 2.3869
56.956 8808.4 336.66 21195 1.1363 0.0010692 1.5292 -0.21173 2.3869
58.68 9339 345.84 20947 1.1112 -0.0069152 1.5298 -0.21169 2.3869
60.592 9935.4 356.75 20672 1.0756 -0.014064 1.5303 -0.21164 2.3869
61.961 10367 365.18 20475 1.0468 -0.018181 1.5307 -0.2116 2.3869
62.317 10479 367.44 20424 1.0389 -0.019078 1.5308 -0.21159 2.3869
62.978 10689 371.74 20329 1.0239 -0.020643 1.531 -0.21157 2.3869
64.157 11064 379.7 20160 0.99631 -0.022934 1.5313 -0.21153 2.3869
65.157 11383 386.76 20016 0.9722 -0.024354 1.5316 -0.2115 2.3869
65.433 11472 388.77 19977 0.96547 -0.024673 1.5316 -0.21149 2.3869
66.094 11683 393.68 19881 0.94928 -0.025297 1.5318 -0.21147 2.3869
67.273 12061 402.8 19712 0.92037 -0.025912 1.5321 -0.21142 2.3869
68.273 12381 410.9 19568 0.89603 -0.025962 1.5323 -0.21138 2.3869
68.549 12470 413.2 19529 0.88937 -0.02592 1.5323 -0.21137 2.3869
69.21 12682 418.82 19434 0.87353 -0.025774 1.5325 -0.21135 2.3869
70.389 13061 429.23 19264 0.84587 -0.025378 1.5327 -0.21129 2.3869
71.388 13382 438.45 19120 0.82302 -0.025034 1.5329 -0.21125 2.3869
71.664 13471 441.07 19081 0.81681 -0.024969 1.5329 -0.21124 2.3869
72.326 13684 447.44 18986 0.8021 -0.024874 1.5331 -0.2112 2.3869
73.504 14063 459.21 18816 0.77644 -0.025055 1.5333 -0.21115 2.3869
74.504 14384 469.61 18673 0.75513 -0.025618 1.5334 -0.21109 2.3869
74.78 14473 472.55 18633 0.7493 -0.02583 1.5335 -0.21108 2.3869
75.651 14754 482.02 18508 0.73108 -0.026637 1.5336 -0.21103 2.3869
77.375 15308 501.64 18260 0.6955 -0.029196 1.5339 -0.21093 2.3869
79.287 15922 524.77 17985 0.65623 -0.033678 1.5342 -0.21081 2.3869
80.656 16359 542.27 17788 0.62785 -0.037847 1.5344 -0.21072 2.3869
81.012 16472 546.96 17737 0.62042 -0.03908 1.5344 -0.21069 2.3869
81.674 16682 555.81 17641 0.60653 -0.041439 1.5345 -0.21065 2.3869
82.852 17054 572.11 17472 0.58158 -0.045937 1.5346 -0.21056 2.3869
83.852 17367 586.5 17328 0.56025 -0.049954 1.5348 -0.21048 2.3869
84.128 17453 590.57 17288 0.55436 -0.051059 1.5348 -0.21046 2.3869
84.789 17658 600.5 17193 0.54023 -0.053681 1.5349 -0.21041 2.3869
85.968 18020 618.85 17024 0.51527 -0.058047 1.535 -0.21031 2.3869
86.968 18323 635.1 16880 0.49447 -0.06133 1.5351 -0.21023 2.3869
87.244 18406 639.7 16840 0.48882 -0.062175 1.5351 -0.2102 2.3869
88.115 18666 654.53 16715 0.47126 -0.064703 1.5352 -0.21012 2.3869
89.839 19173 685.33 16467 0.43792 -0.068738 1.5354 -0.20996 2.3869
91.75 19721 721.66 16191 0.40334 -0.071568 1.5356 -0.20977 2.3869
93.119 20106 749.03 15994 0.38012 -0.072692 1.5357 -0.20962 2.3869
93.475 20204 756.33 15943 0.37428 -0.072861 1.5358 -0.20959 2.3869
94.799 20567 784.07 15753 0.35325 -0.073345 1.5359 -0.20944 2.3869
97.155 21194 835.85 15413 0.31796 -0.073491 1.5361 -0.20915 2.3869
99.155 21708 881.99 15125 0.28961 -0.072913 1.5362 -0.2089 2.387
99.707 21846 895.07 15046 0.28196 -0.072622 1.5362 -0.20882 2.387
101.03 22171 926.97 14855 0.26384 -0.07158 1.5363 -0.20864 2.387
103.39 22723 985.61 14516 0.23212 -0.067833 1.5365 -0.2083 2.387
105.39 23162 1037 14228 0.20565 -0.062465 1.5366 -0.20799 2.387
105.94 23278 1051.4 14148 0.19843 -0.060721 1.5367 -0.2079 2.387
106.6 23413 1068.8 14053 0.18983 -0.058444 1.5367 -0.2078 2.387
107.78 23645 1100.2 13883 0.17473 -0.054066 1.5368 -0.2076 2.387
108.78 23831 1127.2 13739 0.16222 -0.050138 1.5368 -0.20743 2.387
109.05 23881 1134.8 13699 0.15882 -0.049063 1.5368 -0.20738 2.387
109.72 23998 1153 13604 0.1508 -0.046515 1.5369 -0.20726 2.387
110.89 24195 1185.9 13434 0.13691 -0.042317 1.5369 -0.20705 2.387
111.89 24352 1214.4 13290 0.12553 -0.039208 1.537 -0.20686 2.387
112.17 24394 1222.3 13250 0.12245 -0.038412 1.537 -0.20681 2.387
112.83 24490 1241.5 13155 0.11516 -0.036584 1.537 -0.20669 2.387
114.01 24651 1276.3 12985 0.10255 -0.033778 1.5371 -0.20645 2.387
115.01 24777 1306.4 12841 0.092159 -0.031866 1.5371 -0.20625 2.3871
115.29 24810 1314.8 12801 0.089339 -0.031375 1.5371 -0.2062 2.3871
115.95 24885 1335.1 12705 0.08267 -0.030241 1.5372 -0.20606 2.3871
117.13 25007 1371.7 12536 0.07115 -0.028075 1.5372 -0.20581 2.3871
118.13 25099 1403.2 12391 0.061853 -0.025808 1.5373 -0.2056 2.3871
118.4 25123 1412 12352 0.059386 -0.025087 1.5373 -0.20554 2.3871
119.06 25176 1433.2 12256 0.053682 -0.02326 1.5373 -0.20539 2.3871
120.24 25260 1471.2 12086 0.04439 -0.019512 1.5373 -0.20512 2.3871
121.24 25321 1503.8 11942 0.037591 -0.015798 1.5374 -0.20489 2.3871
121.52 25336 1512.8 11902 0.035923 -0.014699 1.5374 -0.20482 2.3871
122.18 25370 1534.6 11807 0.032312 -0.011917 1.5374 -0.20467 2.3871
123.36 25424 1573.8 11637 0.02703 -0.0064427 1.5375 -0.20438 2.3871
124.36 25464 1607.6 11493 0.023638 -0.0013341 1.5375 -0.20413 2.3871
124.63 25475 1617.1 11453 0.022903 0.000122 1.5375 -0.20406 2.3871
