time (s) altitude (m) longitude (rad) latitude (rad) velocity (m/s) trajectory angle (rad) heading angle (rad) angle of attack (rad) bank angle (rad) fuel mass (kg) 
124.64 25408 2.3867 -0.20405 1617.7 0.021058 1.5826 1.4992e-05 0.27335 1562
126.42 25465 2.3867 -0.2036 1623.5 0.018372 1.5848 0.0070504 0.27053 1557.4
129.61 25553 2.3867 -0.20279 1634.5 0.015922 1.5891 0.0093941 0.254 1549
132.31 25620 2.3867 -0.20209 1644.1 0.014016 1.5926 0.00931 0.2334 1541.8
133.06 25637 2.3867 -0.2019 1646.8 0.013564 1.5935 0.010979 0.22776 1539.7
134.84 25676 2.3867 -0.20144 1653.4 0.012863 1.5956 0.011038 0.21275 1534.8
138.03 25741 2.3867 -0.20061 1665.6 0.011972 1.5991 0.01194 0.18058 1525.8
140.73 25794 2.3867 -0.19991 1676.4 0.011778 1.6017 0.013001 0.16064 1517.9
141.48 25809 2.3866 -0.19971 1679.4 0.011818 1.6024 0.013432 0.1577 1515.7
143.27 25845 2.3866 -0.19924 1686.8 0.012026 1.604 0.013545 0.14919 1510.4
146.45 25911 2.3866 -0.1984 1700.2 0.012756 1.6066 0.01444 0.12252 1500.7
149.15 25973 2.3866 -0.19768 1712 0.013849 1.6084 0.015144 0.10192 1492.2
149.9 25991 2.3866 -0.19748 1715.3 0.014205 1.6089 0.015591 0.09759 1489.8
151.69 26036 2.3865 -0.197 1723.3 0.015201 1.6099 0.015681 0.087469 1484.1
154.87 26125 2.3865 -0.19614 1737.9 0.017076 1.6115 0.01565 0.070389 1473.6
157.57 26209 2.3865 -0.1954 1750.6 0.01852 1.6126 0.014687 0.062747 1464.6
158.32 26233 2.3865 -0.1952 1754.1 0.018827 1.6129 0.014288 0.06172 1462
160.11 26293 2.3865 -0.19471 1762.5 0.019215 1.6135 0.012072 0.058767 1456
163.29 26401 2.3864 -0.19383 1777.5 0.018825 1.6145 0.010041 0.051002 1445.3
166 26490 2.3864 -0.19308 1790.1 0.018268 1.6153 0.010914 0.047724 1436.2
166.74 26514 2.3864 -0.19287 1793.6 0.018224 1.6155 0.011183 0.047863 1433.7
168.53 26573 2.3863 -0.19237 1801.9 0.018081 1.6159 0.011077 0.048352 1427.7
171.71 26676 2.3863 -0.19147 1816.7 0.017777 1.6168 0.011033 0.049143 1417
174.42 26763 2.3863 -0.1907 1829.3 0.017557 1.6175 0.011323 0.050264 1407.8
175.16 26787 2.3863 -0.19048 1832.8 0.017523 1.6178 0.012619 0.050382 1405.3
176.95 26845 2.3862 -0.18997 1841.2 0.018127 1.6183 0.01571 0.049834 1399.2
180.14 26960 2.3862 -0.18905 1856.5 0.021324 1.6193 0.022004 0.052466 1388
182.84 27079 2.3861 -0.18827 1869.6 0.026127 1.6204 0.02677 0.062783 1378.3
183.58 27116 2.3861 -0.18805 1873.2 0.027721 1.6208 0.026868 0.066641 1375.6
185.37 27215 2.3861 -0.18752 1881.7 0.030536 1.6217 0.019213 0.077444 1369.2
188.56 27398 2.3861 -0.18659 1895.7 0.029176 1.623 4.5683e-05 0.099814 1358.8
191.26 27535 2.386 -0.18578 1907 0.023849 1.6239 5.8234e-05 0.122 1350.7
192 27568 2.386 -0.18556 1910.2 0.022836 1.6243 0.00038394 0.12819 1348.4
193.79 27641 2.386 -0.18503 1917.8 0.019813 1.6251 3.2824e-05 0.14254 1342.9
196.98 27746 2.3859 -0.18407 1931.4 0.014323 1.6267 2.9065e-05 0.16657 1333.3
199.68 27808 2.3859 -0.18326 1943.1 0.0096827 1.6282 3.4298e-05 0.18198 1325.1
200.43 27822 2.3859 -0.18303 1946.4 0.0084008 1.6286 0.00010673 0.18366 1322.9
203.11 27851 2.3858 -0.18221 1958.2 0.0033493 1.6301 2.1226e-05 0.194 1314.8
207.89 27868 2.3857 -0.18074 1980.8 0.0021795 1.6348 0.024478 0.23174 1299.1
211.94 27916 2.3856 -0.17949 2001.7 0.011339 1.6419 0.032475 0.27245 1284.1
213.06 27946 2.3856 -0.17914 2007.5 0.013749 1.6441 0.02914 0.28319 1280
215.74 28035 2.3855 -0.17829 2021.1 0.018905 1.6495 0.028594 0.30902 1270.1
220.52 28259 2.3854 -0.17678 2044.8 0.02703 1.6597 0.027959 0.35519 1252.7
224.57 28510 2.3853 -0.17549 2064.3 0.033249 1.6692 0.029547 0.38223 1238.2
225.69 28589 2.3853 -0.17513 2069.6 0.035019 1.6719 0.0299 0.38512 1234.2
228.18 28778 2.3852 -0.17433 2081.2 0.038707 1.6779 0.031367 0.39114 1225.5
233.38 29250 2.385 -0.17264 2104.5 0.047298 1.6914 0.032447 0.41977 1207.5
239.89 29908 2.3847 -0.1705 2128.9 0.044933 1.7033 1.1088e-05 0.45875 1188.1
245.95 30389 2.3844 -0.1685 2147.2 0.02837 1.7081 1.3023e-05 0.47777 1173.4
249.95 30602 2.3842 -0.16717 2159.9 0.023848 1.7145 0.029269 0.48261 1162.9
250.95 30656 2.3842 -0.16683 2163.3 0.024083 1.7169 0.028436 0.4823 1160.1
253.63 30795 2.384 -0.16594 2171.8 0.023654 1.7225 0.026485 0.48068 1152.7
258.41 31032 2.3838 -0.16433 2186.3 0.021792 1.7318 0.024487 0.46729 1140.1
262.47 31217 2.3836 -0.16296 2198 0.019776 1.739 0.024778 0.44162 1129.6
263.58 31265 2.3835 -0.16258 2201.2 0.019258 1.7409 0.024581 0.4335 1126.7
266.27 31375 2.3833 -0.16167 2208.7 0.017896 1.7453 0.024338 0.41194 1120
271.04 31551 2.383 -0.16005 2221.5 0.015351 1.7523 0.023898 0.37294 1108
275.1 31679 2.3828 -0.15866 2232 0.013048 1.7576 0.023326 0.34644 1098.1
276.22 31711 2.3827 -0.15828 2234.9 0.012376 1.759 0.023313 0.34251 1095.4
278.9 31780 2.3825 -0.15736 2241.7 0.010731 1.7623 0.022906 0.32937 1088.9
283.68 31879 2.3822 -0.15571 2253.5 0.0077209 1.7674 0.02245 0.28478 1077.4
287.73 31939 2.3819 -0.15431 2263.4 0.0052101 1.7711 0.022126 0.24422 1067.7
288.85 31951 2.3818 -0.15392 2266.1 0.004524 1.7721 0.022138 0.23448 1065
291.53 31974 2.3816 -0.15299 2272.5 0.0029203 1.7741 0.021935 0.21024 1058.6
296.31 31990 2.3813 -0.15133 2283.8 0.00019234 1.7772 0.021762 0.16448 1047.2
300.36 31982 2.381 -0.14991 2293.4 -0.0019497 1.7793 0.021638 0.1391 1037.4
301.48 31976 2.3809 -0.14952 2296 -0.0025162 1.7799 0.021833 0.13568 1034.7
304.16 31957 2.3807 -0.14857 2302.3 -0.0037847 1.7811 0.021704 0.12521 1028.1
308.94 31904 2.3803 -0.14689 2313.5 -0.0057622 1.783 0.021916 0.094225 1016.3
312.99 31843 2.38 -0.14546 2323 -0.0071111 1.7842 0.021774 0.072673 1006.1
314.11 31824 2.3799 -0.14506 2325.6 -0.0074538 1.7845 0.021671 0.06865 1003.2
316.79 31775 2.3797 -0.14411 2331.8 -0.0081454 1.7851 0.022018 0.05918 996.34
321.57 31680 2.3793 -0.1424 2343 -0.0089145 1.786 0.02229 0.044598 983.82
325.62 31593 2.379 -0.14095 2352.4 -0.0091714 1.7867 0.022321 0.039769 972.95
326.74 31569 2.3789 -0.14055 2355 -0.0091841 1.7869 0.021412 0.038818 969.91
329.43 31504 2.3787 -0.13958 2360.8 -0.012122 1.7872 7.5925e-05 0.035135 963.04
334.2 31310 2.3783 -0.13786 2370.7 -0.022273 1.7874 1.2053e-05 0.024905 951.34
338.26 31072 2.378 -0.13639 2380.3 -0.025222 1.7877 0.02456 0.021045 940.12
339.37 31007 2.3779 -0.13599 2383.2 -0.02406 1.7878 0.024581 0.021805 936.62
342.06 30859 2.3777 -0.13501 2390.2 -0.022087 1.7881 0.024808 0.023123 928.25
346.83 30630 2.3773 -0.13326 2402.5 -0.017787 1.7887 0.025364 0.024826 912.77
350.89 30482 2.377 -0.13178 2412.5 -0.012113 1.7892 0.032058 0.027679 898.91
352.01 30452 2.3769 -0.13136 2415 -0.0097783 1.7894 0.025202 0.027775 894.9
354.69 30401 2.3767 -0.13037 2421.3 -0.0053243 1.7898 0.032975 0.025738 885.42
359.47 30407 2.3763 -0.12861 2431.7 0.0062456 1.7905 0.034012 0.021534 867.79
363.52 30495 2.3759 -0.1271 2440 0.0095868 1.7909 1.0228e-07 0.021597 853.92
364.64 30519 2.3758 -0.12669 2442.1 0.0070195 1.791 2.6069e-05 0.02196 850.68
367.32 30550 2.3756 -0.12569 2447.2 0.0030183 1.7911 0.0010898 0.021325 842.59
372.1 30582 2.3752 -0.1239 2456.8 0.0038606 1.7915 0.027902 0.019824 826.84
376.15 30648 2.3749 -0.12238 2465 0.0099294 1.792 0.015956 0.022719 812.6
377.27 30678 2.3748 -0.12196 2467 0.0093541 1.7921 0.012367 0.023443 809.06
379.06 30720 2.3746 -0.12129 2470.3 0.0097412 1.7923 0.015338 0.0231 803.2
382.24 30793 2.3743 -0.12009 2476 0.0081393 1.7925 1.9728e-05 0.023086 793.2
384.94 30835 2.3741 -0.11907 2480.9 0.0037549 1.7927 2.2193e-05 0.023107 785.26
385.69 30840 2.374 -0.11878 2482.3 0.0029744 1.7927 0.0050934 0.0228 782.99
387.48 30849 2.3739 -0.11811 2485.5 0.001011 1.7928 1.5987e-05 0.021614 777.59
390.66 30837 2.3736 -0.1169 2491.5 -0.0038797 1.793 2.9276e-07 0.019895 768.16
393.37 30806 2.3734 -0.11587 2496.8 -0.0045349 1.7931 0.026956 0.019045 759.53
394.11 30798 2.3733 -0.11559 2498.3 -0.0029285 1.7932 0.027086 0.01891 756.83
395.9 30791 2.3732 -0.11491 2501.9 -0.00029774 1.7934 0.026918 0.018215 750.57
399.08 30807 2.3729 -0.11369 2508.2 0.0044126 1.7937 0.026841 0.018642 739.37
401.79 30851 2.3727 -0.11266 2513.3 0.0083393 1.794 0.026318 0.020747 729.89
402.53 30867 2.3726 -0.11237 2514.7 0.0093787 1.7941 0.026941 0.020929 727.29
404.32 30915 2.3724 -0.11169 2517.9 0.011366 1.7943 0.01898 0.02091 721.15
407.51 31005 2.3722 -0.11047 2523.4 0.010139 1.7945 3.1215e-06 0.02267 711.09
410.21 31061 2.3719 -0.10943 2528 0.0059591 1.7946 3.1437e-05 0.023922 703.14
410.95 31071 2.3718 -0.10914 2529.3 0.0051645 1.7947 0.0016919 0.023832 700.89
412.74 31089 2.3717 -0.10845 2532.4 0.0029787 1.7948 1.6604e-05 0.023426 695.55
415.93 31094 2.3714 -0.10722 2538 -0.00156 1.795 1.6967e-05 0.024993 686.13
418.63 31076 2.3712 -0.10618 2542.8 -0.0031605 1.7952 0.018211 0.026684 677.74
419.38 31070 2.3711 -0.10589 2544.2 -0.0023811 1.7953 0.018584 0.027028 675.21
421.16 31062 2.3709 -0.10519 2547.5 -0.0013399 1.7955 0.01817 0.027455 669.27
424.35 31059 2.3707 -0.10396 2553.3 0.00047752 1.7959 0.017959 0.029954 658.66
427.05 31067 2.3704 -0.1029 2558.1 0.0020185 1.7962 0.017723 0.032431 649.64
427.8 31071 2.3703 -0.10261 2559.4 0.0024318 1.7963 0.017381 0.032564 647.15
429.58 31085 2.3702 -0.10192 2562.5 0.0034014 1.7966 0.017582 0.032104 641.18
432.77 31120 2.3699 -0.10067 2568 0.0051495 1.797 0.017518 0.03158 630.56
435.47 31161 2.3697 -0.099616 2572.6 0.0066138 1.7973 0.017679 0.031495 621.57
436.22 31174 2.3696 -0.099324 2573.8 0.0070282 1.7974 0.018006 0.031429 619.09
438.01 31208 2.3694 -0.098623 2576.7 0.007493 1.7977 0.011393 0.031182 613.26
441.19 31262 2.3691 -0.097373 2581.8 0.0051817 1.7979 1.9885e-05 0.03231 603.43
443.89 31286 2.3689 -0.096311 2586.3 0.0014463 1.7981 2.7192e-05 0.034209 595.41
444.64 31287 2.3688 -0.096017 2587.5 0.00060772 1.7982 0.0017394 0.034634 593.16
446.43 31286 2.3687 -0.095313 2590.5 -0.00072844 1.7984 0.008184 0.034902 587.66
449.61 31280 2.3684 -0.094056 2595.7 -0.00037694 1.7988 0.01747 0.034528 577.37
452.31 31283 2.3681 -0.092988 2600.2 0.0013656 1.7992 0.017942 0.034755 568.37
453.06 31286 2.368 -0.092693 2601.4 0.001751 1.7993 0.018059 0.034472 565.9
455.74 31303 2.3678 -0.09163 2605.8 0.0028646 1.7996 0.014289 0.031503 557.06
460.52 31341 2.3674 -0.089734 2613.4 0.0030424 1.8001 0.010988 0.025856 541.64
464.57 31372 2.367 -0.088121 2619.7 0.0028453 1.8004 0.012424 0.025958 528.62
465.69 31381 2.3669 -0.087675 2621.5 0.00298 1.8006 0.012217 0.026341 525
468.37 31402 2.3666 -0.086605 2625.7 0.0030376 1.8008 0.011814 0.026396 516.37
473.15 31440 2.3662 -0.084695 2633 0.0029885 1.8012 0.011526 0.027358 501.03
477.2 31471 2.3658 -0.08307 2639.2 0.0028663 1.8016 0.011252 0.030093 488.04
478.32 31480 2.3657 -0.082621 2640.9 0.0028094 1.8018 0.01175 0.030385 484.46
481.01 31499 2.3654 -0.081543 2645 0.0027767 1.802 0.011443 0.028354 475.87
485.78 31534 2.365 -0.07962 2652.1 0.0027215 1.8025 0.011631 0.024913 460.58
489.84 31563 2.3646 -0.077984 2658.1 0.002711 1.8028 0.011299 0.025452 447.62
490.96 31571 2.3645 -0.077532 2659.7 0.0026643 1.8029 0.011651 0.02584 444.05
493.64 31590 2.3642 -0.076447 2663.7 0.002657 1.8031 0.011426 0.025711 435.47
498.41 31624 2.3638 -0.07451 2670.6 0.0026232 1.8036 0.01146 0.026954 420.22
502.47 31652 2.3634 -0.072864 2676.4 0.0025983 1.8039 0.011227 0.029847 407.3
503.59 31660 2.3633 -0.072408 2678 0.0025649 1.8041 0.011511 0.030176 403.73
506.27 31679 2.363 -0.071316 2681.8 0.0025503 1.8043 0.011259 0.028152 395.19
511.05 31711 2.3625 -0.069367 2688.5 0.002497 1.8047 0.011291 0.024775 379.98
515.1 31738 2.3621 -0.06771 2694.1 0.0024661 1.8051 0.011098 0.025396 367.09
516.22 31745 2.362 -0.067252 2695.7 0.0024347 1.8052 0.011811 0.025828 363.54
518.9 31763 2.3618 -0.066153 2699.4 0.002476 1.8054 0.011073 0.025711 355.01
523.68 31794 2.3613 -0.064192 2705.9 0.0022524 1.8058 0.010776 0.026787 339.87
527.73 31819 2.3609 -0.062524 2711.3 0.0023928 1.8062 0.012738 0.029607 326.98
528.85 31826 2.3608 -0.062063 2712.8 0.0026244 1.8063 0.013105 0.02994 323.4
531.53 31846 2.3605 -0.060958 2716.4 0.0027068 1.8066 0.010184 0.027949 314.88
536.31 31877 2.36 -0.058985 2722.7 0.0019926 1.807 0.0099454 0.024617 299.88
540.36 31898 2.3596 -0.057308 2727.9 0.0021568 1.8073 0.013431 0.025256 287.02
541.48 31905 2.3595 -0.056844 2729.4 0.0024984 1.8074 0.012808 0.025712 283.43
544.16 31924 2.3593 -0.055732 2732.8 0.002567 1.8076 0.010138 0.025553 274.94
548.94 31954 2.3588 -0.053748 2738.9 0.0020019 1.808 0.010114 0.026249 259.95
552.99 31976 2.3584 -0.052061 2744 0.0020117 1.8084 0.011728 0.028859 247.16
554.11 31982 2.3583 -0.051595 2745.4 0.0021227 1.8085 0.011264 0.029186 243.61
556.8 31998 2.358 -0.050477 2748.8 0.0020834 1.8087 0.010387 0.027054 235.16
561.57 32024 2.3575 -0.048482 2754.7 0.0019617 1.8091 0.010864 0.023658 220.13
565.63 32046 2.3571 -0.046786 2759.6 0.0019858 1.8094 0.010345 0.024273 207.37
566.75 32052 2.357 -0.046317 2761 0.0019084 1.8095 0.010654 0.024527 203.86
569.43 32066 2.3567 -0.045193 2764.2 0.0018844 1.8097 0.010588 0.024091 195.43
574.2 32091 2.3562 -0.043187 2769.9 0.001895 1.8101 0.010782 0.026492 180.42
578.26 32113 2.3558 -0.041482 2774.7 0.0019945 1.8105 0.010862 0.031715 167.68
579.38 32119 2.3557 -0.041011 2776 0.0020244 1.8106 0.01175 0.032622 164.17
581.17 32130 2.3555 -0.040258 2778.1 0.002116 1.8108 0.010376 0.032383 158.55
584.35 32147 2.3552 -0.038915 2781.8 0.0017738 1.8111 0.0090259 0.032767 148.63
587.05 32160 2.3549 -0.037774 2784.9 0.0016498 1.8113 0.011938 0.034326 140.19
587.8 32163 2.3548 -0.037459 2785.8 0.0018228 1.8114 0.012398 0.034848 137.82
589.59 32173 2.3546 -0.036703 2787.8 0.0019851 1.8116 0.010437 0.035512 132.2
592.77 32189 2.3543 -0.035356 2791.4 0.001671 1.812 0.0090765 0.036703 122.3
595.47 32201 2.354 -0.034211 2794.5 0.0016125 1.8123 0.012111 0.037201 113.86
596.22 32205 2.3539 -0.033895 2795.3 0.0018037 1.8124 0.011585 0.036967 111.5
598.01 32214 2.3537 -0.033137 2797.3 0.0018075 1.8126 0.0093423 0.034518 105.91
601.19 32228 2.3534 -0.031785 2800.8 0.0013984 1.8129 0.010069 0.026678 96.036
603.89 32241 2.3531 -0.030637 2803.8 0.0023727 1.8131 0.019615 0.020235 87.436
604.64 32247 2.353 -0.03032 2804.6 0.0032155 1.8132 0.027489 0.018753 84.964
606.43 32272 2.3529 -0.02956 2806.2 0.0072831 1.8133 0.039291 0.014169 78.697
609.61 32383 2.3525 -0.028205 2808.2 0.018026 1.8135 0.050371 0.0071643 67.033
612.32 32560 2.3522 -0.027055 2809 0.028865 1.8137 0.05663 0.0068899 57.03
613.06 32624 2.3522 -0.026737 2809.1 0.032063 1.8137 0.058037 0.0066403 54.277
614.85 32804 2.352 -0.025976 2809 0.039824 1.8138 0.061483 0.004691 47.755
618.03 33225 2.3516 -0.024622 2807.7 0.054474 1.8139 0.070976 0.0038274 36.401
620.74 33688 2.3514 -0.023475 2805.2 0.067669 1.814 0.079164 0.0061055 27.127
621.48 33833 2.3513 -0.023159 2804.3 0.071329 1.8141 0.084952 0.0065963 24.653
623.27 34213 2.3511 -0.022401 2801.7 0.080225 1.8142 0.084118 0.0062414 18.87
626.46 34988 2.3508 -0.021056 2797.1 0.093434 1.8144 0.084097 0.0074923 9.5618
629.16 35734 2.3505 -0.019917 2791.6 0.10472 1.8146 0.11628 0.0040514 2.2762
629.9 35955 2.3504 -0.019604 2789.2 0.10877 1.8146 0.11975 0 0.23071
629.9 35955 2.3504 -0.019604 2789.2 0.10877 1.8146 0.11975 0 0.23071
632.17 36712 2.3502 -0.018659 2759 0.13199 1.8166 0.11839 0.13685 0.22921
636.2 38340 2.3497 -0.01701 2713.7 0.1618 1.8285 0.11526 0.42028 0.22879
639.63 39897 2.3494 -0.015639 2683.4 0.17541 1.8431 0.10996 0.6331 0.22763
640.57 40342 2.3493 -0.015265 2676.2 0.17753 1.8471 0.10856 0.68518 0.22735
642.84 41419 2.349 -0.014374 2660.6 0.18033 1.8565 0.10487 0.80249 0.22577
646.87 43335 2.3485 -0.012805 2637.7 0.17903 1.8714 0.098617 0.98506 0.22537
650.29 44917 2.3481 -0.011488 2622 0.17401 1.8817 0.095238 1.0457 0.22417
651.24 45344 2.348 -0.011126 2618.2 0.17233 1.8842 0.094901 1.0543 0.22389
653.5 46346 2.3477 -0.010262 2609.5 0.16781 1.8896 0.093939 1.0749 0.22221
657.54 48053 2.3472 -0.0087312 2596 0.15851 1.8976 0.090628 1.1143 0.22184
660.96 49414 2.3468 -0.0074396 2586.1 0.1497 1.903 0.087585 1.1162 0.22057
661.91 49776 2.3466 -0.007084 2583.6 0.14719 1.9043 0.08688 1.1088 0.22027
664.17 50615 2.3463 -0.0062332 2578 0.14104 1.9072 0.085182 1.0886 0.21875
668.21 52017 2.3458 -0.0047226 2568.9 0.12979 1.9115 0.081987 1.0386 0.21825
671.63 53111 2.3453 -0.0034449 2562.1 0.12001 1.9145 0.08023 1.0015 0.21697
672.57 53398 2.3452 -0.0030927 2560.3 0.11727 1.9152 0.080021 0.99676 0.2166
674.08 53841 2.345 -0.0025304 2557.6 0.11286 1.9163 0.079776 0.99677 0.21534
676.77 54588 2.3447 -0.0015303 2553.1 0.10488 1.9182 0.078943 0.99549 0.21456
679.06 55178 2.3443 -0.00068301 2549.6 0.098011 1.9196 0.078186 0.994 0.21338
679.69 55334 2.3443 -0.00044928 2548.7 0.096099 1.92 0.078029 0.99345 0.21306
681.2 55694 2.3441 0.00011065 2546.6 0.091492 1.9208 0.077653 0.99047 0.21031
683.89 56291 2.3437 0.0011069 2543 0.083221 1.9222 0.076935 0.97489 0.21023
686.17 56753 2.3434 0.0019512 2540.2 0.076152 1.9234 0.076493 0.9567 0.20861
686.8 56873 2.3433 0.0021841 2539.5 0.074193 1.9237 0.076407 0.95212 0.2085
688.31 57148 2.3431 0.0027422 2537.8 0.069485 1.9243 0.076238 0.94133 0.20518
691 57593 2.3427 0.0037355 2535.1 0.061067 1.9255 0.075949 0.92022 0.20539
693.28 57925 2.3424 0.0045774 2533 0.053892 1.9264 0.075823 0.90781 0.2036
693.91 58010 2.3423 0.0048097 2532.4 0.051905 1.9266 0.075804 0.90739 0.20358
695.42 58199 2.3421 0.0053664 2531.2 0.047131 1.9272 0.075777 0.90821 0.19937
698.11 58491 2.3418 0.0063572 2529.2 0.038597 1.9282 0.075776 0.91031 0.20002
700.39 58692 2.3414 0.0071972 2527.6 0.031325 1.929 0.075927 0.91175 0.19798
701.02 58741 2.3414 0.007429 2527.2 0.029314 1.9292 0.075989 0.91185 0.19808
702.53 58843 2.3411 0.0079844 2526.4 0.024486 1.9297 0.076168 0.91065 0.19438
705.22 58980 2.3408 0.0089732 2525 0.01588 1.9306 0.076537 0.90086 0.19481
707.5 59051 2.3405 0.0098115 2524 0.0085743 1.9314 0.076912 0.88805 0.19292
708.13 59063 2.3404 0.010043 2523.8 0.0065583 1.9316 0.07702 0.88464 0.19297
709.64 59079 2.3402 0.010597 2523.3 0.0017256 1.932 0.077277 0.87629 0.18946
712.33 59061 2.3398 0.011584 2522.5 -0.0068678 1.9329 0.077721 0.85885 0.18979
714.61 59001 2.3395 0.012421 2522 -0.014146 1.9336 0.077998 0.84754 0.18794
715.24 58977 2.3394 0.012652 2521.9 -0.016153 1.9338 0.078025 0.84688 0.18796
716.25 58932 2.3392 0.013021 2521.8 -0.019361 1.9341 0.078079 0.84642 0.18364
718.04 58831 2.339 0.013678 2521.6 -0.025064 1.9347 0.078334 0.84509 0.18457
719.56 58726 2.3388 0.014235 2521.5 -0.029896 1.9352 0.07867 0.84378 0.18253
719.98 58693 2.3387 0.014389 2521.5 -0.031228 1.9354 0.078757 0.84337 0.18261
720.99 58610 2.3386 0.014758 2521.4 -0.03442 1.9357 0.07899 0.84212 0.18027
722.78 58442 2.3383 0.015414 2521.5 -0.040089 1.9363 0.079455 0.83833 0.18021
724.31 58279 2.3381 0.015971 2521.6 -0.044885 1.9368 0.079853 0.83433 0.17901
724.73 58230 2.3381 0.016124 2521.6 -0.046206 1.937 0.079959 0.83329 0.17911
725.73 58109 2.3379 0.016493 2521.7 -0.049369 1.9373 0.080204 0.83097 0.17669
727.53 57873 2.3377 0.017148 2521.9 -0.054981 1.938 0.080634 0.82711 0.17667
729.05 57653 2.3374 0.017704 2522.2 -0.059724 1.9385 0.080886 0.82516 0.17501
729.47 57589 2.3374 0.017858 2522.3 -0.061029 1.9387 0.080918 0.8252 0.17472
730.47 57431 2.3372 0.018226 2522.5 -0.064156 1.9391 0.081018 0.82616 0.17135
732.27 57128 2.337 0.018881 2522.9 -0.069698 1.9398 0.081446 0.82965 0.17169
733.79 56852 2.3368 0.019436 2523.3 -0.074378 1.9404 0.081947 0.83288 0.16995
734.21 56772 2.3367 0.019589 2523.4 -0.075665 1.9406 0.082067 0.8336 0.17007
735.21 56576 2.3366 0.019957 2523.7 -0.078745 1.941 0.082384 0.83523 0.16727
737.01 56208 2.3363 0.020611 2524.3 -0.084197 1.9418 0.083026 0.83733 0.16722
738.53 55876 2.3361 0.021165 2524.8 -0.08879 1.9425 0.083556 0.83795 0.16553
738.95 55782 2.336 0.021319 2524.9 -0.090051 1.9428 0.083692 0.83804 0.16546
739.96 55549 2.3359 0.021686 2525.3 -0.093066 1.9433 0.084008 0.83842 0.16249
741.75 55116 2.3356 0.022339 2526 -0.098391 1.9442 0.084583 0.83971 0.16241
743.27 54730 2.3354 0.022893 2526.6 -0.10287 1.945 0.084918 0.84082 0.16059
743.69 54621 2.3354 0.023046 2526.7 -0.10409 1.9453 0.084963 0.84126 0.16053
745.2 54216 2.3352 0.023595 2527.3 -0.10849 1.9462 0.085271 0.84605 0.1575
747.89 53454 2.3348 0.024573 2528.4 -0.11619 1.9479 0.086381 0.86155 0.15714
750.17 52766 2.3344 0.025402 2529.3 -0.12262 1.9496 0.087402 0.873 0.15513
750.8 52570 2.3343 0.025631 2529.6 -0.12437 1.9501 0.087643 0.87531 0.15485
752.31 52088 2.3341 0.026179 2530.1 -0.12852 1.9513 0.088266 0.88103 0.15231
755 51191 2.3337 0.027153 2531.1 -0.13575 1.9538 0.08959 0.89142 0.15167
757.28 50392 2.3334 0.027979 2531.8 -0.1417 1.9561 0.090417 0.8972 0.14974
757.91 50166 2.3333 0.028207 2532 -0.1433 1.9568 0.090543 0.89858 0.14929
759.42 49612 2.3331 0.028753 2532.3 -0.14709 1.9585 0.090954 0.90577 0.14767
762.11 48592 2.3327 0.029723 2532.7 -0.15359 1.9621 0.092417 0.92945 0.14656
764.39 47693 2.3323 0.030545 2532.7 -0.15885 1.9656 0.093703 0.94767 0.14492
765.02 47439 2.3323 0.030771 2532.7 -0.16025 1.9666 0.093996 0.95124 0.14428
766.53 46823 2.332 0.031314 2532.4 -0.16352 1.9693 0.094766 0.96033 0.14244
769.22 45696 2.3316 0.032277 2531.5 -0.16895 1.9748 0.096519 0.97615 0.1415
771.51 44713 2.3313 0.033092 2530 -0.17307 1.9804 0.097634 0.98395 0.13984
772.14 44437 2.3312 0.033316 2529.4 -0.17412 1.9821 0.09781 0.98578 0.13926
773.65 43771 2.3309 0.033853 2527.9 -0.17648 1.9864 0.098379 0.99543 0.13717
776.34 42566 2.3305 0.034805 2524.1 -0.1801 1.9954 0.10035 1.0252 0.13644
778.62 41528 2.3301 0.035607 2519.6 -0.18251 2.0047 0.10197 1.0447 0.13473
779.25 41239 2.33 0.035828 2518.1 -0.18305 2.0076 0.10231 1.0477 0.13427
780.76 40546 2.3298 0.036355 2514.1 -0.18409 2.015 0.10322 1.0557 0.13181
783.45 39307 2.3293 0.037286 2505 -0.1849 2.0304 0.10536 1.0678 0.13126
785.73 38259 2.3289 0.038067 2494.9 -0.18433 2.0462 0.10669 1.0706 0.12943
786.36 37971 2.3288 0.038281 2491.7 -0.18393 2.051 0.10691 1.0716 0.12904
787.87 37286 2.3286 0.038791 2483.3 -0.18257 2.0635 0.10758 1.0799 0.12627
790.56 36090 2.3281 0.039685 2465.1 -0.17868 2.0896 0.10978 1.1007 0.12582
792.84 35107 2.3276 0.040427 2445.9 -0.17365 2.1163 0.11136 1.1062 0.12386
793.47 34842 2.3275 0.040629 2439.9 -0.1719 2.1244 0.11165 1.1051 0.12348
794.98 34222 2.3272 0.041106 2424.5 -0.16703 2.1452 0.1124 1.1032 0.12067
797.67 33179 2.3266 0.041933 2392.5 -0.15564 2.1875 0.11412 1.0951 0.12017
799.95 32371 2.3261 0.042606 2360.8 -0.14287 2.2287 0.11503 1.0832 0.11816
800.58 32163 2.326 0.042787 2351.3 -0.1388 2.2409 0.11518 1.0816 0.11776
802.09 31692 2.3257 0.043211 2327.3 -0.12836 2.2718 0.11561 1.0828 0.115
804.78 30962 2.325 0.043927 2280.7 -0.10718 2.3316 0.11676 1.077 0.1144
807.06 30462 2.3244 0.044492 2237.9 -0.086433 2.3864 0.1172 1.0589 0.11237
807.69 30345 2.3243 0.044641 2225.8 -0.080217 2.402 0.11721 1.053 0.11193
809.2 30103 2.3239 0.044984 2196.1 -0.064632 2.4398 0.11721 1.0394 0.10913
811.89 29812 2.3232 0.045548 2142.4 -0.03459 2.508 0.11705 1.0083 0.10849
814.18 29710 2.3226 0.045977 2097.1 -0.007494 2.5652 0.11665 0.98442 0.1064
814.81 29705 2.3224 0.046088 2084.8 7.2292e-05 2.5807 0.11657 0.98124 0.10595
816.32 29733 2.322 0.04634 2055.7 0.01795 2.6175 0.11642 0.97684 0.10298
819.01 29916 2.3212 0.046743 2006.2 0.048684 2.6801 0.11554 0.95667 0.10236
821.29 30192 2.3206 0.047042 1967.2 0.073328 2.7292 0.11444 0.93389 0.10019
821.92 30287 2.3204 0.047118 1957 0.079833 2.742 0.11417 0.92848 0.099742
823.43 30543 2.32 0.04729 1933.3 0.094752 2.7714 0.11348 0.91657 0.096411
826.12 31093 2.3192 0.047561 1894.6 0.1188 2.8189 0.11173 0.89123 0.095917
828.4 31640 2.3186 0.04776 1865.1 0.13645 2.8544 0.1105 0.87459 0.093624
829.03 31802 2.3184 0.047811 1857.4 0.14084 2.8635 0.11031 0.87262 0.093227
830.54 32207 2.318 0.047925 1839.9 0.15045 2.8843 0.10989 0.86995 0.089425
833.23 32979 2.3173 0.048105 1811.6 0.16447 2.9172 0.10833 0.85852 0.089159
835.51 33670 2.3166 0.048238 1790.3 0.17346 2.9414 0.10693 0.84648 0.086672
836.14 33866 2.3165 0.048272 1784.8 0.17552 2.9475 0.10663 0.84381 0.086292
837.65 34341 2.3161 0.048349 1772.2 0.17973 2.9613 0.10586 0.83815 0.082363
840.34 35201 2.3153 0.048471 1751.9 0.18491 2.9829 0.10402 0.82393 0.08222
842.62 35938 2.3147 0.048563 1736.4 0.18721 2.9986 0.10285 0.81364 0.079268
843.25 36141 2.3146 0.048587 1732.4 0.18755 3.0026 0.10268 0.81227 0.078468
844.76 36628 2.3142 0.04864 1723.2 0.18785 3.0117 0.10227 0.81024 0.074954
847.45 37488 2.3135 0.048727 1708.1 0.18677 3.0261 0.10085 0.80182 0.074057
849.73 38205 2.3129 0.048792 1696.4 0.18442 3.0366 0.099706 0.79345 0.070683
850.36 38401 2.3127 0.048809 1693.4 0.18357 3.0393 0.099465 0.79152 0.069398
851.87 38864 2.3123 0.048848 1686.4 0.1812 3.0455 0.098878 0.78713 0.065751
854.56 39667 2.3116 0.048911 1674.8 0.17594 3.0552 0.097532 0.77507 0.063199
856.85 40324 2.3111 0.048959 1665.8 0.17056 3.0625 0.096748 0.76633 0.059221
857.48 40501 2.3109 0.048972 1663.5 0.16895 3.0644 0.096641 0.76501 0.05766
858.48 40780 2.3106 0.048991 1659.8 0.16624 3.0673 0.09653 0.7639 0.050437
860.28 41265 2.3102 0.049024 1653.5 0.16112 3.0721 0.096174 0.76001 0.047399
861.8 41662 2.3098 0.04905 1648.5 0.15648 3.0759 0.095904 0.75672 0.039887
862.22 41769 2.3097 0.049057 1647.1 0.15516 3.077 0.095853 0.75599 0.040223
863.22 42023 2.3094 0.049073 1644 0.15191 3.0793 0.095733 0.75416 0.033669
865.02 42459 2.309 0.049101 1638.5 0.14589 3.0833 0.095454 0.74916 0.032289
866.54 42815 2.3086 0.049122 1634.2 0.14056 3.0865 0.095269 0.74504 0.027447
866.96 42910 2.3085 0.049128 1633 0.13906 3.0874 0.095231 0.74411 0.026944
867.96 43135 2.3082 0.049142 1630.3 0.13538 3.0893 0.095157 0.742 0.015221
869.76 43519 2.3078 0.049165 1625.6 0.12867 3.0927 0.095027 0.73764 0.001497
871.28 43829 2.3074 0.049183 1621.9 0.12282 3.0954 0.094978 0.73508 0.0003347
871.7 43912 2.3073 0.049188 1620.9 0.12118 3.0961 0.094975 0.73483 3.626e-05
874.72 44473 2.3065 0.04922 1614 0.10909 3.1012 0.095087 0.72982 3.6243e-05
880.1 45319 2.3052 0.049269 1603.2 0.086546 3.1091 0.095521 0.71105 3.6196e-05
884.66 45878 2.3041 0.049302 1595.5 0.066658 3.1152 0.095864 0.69651 3.6166e-05
885.92 46006 2.3037 0.04931 1593.5 0.061067 3.1168 0.095933 0.69404 3.6158e-05
888.94 46267 2.303 0.049327 1589.3 0.047526 3.1205 0.096285 0.68724 3.6133e-05
894.32 46569 2.3017 0.049351 1582.9 0.023099 3.1267 0.097346 0.66723 3.6039e-05
898.89 46660 2.3005 0.049365 1578.6 0.0022359 3.1318 0.097986 0.65584 3.5961e-05
900.15 46659 2.3002 0.049368 1577.6 -0.003535 3.1332 0.098115 0.6537 3.5946e-05
903.17 46609 2.2995 0.049373 1575.4 -0.017345 3.1365 0.098589 0.64559 3.5893e-05
908.54 46359 2.2982 0.049375 1572.4 -0.041692 3.1425 0.10002 0.62416 3.5703e-05
913.11 45987 2.2971 0.049372 1570.6 -0.06192 3.1477 0.10085 0.61414 3.5559e-05
914.37 45860 2.2967 0.049369 1570.3 -0.067422 3.1492 0.101 0.61196 3.5532e-05
917.39 45509 2.296 0.049362 1569.5 -0.080408 3.1529 0.10153 0.60098 3.5447e-05
922.77 44737 2.2947 0.049343 1568.7 -0.10258 3.1597 0.10293 0.57359 3.5152e-05
927.33 43941 2.2936 0.04932 1568.4 -0.12017 3.1661 0.10351 0.5631 3.4935e-05
928.59 43699 2.2933 0.049312 1568.3 -0.1248 3.168 0.1036 0.56086 3.4895e-05
931.61 43085 2.2925 0.049291 1568 -0.13543 3.1727 0.10392 0.54699 3.4777e-05
936.99 41874 2.2912 0.049245 1567.4 -0.15228 3.1819 0.10416 0.52316 3.4371e-05
941.56 40745 2.2901 0.049195 1566.2 -0.16418 3.191 0.1034 0.53052 3.4078e-05
942.82 40420 2.2898 0.04918 1565.7 -0.16706 3.1938 0.10319 0.53314 3.4026e-05
943.82 40156 2.2896 0.049167 1565.2 -0.16919 3.1961 0.10314 0.53268 3.3873e-05
945.62 39679 2.2892 0.049142 1564.3 -0.17263 3.2005 0.1029 0.53016 3.3352e-05
947.14 39268 2.2888 0.04912 1563.3 -0.17514 3.2044 0.10273 0.52591 3.2982e-05
947.56 39153 2.2887 0.049114 1563 -0.17576 3.2056 0.10269 0.52494 3.2916e-05
948.56 38877 2.2885 0.049098 1562.2 -0.17712 3.2083 0.10261 0.52266 3.2728e-05
950.36 38381 2.288 0.049068 1560.6 -0.17909 3.2135 0.10223 0.523 3.209e-05
951.88 37956 2.2877 0.049041 1559 -0.18028 3.2181 0.10187 0.5265 3.1642e-05
952.3 37839 2.2876 0.049034 1558.5 -0.18053 3.2195 0.10179 0.52758 3.1563e-05
953.3 37557 2.2873 0.049014 1557.2 -0.18099 3.2228 0.10153 0.53048 3.134e-05
955.1 37054 2.2869 0.048978 1554.7 -0.18131 3.2291 0.10069 0.53899 3.0588e-05
956.62 36628 2.2865 0.048946 1552.3 -0.18108 3.2349 0.10002 0.54593 3.0064e-05
957.04 36511 2.2864 0.048936 1551.6 -0.18093 3.2366 0.099917 0.54664 2.9972e-05
958.05 36230 2.2862 0.048913 1549.7 -0.18039 3.2407 0.099598 0.54854 2.9716e-05
959.84 35734 2.2858 0.048869 1546.1 -0.17889 3.2485 0.098194 0.55945 2.8858e-05
961.36 35318 2.2854 0.048829 1542.6 -0.17714 3.2556 0.096577 0.57474 2.8265e-05
961.78 35204 2.2853 0.048818 1541.6 -0.17659 3.2577 0.096169 0.57888 2.8162e-05
962.79 34933 2.2851 0.04879 1539.1 -0.17513 3.2628 0.095077 0.58997 2.7878e-05
964.58 34457 2.2847 0.048737 1534.3 -0.17218 3.2725 0.092686 0.61495 2.6931e-05
966.1 34060 2.2843 0.048688 1529.8 -0.16935 3.2814 0.090704 0.6373 2.6281e-05
966.52 33953 2.2842 0.048674 1528.5 -0.16852 3.284 0.090207 0.64296 2.6169e-05
967.53 33696 2.284 0.04864 1525.3 -0.16643 3.2904 0.089041 0.65616 2.5864e-05
969.32 33249 2.2836 0.048575 1519.2 -0.1624 3.3025 0.086823 0.68143 2.4854e-05
970.84 32881 2.2832 0.048516 1513.7 -0.15865 3.3136 0.085519 0.69708 2.4168e-05
971.26 32781 2.2831 0.048499 1512.1 -0.15754 3.3168 0.085351 0.69919 2.405e-05
972.02 32603 2.2829 0.048468 1509.1 -0.15543 3.3226 0.085065 0.70288 2.3736e-05
973.36 32293 2.2826 0.04841 1503.5 -0.15141 3.3334 0.08406 0.71637 2.27e-05
974.5 32038 2.2824 0.048359 1498.5 -0.14779 3.3431 0.083041 0.73095 2.2003e-05
974.82 31969 2.2823 0.048344 1497.1 -0.14677 3.3458 0.082789 0.73458 2.1884e-05
975.57 31805 2.2821 0.048308 1493.7 -0.14426 3.3525 0.082165 0.74354 2.1572e-05
976.92 31521 2.2818 0.048241 1487.3 -0.13967 3.365 0.080853 0.76182 2.0553e-05
978.06 31289 2.2816 0.048182 1481.6 -0.13568 3.376 0.079854 0.77533 1.9873e-05
978.37 31226 2.2815 0.048165 1480 -0.13455 3.3791 0.079615 0.77842 1.9759e-05
979.13 31078 2.2813 0.048124 1476.1 -0.1318 3.3867 0.079056 0.78567 1.9462e-05
980.47 30822 2.281 0.048047 1469 -0.12679 3.4007 0.077936 0.80033 1.8498e-05
981.61 30615 2.2808 0.047979 1462.7 -0.12243 3.4131 0.077125 0.81032 1.7862e-05
981.93 30559 2.2807 0.04796 1460.9 -0.1212 3.4165 0.076935 0.81239 1.7755e-05
982.68 30427 2.2805 0.047913 1456.5 -0.1182 3.425 0.076497 0.81717 1.7482e-05
984.03 30202 2.2803 0.047826 1448.6 -0.11271 3.4405 0.075639 0.82714 1.6598e-05
985.17 30020 2.28 0.047749 1441.6 -0.1079 3.4541 0.075144 0.83329 1.6017e-05
985.49 29972 2.2799 0.047727 1439.7 -0.10654 3.4579 0.075077 0.83444 1.5919e-05
987 29749 2.2796 0.047619 1430 -0.099858 3.4766 0.074424 0.84574 1.567e-05
989.68 29390 2.2791 0.047414 1412.1 -0.087934 3.5118 0.072402 0.87944 1.4863e-05
991.97 29125 2.2786 0.047226 1396.2 -0.078101 3.5433 0.070951 0.9006 1.433e-05
992.6 29057 2.2785 0.047172 1391.7 -0.075377 3.5522 0.070654 0.90394 1.4239e-05
994.11 28906 2.2782 0.047039 1380.8 -0.068814 3.574 0.069955 0.91158 1.4006e-05
996.8 28674 2.2777 0.046788 1360.8 -0.057095 3.614 0.068514 0.92346 1.3242e-05
999.08 28514 2.2772 0.046561 1343.4 -0.047071 3.6488 0.067777 0.92612 1.273e-05
999.71 28475 2.2771 0.046497 1338.5 -0.044242 3.6586 0.067669 0.92682 1.2642e-05
1001.2 28393 2.2769 0.046338 1326.7 -0.037462 3.6822 0.067368 0.93211 1.2409e-05
1003.9 28281 2.2764 0.046044 1305.4 -0.025655 3.7251 0.066502 0.94483 1.1637e-05
1006.2 28220 2.276 0.045782 1287 -0.015984 3.7621 0.065998 0.94838 1.1112e-05
1006.8 28208 2.2759 0.045708 1281.9 -0.013323 3.7723 0.065926 0.94792 1.102e-05
1008.3 28188 2.2757 0.045527 1269.7 -0.0069741 3.797 0.065784 0.94656 1.0771e-05
1011 28184 2.2752 0.045196 1247.6 0.0043394 3.8408 0.065648 0.93829 9.9407e-06
1013.3 28210 2.2749 0.044906 1228.8 0.013975 3.8777 0.065719 0.92918 9.3682e-06
1013.9 28222 2.2748 0.044824 1223.6 0.016631 3.8878 0.06573 0.92801 9.2682e-06
1015.4 28258 2.2746 0.044627 1211 0.022847 3.912 0.065742 0.92787 8.9918e-06
1018.1 28349 2.2743 0.044268 1188.7 0.033403 3.9547 0.065948 0.92387 8.066e-06
1020.4 28450 2.274 0.043958 1169.7 0.041917 3.9903 0.066355 0.91493 7.4254e-06
1021 28482 2.2739 0.043871 1164.5 0.044214 4 0.066491 0.91141 7.3137e-06
1022.6 28564 2.2737 0.043662 1151.9 0.049618 4.0229 0.066837 0.90314 7.005e-06
1025.2 28730 2.2734 0.043287 1129.6 0.058907 4.0626 0.067588 0.88486 5.9729e-06
1027.5 28890 2.2732 0.042966 1110.8 0.066328 4.0951 0.068105 0.87232 5.2624e-06
1028.2 28937 2.2731 0.042877 1105.6 0.068255 4.1039 0.06818 0.8707 5.1396e-06
1031.2 29176 2.2728 0.042449 1081.1 0.076438 4.1449 0.068822 0.86302 4.8053e-06
1036.6 29646 2.2724 0.041685 1038.3 0.087933 4.2126 0.071386 0.82002 3.6974e-06
1041.1 30072 2.2721 0.04104 1003.1 0.09514 4.264 0.073461 0.77685 2.948e-06
1042.4 30193 2.272 0.040863 993.61 0.096576 4.2772 0.073789 0.77029 2.8214e-06
1043.9 30338 2.2719 0.040652 982.43 0.097794 4.2925 0.073985 0.76674 2.4954e-06
1046.6 30594 2.2717 0.040278 962.96 0.09868 4.3186 0.074637 0.75503 1.4454e-06
1048.9 30809 2.2716 0.039964 946.92 0.098225 4.3395 0.07519 0.7453 8.0784e-07
1049.5 30867 2.2716 0.039878 942.57 0.097897 4.3451 0.075315 0.74316 7.3012e-07
1051 31005 2.2715 0.039672 932.27 0.096752 4.3582 0.075605 0.73833 6.9553e-07
1053.7 31241 2.2714 0.039309 914.44 0.09347 4.3804 0.076092 0.7303 9.8264e-07
1056 31430 2.2712 0.039003 899.81 0.089427 4.3983 0.076309 0.72679 6.0226e-07
1056.6 31480 2.2712 0.03892 895.86 0.088099 4.4031 0.076332 0.72643 0
