time (s) altitude (m) velocity (m/s) mass (kg) dynamic pressure (Pa)trajectory angle (rad) Lift (N)Drag (N)heading angle (rad) latitude (rad) angle of attack (rad) 
635.46 36086 2796.2 3300 27137 0.10867 28982 9699 1.8141 -0.016206 0.26119
636.45 36391 2804.8 3285.3 26054 0.11055 29040 9873.9 1.8141 -0.015786 0.26898
638.23 36950 2820 3259 24181 0.11396 28824 10053 1.8141 -0.015036 0.28176
639.73 37439 2833 3236.7 22654 0.11682 27835 9853.1 1.8141 -0.014396 0.28756
640.15 37577 2836.6 3230.6 22244 0.11757 27494 9760 1.8141 -0.014219 0.28873
641.14 37911 2845.4 3215.9 21279 0.11935 26914 9657.9 1.8142 -0.013794 0.29328
642.91 38521 2861.1 3189.6 19631 0.12243 26013 9530.4 1.8142 -0.013033 0.30283
644.42 39054 2874.6 3167.3 18304 0.12491 24709 9123.6 1.8142 -0.012385 0.30676
644.83 39203 2878.4 3161.2 17950 0.12555 24328 8997.6 1.8142 -0.012205 0.30761
645.83 39564 2887.7 3146.5 17122 0.12704 23440 8704.4 1.8142 -0.011774 0.30976
647.6 40221 2904.5 3120.2 15724 0.12947 21773 8122.6 1.8143 -0.011004 0.31226
649.11 40791 2919.1 3097.9 14613 0.13127 20201 7529.6 1.8143 -0.010346 0.31189
649.52 40950 2923.3 3091.8 14318 0.13172 19795 7377.9 1.8143 -0.010164 0.3119
650.52 41334 2933.3 3077 13633 0.13274 18901 7052.2 1.8143 -0.0097268 0.31251
652.29 42029 2951.6 3050.8 12485 0.13433 17308 6456.6 1.8144 -0.0089444 0.31249
653.79 42627 2967.5 3028.5 11581 0.13545 16011 5964.8 1.8144 -0.0082769 0.31189
654.21 42794 2972 3022.4 11342 0.13573 15677 5839.2 1.8144 -0.0080919 0.31182
656.2 43601 2993.8 2992.9 10262 0.13685 14122 5249.2 1.8144 -0.0072018 0.31087
659.75 45066 3034.2 2940.4 8580.4 0.13813 11728 4344.3 1.8145 -0.0056005 0.30937
662.76 46333 3070 2895.9 7370.8 0.13867 10270 3833.6 1.8146 -0.0042251 0.31355
663.59 46686 3080.1 2883.6 7068.1 0.13877 9848.9 3676.2 1.8146 -0.0038426 0.31357
665.58 47538 3104.6 2854.1 6427.6 0.13889 8945.6 3335.5 1.8146 -0.0029207 0.31328
669.12 49073 3149.7 2801.6 5450.8 0.1387 7446 2750.8 1.8147 -0.0012607 0.30917
672.13 50389 3189.3 2757.1 4733.4 0.13819 6391.6 2346.6 1.8148 0.00016655 0.30665
672.96 50754 3200.5 2744.8 4551.7 0.13801 6123.5 2243.7 1.8148 0.00056372 0.30584
674.95 51633 3227.6 2715.3 4169.3 0.13752 5613.2 2055.1 1.8148 0.0015213 0.30596
678.5 53209 3277 2662.8 3571.1 0.13651 4778.4 1740.6 1.8149 0.003247 0.30459
681.51 54554 3320.3 2618.2 3121.5 0.13552 4117.7 1487.1 1.8149 0.0047319 0.30153
682.34 54927 3332.4 2605.9 3006.2 0.13522 3932.3 1413.6 1.815 0.0051453 0.29976
684.33 55823 3361.9 2576.5 2744.3 0.13447 3559.5 1272.6 1.815 0.0061422 0.29797
687.88 57426 3415.7 2524 2325.9 0.13301 2919 1023.8 1.8151 0.0079399 0.29123
690.88 58792 3462.8 2479.4 2015.1 0.13163 2443.4 839.37 1.8151 0.0094877 0.28444
691.72 59169 3476 2467.1 1935.9 0.13124 2318.4 790.68 1.8151 0.0099188 0.28206
693.71 60076 3508.1 2437.7 1757 0.13025 2076.6 703.92 1.8152 0.010959 0.27959
697.25 61695 3566.6 2385.2 1473.6 0.12849 1714.9 579.28 1.8152 0.012835 0.27662
700.26 63072 3617.5 2340.6 1265.1 0.12703 1461 493.24 1.8153 0.014451 0.27518
701.09 63453 3631.8 2328.3 1212.3 0.12663 1387.3 467.09 1.8153 0.014902 0.27344
703.08 64367 3666.4 2298.8 1093.3 0.12568 1232.6 413.38 1.8153 0.015988 0.27064
706.63 66000 3729.6 2246.3 906.25 0.12395 970.85 320.28 1.8154 0.017949 0.26132
709.64 67390 3784.7 2201.8 770.05 0.12242 779.73 252.13 1.8154 0.01964 0.25156
710.47 67774 3800.2 2189.5 735.75 0.12199 730.17 234.27 1.8155 0.020111 0.24821
712.46 68695 3837.7 2160 658.89 0.12098 657.63 211.96 1.8155 0.021248 0.24918
716 70341 3906.2 2107.5 539.2 0.11915 469.03 145.23 1.8156 0.023301 0.22657
719.01 71737 3966.4 2063 452.09 0.1171 270.16 77.935 1.8156 0.025072 0.17509
719.84 72122 3983.5 2050.7 430.22 0.11638 231.76 67.056 1.8156 0.025565 0.16243
721.83 73041 4024.9 2021.2 381.95 0.11447 148.53 44.658 1.8157 0.026758 0.12862
725.38 74658 4100.9 1968.7 309.13 0.11027 52.214 23.76 1.8157 0.028912 0.06672
728.39 76001 4167.5 1924.2 258.87 0.10587 8.1277 17.145 1.8158 0.030773 0.014523
729.22 76365 4186.2 1911.9 246.63 0.10453 -5.9279e-16 16.021 1.8158 0.031292 0
729.22 76365 4186.2 1911.9 246.63 0.10453 -5.9279e-16 16.021 1.8158 0.031292 0
730.22 76802 4185.2 1911.9 230.07 0.10287 8.8478e-16 14.939 1.8158 0.031918 0
731.22 77228 4184.2 1911.9 214.92 0.10121 3.7882e-16 13.95 1.8158 0.032545 0
732.22 77647 4183.3 1911.9 200.94 0.099546 1.8997e-15 13.037 1.8158 0.033171 0
733.22 78060 4182.4 1911.9 188.03 0.097884 4.8206e-16 12.194 1.8158 0.033797 0
734.22 78465 4181.5 1911.9 176.1 0.096221 -9.0294e-16 11.416 1.8158 0.034423 0
735.22 78863 4180.6 1911.9 165.07 0.094558 1.7986e-15 10.697 1.8159 0.035049 0
736.22 79254 4179.7 1911.9 154.87 0.092894 1.5261e-15 10.032 1.8159 0.035675 0
737.22 79638 4178.9 1911.9 145.42 0.09123 -1.3981e-16 9.4168 1.8159 0.036301 0
738.22 80016 4178.1 1911.9 136.68 0.089565 6.5705e-17 8.8475 1.8159 0.036927 0
739.22 80386 4177.2 1911.9 128.59 0.087899 -2.421e-16 8.3204 1.8159 0.037553 0
740.22 80749 4176.4 1911.9 121.08 0.086233 -3.8804e-17 7.832 1.8159 0.038178 0
741.22 81105 4175.6 1911.9 114.12 0.084566 2.6059e-16 7.3792 1.8159 0.038804 0
742.22 81454 4174.9 1911.9 107.67 0.082898 -4.2699e-16 6.9592 1.816 0.03943 0
743.22 81797 4174.1 1911.9 101.67 0.08123 5.1472e-16 6.5696 1.816 0.040055 0
744.22 82132 4173.4 1911.9 96.11 0.079562 0 6.2079 1.816 0.04068 0
745.22 82460 4172.7 1911.9 90.938 0.077893 0 5.8718 1.816 0.041306 0
746.22 82781 4172 1911.9 86.131 0.076223 0 5.5596 1.816 0.041931 0
747.22 83095 4171.3 1911.9 81.661 0.074553 0 5.2693 1.816 0.042556 0
748.22 83403 4170.6 1911.9 77.501 0.072883 0 4.9992 1.816 0.043182 0
749.22 83703 4169.9 1911.9 73.629 0.071211 0 4.748 1.816 0.043807 0
750.22 83996 4169.3 1911.9 70.023 0.06954 0 4.514 1.816 0.044432 0
751.22 84282 4168.7 1911.9 66.663 0.067868 0 4.2961 1.8161 0.045057 0
752.22 84561 4168.1 1911.9 63.532 0.066196 0 4.0931 1.8161 0.045682 0
753.22 84834 4167.5 1911.9 60.606 0.064523 0 3.9035 1.8161 0.046307 0
754.22 85099 4166.9 1781 0 0.062849 0 0 1.8161 0.046932 0
755.22 85357 4166.3 1781 0 0.061176 0 0 1.8161 0.047557 0
756.22 85608 4165.8 1781 0 0.059502 0 0 1.8161 0.048181 0
757.22 85853 4165.3 1781 0 0.057827 0 0 1.8161 0.048806 0
758.22 86090 4164.8 1781 0 0.056152 0 0 1.8161 0.049431 0
759.22 86320 4164.3 1781 0 0.054477 0 0 1.8161 0.050055 0
760.22 86543 4163.8 1781 0 0.052802 0 0 1.8161 0.05068 0
761.22 86759 4163.3 1781 0 0.051126 0 0 1.8161 0.051305 0
762.22 86969 4162.9 1781 0 0.049449 0 0 1.8162 0.051929 0
763.22 87171 4162.4 1781 0 0.047773 0 0 1.8162 0.052554 0
764.22 87366 4162 1781 0 0.046096 0 0 1.8162 0.053178 0
765.22 87555 4161.6 1781 0 0.044419 0 0 1.8162 0.053803 0
766.22 87736 4161.2 1781 0 0.042741 0 0 1.8162 0.054427 0
767.22 87910 4160.9 1781 0 0.041064 0 0 1.8162 0.055052 0
768.22 88078 4160.5 1781 0 0.039386 0 0 1.8162 0.055676 0
769.22 88238 4160.2 1781 0 0.037707 0 0 1.8162 0.0563 0
770.22 88391 4159.9 1781 0 0.036029 0 0 1.8162 0.056925 0
771.22 88538 4159.6 1781 0 0.03435 0 0 1.8162 0.057549 0
772.22 88677 4159.3 1781 0 0.032671 0 0 1.8162 0.058173 0
773.22 88809 4159 1781 0 0.030992 0 0 1.8162 0.058797 0
774.22 88935 4158.8 1781 0 0.029313 0 0 1.8162 0.059422 0
775.22 89053 4158.5 1781 0 0.027633 0 0 1.8162 0.060046 0
776.22 89164 4158.3 1781 0 0.025954 0 0 1.8162 0.06067 0
777.22 89269 4158.1 1781 0 0.024274 0 0 1.8162 0.061294 0
778.22 89366 4157.9 1781 0 0.022594 0 0 1.8162 0.061918 0
779.22 89457 4157.7 1781 0 0.020914 0 0 1.8162 0.062542 0
780.22 89540 4157.6 1781 0 0.019233 0 0 1.8163 0.063167 0
781.22 89617 4157.4 1781 0 0.017553 0 0 1.8163 0.063791 0
782.22 89686 4157.3 1781 0 0.015873 0 0 1.8163 0.064415 0
783.22 89749 4157.2 1781 0 0.014192 0 0 1.8163 0.065039 0
784.22 89804 4157.1 1781 0 0.012512 0 0 1.8163 0.065663 0
785.22 89853 4157 1781 0 0.010831 0 0 1.8163 0.066287 0
786.22 89894 4157 1781 0 0.0091502 0 0 1.8163 0.066911 0
787.22 89929 4156.9 1781 0 0.0074695 0 0 1.8163 0.067535 0
788.22 89956 4156.9 1781 0 0.0057887 0 0 1.8163 0.068159 0
789.22 89977 4156.9 1781 0 0.0041079 0 0 1.8163 0.068783 0
790.22 89990 4156.9 1781 0 0.0024271 0 0 1.8163 0.069408 0
791.22 89997 4156.9 1781 0 0.00074631 0 0 1.8163 0.070032 0
792.22 89997 4156.9 1781 0 0 0 0 1.8163 0.070656 0
