time (s) altitude (m) velocity (m/s) mass (kg)trajectory angle (rad) angle of attack (rad) heading angle (rad) latitude (rad)
0 90 30 29388 1.5691 0 1.2979 -0.2123 2.3868
0.88217 117.78 32.996 29261 1.568 -0.0024686 1.3756 -0.2123 2.3868
2.4534 173.89 38.446 29035 1.563 -0.0063554 1.4376 -0.2123 2.3868
3.7864 228.28 43.186 28843 1.5555 -0.0089144 1.4572 -0.2123 2.3868
4.1545 244.42 44.514 28790 1.5528 -0.0095146 1.4608 -0.2123 2.3868
5.0367 285.09 47.729 28663 1.5455 -0.010814 1.4674 -0.2123 2.3868
6.6078 364.61 53.574 28436 1.5291 -0.012338 1.4749 -0.2123 2.3868
7.9409 439.31 58.656 28245 1.5119 -0.012742 1.4791 -0.2123 2.3868
8.309 461.12 60.08 28192 1.5066 -0.012758 1.48 -0.2123 2.3868
9.1911 515.5 63.529 28065 1.4931 -0.012643 1.482 -0.2123 2.3868
10.762 619.79 69.811 27838 1.4662 -0.011685 1.4846 -0.2123 2.3868
12.095 715.82 75.291 27646 1.4408 -0.010046 1.4864 -0.2123 2.3868
12.463 743.57 76.83 27593 1.4335 -0.009513 1.4868 -0.2123 2.3868
13.787 847.74 82.455 27403 1.4059 -0.0072856 1.4882 -0.21229 2.3868
16.143 1050.4 92.834 27064 1.3536 -0.0014886 1.4901 -0.21229 2.3868
18.143 1239.6 102.04 26776 1.3087 0.0051925 1.4913 -0.21228 2.3868
18.695 1294.6 104.65 26696 1.2967 0.007136 1.4916 -0.21228 2.3868
20.018 1431.4 111.05 26506 1.2687 0.011912 1.4923 -0.21227 2.3868
22.375 1692.4 122.86 26167 1.2229 0.020013 1.4934 -0.21226 2.3868
24.375 1931.5 133.31 25879 1.1893 0.025792 1.4943 -0.21224 2.3868
24.927 2000.5 136.26 25800 1.181 0.027143 1.4945 -0.21224 2.3868
26.25 2171 143.45 25609 1.1628 0.030163 1.495 -0.21223 2.3868
28.607 2493.4 156.6 25270 1.1362 0.033669 1.4958 -0.2122 2.3868
30.607 2786.6 168.12 24983 1.1188 0.03465 1.4965 -0.21218 2.3868
31.159 2870.8 171.36 24903 1.1146 0.034765 1.4967 -0.21218 2.3868
32.482 3078.6 179.23 24713 1.106 0.034864 1.4971 -0.21216 2.3868
34.839 3470.1 193.64 24374 1.095 0.034776 1.4979 -0.21213 2.3868
36.838 3824.9 206.25 24086 1.0901 0.034745 1.4985 -0.2121 2.3868
37.39 3926.7 209.8 24007 1.0895 0.0348 1.4987 -0.21209 2.3868
38.714 4177.8 218.4 23817 1.0895 0.03486 1.4991 -0.21207 2.3868
41.07 4650.9 234.12 23478 1.0943 0.034833 1.4998 -0.21203 2.3868
43.07 5079.9 247.86 23190 1.1033 0.034826 1.5004 -0.212 2.3868
43.622 5203.1 251.72 23111 1.1065 0.034878 1.5006 -0.21199 2.3868
44.945 5507.1 261.08 22921 1.1158 0.034883 1.501 -0.21197 2.3869
47.302 6080.8 278.27 22582 1.1363 0.033327 1.5018 -0.21192 2.3869
49.302 6600.8 292.63 22295 1.1537 0.029811 1.5025 -0.21189 2.3869
49.854 6749.6 296.32 22215 1.1574 0.028531 1.5027 -0.21188 2.3869
51.177 7114.4 304.72 22025 1.164 0.024888 1.5032 -0.21185 2.3869
53.534 7789.4 318.24 21687 1.1652 0.016225 1.504 -0.21181 2.3869
55.533 8382.7 328.8 21399 1.1539 0.0068107 1.5048 -0.21177 2.3869
56.086 8549.2 331.66 21320 1.1486 0.0040387 1.505 -0.21175 2.3869
57.409 8952.2 338.54 21130 1.1322 -0.0024507 1.5054 -0.21172 2.3869
59.766 9681.4 351.5 20791 1.0923 -0.012245 1.5062 -0.21167 2.3869
61.765 10309 363.61 20504 1.0508 -0.018302 1.5068 -0.21161 2.3869
62.317 10483 367.11 20424 1.0385 -0.01969 1.5069 -0.2116 2.3869
63.641 10903 375.85 20234 1.0078 -0.02245 1.5073 -0.21156 2.3869
65.997 11654 392.68 19895 0.95062 -0.02526 1.5079 -0.21148 2.3869
67.997 12294 408.4 19608 0.90178 -0.025524 1.5083 -0.2114 2.3869
68.549 12471 412.98 19529 0.88854 -0.025412 1.5084 -0.21138 2.3869
69.872 12896 424.4 19339 0.85736 -0.02498 1.5087 -0.21133 2.3869
72.229 13653 446.32 19000 0.80413 -0.024451 1.5091 -0.21122 2.3869
74.229 14296 466.54 18712 0.76109 -0.02519 1.5095 -0.21112 2.3869
74.781 14473 472.39 18633 0.74945 -0.025715 1.5096 -0.21109 2.3869
75.663 14757 481.99 18506 0.73101 -0.026643 1.5097 -0.21104 2.3869
77.234 15263 499.82 18280 0.69852 -0.029077 1.51 -0.21095 2.3869
78.567 15691 515.72 18088 0.67106 -0.032054 1.5102 -0.21087 2.3869
78.935 15809 520.24 18035 0.66346 -0.032972 1.5102 -0.21084 2.3869
79.817 16091 531.29 17909 0.6452 -0.035316 1.5103 -0.21079 2.3869
81.389 16591 551.81 17683 0.61247 -0.040156 1.5105 -0.21068 2.3869
82.722 17012 570.11 17491 0.58444 -0.044876 1.5107 -0.21058 2.3869
83.09 17128 575.32 17438 0.57666 -0.046206 1.5108 -0.21055 2.3869
83.972 17404 588.11 17311 0.55802 -0.04944 1.5109 -0.21049 2.3869
85.543 17889 611.98 17085 0.52501 -0.055092 1.5111 -0.21036 2.387
86.876 18295 633.41 16893 0.49754 -0.059552 1.5112 -0.21025 2.387
87.244 18406 639.53 16840 0.4901 -0.060702 1.5113 -0.21021 2.387
88.126 18671 654.54 16713 0.47253 -0.063378 1.5113 -0.21014 2.387
89.698 19134 682.52 16487 0.44239 -0.067419 1.5115 -0.20999 2.387
91.031 19520 707.48 16295 0.41806 -0.069977 1.5116 -0.20986 2.387
91.399 19626 714.56 16242 0.41155 -0.070586 1.5117 -0.20982 2.387
92.281 19877 731.87 16115 0.3963 -0.071908 1.5118 -0.20973 2.387
93.852 20316 763.83 15889 0.37025 -0.073565 1.5119 -0.20956 2.387
95.185 20681 792.03 15697 0.3492 -0.074236 1.512 -0.20941 2.387
95.553 20780 799.99 15644 0.34355 -0.074356 1.512 -0.20936 2.387
96.435 21016 819.36 15517 0.33023 -0.074523 1.5121 -0.20926 2.387
98.007 21428 854.85 15291 0.30726 -0.074296 1.5122 -0.20906 2.387
99.34 21768 885.92 15099 0.2884 -0.073515 1.5123 -0.20889 2.387
99.708 21861 894.65 15046 0.28327 -0.073235 1.5124 -0.20884 2.387
101.03 22187 926.54 14855 0.26508 -0.071962 1.5125 -0.20866 2.3871
103.39 22742 985.16 14516 0.23332 -0.067946 1.5126 -0.20832 2.3871
105.39 23183 1036.5 14228 0.20687 -0.062509 1.5128 -0.20801 2.3871
105.94 23299 1051 14148 0.19965 -0.060784 1.5128 -0.20792 2.3871
107.26 23568 1085.9 13957 0.18253 -0.056361 1.5129 -0.2077 2.3871
109.62 24007 1149.8 13618 0.15302 -0.047955 1.513 -0.2073 2.3871
111.62 24338 1205.9 13330 0.12935 -0.041202 1.5131 -0.20693 2.3872
112.17 24422 1221.8 13250 0.12307 -0.03959 1.5131 -0.20683 2.3872
113.49 24611 1260.4 13059 0.10844 -0.035877 1.5132 -0.20658 2.3872
115.85 24904 1331.5 12719 0.083874 -0.030447 1.5133 -0.2061 2.3872
117.85 25105 1393.9 12431 0.064715 -0.026131 1.5134 -0.20568 2.3872
118.4 25154 1411.4 12352 0.059767 -0.024686 1.5134 -0.20556 2.3872
119.73 25256 1453.9 12161 0.048753 -0.020972 1.5135 -0.20526 2.3873
122.08 25399 1530.8 11821 0.033409 -0.012249 1.5136 -0.20471 2.3873
124.08 25489 1597.6 11533 0.025249 -0.0027218 1.5136 -0.20422 2.3873
124.63 25511 1616.5 11453 0.023623 4.2141e-05 1.5137 -0.20408 2.3873
