time (s) altitude (m) longitude (rad) latitude (rad) velocity (m/s) trajectory angle (rad) heading angle (rad) angle of attack (rad) bank angle (rad) fuel mass (kg) 
124.63 25511 2.3873 -0.20408 1616.5 0.023623 1.5137 4.2141e-05 0.24334 1562
130.06 25680 2.3874 -0.20271 1633.9 0.015619 1.5193 0.0077049 0.22147 1548.3
139.72 25873 2.3875 -0.20022 1669.1 0.00997 1.5284 0.011065 0.13032 1522.2
147.92 26004 2.3876 -0.19806 1702.5 0.009244 1.5329 0.014516 0.070528 1498.1
150.18 26040 2.3876 -0.19746 1712.4 0.01037 1.5339 0.016793 0.065368 1491.1
155.61 26156 2.3877 -0.19599 1737 0.014399 1.5359 0.016605 0.050574 1473.4
165.27 26441 2.3878 -0.19334 1782.4 0.018316 1.5391 0.012001 0.064807 1441
173.47 26711 2.3878 -0.19103 1820.7 0.017435 1.5432 0.011216 0.13054 1413.3
175.73 26781 2.3879 -0.19039 1831.2 0.017387 1.5449 0.012593 0.14287 1405.7
179.35 26896 2.3879 -0.18935 1848.1 0.017284 1.5477 0.011999 0.15865 1393.4
185.79 27114 2.3879 -0.18747 1878.6 0.0197 1.5544 0.018585 0.21915 1371.3
191.25 27342 2.3879 -0.18586 1904.6 0.024848 1.5625 0.019466 0.26924 1352.1
192.76 27416 2.388 -0.18541 1911.7 0.025811 1.5648 0.015149 0.27865 1346.9
196.38 27588 2.388 -0.18432 1927.7 0.022603 1.5691 5.1024e-05 0.30207 1335.2
202.82 27784 2.388 -0.18237 1955.5 0.0086988 1.575 3.3555e-05 0.38084 1315.7
208.29 27851 2.3879 -0.18069 1981.5 0.007062 1.5856 0.030963 0.4354 1297.6
209.79 27877 2.3879 -0.18022 1989.5 0.010995 1.5907 0.030337 0.4447 1291.8
213.41 27978 2.3879 -0.17909 2007.8 0.016624 1.6016 0.027985 0.46635 1278.6
219.85 28243 2.3878 -0.17705 2039.6 0.023469 1.6211 0.025366 0.52881 1255.4
225.32 28530 2.3877 -0.1753 2065.7 0.027639 1.6385 0.027804 0.56097 1236.1
226.83 28618 2.3877 -0.17482 2072.9 0.029026 1.6436 0.029328 0.56515 1230.7
230.44 28850 2.3876 -0.17365 2089.9 0.032605 1.656 0.031234 0.57133 1218
236.88 29334 2.3874 -0.17154 2118.7 0.038458 1.6779 0.031838 0.57714 1196.1
242.35 29803 2.3872 -0.16973 2140.7 0.041837 1.6952 0.031207 0.56691 1178.4
243.86 29939 2.3871 -0.16923 2146.3 0.042503 1.6996 0.031038 0.56423 1173.7
247.48 30274 2.3869 -0.16803 2159 0.04348 1.7098 0.029721 0.5521 1162.8
253.92 30878 2.3866 -0.16587 2179 0.04237 1.725 0.024852 0.50427 1144.8
259.38 31366 2.3863 -0.16403 2193.8 0.039099 1.7352 0.024187 0.46504 1130.7
260.89 31494 2.3862 -0.16352 2197.6 0.038142 1.7378 0.024645 0.45793 1127
264.51 31787 2.386 -0.1623 2206.5 0.03543 1.7437 0.02366 0.43615 1118.3
270.95 32251 2.3856 -0.16011 2221.2 0.029511 1.7524 0.022385 0.36589 1103.7
276.41 32575 2.3853 -0.15824 2232.8 0.023626 1.7582 0.021 0.31994 1092
277.92 32652 2.3852 -0.15772 2235.9 0.021825 1.7596 0.020857 0.31192 1088.9
283.35 32877 2.3848 -0.15586 2246.8 0.015079 1.7642 0.01982 0.26516 1077.9
293.01 33068 2.3841 -0.15252 2265.9 0.0024677 1.7696 0.018956 0.14272 1059
301.21 33017 2.3835 -0.14967 2282.4 -0.0078005 1.7721 0.019177 0.087854 1042.8
303.47 32970 2.3834 -0.14887 2287.1 -0.010462 1.7727 0.01938 0.078962 1038.2
308.9 32803 2.383 -0.14697 2298.6 -0.016286 1.7738 0.020035 0.055649 1027
318.56 32346 2.3823 -0.14356 2320.2 -0.023944 1.7748 0.021749 0.01439 1005.7
326.76 31854 2.3817 -0.14064 2339.8 -0.027028 1.7752 0.022654 0.018252 985.55
329.02 31710 2.3815 -0.13983 2345.4 -0.02731 1.7754 0.023251 0.019231 979.63
332.64 31479 2.3812 -0.13853 2354.5 -0.027072 1.7757 0.0234 0.017853 969.8
339.08 31079 2.3807 -0.1362 2371.1 -0.025005 1.7762 0.024433 0.01984 951.19
344.54 30782 2.3803 -0.13422 2385.4 -0.019978 1.7768 0.030718 0.026944 934.04
346.05 30714 2.3802 -0.13367 2389.4 -0.017574 1.777 0.030985 0.027852 929.01
349.67 30582 2.3799 -0.13234 2398.6 -0.013036 1.7776 0.025474 0.026432 916.96
356.11 30435 2.3794 -0.12997 2414.5 -0.0059427 1.7784 0.024991 0.02803 895.13
361.57 30401 2.379 -0.12795 2426.9 0.0011811 1.7793 0.025373 0.034243 876.07
363.08 30410 2.3789 -0.12739 2430.2 0.0031209 1.7796 0.015127 0.034739 870.79
366.7 30443 2.3786 -0.12605 2437.9 0.004309 1.7801 0.015908 0.031965 858.69
373.14 30524 2.3781 -0.12364 2451 0.0061789 1.7809 0.015756 0.032009 837.2
378.61 30630 2.3776 -0.12159 2461.9 0.010225 1.7818 0.027043 0.040876 818.65
380.11 30672 2.3775 -0.12102 2464.9 0.012906 1.7822 0.026601 0.042302 813.3
383.73 30802 2.3772 -0.11966 2471.5 0.015407 1.7829 0.013959 0.043049 801.22
390.17 31019 2.3767 -0.11722 2482.5 0.010248 1.7837 1.5578e-05 0.051486 781.68
395.64 31102 2.3762 -0.11515 2491.9 0.0018634 1.7844 2.5226e-05 0.062108 766.01
397.15 31105 2.3761 -0.11457 2494.6 -0.00012073 1.7846 8.1646e-05 0.063735 761.64
400.76 31074 2.3758 -0.1132 2501.1 -0.0058951 1.7851 1.6356e-05 0.064209 751.27
407.2 30959 2.3752 -0.11073 2513.4 -0.0064272 1.7867 0.025727 0.071844 730.88
412.67 30915 2.3748 -0.10863 2524 0.00098575 1.7887 0.017186 0.082474 711.95
414.18 30924 2.3746 -0.10805 2526.7 0.00065294 1.7891 0.016815 0.083868 707.1
417.8 30937 2.3743 -0.10666 2533.4 0.0022243 1.7903 0.016661 0.082942 695.06
424.24 30997 2.3738 -0.10416 2545 0.0051506 1.7924 0.016939 0.079237 673.59
429.7 31087 2.3733 -0.10204 2554.5 0.0076742 1.7941 0.016797 0.075895 655.44
431.21 31118 2.3732 -0.10145 2557.1 0.0083085 1.7946 0.016943 0.074972 650.46
434.83 31201 2.3728 -0.10004 2563.1 0.0097699 1.7956 0.017038 0.067716 638.6
441.27 31390 2.3723 -0.097524 2573.4 0.012834 1.7971 0.017191 0.052788 617.67
446.73 31567 2.3718 -0.09538 2581.6 0.01124 1.798 7.3021e-05 0.051138 600.95
448.24 31608 2.3716 -0.094788 2583.8 0.0084893 1.7981 0.002525 0.05054 596.78
451.86 31668 2.3713 -0.093364 2589.2 0.0040242 1.7985 8.6142e-05 0.04524 586.47
458.3 31654 2.3707 -0.090822 2599.2 -0.005452 1.7991 9.4964e-05 0.034009 568.37
463.77 31544 2.3702 -0.088657 2608.2 -0.0086081 1.7996 0.019418 0.032176 551.96
465.27 31512 2.37 -0.088059 2610.7 -0.0069283 1.7998 0.020592 0.031926 546.94
468.89 31458 2.3697 -0.086621 2616.6 -0.0042966 1.8002 0.019713 0.028037 535.05
475.33 31426 2.3691 -0.084053 2626.9 0.00027491 1.8009 0.018475 0.024945 513.69
480.8 31450 2.3686 -0.081866 2635.4 0.0027781 1.8015 0.013222 0.02987 495.72
482.31 31462 2.3685 -0.081261 2637.7 0.002809 1.8017 0.012422 0.029817 490.87
487.73 31503 2.3679 -0.079082 2645.9 0.00286 1.8022 0.011353 0.022698 473.47
497.39 31574 2.367 -0.075186 2660.2 0.0027036 1.8028 0.011668 0.020161 442.57
505.59 31633 2.3662 -0.071864 2672.1 0.0027284 1.8035 0.010963 0.033993 416.39
507.85 31649 2.366 -0.070944 2675.4 0.0025324 1.8038 0.011306 0.035294 409.2
513.28 31685 2.3655 -0.068736 2683.1 0.0024377 1.8044 0.011251 0.027872 391.93
522.94 31749 2.3645 -0.064788 2696.5 0.0025018 1.8051 0.011467 0.020786 361.17
531.14 31805 2.3637 -0.061423 2707.7 0.0024409 1.8058 0.01055 0.032216 335.15
533.4 31819 2.3635 -0.060492 2710.7 0.0022303 1.8061 0.013606 0.034583 328
537.02 31844 2.3632 -0.059001 2715.5 0.0026219 1.8065 0.011172 0.032094 316.47
543.46 31887 2.3625 -0.056341 2724 0.0021573 1.8071 0.010247 0.02981 296.17
548.93 31917 2.362 -0.054078 2731.1 0.002132 1.8077 0.012089 0.033714 278.9
550.43 31926 2.3618 -0.053452 2733 0.0023546 1.8078 0.012119 0.034179 274.09
554.05 31950 2.3615 -0.051951 2737.6 0.002296 1.8082 0.010051 0.030538 262.68
560.49 31987 2.3608 -0.04927 2745.7 0.0019501 1.8088 0.011097 0.026875 242.42
565.96 32016 2.3602 -0.04699 2752.5 0.0020992 1.8093 0.010292 0.031621 225.18
567.47 32026 2.3601 -0.04636 2754.4 0.0019286 1.8094 0.010309 0.032123 220.46
571.08 32043 2.3597 -0.044847 2758.8 0.001744 1.8098 0.010494 0.028976 209.11
577.52 32078 2.3591 -0.042147 2766.5 0.0021969 1.8104 0.011924 0.027718 188.78
582.99 32112 2.3585 -0.039851 2773 0.0020961 1.8109 0.0075236 0.034421 171.64
584.5 32120 2.3583 -0.039216 2774.8 0.0014167 1.811 0.0082163 0.03501 167.03
588.11 32132 2.358 -0.037692 2779.1 0.001266 1.8114 0.011831 0.032861 155.72
594.56 32169 2.3573 -0.034974 2786.4 0.0028646 1.8121 0.012628 0.034986 135.28
600.02 32212 2.3567 -0.032662 2792.6 0.0021291 1.8127 0.0038761 0.040398 118.33
601.53 32219 2.3566 -0.032023 2794.3 0.00081098 1.8129 0.0090397 0.039114 113.85
605.15 32218 2.3562 -0.03049 2798.5 -0.00063451 1.8132 0.0074806 0.030788 102.82
611.59 32247 2.3555 -0.027754 2805.1 0.0063383 1.8138 0.03836 0.012928 81.481
617.05 32479 2.3549 -0.025429 2808.2 0.026504 1.8142 0.054183 0.010502 61.222
618.56 32609 2.3548 -0.024787 2808.5 0.032366 1.8143 0.05989 0.010646 55.725
622.18 33024 2.3544 -0.02325 2807.4 0.049292 1.8145 0.067446 0.0049294 42.492
628.62 34171 2.3537 -0.020517 2802.6 0.077779 1.8148 0.077995 0.0068723 21.072
634.09 35558 2.3531 -0.018211 2790.3 0.10472 1.8152 0.13292 0.007175 4.9094
635.59 36015 2.353 -0.017578 2783.5 0.11514 1.8154 0.14239 0 0.4449
635.59 36015 2.353 -0.017578 2783.5 0.11514 1.8154 0.14239 0 0.4449
637.86 36825 2.3528 -0.016638 2748.4 0.14313 1.8177 0.13724 0.13511 0.44039
641.9 38592 2.3523 -0.015 2698.9 0.17681 1.8305 0.12489 0.41814 0.43903
645.32 40280 2.352 -0.013641 2667.9 0.19062 1.8452 0.11614 0.62802 0.43549
646.26 40759 2.3519 -0.01327 2660.6 0.19276 1.8491 0.1141 0.68134 0.43463
648.53 41920 2.3516 -0.012387 2645 0.19547 1.8582 0.11037 0.77643 0.4302
652.56 43981 2.3511 -0.010832 2622.5 0.19382 1.8722 0.10014 0.98356 0.42876
655.99 45682 2.3507 -0.0095261 2607.4 0.18806 1.8816 0.094549 1.0564 0.42523
656.93 46140 2.3506 -0.0091673 2603.6 0.18621 1.8838 0.093604 1.0631 0.42436
659.2 47216 2.3503 -0.0083096 2595.3 0.18126 1.8886 0.09167 1.0835 0.4202
663.23 49049 2.3498 -0.0067897 2582.4 0.17133 1.8955 0.086129 1.0964 0.41862
666.66 50515 2.3494 -0.0055063 2572.9 0.16221 1.9 0.083104 1.0616 0.41525
667.6 50904 2.3493 -0.0051528 2570.5 0.15964 1.901 0.082622 1.0577 0.41444
669.87 51811 2.349 -0.0043068 2565 0.15331 1.9034 0.081592 1.0569 0.39351
673.9 53329 2.3484 -0.002804 2556.2 0.14167 1.9069 0.078693 1.0357 0.39979
677.33 54520 2.348 -0.0015324 2549.5 0.13151 1.9094 0.077188 1.0064 0.39148
678.27 54832 2.3479 -0.0011818 2547.8 0.12868 1.91 0.076956 1.0031 0.39272
681.29 55784 2.3475 -6.2637e-05 2542.6 0.11947 1.9117 0.076112 1.0059 0.36721
686.67 57298 2.3468 0.0019265 2534.5 0.10272 1.9144 0.074017 0.9834 0.37558
691.24 58400 2.3462 0.0036106 2528.7 0.088258 1.9162 0.073223 0.94131 0.3659
692.5 58675 2.346 0.004075 2527.3 0.084241 1.9167 0.073116 0.93563 0.36763
695.52 59280 2.3456 0.0051876 2524.1 0.074534 1.9177 0.072918 0.935 0.34091
700.9 60173 2.3449 0.0071665 2519.2 0.057111 1.9193 0.072658 0.91521 0.34998
705.46 60743 2.3443 0.0088434 2515.9 0.042216 1.9205 0.072855 0.88621 0.34073
706.72 60870 2.3441 0.0093061 2515.2 0.038096 1.9209 0.072913 0.88223 0.34334
709.75 61122 2.3437 0.010415 2513.6 0.028181 1.9216 0.07307 0.88357 0.32009
715.13 61384 2.343 0.012387 2511.4 0.010495 1.9228 0.073864 0.87456 0.32771
719.69 61418 2.3424 0.014059 2510.3 -0.0045282 1.9239 0.07467 0.85639 0.31834
720.95 61397 2.3422 0.014521 2510.1 -0.0086699 1.9242 0.07483 0.85409 0.31943
723.97 61293 2.3418 0.015626 2509.9 -0.018608 1.9248 0.075259 0.85811 0.29706
729.35 60923 2.341 0.017594 2510.1 -0.03624 1.9261 0.076907 0.85895 0.30415
733.92 60423 2.3404 0.019263 2510.9 -0.051118 1.9272 0.078261 0.84845 0.29547
735.18 60254 2.3403 0.019723 2511.2 -0.055203 1.9276 0.078522 0.8474 0.29702
738.2 59799 2.3398 0.020827 2512.2 -0.064974 1.9284 0.079262 0.85419 0.27296
743.58 58804 2.3391 0.02279 2514.4 -0.082182 1.93 0.081874 0.86336 0.28057
748.14 57779 2.3385 0.024455 2516.6 -0.096555 1.9317 0.083843 0.85781 0.27103
749.4 57467 2.3383 0.024914 2517.3 -0.10047 1.9322 0.084216 0.8576 0.27249
752.42 56669 2.3379 0.026015 2519.1 -0.10979 1.9335 0.085334 0.86725 0.24544
757.8 55073 2.3371 0.027973 2522.4 -0.12596 1.9363 0.089068 0.88363 0.25395
762.37 53550 2.3365 0.029632 2525.2 -0.13916 1.9393 0.091681 0.88056 0.24315
763.63 53103 2.3363 0.030089 2525.9 -0.1427 1.9402 0.092167 0.88076 0.24473
766.65 51986 2.3359 0.031185 2527.7 -0.15098 1.9427 0.093678 0.89273 0.22562
772.03 49845 2.3351 0.033132 2530.1 -0.16482 1.9485 0.098407 0.91253 0.22988
776.59 47889 2.3345 0.034778 2530.9 -0.17527 1.9552 0.10136 0.90783 0.22107
777.86 47329 2.3343 0.035232 2530.9 -0.17787 1.9574 0.10188 0.9077 0.22138
780.88 45954 2.3338 0.036316 2530.2 -0.18356 1.9634 0.10353 0.9196 0.21592
786.26 43416 2.333 0.038235 2525.5 -0.1911 1.9781 0.10802 0.93689 0.21331
790.82 41212 2.3323 0.039846 2516.3 -0.19366 1.9961 0.11011 0.92961 0.20828
792.08 40602 2.3321 0.040287 2512.7 -0.19352 2.0021 0.11044 0.92944 0.20679
795.1 39151 2.3316 0.041336 2501.6 -0.19158 2.0192 0.11152 0.94309 0.19989
800.48 36659 2.3307 0.043167 2471.1 -0.1814 2.0611 0.11343 0.96976 0.19739
805.05 34725 2.3299 0.044666 2432 -0.16424 2.111 0.1131 0.97181 0.19155
806.31 34235 2.3296 0.045068 2418.9 -0.15783 2.1272 0.11302 0.97331 0.18999
809.33 33157 2.329 0.046006 2382.9 -0.1399 2.1714 0.11294 0.99556 0.18201
814.71 31629 2.3278 0.047566 2304.9 -0.10138 2.268 0.11117 1.0359 0.17939
819.27 30772 2.3267 0.048752 2229.5 -0.063741 2.363 0.10863 1.0305 0.17281
820.53 30609 2.3264 0.049053 2208 -0.052514 2.3901 0.10822 1.0293 0.1711
823.55 30350 2.3256 0.04973 2156.1 -0.025961 2.4567 0.10738 1.0442 0.16213
828.93 30308 2.3242 0.05077 2066.7 0.018077 2.5737 0.10411 1.0425 0.15919
833.5 30634 2.3229 0.051491 1998.1 0.051962 2.6639 0.10151 0.99589 0.15175
834.76 30776 2.3226 0.051667 1980.6 0.061063 2.6865 0.10112 0.98871 0.14981
837.78 31195 2.3218 0.052051 1941 0.080399 2.7378 0.10044 0.9844 0.13964
843.16 32168 2.3203 0.052619 1879.6 0.10794 2.8163 0.098224 0.94263 0.13614
847.73 33157 2.319 0.053004 1836.2 0.12521 2.8693 0.096767 0.89108 0.12757
848.99 33450 2.3187 0.053098 1825.5 0.12903 2.882 0.096566 0.88348 0.1253
852.01 34175 2.3178 0.053304 1801.7 0.13609 2.9096 0.096366 0.87454 0.11361
857.39 35513 2.3164 0.053615 1765 0.14273 2.9504 0.095805 0.83496 0.10915
861.95 36656 2.3152 0.053832 1738.9 0.14357 2.9775 0.095526 0.7991 0.098865
863.21 36969 2.3148 0.053886 1732.3 0.1431 2.984 0.095516 0.79344 0.095998
866.23 37707 2.314 0.054007 1717.6 0.14078 2.9984 0.095722 0.78485 0.082941
871.61 38963 2.3126 0.054193 1694.4 0.13327 3.0201 0.096409 0.75308 0.075703
876.18 39953 2.3114 0.054328 1677.4 0.12422 3.0352 0.09689 0.72817 0.063261
877.44 40211 2.3111 0.054363 1673.1 0.12133 3.039 0.096999 0.72401 0.059905
880.46 40803 2.3103 0.054439 1663.3 0.11379 3.0474 0.09748 0.71492 0.046241
885.84 41748 2.309 0.05456 1647.7 0.098668 3.0606 0.098939 0.68629 0.027951
890.4 42435 2.3078 0.054648 1636.1 0.084512 3.0704 0.099847 0.66762 0.010017
891.66 42604 2.3075 0.054671 1633.1 0.0804 3.0729 0.10004 0.66409 0.0034686
896.19 43141 2.3063 0.054744 1623.2 0.065155 3.0814 0.10144 0.63952 0.00083337
904.27 43807 2.3043 0.054853 1608.2 0.036866 3.0948 0.10481 0.5818 5.02e-06
911.11 44077 2.3026 0.054924 1597.8 0.012243 3.105 0.10592 0.56418 1.0347e-06
913 44104 2.3021 0.05494 1595.3 0.0053236 3.1077 0.10609 0.56046 1.8085e-05
917.53 44083 2.301 0.054975 1589.8 -0.011167 3.1142 0.10684 0.5345 1.7933e-05
925.6 43755 2.299 0.055018 1581.5 -0.039894 3.1253 0.10706 0.50513 1.7566e-05
932.45 43196 2.2973 0.055038 1575.8 -0.063535 3.1353 0.10474 0.54483 1.7393e-05
934.34 42998 2.2968 0.05504 1574.3 -0.069999 3.1384 0.10417 0.55496 1.735e-05
936.61 42735 2.2963 0.055041 1572.7 -0.077567 3.1422 0.10384 0.55717 1.7227e-05
940.64 42202 2.2953 0.055036 1569.8 -0.090588 3.1494 0.10248 0.56948 1.6783e-05
944.07 41688 2.2945 0.055027 1567.5 -0.10113 3.156 0.1013 0.58282 1.6444e-05
945.01 41536 2.2942 0.055024 1566.8 -0.10394 3.1579 0.10109 0.58497 1.6381e-05
947.28 41156 2.2937 0.055013 1565.2 -0.11044 3.1627 0.10059 0.58708 1.6186e-05
951.31 40427 2.2927 0.054988 1562.1 -0.12121 3.172 0.098685 0.60096 1.5498e-05
954.74 39758 2.2919 0.05496 1559.3 -0.12949 3.1808 0.097165 0.61684 1.4987e-05
955.68 39567 2.2917 0.05495 1558.4 -0.13161 3.1834 0.096895 0.61958 1.4892e-05
957.95 39095 2.2911 0.054926 1556.2 -0.13635 3.1899 0.096196 0.62524 1.4599e-05
961.98 38219 2.2901 0.054873 1551.7 -0.14362 3.2027 0.09372 0.64905 1.3577e-05
965.41 37447 2.2893 0.054818 1547.2 -0.14859 3.2152 0.09186 0.67022 1.2826e-05
966.35 37229 2.2891 0.054801 1545.8 -0.14974 3.2189 0.091528 0.67401 1.269e-05
968.62 36703 2.2886 0.054757 1542.2 -0.15199 3.2284 0.090654 0.68444 1.2281e-05
972.65 35755 2.2876 0.054665 1534.7 -0.15453 3.2474 0.087747 0.71931 1.087e-05
976.08 34946 2.2868 0.054572 1527 -0.15524 3.2659 0.085716 0.74331 9.8557e-06
977.02 34723 2.2866 0.054544 1524.7 -0.15514 3.2715 0.085352 0.74758 9.6756e-06
980.04 34015 2.2859 0.054446 1516.4 -0.15387 3.2907 0.08382 0.77075 9.1546e-06
985.42 32788 2.2846 0.054236 1498.8 -0.1492 3.3307 0.079022 0.82865 7.3877e-06
989.99 31798 2.2836 0.054018 1480.8 -0.14271 3.371 0.076104 0.84939 6.1531e-06
991.25 31535 2.2833 0.053951 1475.2 -0.14022 3.3831 0.075699 0.85243 5.9404e-06
994.27 30930 2.2827 0.053777 1460.7 -0.13319 3.4142 0.074764 0.8681 5.3589e-06
999.65 29955 2.2815 0.053417 1430.9 -0.1172 3.477 0.072547 0.89045 3.4397e-06
1004.2 29254 2.2806 0.053058 1401.8 -0.099414 3.537 0.071845 0.88032 2.1624e-06
1005.5 29084 2.2803 0.052951 1393 -0.093491 3.5546 0.071731 0.87937 1.9546e-06
1008.5 28725 2.2797 0.052677 1371 -0.078445 3.5985 0.071377 0.88674 1.4487e-06
1013.9 28260 2.2787 0.052136 1328.6 -0.048924 3.6823 0.070707 0.89175 0
1018.4 28048 2.2779 0.051626 1289.9 -0.021539 3.757 0.070704 0.879 0
1019.7 28020 2.2777 0.051478 1278.9 -0.013573 3.7778 0.070698 0.87814 0
1024.2 28021 2.277 0.050922 1238.6 0.013856 3.8537 0.070579 0.89033 0
1032.3 28371 2.276 0.04986 1165.7 0.057706 3.9861 0.071747 0.87115 0
1039.1 28946 2.2752 0.048914 1104.8 0.089911 4.0876 0.073854 0.80958 0
1041 29141 2.275 0.04865 1088.4 0.098045 4.1129 0.074186 0.80101 0
1045.6 29653 2.2746 0.048017 1050.3 0.1131 4.1698 0.074887 0.78843 0
1053.6 30646 2.274 0.046898 987.06 0.12665 4.2567 0.077088 0.74832 0
1060.5 31480 2.2736 0.045968 938.75 0.12508 4.3169 0.078341 0.72535 0
1062.4 31698 2.2735 0.045715 926.31 0.12239 4.3317 0.078463 0.7232 0
