time (s) altitude (m) velocity (m/s) mass (kg)trajectory angle (rad) angle of attack (rad) heading angle (rad) latitude (rad)
0 90 30 28905 1.5691 0 -0.82571 -0.20666
0.35065 100.92 32.281 28844 1.569 -0.00051628 -0.81689 -0.20666
0.97517 122.35 36.369 28734 1.5687 -0.0013843 -0.8061 -0.20666
1.505 142.55 39.862 28642 1.5682 -0.0020321 -0.80129 -0.20666
1.6513 148.45 40.83 28616 1.568 -0.002196 -0.80048 -0.20666
2.002 163.18 43.159 28555 1.5676 -0.0025746 -0.79924 -0.20666
2.6265 191.43 47.33 28446 1.5667 -0.0031269 -0.79879 -0.20666
3.1564 217.45 50.893 28353 1.5658 -0.0034567 -0.79947 -0.20666
3.3027 224.97 51.88 28327 1.5655 -0.0035344 -0.79976 -0.20666
3.6281 242.21 54.083 28271 1.5649 -0.0036874 -0.80052 -0.20666
4.3085 280.58 58.714 28152 1.5635 -0.0038728 -0.80245 -0.20666
5.1589 332.99 64.55 28003 1.5617 -0.0038043 -0.80517 -0.20666
5.9514 386.31 70.037 27864 1.5601 -0.0034541 -0.80779 -0.20666
6.4739 423.85 73.679 27773 1.559 -0.0031046 -0.80953 -0.20666
6.6054 433.6 74.598 27750 1.5588 -0.0030137 -0.80997 -0.20666
6.956 460.19 77.056 27689 1.5581 -0.0027575 -0.81114 -0.20666
7.5805 509.68 81.452 27579 1.557 -0.002267 -0.8132 -0.20666
8.1104 553.82 85.201 27487 1.5562 -0.001821 -0.81494 -0.20666
8.2567 566.36 86.238 27461 1.5559 -0.0016963 -0.81541 -0.20666
8.6073 597.04 88.731 27400 1.5554 -0.0013918 -0.81656 -0.20666
9.2319 653.83 93.187 27291 1.5546 -0.00083947 -0.81859 -0.20666
9.7617 704.21 96.984 27198 1.5541 -0.00036238 -0.82031 -0.20666
9.908 718.47 98.034 27173 1.5539 -0.00022975 -0.82079 -0.20666
10.396 767.18 101.55 27087 1.5536 0.00021743 -0.82239 -0.20666
11.417 874.57 108.95 26909 1.5533 0.001141 -0.82581 -0.20666
12.692 1019.5 118.3 26686 1.554 0.0020874 -0.83039 -0.20666
13.881 1165.3 127.09 26478 1.5553 0.0025539 -0.83512 -0.20666
14.665 1267.2 132.93 26341 1.5565 0.0026394 -0.83861 -0.20666
14.862 1293.6 134.41 26307 1.5568 0.0026422 -0.83954 -0.20666
15.388 1365.3 138.35 26215 1.5577 0.0026236 -0.84217 -0.20666
16.325 1498.2 145.41 26051 1.5595 0.0024013 -0.84745 -0.20666
17.12 1616.1 151.43 25912 1.5611 0.0019922 -0.85275 -0.20666
17.339 1649.5 153.1 25874 1.5616 0.001856 -0.85438 -0.20666
17.865 1731.1 157.11 25782 1.5626 0.0014961 -0.85866 -0.20666
18.802 1881.7 164.29 25618 1.5644 0.00070126 -0.86799 -0.20666
19.597 2014.7 170.42 25479 1.5657 -0.0001064 -0.87847 -0.20666
19.816 2052.3 172.13 25441 1.5661 -0.0003325 -0.88194 -0.20666
20.167 2113.1 174.85 25380 1.5666 -0.00069928 -0.88813 -0.20666
20.791 2223.8 179.73 25271 1.5673 -0.0013402 -0.90153 -0.20666
21.321 2320.1 183.88 25178 1.5679 -0.0018572 -0.91588 -0.20666
21.467 2347.1 185.03 25153 1.568 -0.0019944 -0.92041 -0.20666
21.818 2412.5 187.79 25091 1.5683 -0.0023178 -0.93238 -0.20666
22.443 2531.3 192.72 24982 1.5687 -0.0028384 -0.95781 -0.20666
22.972 2634.5 196.91 24890 1.5689 -0.0032112 -0.98351 -0.20666
23.119 2663.4 198.07 24864 1.5689 -0.0033063 -0.99122 -0.20666
23.352 2709.9 199.93 24823 1.569 -0.0034553 -1.004 -0.20666
23.769 2793.9 203.24 24751 1.569 -0.0037066 -1.0281 -0.20666
24.122 2866.2 206.05 24689 1.569 -0.0039059 -1.0492 -0.20666
24.22 2886.3 206.82 24672 1.569 -0.0039601 -1.0552 -0.20666
24.453 2934.9 208.69 24631 1.569 -0.004089 -1.0694 -0.20666
24.87 3022.4 212.01 24558 1.5689 -0.004318 -1.0943 -0.20666
25.223 3097.8 214.82 24497 1.5688 -0.0045135 -1.1148 -0.20666
25.321 3118.8 215.6 24480 1.5687 -0.004568 -1.1202 -0.20666
25.554 3169.4 217.47 24439 1.5686 -0.0046987 -1.1329 -0.20666
25.971 3260.7 220.79 24366 1.5684 -0.00493 -1.1541 -0.20666
26.324 3339.2 223.61 24304 1.5681 -0.0051205 -1.1704 -0.20666
26.421 3361 224.39 24287 1.568 -0.0051715 -1.1746 -0.20666
26.747 3434.5 226.98 24230 1.5677 -0.0053353 -1.1879 -0.20666
27.427 3590.7 232.41 24112 1.5669 -0.0055866 -1.2118 -0.20666
28.278 3791.2 239.18 23963 1.5658 -0.0056453 -1.2357 -0.20666
29.07 3983.3 245.49 23825 1.5648 -0.0053991 -1.2538 -0.20666
29.593 4112.6 249.65 23734 1.5642 -0.0050754 -1.2643 -0.20666
29.724 4145.5 250.7 23711 1.5641 -0.0049783 -1.2668 -0.20666
30.075 4233.9 253.5 23649 1.5638 -0.0046944 -1.2733 -0.20666
30.699 4393.8 258.49 23540 1.5634 -0.004072 -1.2844 -0.20666
31.229 4531.9 262.74 23448 1.5634 -0.0034262 -1.2936 -0.20666
31.375 4570.4 263.92 23422 1.5634 -0.0032378 -1.2961 -0.20666
31.726 4663.5 266.75 23361 1.5636 -0.0027908 -1.3024 -0.20666
32.351 4831.6 271.79 23252 1.5641 -0.0020999 -1.314 -0.20666
32.88 4976.8 276.08 23160 1.5648 -0.0016678 -1.3251 -0.20666
33.027 5017.2 277.26 23134 1.5651 -0.0015684 -1.3284 -0.20666
33.213 5068.9 278.76 23102 1.5653 -0.0014579 -1.3327 -0.20666
33.622 5183.7 282.07 23030 1.566 -0.0012735 -1.3433 -0.20666
34.191 5345.6 286.65 22931 1.5669 -0.0011572 -1.361 -0.20666
34.834 5531.4 291.77 22819 1.5679 -0.0012177 -1.3869 -0.20666
35.452 5713.2 296.64 22711 1.5686 -0.0014729 -1.4208 -0.20666
35.951 5862.2 300.52 22624 1.569 -0.0018155 -1.4556 -0.20666
36.255 5954.1 302.87 22571 1.569 -0.0020878 -1.4795 -0.20666
36.329 5976.6 303.44 22558 1.569 -0.0021604 -1.4854 -0.20666
36.477 6021.4 304.56 22532 1.569 -0.0023135 -1.4972 -0.20666
36.806 6122.1 307.06 22474 1.5689 -0.0026948 -1.5228 -0.20666
37.277 6267.4 310.59 22392 1.5684 -0.0033335 -1.5548 -0.20666
37.832 6440.9 314.7 22295 1.5675 -0.0042286 -1.5833 -0.20666
38.404 6622.1 318.89 22196 1.5659 -0.0053131 -1.6037 -0.20666
38.924 6789.1 322.65 22105 1.564 -0.0064416 -1.6167 -0.20666
39.331 6920.8 325.57 22034 1.5622 -0.0074164 -1.6243 -0.20666
39.573 7000.1 327.31 21991 1.5609 -0.0080386 -1.6281 -0.20666
39.632 7019.3 327.73 21981 1.5606 -0.0081934 -1.6289 -0.20666
39.994 7138.4 330.31 21918 1.5585 -0.0091858 -1.6336 -0.20666
40.775 7398.6 335.89 21782 1.553 -0.011551 -1.6411 -0.20666
41.818 7752.8 343.38 21600 1.5437 -0.015185 -1.648 -0.20667
42.917 8134.1 351.4 21408 1.5314 -0.019599 -1.6528 -0.20667
43.853 8465.8 358.36 21245 1.5186 -0.023835 -1.6557 -0.20667
44.441 8677.6 362.78 21142 1.5093 -0.026723 -1.6572 -0.20667
44.586 8730.3 363.88 21117 1.5069 -0.027462 -1.6575 -0.20667
45.112 8922.3 367.88 21025 1.4976 -0.030228 -1.6586 -0.20667
46.049 9269 375.02 20862 1.4786 -0.035497 -1.6602 -0.20668
46.844 9568 381.06 20723 1.46 -0.04031 -1.6613 -0.20668
47.063 9651.2 382.72 20685 1.4544 -0.041694 -1.6616 -0.20669
47.589 9852 386.66 20593 1.44 -0.045028 -1.6622 -0.20669
48.526 10214 393.6 20429 1.4113 -0.050662 -1.6631 -0.2067
49.321 10524 399.4 20291 1.3838 -0.05505 -1.6637 -0.20671
49.54 10610 400.99 20252 1.3757 -0.056228 -1.6639 -0.20671
50.002 10792 404.34 20172 1.3581 -0.058598 -1.6642 -0.20671
50.915 11155 411 20012 1.3209 -0.062975 -1.6647 -0.20673
51.928 11560 418.59 19836 1.2768 -0.067341 -1.6652 -0.20675
52.654 11851 424.26 19709 1.244 -0.070153 -1.6655 -0.20676
52.843 11927 425.77 19676 1.2353 -0.070841 -1.6656 -0.20676
53.544 12209 431.55 19554 1.2028 -0.073243 -1.6658 -0.20678
54.793 12712 442.53 19336 1.1443 -0.076912 -1.6662 -0.20681
55.853 13139 452.64 19151 1.0949 -0.079413 -1.6665 -0.20685
56.145 13256 455.56 19099 1.0814 -0.080005 -1.6666 -0.20685
56.496 13397 459.16 19038 1.0653 -0.080659 -1.6667 -0.20687
57.121 13648 465.78 18929 1.0369 -0.081672 -1.6668 -0.20689
57.651 13860 471.63 18837 1.0131 -0.082379 -1.6669 -0.20691
57.797 13919 473.28 18811 1.0067 -0.08255 -1.6669 -0.20692
58.147 14059 477.31 18750 0.99122 -0.082924 -1.667 -0.20693
58.772 14308 484.71 18641 0.96416 -0.083448 -1.6671 -0.20696
59.302 14519 491.24 18548 0.94168 -0.083783 -1.6672 -0.20698
59.448 14577 493.08 18523 0.93555 -0.083873 -1.6672 -0.20699
59.711 14681 496.43 18477 0.92462 -0.084042 -1.6673 -0.207
60.18 14867 502.53 18395 0.90543 -0.084381 -1.6673 -0.20702
60.577 15023 507.85 18326 0.88943 -0.084716 -1.6674 -0.20704
60.687 15067 509.34 18307 0.88506 -0.084813 -1.6674 -0.20704
60.95 15170 512.95 18261 0.87467 -0.085053 -1.6675 -0.20706
61.418 15354 519.53 18179 0.85644 -0.085509 -1.6675 -0.20708
61.815 15510 525.26 18110 0.84126 -0.085917 -1.6676 -0.2071
61.925 15553 526.86 18090 0.83712 -0.08603 -1.6676 -0.20711
62.451 15759 534.69 17999 0.81754 -0.086537 -1.6677 -0.20714
63.388 16123 549.21 17835 0.78385 -0.087114 -1.6678 -0.20719
64.183 16430 562.12 17696 0.75652 -0.087252 -1.6679 -0.20724
64.402 16515 565.77 17658 0.74919 -0.087264 -1.6679 -0.20726
64.928 16717 574.7 17566 0.73197 -0.087265 -1.6679 -0.20729
65.865 17076 591.19 17402 0.70259 -0.087265 -1.668 -0.20736
66.66 17379 605.77 17263 0.67891 -0.087265 -1.6681 -0.20741
66.879 17463 609.88 17225 0.67257 -0.087264 -1.6681 -0.20743
67.405 17662 619.92 17133 0.6577 -0.087266 -1.6682 -0.20747
68.342 18016 638.35 16970 0.63234 -0.087266 -1.6682 -0.20754
69.137 18316 654.56 16831 0.6119 -0.087265 -1.6683 -0.20761
69.356 18398 659.12 16792 0.60642 -0.087265 -1.6683 -0.20763
69.882 18596 670.23 16700 0.59356 -0.087266 -1.6684 -0.20767
70.819 18946 690.54 16537 0.57158 -0.087266 -1.6684 -0.20775
71.614 19243 708.33 16398 0.5538 -0.087266 -1.6685 -0.20783
71.833 19324 713.32 16359 0.54902 -0.087265 -1.6685 -0.20785
72.359 19520 725.45 16268 0.53777 -0.087266 -1.6685 -0.2079
73.296 19867 747.57 16104 0.51845 -0.087266 -1.6686 -0.20799
74.091 20162 766.85 15965 0.50268 -0.087266 -1.6686 -0.20807
74.31 20243 772.25 15926 0.49841 -0.087265 -1.6686 -0.2081
74.836 20437 785.35 15835 0.48835 -0.087266 -1.6686 -0.20815
75.773 20781 809.17 15671 0.47088 -0.087266 -1.6687 -0.20826
76.568 21072 829.86 15532 0.45647 -0.087266 -1.6687 -0.20835
76.787 21153 835.65 15493 0.45254 -0.087265 -1.6687 -0.20837
77.313 21345 849.67 15401 0.44322 -0.087266 -1.6688 -0.20843
78.25 21685 875.08 15238 0.42688 -0.087266 -1.6688 -0.20855
79.045 21972 897.1 15099 0.41321 -0.087266 -1.6688 -0.20865
79.264 22051 903.25 15060 0.40946 -0.087265 -1.6688 -0.20868
79.966 22302 923.11 14938 0.39753 -0.087266 -1.6688 -0.20877
81.215 22746 959.24 14719 0.37639 -0.087266 -1.6689 -0.20894
82.274 23117 990.63 14534 0.35846 -0.087266 -1.6689 -0.20909
82.567 23219 999.42 14482 0.35349 -0.087265 -1.6689 -0.20913
83.268 23460 1020.7 14360 0.34156 -0.087266 -1.6689 -0.20923
84.517 23882 1059.2 14141 0.32011 -0.087266 -1.669 -0.20943
85.577 24230 1092.7 13956 0.30167 -0.087266 -1.669 -0.2096
85.87 24325 1102 13904 0.29653 -0.087265 -1.669 -0.20964
86.571 24548 1124.6 13782 0.28413 -0.087266 -1.669 -0.20976
87.82 24934 1165.4 13563 0.26174 -0.087266 -1.669 -0.20997
88.88 25247 1200.8 13378 0.24242 -0.087266 -1.669 -0.21016
89.172 25330 1210.7 13326 0.23704 -0.087265 -1.669 -0.21022
89.698 25478 1228.5 13234 0.22732 -0.087266 -1.669 -0.21031
90.635 25731 1260.8 13070 0.20986 -0.087266 -1.669 -0.21049
91.43 25934 1288.5 12931 0.19493 -0.087266 -1.669 -0.21065
91.649 25989 1296.2 12893 0.19079 -0.087265 -1.669 -0.21069
92.175 26116 1314.9 12801 0.18085 -0.087266 -1.669 -0.21079
93.112 26329 1348.5 12637 0.16313 -0.087266 -1.669 -0.21098
93.907 26497 1377.5 12497 0.14812 -0.087265 -1.669 -0.21115
94.126 26541 1385.5 12459 0.14399 -0.087264 -1.669 -0.2112
94.258 26567 1390.4 12436 0.14152 -0.087264 -1.669 -0.21123
94.492 26612 1399.1 12395 0.13712 -0.087264 -1.669 -0.21128
94.691 26650 1406.4 12360 0.13341 -0.087264 -1.669 -0.21132
94.746 26660 1408.5 12350 0.13238 -0.087264 -1.669 -0.21133
94.877 26684 1414.4 12327 0.12993 -0.087264 -1.669 -0.21136
95.111 26727 1412.4 12286 0.12558 -0.087264 -1.669 -0.21141
95.31 26761 1406.5 12252 0.12188 -0.087264 -1.669 -0.21145
95.365 26771 1410.8 12242 0.12086 -0.087264 -1.669 -0.21147
95.496 26793 1417.1 12219 0.11841 -0.087264 -1.669 -0.21149
95.73 26831 1411.2 12178 0.11407 -0.087264 -1.669 -0.21155
95.929 26862 1400.4 12143 0.11037 -0.087264 -1.669 -0.21159
95.984 26871 1405.5 12134 0.10935 -0.087264 -1.669 -0.2116
96.116 26891 1411 12111 0.10691 -0.087264 -1.669 -0.21163
96.35 26925 1415.7 12070 0.10256 -0.087264 -1.669 -0.21168
96.548 26954 1418 12035 0.098885 -0.087264 -1.669 -0.21172
96.603 26961 1421 12025 0.09787 -0.087264 -1.669 -0.21174
96.735 26979 1426.1 12002 0.095442 -0.087264 -1.669 -0.21177
96.969 27011 1435.2 11961 0.091133 -0.087264 -1.669 -0.21182
97.168 27036 1443 11926 0.087493 -0.087264 -1.669 -0.21186
97.223 27043 1445.2 11917 0.086491 -0.087264 -1.669 -0.21187
97.354 27059 1450.4 11894 0.084095 -0.087265 -1.669 -0.2119
97.588 27087 1459.6 11853 0.079848 -0.087265 -1.669 -0.21196
97.787 27110 1467.5 11818 0.076269 -0.087265 -1.669 -0.212
97.842 27116 1469.7 11808 0.075284 -0.087265 -1.669 -0.21201
97.973 27130 1475 11785 0.072933 -0.087265 -1.669 -0.21204
98.207 27155 1484.4 11744 0.068775 -0.087265 -1.669 -0.2121
98.406 27175 1492.4 11709 0.065278 -0.087265 -1.669 -0.21214
98.461 27180 1494.6 11700 0.064319 -0.087265 -1.669 -0.21216
98.593 27290 1500 11677 0.06205 -0.087265 -1.669 -0.21219
98.827 26855 1509.5 11636 0.057942 -0.087265 -1.669 -0.21224
99.025 30000 1517.7 11601 0.054685 -0.087264 -1.669 -0.21229
99.08 32917 1520 11591 0.053962 -0.087263 -1.669 -0.2123
