time (s) altitude (m) velocity (m/s) mass (kg)trajectory angle (rad) angle of attack (rad) heading angle (rad) latitude (rad)
0 150 30 29388 1.5691 0 1.6921 -0.21673 2.3889
2.6461 241.39 39.151 29007 1.5615 -0.0072062 1.7806 -0.21673 2.3889
7.3589 466.14 56.499 28328 1.5161 -0.013166 1.7856 -0.21673 2.3889
11.357 722.35 72.378 27753 1.4485 -0.0097149 1.8043 -0.21673 2.3889
12.461 804.05 76.979 27594 1.4265 -0.0078077 1.8002 -0.21673 2.3889
15.107 1019.4 88.4 27213 1.3697 -0.0014903 1.8021 -0.21672 2.3889
19.82 1471.6 110.35 26535 1.2681 0.01392 1.8045 -0.21671 2.3889
23.819 1925.2 130.72 25959 1.1959 0.026065 1.806 -0.21668 2.3889
24.923 2062.1 136.6 25800 1.1794 0.028039 1.8064 -0.21667 2.3889
27.569 2411.2 151.15 25420 1.1454 0.032211 1.8072 -0.21665 2.3889
32.282 3110.6 178.56 24742 1.1045 0.034903 1.8086 -0.2166 2.3889
36.28 3788.7 203.32 24167 1.088 0.034705 1.8098 -0.21654 2.3889
37.384 3990.9 210.41 24008 1.0862 0.034903 1.8101 -0.21653 2.3889
40.03 4503.7 227.83 23628 1.0873 0.034701 1.8108 -0.21649 2.3889
44.743 5527.2 260.64 22950 1.1097 0.034905 1.8121 -0.21641 2.3889
48.742 6519.8 289.45 22376 1.1436 0.032424 1.8134 -0.21633 2.3888
49.846 6815.4 297.25 22217 1.1531 0.030207 1.8137 -0.21631 2.3888
52.492 7556.7 313.42 21837 1.1647 0.022878 1.8146 -0.21627 2.3888
57.204 8965 338.59 21159 1.1426 0.0032932 1.8162 -0.21617 2.3888
61.203 10219 360.85 20585 1.0808 -0.013234 1.8174 -0.21608 2.3888
62.307 10572 367.73 20426 1.0586 -0.016288 1.8177 -0.21605 2.3888
64.953 11425 385.54 20046 1.0007 -0.022005 1.8183 -0.21597 2.3887
69.666 12967 422.85 19368 0.89258 -0.024439 1.8193 -0.2158 2.3887
73.664 14291 460.67 18794 0.80776 -0.021957 1.8201 -0.21562 2.3887
74.768 14659 472.17 18635 0.78642 -0.021741 1.8202 -0.21557 2.3886
77.414 15547 501.66 18254 0.73788 -0.02227 1.8207 -0.21543 2.3886
82.127 17150 561.22 17576 0.656 -0.031842 1.8213 -0.21514 2.3885
86.126 18521 619.72 17001 0.58531 -0.048062 1.8218 -0.21485 2.3885
87.23 18899 637.38 16842 0.56518 -0.052625 1.8219 -0.21476 2.3884
89.876 19798 682.82 16461 0.51847 -0.062204 1.8222 -0.21453 2.3884
94.589 21377 774.24 15783 0.44256 -0.071198 1.8226 -0.21407 2.3882
98.587 22690 861.4 15207 0.38637 -0.069595 1.823 -0.21362 2.3881
99.691 23047 886.83 15048 0.37193 -0.068059 1.8231 -0.21348 2.3881
102.34 23891 949.96 14667 0.33879 -0.061822 1.8233 -0.21314 2.388
107.05 25344 1069.1 13987 0.2846 -0.04513 1.8236 -0.21245 2.3878
111.05 26514 1177.4 13411 0.24409 -0.031852 1.8238 -0.21179 2.3876
112.15 26825 1208.7 13251 0.23396 -0.029918 1.8239 -0.2116 2.3876
114.8 27552 1286.2 12870 0.21048 -0.025205 1.824 -0.21111 2.3875
119.51 28768 1431.7 12190 0.17421 -0.013138 1.8242 -0.21016 2.3872
123.51 29737 1562.6 11613 0.15313 0.0047303 1.8244 -0.20927 2.387
124.61 30000 1600.1 11453 0.14968 0.010773 1.8244 -0.20901 2.3869
