time (s) altitude (m) longitude (rad) latitude (rad) velocity (m/s) trajectory angle (rad) heading angle (rad) angle of attack (rad) bank angle (rad) fuel mass (kg) 
124.61 30000 2.3869 -0.20901 1600.1 0.14968 1.8244 0.010773 1562
138.24 32819 2.386 -0.20575 1588.6 0.10918 1.8249 0.029891 1555.3
162.51 35346 2.3845 -0.20001 1550.6 0.019838 1.8255 0.029325 1558.4
183.1 34606 2.3832 -0.1952 1550.4 -0.066859 1.8257 0.034914 1556.4
188.78 33910 2.3829 -0.19387 1549.2 -0.086724 1.8257 0.022564 1557.2
202.41 31543 2.382 -0.19071 1548.6 -0.12856 1.8257 0.048928 1559
226.67 27130 2.3805 -0.185 1596.2 -0.084244 1.8257 0.062872 1533.1
247.26 25881 2.3792 -0.17988 1706.7 0.012536 1.8259 0.026797 1470
252.95 26140 2.3788 -0.17839 1737.9 0.018363 1.826 0.019768 1451.6
266.57 26667 2.3778 -0.17473 1816 0.023171 1.8262 0.0097235 1405.9
290.84 27602 2.376 -0.16782 1954.3 0.01723 1.8265 0.013752 1323.9
311.43 28356 2.3743 -0.16155 2073.1 0.02267 1.8268 0.013721 1253.5
317.11 28659 2.3738 -0.15976 2105.1 0.02109 1.8268 0.013682 1234.3
330.74 29316 2.3727 -0.15535 2175.6 0.024055 1.827 0.019754 1188.8
355.01 30687 2.3705 -0.14718 2274.6 0.024505 1.8273 0.016739 1113.7
375.59 31553 2.3686 -0.14 2337.4 0.0085606 1.8275 0.015476 1058.2
381.28 31613 2.3681 -0.13799 2353.7 0.0043633 1.8275 0.016332 1043.4
394.9 31540 2.3668 -0.13311 2391.8 -0.0072349 1.8276 0.014907 1007.5
419.17 30988 2.3644 -0.12422 2459.3 -0.0078701 1.8277 0.026245 934.74
439.76 30884 2.3624 -0.11648 2515.7 0.0053428 1.8278 0.016403 865.19
445.45 30997 2.3618 -0.11431 2530.6 0.0030888 1.8278 0.017044 846.85
459.07 31121 2.3604 -0.10907 2566 0.004014 1.8279 0.016675 801.78
483.34 31399 2.3579 -0.099549 2625.4 0.0045597 1.828 0.015699 721.71
503.93 31634 2.3557 -0.091311 2672.4 0.0038625 1.8281 0.01555 654.4
509.61 31690 2.3551 -0.089011 2684.9 0.0037351 1.8281 0.016104 635.87
523.24 31830 2.3536 -0.083456 2713.9 0.0037902 1.8282 0.015752 591.47
547.5 32059 2.351 -0.073419 2762.8 0.0030728 1.8282 0.015387 512.96
568.09 32231 2.3487 -0.064767 2801.6 0.0031936 1.8283 0.016666 446.6
573.78 32285 2.3481 -0.062357 2811.8 0.0037889 1.8283 0.010691 428.23
587.4 32383 2.3465 -0.056546 2835.9 0.0045064 1.8283 0.022676 384.26
611.67 33658 2.3438 -0.046097 2865.6 0.035435 1.8284 0.048998 304.65
632.26 36524 2.3414 -0.037184 2873.2 0.058072 1.8286 0.044593 251.1
637.94 37485 2.3408 -0.034725 2873.8 0.054064 1.8287 0.041607 241.62
651.57 39264 2.3392 -0.02883 2866.5 0.034082 1.8288 0.0065736 232.13
675.84 39630 2.3365 -0.018381 2846.6 -0.025506 1.8288 9.47e-06 238.16
696.43 36835 2.3341 -0.0095426 2857.8 -0.064751 1.8287 0.016755 223.04
702.11 35745 2.3335 -0.0070923 2867.4 -0.071661 1.8286 5.6549e-06 212.53
715.74 32645 2.3319 -0.0011771 2896.4 -0.06993 1.8285 0.047213 175.42
740 32607 2.3291 0.0094249 2887.4 0.086377 1.8285 0.12186 62.155
760.59 41814 2.3268 0.018187 2801.9 0.2143 1.8289 0.13478 0.0002265
766.28 45285 2.3262 0.020504 2782.6 0.19791 1.8291 0.12059 7.5094
