time (s) altitude (m) velocity (m/s) mass (kg) dynamic pressure (Pa)trajectory angle (rad) Lift (N)Drag (N)heading angle (rad) latitude (rad) angle of attack (rad) 
766.28 45285 2782.6 3300 6999.7 0.19791 6803.9 2202 1.8291 0.020504 0.24542
767.66 46043 2797.4 3279.5 6369.5 0.19656 6178.2 1997.4 1.8291 0.021075 0.24507
770.13 47389 2824.3 3242.9 5420.5 0.19396 5246.1 1693.7 1.8292 0.022101 0.24469
772.23 48527 2847.6 3211.9 4773.1 0.19163 4646.3 1502.7 1.8293 0.022979 0.24559
772.8 48841 2854.1 3203.4 4609 0.19097 4483.2 1449.2 1.8293 0.023222 0.24546
774.19 49590 2869.9 3182.9 4239.3 0.18937 4135 1337.5 1.8293 0.023809 0.24589
776.66 50920 2898.5 3146.3 3655.8 0.18646 3582.5 1160.1 1.8294 0.024862 0.2466
778.75 52043 2923.2 3115.3 3260.1 0.18393 3187.2 1029.7 1.8294 0.025764 0.24615
779.33 52352 2930.1 3106.7 3159 0.18323 3085.6 996.05 1.8294 0.026014 0.24599
780.72 53090 2946.8 3086.2 2928.4 0.18153 2871.6 927.55 1.8295 0.026617 0.24659
783.19 54399 2977 3049.7 2556.7 0.1785 2507.8 808.17 1.8295 0.027699 0.2466
785.28 55503 3003.1 3018.7 2276.9 0.17591 2211.5 708.09 1.8296 0.028626 0.24497
785.86 55807 3010.4 3010.1 2204.9 0.17519 2138.5 683.82 1.8296 0.028884 0.24472
787.24 56533 3028 2989.6 2041.1 0.17347 1979.8 632.18 1.8296 0.029504 0.24472
789.71 57818 3059.8 2953.1 1777.5 0.17041 1721.8 548.01 1.8297 0.030617 0.24446
791.81 58901 3087.2 2922.1 1579.7 0.16782 1527.3 484.68 1.8297 0.031571 0.2441
792.38 59199 3094.9 2913.5 1528.8 0.16711 1476.6 468.16 1.8298 0.031836 0.24391
793.77 59911 3113.3 2893 1413.3 0.16542 1369.7 434.04 1.8298 0.032473 0.24447
796.24 61172 3146.7 2856.4 1227.7 0.16243 1188 375.2 1.8298 0.033619 0.24417
798.33 62234 3175.5 2825.4 1088.6 0.15992 1034.3 324.31 1.8299 0.034601 0.24098
798.91 62527 3183.6 2816.9 1052.9 0.15922 995.64 311.59 1.8299 0.034874 0.24016
800.3 63225 3203 2796.3 971.93 0.15756 911.84 284.28 1.8299 0.03553 0.23881
802.77 64460 3238.1 2759.8 842.14 0.15459 760.94 234.03 1.83 0.03671 0.23256
804.86 65501 3268.4 2728.8 745.17 0.15206 648.89 196.82 1.83 0.037721 0.22664
805.44 65787 3276.8 2720.2 720.34 0.15136 623.16 188.48 1.83 0.038002 0.2256
806.82 66470 3297.3 2699.7 664.02 0.14968 567.48 170.63 1.8301 0.038678 0.2237
809.29 67678 3334.2 2663.2 574 0.14669 468.94 138.94 1.8301 0.039893 0.21694
811.39 68695 3366.1 2632.2 506.93 0.14415 399.32 117.16 1.8302 0.040935 0.21171
811.97 68974 3375 2623.6 489.79 0.14345 383.31 112.3 1.8302 0.041225 0.2108
813.35 69641 3396.5 2603.1 450.93 0.14178 349.74 102.33 1.8302 0.041922 0.20955
815.82 70820 3435.3 2566.5 388.96 0.13883 291.07 85.016 1.8303 0.043174 0.20428
817.91 71812 3468.8 2535.5 341.92 0.13633 244.13 71.027 1.8303 0.044249 0.19762
818.49 72084 3478.1 2527 329.9 0.13563 232.03 67.41 1.8303 0.044547 0.19555
819.88 72734 3500.7 2506.5 302.8 0.13397 203.82 58.944 1.8303 0.045266 0.18969
822.35 73881 3541.7 2469.9 259.97 0.13086 135.68 38.772 1.8304 0.046558 0.15872
824.44 74843 3577.2 2438.9 228.55 0.1279 82.285 25.103 1.8304 0.047667 0.12094
825.02 75107 3587.2 2430.4 220.6 0.12702 71.167 22.484 1.8304 0.047975 0.11139
826.4 75733 3611.2 2409.8 202.71 0.12483 50.64 18.034 1.8304 0.048717 0.090611
828.87 76831 3654.8 2373.3 174.65 0.12058 18.998 12.538 1.8305 0.050051 0.046012
830.97 77741 3692.6 2342.3 154.22 0.11659 3.4707 10.381 1.8305 0.051196 0.01047
831.55 77989 3703.1 2333.7 149.08 0.11543 1.1466e-15 9.9081 1.8305 0.051514 0
831.55 77989 3703.1 2333.7 149.08 0.11543 1.1466e-15 9.9081 1.8305 0.051514 0
832.55 78415 3702 2333.7 139.13 0.11341 3.5669e-16 9.2436 1.8306 0.052065 0
833.55 78831 3701 2333.7 130.04 0.11138 -7.5015e-16 8.6371 1.8306 0.052616 0
834.55 79238 3699.9 2333.7 121.67 0.10934 3.1193e-16 8.0782 1.8306 0.053167 0
835.55 79638 3698.9 2333.7 113.95 0.10731 -6.5729e-16 7.5629 1.8306 0.053718 0
836.55 80030 3697.9 2333.7 106.82 0.10528 -9.5848e-16 7.0874 1.8306 0.054269 0
837.55 80415 3697 2333.7 100.23 0.10324 -6.4245e-17 6.6486 1.8306 0.05482 0
838.55 80793 3696 2333.7 94.154 0.10121 -8.4486e-16 6.2433 1.8306 0.055371 0
839.55 81162 3695.1 2333.7 88.532 0.099172 3.972e-16 5.8686 1.8307 0.055922 0
840.55 81524 3694.2 2333.7 83.332 0.097135 -3.2047e-16 5.5223 1.8307 0.056473 0
841.55 81879 3693.3 2333.7 78.52 0.095097 3.5229e-16 5.2018 1.8307 0.057023 0
842.55 82226 3692.4 2333.7 74.065 0.093058 3.323e-16 4.9052 1.8307 0.057574 0
843.55 82565 3691.6 2333.7 69.937 0.091018 -6.2756e-16 4.6304 1.8307 0.058124 0
844.55 82897 3690.8 2333.7 66.111 0.088977 -2.5424e-16 4.3759 1.8307 0.058675 0
845.55 83221 3690 2333.7 62.563 0.086936 -2.406e-16 4.1399 1.8307 0.059225 0
846.55 83537 3689.2 2333.7 59.271 0.084893 2.6593e-16 3.9209 1.8308 0.059776 0
847.55 83846 3688.4 2333.7 56.216 0.08285 5.4046e-16 3.7178 1.8308 0.060326 0
848.55 84148 3687.7 2333.7 53.378 0.080806 -2.0527e-16 3.5292 1.8308 0.060876 0
849.55 84442 3686.9 2333.7 50.741 0.078762 -3.5774e-16 3.3539 1.8308 0.061427 0
850.55 84728 3686.2 2333.7 48.291 0.076716 -5.8809e-16 3.1912 1.8308 0.061977 0
851.55 85007 3685.5 2202.8 0 0.07467 0 0 1.8308 0.062527 0
852.55 85278 3684.9 2202.8 0 0.072623 0 0 1.8308 0.063077 0
853.55 85542 3684.2 2202.8 0 0.070576 -0 0 1.8308 0.063627 0
854.55 85798 3683.6 2202.8 0 0.068528 0 0 1.8308 0.064177 0
855.55 86046 3683 2202.8 0 0.066479 -0 0 1.8308 0.064727 0
856.55 86287 3682.4 2202.8 0 0.06443 -0 0 1.8309 0.065277 0
857.55 86520 3681.8 2202.8 0 0.06238 0 0 1.8309 0.065827 0
858.55 86746 3681.3 2202.8 0 0.060329 0 0 1.8309 0.066377 0
859.55 86964 3680.7 2202.8 0 0.058278 0 0 1.8309 0.066927 0
860.55 87175 3680.2 2202.8 0 0.056226 0 0 1.8309 0.067477 0
861.55 87378 3679.7 2202.8 0 0.054174 -0 0 1.8309 0.068027 0
862.55 87573 3679.2 2202.8 0 0.052121 0 0 1.8309 0.068576 0
863.55 87761 3678.8 2202.8 0 0.050068 -0 0 1.8309 0.069126 0
864.55 87941 3678.4 2202.8 0 0.048015 0 0 1.8309 0.069676 0
865.55 88114 3677.9 2202.8 0 0.045961 0 0 1.8309 0.070225 0
866.55 88279 3677.5 2202.8 0 0.043906 0 0 1.8309 0.070775 0
867.55 88437 3677.2 2202.8 0 0.041851 -0 0 1.8309 0.071325 0
868.55 88587 3676.8 2202.8 0 0.039796 0 0 1.8309 0.071874 0
869.55 88730 3676.5 2202.8 0 0.037741 0 0 1.831 0.072424 0
870.55 88865 3676.2 2202.8 0 0.035685 -0 0 1.831 0.072974 0
871.55 88992 3675.9 2202.8 0 0.033628 0 0 1.831 0.073523 0
872.55 89112 3675.6 2202.8 0 0.031572 -0 0 1.831 0.074073 0
873.55 89224 3675.3 2202.8 0 0.029515 -0 0 1.831 0.074622 0
874.55 89329 3675.1 2202.8 0 0.027458 -0 0 1.831 0.075172 0
875.55 89426 3674.9 2202.8 0 0.025401 -0 0 1.831 0.075721 0
876.55 89515 3674.7 2202.8 0 0.023343 0 0 1.831 0.076271 0
877.55 89597 3674.5 2202.8 0 0.021285 0 0 1.831 0.07682 0
878.55 89672 3674.3 2202.8 0 0.019228 0 0 1.831 0.07737 0
879.55 89739 3674.2 2202.8 0 0.017169 -0 0 1.831 0.077919 0
880.55 89798 3674.1 2202.8 0 0.015111 -0 0 1.831 0.078469 0
881.55 89850 3674 2202.8 0 0.013053 -0 0 1.831 0.079018 0
882.55 89894 3673.9 2202.8 0 0.010995 0 0 1.831 0.079568 0
883.55 89930 3673.8 2202.8 0 0.008936 -0 0 1.831 0.080117 0
884.55 89959 3673.8 2202.8 0 0.0068775 -0 0 1.831 0.080667 0
885.55 89981 3673.8 2202.8 0 0.0048189 -0 0 1.831 0.081216 0
886.55 89995 3673.8 2202.8 0 0.0027603 0 0 1.831 0.081765 0
887.55 90001 3673.8 2202.8 0 0.00070164 0 0 1.831 0.082315 0
888.55 90000 3673.8 2202.8 0 0 0 0 1.831 0.082864 0
