0.2 -20 -0.10287 0.073429 0.021888
0.2 -10 -0.024489 0.051613 0.0098819
0.2 0 0.00044664 0.00040636 -0.00020173
0.2 10 0.11344 0.047622 -0.0056524
0.2 20 0.18113 0.075169 -0.011836
0.5 -20 -0.089379 0.06408 0.019975
0.5 -10 -0.022549 0.044855 0.010914
0.5 0 0.00035188 0.00040485 -0.00018463
0.5 10 0.099839 0.053623 -0.0035624
0.5 20 0.18679 0.065264 -0.014958
0.9 -20 -0.12354 0.08569 0.028147
0.9 -10 0.13862 0.053566 -0.013972
0.9 0 0.00042511 0.00047096 -0.00021942
0.9 10 0.13862 0.053566 -0.013972
0.9 20 0.223 0.086799 -0.029249
1.1 -20 -0.11089 0.09957 0.030365
1.1 -10 -0.047116 0.076904 0.018342
1.1 0 0.00027508 0.00069675 -0.00026635
1.1 10 0.097652 0.08107 -0.010042
1.1 20 0.15203 0.10641 -0.019532
3 -20 0.022535 0.059157 0.0078306
3 -10 0.029811 0.053473 0.0070026
3 0 0.00041616 0.00051702 -0.00022996
3 10 0.054514 0.053426 0.0019793
3 20 0.068648 0.059855 -0.00096825
5 -20 -7.5705e-05 0.019151 0.0054916
5 -10 0.011777 0.013826 0.0030284
5 0 0.00019454 0.00012624 -7.0816e-05
5 10 0.027608 0.013959 -0.00015405
5 20 -7.5705e-05 0.019151 0.0054916
7 -20 -0.0070055 0.01529 0.0054076
7 -10 0.005733 0.0099033 0.0027469
7 0 0.00013135 9.0138e-05 -4.9108e-05
7 10 0.019851 0.010124 -9.9493e-05
7 20 0.033662 0.016092 -0.00301
9 -20 -0.0091105 0.013266 0.0052073
9 -10 0.0027885 0.0082279 0.0026317
9 0 8.6643e-05 7.396e-05 -3.652e-05
9 10 0.015494 0.0084715 8.2749e-05
9 20 0.030202 0.014566 -0.003014
