0.2 -20 -0.10287 0.073429 0.023858
0.2 -10 -0.024489 0.051613 0.010351
0.2 0 0.00044664 0.00040636 -0.00021028
0.2 10 0.11344 0.047622 -0.0078246
0.2 20 0.18113 0.075169 -0.015305
0.5 -20 -0.089379 0.06408 0.021687
0.5 -10 -0.022549 0.044855 0.011346
0.5 0 0.00035188 0.00040485 -0.00019137
0.5 10 0.099839 0.053623 -0.0054742
0.5 20 0.18679 0.065264 -0.018535
0.9 -20 -0.12354 0.08569 0.030513
0.9 -10 0.13862 0.053566 -0.016627
0.9 0 0.00042511 0.00047096 -0.00022756
0.9 10 0.13862 0.053566 -0.016627
0.9 20 0.223 0.086799 -0.033519
1.1 -20 -0.11089 0.09957 0.032488
1.1 -10 -0.047116 0.076904 0.019245
1.1 0 0.00027508 0.00069675 -0.00027162
1.1 10 0.097652 0.08107 -0.011912
1.1 20 0.15203 0.10641 -0.022443
3 -20 0.022535 0.059157 0.0073991
3 -10 0.029811 0.053473 0.0064317
3 0 0.00041616 0.00051702 -0.00023793
3 10 0.054514 0.053426 0.00093539
3 20 0.068648 0.059855 -0.0022828
5 -20 -7.5705e-05 0.019151 0.005493
5 -10 0.011777 0.013826 0.0028029
5 0 0.00019454 0.00012624 -7.4541e-05
5 10 0.027608 0.013959 -0.00068273
5 20 -7.5705e-05 0.019151 0.005493
7 -20 -0.0070055 0.01529 0.0055417
7 -10 0.005733 0.0099033 0.0026371
7 0 0.00013135 9.0138e-05 -5.1623e-05
7 10 0.019851 0.010124 -0.00047963
7 20 0.033662 0.016092 -0.0036546
9 -20 -0.0091105 0.013266 0.0053817
9 -10 0.0027885 0.0082279 0.0025783
9 0 8.6643e-05 7.396e-05 -3.8179e-05
9 10 0.015494 0.0084715 -0.00021396
9 20 0.030202 0.014566 -0.0035923
