0.2 0 0.044664 0.040636 0.0017555
0.2 2 0.099809 0.039997 0.0042547
0.2 4 0.17663 0.059714 0.0038522
0.2 6 0.22994 0.066292 0.0039949
0.2 8 0.30469 0.090505 0.0077949
0.2 10 0.3711 0.11129 0.0073999
0.5 0 0.035188 0.040485 0.0030947
0.5 2 0.098015 0.050564 0.0038061
0.5 4 0.16589 0.056372 0.0027004
0.5 6 0.22566 0.068196 0.0046489
0.5 8 0.29853 0.089728 0.0059927
0.5 10 0.39221 0.11128 0.0033719
0.9 0 0.042511 0.047096 0.0015022
0.9 2 0.11147 0.051109 -0.00068482
0.9 4 0.18354 0.063728 -0.00080275
0.9 6 0.27141 0.075176 -0.0028799
0.9 8 0.34937 0.10361 -0.0020134
0.9 10 0.43744 0.12712 -0.0021684
1.1 0 0.027508 0.069675 0.0034608
1.1 2 0.096609 0.075363 0.00054237
1.1 4 0.17612 0.084429 -0.0025454
1.1 6 0.254 0.10144 -0.0049105
1.1 8 0.34577 0.12564 -0.010127
1.1 10 0.43131 0.15535 -0.013152
3 0 0.041616 0.051702 0.0044256
3 2 0.08151 0.056598 0.004004
3 4 0.1215 0.064633 0.0036123
3 6 0.16093 0.075523 0.0035061
3 8 0.19923 0.089382 0.0036555
3 10 0.2364 0.10596 0.0040878
5 0 0.019454 0.012624 0.0013893
5 2 0.051214 0.01533 0.0016639
5 4 0.082263 0.020407 0.0022516
5 6 0.11335 0.027907 0.0030619
5 8 0.14445 0.037855 0.0041112
5 10 0.1757 0.050337 0.0053636
7 0 0.013135 0.0090138 0.0012297
7 2 0.039927 0.011352 0.0020318
7 4 0.067234 0.016086 0.0029177
7 6 0.093979 0.022555 0.0041417
7 8 0.12033 0.031315 0.0056052
7 10 0.14817 0.042497 0.0070257
9 0 0.0086643 0.007396 0.0013781
9 2 0.030838 0.0094871 0.0025996
9 4 0.054607 0.013459 0.0038509
9 6 0.08122 0.01978 0.0050037
9 8 0.10865 0.028275 0.0062222
9 10 0.13605 0.038919 0.0076686
