0.2 0 0.044664 0.040636 0.00090021
0.2 2 0.099809 0.039997 0.0023179
0.2 4 0.17663 0.059714 0.00039826
0.2 6 0.22994 0.066292 -0.00051681
0.2 8 0.30469 0.090505 0.0017759
0.2 10 0.3711 0.11129 3.1463e-05
0.5 0 0.035188 0.040485 0.0024208
0.5 2 0.098015 0.050564 0.0018966
0.5 4 0.16589 0.056372 -0.00054388
0.5 6 0.22566 0.068196 0.00021476
0.5 8 0.29853 0.089728 9.2592e-05
0.5 10 0.39221 0.11128 -0.0043947
0.9 0 0.042511 0.047096 0.00068813
0.9 2 0.11147 0.051109 -0.0028522
0.9 4 0.18354 0.063728 -0.004394
0.9 6 0.27141 0.075176 -0.0081993
0.9 8 0.34937 0.10361 -0.0089147
0.9 10 0.43744 0.12712 -0.01084
1.1 0 0.027508 0.069675 0.0029341
1.1 2 0.096609 0.075363 -0.0013569
1.1 4 0.17612 0.084429 -0.0060225
1.1 6 0.254 0.10144 -0.0099508
1.1 8 0.34577 0.12564 -0.017018
1.1 10 0.43131 0.15535 -0.021803
3 0 0.041616 0.051702 0.0036287
3 2 0.08151 0.056598 0.0024062
3 4 0.1215 0.064633 0.001205
3 6 0.16093 0.075523 0.0002902
3 8 0.19923 0.089382 -0.00036071
3 10 0.2364 0.10596 -0.00072268
5 0 0.019454 0.012624 0.0010168
5 2 0.051214 0.01533 0.00067354
5 4 0.082263 0.020407 0.00065291
5 6 0.11335 0.027907 0.00084739
5 8 0.14445 0.037855 0.001271
5 10 0.1757 0.050337 0.0018828
7 0 0.013135 0.0090138 0.00097814
7 2 0.039927 0.011352 0.0012601
7 4 0.067234 0.016086 0.0016119
7 6 0.093979 0.022555 0.0023068
7 8 0.12033 0.031315 0.0032399
7 10 0.14817 0.042497 0.0040902
9 0 0.0086643 0.007396 0.0012122
9 2 0.030838 0.0094871 0.0020031
9 4 0.054607 0.013459 0.0027898
9 6 0.08122 0.01978 0.0034173
9 8 0.10865 0.028275 0.0040866
9 10 0.13605 0.038919 0.0049735
