5 0 0.02265 0.0064737 -0.0014561
5 1 0.037218 0.0075176 -0.0018809
5 2 0.051693 0.0090357 -0.0023008
5 4 0.079793 0.013776 -0.0028659
5 6 0.10768 0.020651 -0.0032813
5 8 0.13527 0.029667 -0.0035134
5 10 0.15871 0.04041 -0.0018943
7 0 0.017204 0.0052989 -0.00097705
7 1 0.029669 0.0062231 -0.0011684
7 2 0.042223 0.0076458 -0.0013535
7 4 0.066863 0.011913 -0.0016598
7 6 0.090323 0.017945 -0.0017126
7 8 0.11363 0.0258 -0.0017137
7 10 0.13757 0.035676 -0.0017822
9 0 0.014304 0.0047016 -0.00061265
9 1 0.025048 0.0055313 -0.00061559
9 2 0.035565 0.0067401 -0.0006591
9 4 0.057355 0.010506 -0.00075459
9 6 0.080062 0.016154 -0.00091187
9 8 0.10245 0.023649 -0.00096553
9 10 0.12531 0.033023 -0.0010196
10 0 0.013334 0.0044601 -0.00051117
10 1 0.023257 0.0052248 -0.00048739
10 2 0.033235 0.0063833 -0.00046985
10 4 0.053814 0.0099894 -0.00044915
10 6 0.07574 0.015471 -0.00048862
10 8 0.098266 0.022877 -0.00061965
10 10 0.12109 0.032171 -0.0007508
