time (s) altitude (m) velocity (m/s) mass (kg)trajectory angle (rad) angle of attack (rad) heading angle (rad) latitude (rad)
0 90 30 29388 1.5691 0 0.13377 -0.2123 2.3868
0.14024 94.24 30.474 29368 1.569 -0.00038372 0.15356 -0.2123 2.3868
0.44926 103.82 31.522 29323 1.5688 -0.001225 0.19441 -0.2123 2.3868
0.87893 117.68 32.99 29261 1.5683 -0.0023693 0.24211 -0.2123 2.3868
1.3638 134.08 34.658 29191 1.5675 -0.0036037 0.28236 -0.2123 2.3868
1.83 150.61 36.276 29124 1.5663 -0.0047235 0.31 -0.2123 2.3868
2.2067 164.52 37.592 29070 1.5651 -0.0055786 0.32657 -0.2123 2.3868
2.4365 173.26 38.399 29037 1.5642 -0.0060809 0.33479 -0.2123 2.3868
2.4925 175.41 38.597 29029 1.564 -0.0062017 0.33662 -0.2123 2.3868
2.6328 180.86 39.091 29009 1.5634 -0.0065023 0.34091 -0.2123 2.3868
2.9418 193.11 40.185 28964 1.562 -0.0071467 0.34914 -0.2123 2.3868
3.3715 210.7 41.716 28902 1.5599 -0.007991 0.35836 -0.2123 2.3868
3.8563 231.35 43.456 28832 1.5571 -0.0088656 0.36645 -0.2123 2.3868
4.3226 252 45.143 28765 1.554 -0.0096255 0.37256 -0.2123 2.3868
4.6992 269.26 46.515 28711 1.5513 -0.010184 0.3766 -0.2123 2.3868
4.929 280.04 47.357 28678 1.5495 -0.010502 0.37875 -0.2123 2.3868
4.9851 282.7 47.563 28670 1.549 -0.010578 0.37924 -0.2123 2.3868
5.1253 289.41 48.078 28650 1.5479 -0.010766 0.38043 -0.2123 2.3868
5.4343 304.44 49.218 28605 1.5452 -0.01116 0.38282 -0.2123 2.3868
5.864 325.92 50.814 28543 1.5413 -0.011654 0.38569 -0.2123 2.3868
6.3489 350.98 52.627 28474 1.5364 -0.012132 0.38842 -0.2123 2.3868
6.8151 375.91 54.385 28406 1.5314 -0.012508 0.39065 -0.2123 2.3868
7.1918 396.65 55.815 28352 1.5271 -0.012756 0.39222 -0.2123 2.3868
7.4216 409.56 56.692 28319 1.5244 -0.012886 0.39309 -0.2123 2.3868
7.4776 412.74 56.906 28311 1.5237 -0.012915 0.3933 -0.2123 2.3868
7.6178 420.75 57.444 28291 1.522 -0.012988 0.39379 -0.2123 2.3868
7.9269 438.66 58.632 28246 1.5181 -0.013128 0.39481 -0.2123 2.3868
8.3565 464.17 60.295 28184 1.5123 -0.01327 0.39609 -0.2123 2.3868
8.8414 493.81 62.186 28115 1.5056 -0.01335 0.39736 -0.2123 2.3868
9.3077 523.16 64.019 28048 1.4987 -0.013347 0.39844 -0.2123 2.3868
9.6843 547.48 65.51 27993 1.4929 -0.01329 0.39923 -0.2123 2.3868
9.9141 562.59 66.425 27960 1.4892 -0.013234 0.39968 -0.2123 2.3868
9.9701 566.31 66.649 27952 1.4883 -0.013219 0.39978 -0.2123 2.3868
10.11 575.66 67.209 27932 1.4861 -0.013178 0.40004 -0.2123 2.3868
10.419 596.54 68.45 27887 1.481 -0.013071 0.40058 -0.2123 2.3868
10.849 626.2 70.188 27826 1.4737 -0.012871 0.40128 -0.2123 2.3868
11.334 660.53 72.166 27756 1.4651 -0.012569 0.40199 -0.2123 2.3868
11.8 694.42 74.085 27689 1.4566 -0.012201 0.40262 -0.2123 2.3868
12.177 722.42 75.648 27634 1.4495 -0.011851 0.40308 -0.2123 2.3868
12.407 739.78 76.607 27601 1.4451 -0.011618 0.40335 -0.2123 2.3868
12.463 744.05 76.841 27593 1.444 -0.01156 0.40341 -0.2123 2.3868
12.696 761.97 77.822 27560 1.4394 -0.011311 0.40367 -0.2123 2.3868
13.211 802.23 80 27485 1.4291 -0.010701 0.40421 -0.2123 2.3868
13.928 859.97 83.065 27382 1.4144 -0.0096888 0.40488 -0.2123 2.3868
14.736 927.58 86.577 27266 1.3971 -0.0083114 0.40555 -0.2123 2.3868
15.513 995.05 90.009 27154 1.3801 -0.0067482 0.40612 -0.2123 2.3868
16.141 1051.3 92.82 27064 1.366 -0.0053266 0.40654 -0.2123 2.3868
16.524 1086.4 94.552 27009 1.3574 -0.0043959 0.40678 -0.2123 2.3868
16.617 1095.1 94.976 26995 1.3553 -0.0041647 0.40684 -0.2123 2.3868
16.851 1116.9 96.041 26962 1.3499 -0.0035793 0.40698 -0.2123 2.3868
17.366 1165.6 98.404 26888 1.3381 -0.0022386 0.40727 -0.21229 2.3868
18.082 1235.2 101.72 26784 1.3217 -0.00023531 0.40765 -0.21229 2.3868
18.89 1316.2 105.53 26668 1.3032 0.0022187 0.40804 -0.21229 2.3868
19.667 1396.5 109.27 26556 1.2859 0.0047517 0.40839 -0.21229 2.3869
20.295 1463.1 112.34 26466 1.272 0.0068876 0.40866 -0.21229 2.3869
20.678 1504.5 114.23 26411 1.2637 0.0082164 0.40881 -0.21229 2.3869
20.771 1514.7 114.69 26397 1.2617 0.0085412 0.40885 -0.21229 2.3869
21.005 1540.3 115.85 26364 1.2567 0.0093558 0.40894 -0.21229 2.3869
21.52 1597.6 118.44 26290 1.2459 0.011159 0.40913 -0.21229 2.3869
22.236 1679 122.07 26187 1.2313 0.013669 0.40939 -0.21229 2.3869
23.044 1773.4 126.24 26070 1.2156 0.016463 0.40967 -0.21228 2.3869
23.821 1866.5 130.31 25958 1.2012 0.019062 0.40992 -0.21228 2.3869
24.449 1943.6 133.64 25868 1.1902 0.021081 0.41011 -0.21228 2.3869
24.832 1991.5 135.69 25813 1.1837 0.022281 0.41023 -0.21228 2.3869
24.925 2003.2 136.2 25800 1.1822 0.02257 0.41025 -0.21228 2.3869
26.153 2161.1 142.88 25623 1.1632 0.026176 0.4106 -0.21227 2.3869
28.721 2512 157.27 25254 1.1309 0.031752 0.41128 -0.21226 2.3869
31.93 2992.2 176.05 24792 1.1035 0.034635 0.41204 -0.21225 2.387
34.92 3484.4 194.36 24362 1.0883 0.034545 0.4127 -0.21223 2.387
36.892 3834.2 206.86 24078 1.0831 0.034312 0.41311 -0.21222 2.387
37.388 3925.5 210.06 24007 1.0824 0.034419 0.41321 -0.21222 2.387
38.616 4157.6 218.08 23831 1.082 0.03459 0.41347 -0.21221 2.387
41.183 4671.8 235.3 23461 1.0866 0.03453 0.41399 -0.21219 2.3871
44.392 5374.2 257.64 23000 1.1029 0.034846 0.41463 -0.21217 2.3871
47.383 6095.3 279.51 22570 1.1286 0.033754 0.41525 -0.21215 2.3872
49.355 6608.5 293.77 22287 1.1465 0.03053 0.41567 -0.21213 2.3872
49.851 6742.2 297.06 22216 1.15 0.029563 0.41577 -0.21213 2.3872
51.079 7080.2 304.88 22039 1.157 0.026512 0.41604 -0.21212 2.3873
53.646 7815.6 319.59 21670 1.1607 0.017673 0.4166 -0.2121 2.3873
56.855 8777.4 336.29 21209 1.1398 0.0029828 0.41728 -0.21207 2.3874
59.846 9703.5 352.4 20779 1.0954 -0.01002 0.41787 -0.21204 2.3874
61.817 10325 364.2 20496 1.0568 -0.016419 0.41823 -0.21202 2.3875
62.313 10483 367.33 20425 1.0463 -0.017796 0.41831 -0.21202 2.3875
63.224 10773 373.24 20294 1.0263 -0.020031 0.41847 -0.21201 2.3875
65.189 11403 386.82 20011 0.98091 -0.023651 0.41878 -0.21198 2.3876
67.814 12249 406.87 19634 0.91814 -0.025712 0.41916 -0.21194 2.3877
70.576 13144 430.55 19237 0.85359 -0.025254 0.41954 -0.21189 2.3878
72.931 13909 452.92 18899 0.80171 -0.02491 0.41983 -0.21185 2.3879
74.411 14391 468.06 18686 0.77041 -0.025621 0.42 -0.21182 2.3879
74.776 14510 471.92 18633 0.76281 -0.025867 0.42005 -0.21181 2.388
75.477 14739 479.48 18532 0.74833 -0.026459 0.42013 -0.2118 2.388
77.022 15243 496.83 18310 0.71688 -0.028388 0.4203 -0.21176 2.3881
79.171 15944 522.53 18001 0.67366 -0.03268 0.42053 -0.21171 2.3882
81.595 16732 553.85 17653 0.62466 -0.039874 0.42078 -0.21164 2.3884
83.926 17483 586.56 17317 0.57674 -0.048718 0.42101 -0.21157 2.3885
85.81 18081 615.15 17046 0.53792 -0.055786 0.42119 -0.21151 2.3887
86.959 18441 633.66 16881 0.5147 -0.059603 0.42129 -0.21147 2.3887
87.239 18529 638.29 16841 0.50912 -0.060482 0.42132 -0.21146 2.3888
88.149 18811 653.71 16710 0.49128 -0.06321 0.4214 -0.21143 2.3888
90.115 19411 688.8 16427 0.45443 -0.068051 0.42158 -0.21135 2.389
92.739 20193 739.36 16049 0.40908 -0.072037 0.42181 -0.21124 2.3893
95.502 20994 796.91 15651 0.36574 -0.073635 0.42204 -0.21111 2.3895
97.856 21655 849.17 15312 0.33165 -0.073461 0.42224 -0.211 2.3898
99.336 22060 883.45 15099 0.3112 -0.072857 0.42236 -0.21092 2.39
99.701 22158 892.07 15046 0.30623 -0.072626 0.42239 -0.2109 2.39
100.61 22401 913.82 14915 0.29398 -0.072004 0.42247 -0.21085 2.3902
102.58 22912 961.99 14632 0.26793 -0.06976 0.42263 -0.21074 2.3904
105.2 23559 1028.7 14254 0.23374 -0.064347 0.42284 -0.21057 2.3908
107.96 24190 1101.5 13856 0.19859 -0.055594 0.42307 -0.21039 2.3912
110.32 24678 1165.9 13516 0.17006 -0.04698 0.42326 -0.21022 2.3916
111.8 24960 1207.7 13303 0.15307 -0.042274 0.42338 -0.21011 2.3918
112.16 25027 1218.1 13250 0.14898 -0.04124 0.42341 -0.21008 2.3919
112.34 25059 1223.2 13225 0.14704 -0.040747 0.42342 -0.21007 2.3919
112.73 25127 1234.4 13169 0.14278 -0.039675 0.42345 -0.21004 2.392
113.26 25220 1250.1 13092 0.13696 -0.038226 0.4235 -0.20999 2.3921
113.87 25322 1267.9 13005 0.13049 -0.036653 0.42354 -0.20995 2.3922
114.45 25416 1285.3 12921 0.1244 -0.035192 0.42359 -0.2099 2.3923
114.92 25490 1299.5 12853 0.11956 -0.034034 0.42363 -0.20986 2.3924
115.21 25535 1308.2 12811 0.11665 -0.033331 0.42365 -0.20984 2.3925
115.28 25545 1310.3 12801 0.11594 -0.03316 0.42366 -0.20983 2.3925
115.46 25572 1315.7 12776 0.11419 -0.03273 0.42367 -0.20982 2.3925
115.84 25629 1327.5 12720 0.11036 -0.031781 0.42371 -0.20978 2.3926
116.38 25706 1344 12643 0.10514 -0.030438 0.42375 -0.20974 2.3927
116.98 25790 1362.9 12555 0.099406 -0.028862 0.4238 -0.20968 2.3928
117.57 25867 1381.2 12471 0.094069 -0.02726 0.42385 -0.20963 2.3929
118.04 25927 1396.1 12403 0.089896 -0.025895 0.42389 -0.20959 2.393
118.33 25963 1405.2 12362 0.087417 -0.025033 0.42391 -0.20957 2.3931
118.4 25971 1407.5 12352 0.08682 -0.024821 0.42392 -0.20956 2.3931
118.57 25992 1413.1 12327 0.085341 -0.024286 0.42393 -0.20954 2.3931
118.96 26038 1425.4 12271 0.082156 -0.02308 0.42396 -0.20951 2.3932
119.49 26100 1442.7 12193 0.077909 -0.021317 0.42401 -0.20946 2.3933
120.1 26166 1462.3 12106 0.073393 -0.019198 0.42406 -0.2094 2.3934
120.68 26227 1481.3 12022 0.06936 -0.017024 0.4241 -0.20935 2.3936
121.15 26275 1496.7 11954 0.066346 -0.015175 0.42414 -0.2093 2.3937
121.44 26303 1506.2 11913 0.064624 -0.01401 0.42417 -0.20927 2.3937
121.51 26310 1508.5 11903 0.064217 -0.013724 0.42417 -0.20927 2.3937
121.69 26327 1514.2 11877 0.063224 -0.013002 0.42419 -0.20925 2.3938
122.07 26363 1527 11822 0.061181 -0.011383 0.42422 -0.20921 2.3939
122.61 26413 1544.8 11744 0.058597 -0.0090486 0.42427 -0.20916 2.394
123.22 26467 1565.1 11657 0.055957 -0.0062981 0.42432 -0.2091 2.3941
123.8 26517 1584.8 11573 0.053728 -0.0035508 0.42437 -0.20904 2.3943
124.27 26557 1600.8 11505 0.052138 -0.0012846 0.42441 -0.20899 2.3944
124.56 26580 1610.7 11463 0.051267 0.00010789 0.42443 -0.20896 2.3944
124.63 26586 1613.1 11453 0.051064 0.00044729 0.42444 -0.20896 2.3944
