time (s) altitude (m) longitude (rad) latitude (rad) velocity (m/s) trajectory angle (rad) heading angle (rad) angle of attack (rad) bank angle (rad) fuel mass (kg) 
124.64 25420 2.3868 -0.20873 1622 0.014015 1.8303 -0.014101 1562
126.82 25458 2.3866 -0.20819 1629 0.0087941 1.8303 0.0066043 1556.6
130.7 25513 2.3864 -0.20723 1643.5 0.0098677 1.8304 0.017618 1545.8
133.99 25574 2.3861 -0.20641 1656.2 0.011542 1.8304 0.012316 1536.3
134.9 25591 2.3861 -0.20618 1659.8 0.011405 1.8304 0.020205 1533.7
137.08 25636 2.3859 -0.20563 1668.7 0.013611 1.8305 0.017265 1527.1
140.97 25733 2.3857 -0.20465 1684.7 0.016032 1.8305 0.015174 1515.3
144.26 25827 2.3854 -0.20381 1698.7 0.017614 1.8306 0.014799 1505.1
145.17 25855 2.3854 -0.20357 1702.6 0.018023 1.8306 0.013908 1502.2
147.35 25923 2.3852 -0.20301 1712.1 0.018582 1.8306 0.013173 1495.3
151.24 26050 2.385 -0.202 1729.4 0.019303 1.8307 0.01293 1482.9
154.53 26161 2.3847 -0.20114 1744.3 0.019719 1.8308 0.012114 1472.1
155.44 26193 2.3847 -0.2009 1748.5 0.019722 1.8308 0.011639 1469.1
157.62 26268 2.3845 -0.20032 1758.7 0.019499 1.8308 0.010712 1461.9
161.5 26399 2.3842 -0.19928 1776.8 0.018622 1.8309 0.010185 1448.9
164.8 26506 2.384 -0.19839 1792.2 0.017976 1.8309 0.011103 1437.8
165.71 26536 2.3839 -0.19815 1796.4 0.017905 1.8309 0.011353 1434.7
167.89 26605 2.3837 -0.19756 1806.6 0.017599 1.831 0.010852 1427.4
171.77 26729 2.3835 -0.19649 1824.7 0.017771 1.831 0.014241 1414.2
175.07 26842 2.3832 -0.19558 1840.4 0.019957 1.8311 0.018928 1402.8
175.98 26876 2.3831 -0.19533 1844.7 0.020944 1.8311 0.015859 1399.6
178.16 26961 2.383 -0.19472 1854.7 0.020446 1.8311 0.005452 1392.3
182.04 27089 2.3827 -0.19362 1871.9 0.014664 1.8312 0.00085128 1380
185.34 27170 2.3824 -0.19269 1887 0.012914 1.8312 0.01963 1369.1
186.25 27193 2.3824 -0.19243 1891.5 0.014471 1.8313 0.020624 1365.8
187.7 27236 2.3822 -0.19201 1898.7 0.016337 1.8313 0.021913 1360.6
190.29 27326 2.382 -0.19127 1911.4 0.020385 1.8313 0.024951 1351.3
192.48 27421 2.3819 -0.19063 1922.2 0.024851 1.8314 0.029163 1343.3
193.09 27450 2.3818 -0.19046 1925.2 0.026321 1.8314 0.028136 1341.1
194.54 27528 2.3817 -0.19003 1932.2 0.028881 1.8314 0.021078 1335.9
197.13 27674 2.3815 -0.18928 1943.7 0.028041 1.8314 -0.00086868 1327.4
199.33 27784 2.3813 -0.18863 1952.8 0.023081 1.8315 -0.0036739 1320.8
199.94 27811 2.3813 -0.18845 1955.4 0.021954 1.8315 -0.0017221 1318.9
201.39 27869 2.3812 -0.18802 1961.4 0.019195 1.8315 -0.0014267 1314.5
203.98 27955 2.3809 -0.18725 1972.4 0.014488 1.8315 -0.00067925 1306.7
206.18 28009 2.3808 -0.1866 1982 0.010729 1.8315 -1.6387e-05 1300
206.78 28022 2.3807 -0.18642 1984.6 0.0097099 1.8316 0.00033742 1298.1
208.24 28046 2.3806 -0.18598 1990.9 0.0069628 1.8316 -0.0035519 1293.7
210.82 28067 2.3804 -0.1852 2002.2 0.001615 1.8316 7.5705e-05 1286
213.02 28071 2.3802 -0.18453 2012.6 0.0008893 1.8316 0.02416 1278.8
213.63 28072 2.3802 -0.18435 2015.7 0.0022116 1.8316 0.027624 1276.6
215.08 28084 2.38 -0.18391 2023.3 0.0056005 1.8317 0.032853 1271.2
217.67 28132 2.3798 -0.18311 2036.9 0.012905 1.8317 0.033609 1261.5
219.87 28202 2.3796 -0.18244 2048.1 0.018051 1.8317 0.026024 1253.4
220.47 28226 2.3796 -0.18225 2051.1 0.01899 1.8317 0.021973 1251.2
221.93 28284 2.3795 -0.1818 2058 0.019902 1.8317 0.011892 1246.2
224.52 28383 2.3792 -0.18099 2069.5 0.016248 1.8318 -0.0081709 1238
226.71 28444 2.3791 -0.1803 2079 0.010387 1.8318 -0.0054799 1231.5
227.32 28456 2.379 -0.18011 2081.7 0.0092885 1.8318 0.001145 1229.6
228.77 28482 2.3789 -0.17965 2088.4 0.0081277 1.8318 0.011729 1224.9
231.36 28532 2.3787 -0.17884 2101.3 0.011344 1.8319 0.032115 1215.7
233.56 28598 2.3785 -0.17814 2112.7 0.017619 1.8319 0.034855 1207.5
234.16 28622 2.3784 -0.17794 2115.7 0.019165 1.8319 0.031808 1205.2
235.62 28687 2.3783 -0.17748 2123 0.022839 1.8319 0.03383 1199.8
238.21 28831 2.3781 -0.17665 2135.5 0.029429 1.8319 0.033006 1190.2
240.4 28982 2.3779 -0.17594 2145.5 0.03446 1.832 0.032218 1182.2
241.01 29027 2.3778 -0.17574 2148.2 0.035803 1.832 0.032499 1180
242.46 29144 2.3777 -0.17527 2154.4 0.038586 1.832 0.026335 1174.9
245.05 29362 2.3775 -0.17443 2164.2 0.038403 1.832 0.00029757 1166.6
247.25 29534 2.3773 -0.17371 2171.5 0.032935 1.8321 -0.01133 1160.5
247.85 29576 2.3772 -0.17351 2173.5 0.031237 1.8321 -0.012146 1158.9
249.31 29668 2.3771 -0.17303 2178.3 0.026807 1.8321 -0.012934 1155.1
251.9 29797 2.3769 -0.17218 2186.7 0.01893 1.8321 -0.011945 1148.4
254.09 29872 2.3767 -0.17145 2193.7 0.012478 1.8321 -0.011449 1142.7
254.7 29888 2.3766 -0.17125 2195.7 0.010695 1.8322 -0.01216 1141.1
256.15 29915 2.3765 -0.17077 2200.4 0.0063902 1.8322 -0.011861 1137.4
258.74 29929 2.3762 -0.16991 2208.7 -0.0015082 1.8322 -0.013815 1130.8
260.94 29905 2.376 -0.16918 2215.8 -0.0083725 1.8322 -0.012746 1125.1
261.55 29893 2.376 -0.16897 2217.8 -0.010158 1.8322 -0.0090044 1123.6
263 29854 2.3759 -0.16849 2222.7 -0.013666 1.8322 -0.002775 1119.6
265.59 29768 2.3756 -0.16762 2232 -0.015049 1.8322 0.024084 1111.7
267.78 29701 2.3754 -0.16687 2240.5 -0.011515 1.8323 0.030345 1104.2
268.39 29686 2.3754 -0.16667 2242.9 -0.010621 1.8323 0.026111 1102.1
272.75 29611 2.375 -0.16519 2259.3 -0.004742 1.8323 0.025978 1087.1
280.52 29617 2.3742 -0.16252 2287 0.005177 1.8324 0.023035 1059.8
287.11 29752 2.3736 -0.16024 2308.6 0.0125 1.8324 0.023456 1036.6
288.93 29809 2.3734 -0.1596 2314.3 0.014732 1.8324 0.022238 1030.2
291.11 29888 2.3732 -0.15884 2320.9 0.016974 1.8325 0.023803 1022.7
294.99 30066 2.3729 -0.15748 2332.1 0.021933 1.8325 0.023239 1009.2
298.29 30233 2.3726 -0.15632 2340.5 0.020014 1.8325 -0.015355 998.91
299.2 30273 2.3725 -0.156 2342.4 0.01623 1.8325 -0.019625 996.63
301.38 30336 2.3723 -0.15522 2347.2 0.0081515 1.8326 -0.023011 991.06
305.26 30342 2.3719 -0.15385 2355.9 -0.0061416 1.8326 -0.015188 981.12
308.55 30269 2.3716 -0.15267 2364.3 -0.01103 1.8326 0.020796 971.4
309.46 30246 2.3715 -0.15235 2366.9 -0.0096179 1.8326 0.026227 968.22
311.64 30205 2.3713 -0.15157 2373.2 -0.005949 1.8326 0.031242 960.54
315.53 30181 2.3709 -0.15017 2384 0.00044419 1.8326 0.024931 946.74
318.82 30201 2.3706 -0.14899 2392.6 0.0042881 1.8327 0.025551 935.22
319.73 30211 2.3705 -0.14866 2395 0.0056998 1.8327 0.025716 931.98
321.91 30248 2.3703 -0.14787 2400.5 0.0087497 1.8327 0.026102 924.27
325.8 30354 2.3699 -0.14646 2409.6 0.013076 1.8327 0.017811 910.78
329.09 30453 2.3696 -0.14526 2416.4 0.010378 1.8327 -0.011747 900.48
330 30473 2.3695 -0.14493 2418.1 0.0073893 1.8328 -0.013918 898.03
332.18 30495 2.3693 -0.14413 2422.4 0.001306 1.8328 -0.010867 891.99
336.06 30478 2.3689 -0.14271 2430.6 -0.0034179 1.8328 0.016053 880.15
339.36 30463 2.3685 -0.1415 2437.8 0.0012569 1.8328 0.034275 868.58
340.27 30469 2.3684 -0.14117 2439.7 0.0033359 1.8328 0.034255 865.25
342.45 30498 2.3682 -0.14036 2444.3 0.0072982 1.8328 0.02705 857.43
346.33 30589 2.3678 -0.13893 2452 0.010861 1.8329 0.01519 844.13
349.63 30669 2.3675 -0.13771 2458.2 0.007835 1.8329 -0.010695 833.95
350.54 30684 2.3674 -0.13737 2459.8 0.0050636 1.8329 -0.017899 831.47
352.72 30692 2.3672 -0.13656 2463.9 -0.0015298 1.8329 -0.011084 825.54
356.6 30657 2.3668 -0.13512 2471.7 -0.0035877 1.8329 0.027591 813.27
359.9 30654 2.3665 -0.13389 2478.6 0.0041701 1.8329 0.035172 801.18
360.81 30667 2.3664 -0.13355 2480.4 0.0058978 1.8329 0.030274 797.91
362.99 30711 2.3662 -0.13273 2484.7 0.0097899 1.833 0.026409 790.12
366.87 30811 2.3658 -0.13127 2491.8 0.0096144 1.833 -0.00020245 777.52
370.16 30876 2.3654 -0.13003 2497.6 0.0062009 1.833 0.017783 767.46
371.07 30889 2.3653 -0.12969 2499.3 0.0074842 1.833 0.024991 764.32
373.25 30937 2.3651 -0.12887 2503.2 0.0093643 1.833 0.017514 757
377.14 31022 2.3647 -0.1274 2509.9 0.0070753 1.833 -0.0015501 744.99
380.43 31059 2.3644 -0.12615 2515.6 0.0014895 1.8331 -0.00061172 735.46
381.34 31060 2.3643 -0.1258 2517.2 0.00046676 1.8331 -0.00063075 732.74
383.52 31053 2.3641 -0.12497 2521.1 -0.0028175 1.8331 -0.00047326 726.36
387.41 31011 2.3637 -0.12349 2528.3 -0.0047748 1.8331 0.018116 714.25
390.7 30982 2.3633 -0.12224 2534.5 -0.0011221 1.8331 0.025838 702.99
391.61 30982 2.3632 -0.12189 2536.1 -1.581e-05 1.8331 0.018334 699.85
393.06 30984 2.3631 -0.12133 2538.8 0.0007997 1.8331 0.017811 695
395.65 30993 2.3628 -0.12034 2543.5 0.0022122 1.8331 0.017827 686.34
397.85 31009 2.3626 -0.1195 2547.5 0.0034339 1.8331 0.017657 678.99
398.46 31015 2.3625 -0.11926 2548.6 0.0037565 1.8332 0.017808 676.97
399.91 31030 2.3624 -0.1187 2551.1 0.0045676 1.8332 0.017834 672.11
402.5 31065 2.3621 -0.11771 2555.7 0.0060407 1.8332 0.018029 663.45
404.69 31103 2.3619 -0.11686 2559.5 0.0072765 1.8332 0.017767 656.13
405.3 31114 2.3618 -0.11663 2560.5 0.0075957 1.8332 0.018556 654.12
406.75 31145 2.3617 -0.11606 2562.9 0.0084675 1.8332 0.016397 649.28
409.34 31198 2.3614 -0.11506 2567.2 0.007176 1.8332 -0.0013676 641.18
411.54 31229 2.3612 -0.11421 2570.8 0.0034419 1.8332 -0.0022357 634.78
412.15 31234 2.3611 -0.11398 2571.8 0.002701 1.8332 -0.0004304 632.96
414.33 31240 2.3609 -0.11313 2575.4 -0.00022971 1.8332 0.001081 626.48
418.21 31228 2.3605 -0.11162 2582 -0.0014069 1.8332 0.018211 614.22
421.51 31224 2.3601 -0.11033 2587.6 0.0011938 1.8333 0.016899 603.15
422.42 31229 2.36 -0.10998 2589.1 0.001329 1.8333 0.016616 600.19
424.6 31239 2.3598 -0.10913 2592.8 0.0024508 1.8333 0.018319 592.95
428.48 31279 2.3594 -0.10761 2599.1 0.0054005 1.8333 0.018845 579.91
431.77 31328 2.359 -0.10631 2604.3 0.0051382 1.8333 -0.00064932 569.34
432.68 31339 2.3589 -0.10596 2605.8 0.0034696 1.8333 -0.0045463 566.7
434.14 31347 2.3588 -0.10538 2608.1 0.0012276 1.8333 -0.00019163 562.42
436.73 31350 2.3585 -0.10436 2612.3 0.00033127 1.8333 0.017455 554.25
438.92 31356 2.3583 -0.1035 2615.8 0.0020958 1.8333 0.018291 546.88
439.53 31360 2.3582 -0.10326 2616.8 0.0023289 1.8333 0.016265 544.89
440.98 31370 2.358 -0.10269 2619.1 0.0028615 1.8333 0.01482 540.12
443.57 31391 2.3578 -0.10166 2623.1 0.0032248 1.8334 0.011959 531.72
445.77 31410 2.3575 -0.10079 2626.5 0.0031596 1.8334 0.011774 524.67
446.37 31415 2.3575 -0.10055 2627.5 0.003172 1.8334 0.011339 522.72
447.83 31427 2.3573 -0.099976 2629.7 0.0030703 1.8334 0.0111 518.07
450.42 31447 2.357 -0.098948 2633.7 0.0029288 1.8334 0.011538 509.78
452.61 31464 2.3568 -0.098075 2637.1 0.0028579 1.8334 0.011218 502.74
453.22 31468 2.3567 -0.097834 2638 0.0028102 1.8334 0.011335 500.8
455.4 31484 2.3565 -0.096966 2641.3 0.0027373 1.8334 0.011572 493.82
459.28 31512 2.3561 -0.095417 2647.1 0.0027044 1.8334 0.011724 481.38
462.58 31536 2.3557 -0.0941 2652.1 0.0026837 1.8334 0.011546 470.83
463.49 31542 2.3556 -0.093736 2653.4 0.0026652 1.8334 0.011455 467.93
465.67 31558 2.3554 -0.092863 2656.6 0.0026401 1.8334 0.011657 460.95
469.55 31585 2.355 -0.091305 2662.3 0.0026571 1.8335 0.011641 448.53
472.85 31608 2.3546 -0.089981 2667.1 0.0026024 1.8335 0.011168 438.01
473.76 31614 2.3545 -0.089615 2668.5 0.002555 1.8335 0.01128 435.11
478.12 31643 2.354 -0.087858 2674.7 0.0024749 1.8335 0.011475 421.2
485.88 31696 2.3532 -0.084718 2685.7 0.0025783 1.8335 0.011678 396.41
492.47 31742 2.3525 -0.082044 2694.9 0.0026187 1.8335 0.011098 375.42
494.29 31755 2.3523 -0.081305 2697.4 0.0025374 1.8335 0.010711 369.65
496.47 31770 2.352 -0.080417 2700.4 0.0024147 1.8335 0.010629 362.74
500.36 31792 2.3516 -0.078834 2705.7 0.0019838 1.8336 0.010319 350.48
503.65 31811 2.3512 -0.077489 2710.1 0.0023876 1.8336 0.016247 339.94
504.56 31817 2.3511 -0.077117 2711.3 0.0029843 1.8336 0.020024 336.95
506.74 31842 2.3509 -0.076225 2714.1 0.0056229 1.8336 0.028112 329.58
510.62 31947 2.3505 -0.074634 2718.2 0.015307 1.8336 0.046226 315.66
513.92 32137 2.3501 -0.073283 2720.7 0.027531 1.8336 0.053707 303.38
514.83 32209 2.35 -0.07291 2721.1 0.030985 1.8336 0.056031 300.03
516.33 32348 2.3498 -0.072294 2721.8 0.036938 1.8336 0.056495 294.53
519.57 32728 2.3495 -0.070966 2722.6 0.049243 1.8336 0.059324 283.08
523.89 33405 2.349 -0.069194 2722 0.065755 1.8337 0.068411 268.68
528.45 34320 2.3485 -0.067332 2719.5 0.081554 1.8337 0.069605 255.05
532.32 35234 2.3481 -0.065748 2716.9 0.091393 1.8338 0.069286 245.09
534.76 35854 2.3478 -0.064754 2714.9 0.096075 1.8338 0.067503 239.57
535.37 36012 2.3477 -0.064509 2714.5 0.096943 1.8339 0.067589 238.3
537.55 36594 2.3475 -0.063622 2712.5 0.10009 1.8339 0.073511 233.96
541.43 37670 2.3471 -0.062044 2709 0.10424 1.834 0.071664 226.74
544.72 38602 2.3467 -0.060708 2704.2 0.10433 1.834 0.050371 223.5
545.63 38857 2.3466 -0.060339 2701.6 0.1035 1.834 0.048776 223.87
547.81 39459 2.3464 -0.059457 2696.9 0.10145 1.8341 0.048162 223.87
551.7 40494 2.3459 -0.05789 2689.1 0.096648 1.8341 0.046743 223.87
554.99 41327 2.3456 -0.056563 2683.2 0.091645 1.8342 0.04675 223.87
555.9 41548 2.3455 -0.056198 2681.6 0.090155 1.8342 0.046451 223.87
558.08 42063 2.3453 -0.055321 2678.1 0.086332 1.8342 0.045072 223.87
561.97 42921 2.3448 -0.053763 2672.4 0.078937 1.8343 0.046063 223.87
565.26 43586 2.3445 -0.052442 2668 0.072282 1.8343 0.047338 223.87
566.17 43759 2.3444 -0.052078 2666.9 0.070385 1.8343 0.047685 223.87
568.35 44155 2.3441 -0.051205 2664.3 0.065735 1.8343 0.046752 223.87
572.23 44789 2.3437 -0.049653 2660 0.05699 1.8344 0.043303 223.87
575.53 45254 2.3434 -0.048336 2656.9 0.049225 1.8344 0.043907 223.87
576.44 45370 2.3433 -0.047973 2656.1 0.04707 1.8344 0.044574 223.87
578.62 45628 2.343 -0.047103 2654.2 0.041826 1.8344 0.042875 223.87
582.5 46009 2.3426 -0.045554 2651.3 0.032157 1.8345 0.038602 223.87
585.8 46253 2.3423 -0.044241 2649.2 0.023791 1.8345 0.04228 223.87
586.71 46308 2.3422 -0.043879 2648.7 0.021515 1.8345 0.043759 223.87
588.89 46416 2.3419 -0.04301 2647.4 0.016058 1.8345 0.045954 223.87
592.77 46532 2.3415 -0.041464 2645.6 0.0064571 1.8345 0.051086 223.87
596.07 46553 2.3412 -0.040153 2644.2 -0.0015983 1.8345 0.051562 223.87
596.98 46546 2.3411 -0.039792 2643.9 -0.0038325 1.8345 0.051498 223.87
601.34 46441 2.3406 -0.038058 2642.6 -0.014485 1.8345 0.05167 223.87
609.1 45949 2.3398 -0.034972 2641.3 -0.033458 1.8345 0.04599 223.87
615.69 45226 2.339 -0.032356 2641.3 -0.049715 1.8345 0.037726 223.87
617.51 44976 2.3389 -0.031634 2641.5 -0.054236 1.8345 0.039371 223.87
620.78 44474 2.3385 -0.030336 2641.8 -0.061967 1.8344 0.044696 223.87
626.61 43423 2.3379 -0.028025 2642.5 -0.074547 1.8344 0.050098 223.87
631.55 42386 2.3373 -0.026065 2643.2 -0.084305 1.8343 0.045313 223.87
632.91 42077 2.3372 -0.025524 2643.4 -0.086954 1.8343 0.044455 223.87
636.18 41300 2.3369 -0.024228 2643.8 -0.09292 1.8343 0.043915 223.87
642.01 39798 2.3362 -0.021919 2644.2 -0.10206 1.8342 0.045074 223.87
646.95 38430 2.3357 -0.019962 2643.4 -0.10726 1.8341 0.05129 223.87
648.32 38042 2.3356 -0.019422 2642.9 -0.10804 1.8341 0.055749 223.87
650.5 37419 2.3353 -0.018559 2641.4 -0.10838 1.8341 0.06074 224.51
654.38 36320 2.3349 -0.017022 2642.1 -0.10567 1.834 0.071679 221.62
657.68 35424 2.3346 -0.015716 2647 -0.099742 1.834 0.075005 213.73
658.58 35187 2.3345 -0.015355 2647.7 -0.09766 1.834 0.074115 211.98
660.77 34639 2.3342 -0.014489 2650.2 -0.092146 1.8339 0.071514 206.67
664.65 33749 2.3338 -0.012942 2654.7 -0.080377 1.8339 0.069112 196.14
667.94 33100 2.3335 -0.011626 2658.3 -0.067595 1.8339 0.072382 185.98
668.85 32942 2.3334 -0.011262 2659.2 -0.0634 1.8339 0.071755 182.95
671.03 32604 2.3331 -0.010389 2661.4 -0.053329 1.8338 0.067178 175.48
674.92 32141 2.3327 -0.0088305 2665.9 -0.036324 1.8338 0.055686 161.66
678.21 31880 2.3323 -0.0075054 2670.3 -0.02336 1.8338 0.049941 149.65
679.12 31828 2.3322 -0.0071391 2671.5 -0.019834 1.8338 0.048366 146.28
680.76 31754 2.3321 -0.0064801 2673.7 -0.013802 1.8338 0.045749 140.23
683.67 31685 2.3318 -0.0053049 2677.7 -0.0044952 1.8338 0.03634 129.58
686.14 31674 2.3315 -0.0043064 2681.1 0.00075168 1.8338 0.024162 120.92
686.82 31676 2.3314 -0.0040305 2682.1 0.0016283 1.8338 0.021667 118.62
688.46 31687 2.3312 -0.0033687 2684.4 0.0032345 1.8338 0.015877 113.19
691.37 31714 2.3309 -0.0021887 2688.6 0.0029414 1.8338 0.0030336 104.04
693.84 31728 2.3306 -0.0011861 2692.2 0.0013367 1.8338 0.0084282 96.504
694.52 31730 2.3306 -0.00090902 2693.2 0.0014758 1.8338 0.016018 94.33
696.16 31741 2.3304 -0.00024457 2695.4 0.0037338 1.8338 0.030099 88.8
699.07 31803 2.3301 0.00094007 2698.6 0.01343 1.8338 0.05401 78.06
701.54 31936 2.3298 0.0019458 2699.6 0.027047 1.8338 0.073759 68.21
702.22 31990 2.3297 0.0022234 2699.4 0.031628 1.8338 0.079705 65.399
703.86 32155 2.3295 0.0028885 2698.3 0.04346 1.8338 0.088335 58.613
706.77 32592 2.3292 0.0040706 2692.7 0.06865 1.8338 0.1158 46.344
709.24 33125 2.329 0.0050693 2685 0.092114 1.8339 0.11913 36.185
709.93 33299 2.3289 0.0053441 2683.1 0.097794 1.8339 0.11348 33.597
710.61 33484 2.3288 0.0056207 2681.1 0.10331 1.8339 0.11823 31.055
712.15 33934 2.3286 0.0062373 2675.8 0.1159 1.8339 0.13164 25.578
714.34 34666 2.3284 0.0071139 2666.3 0.13435 1.8339 0.15001 18.017
716.93 35658 2.3281 0.0081403 2653.1 0.15468 1.834 0.15865 10.248
719.6 36808 2.3279 0.0091905 2641 0.17152 1.8341 0.15715 2.9917
722.03 37937 2.3276 0.010139 2627.8 0.18281 1.8341 0.15797 0.0029133
723.92 38857 2.3274 0.010874 2615.2 0.18934 1.8342 0.15956 0.53185
725.05 39418 2.3273 0.011312 2608.8 0.19255 1.8342 0.16471 0.2654
725.33 39555 2.3272 0.011417 2607.1 0.19328 1.8342 0.16439 0.35938
726.96 40381 2.3271 0.012046 2597.9 0.19696 1.8343 0.16856 0.35938
729.88 41875 2.3268 0.013159 2583 0.20127 1.8343 0.17295 0.35938
732.35 43153 2.3265 0.014099 2571.7 0.20281 1.8344 0.1725 0.35938
733.03 43507 2.3265 0.014357 2568.8 0.20291 1.8344 0.17205 0.35938
734.66 44352 2.3263 0.014976 2562.2 0.2027 1.8345 0.1725 0.35938
737.58 45846 2.326 0.016073 2551.4 0.20095 1.8346 0.17423 0.35938
740.05 47094 2.3257 0.017001 2543 0.19833 1.8346 0.174 0.35938
740.73 47435 2.3257 0.017257 2540.8 0.19743 1.8346 0.17189 0.35938
