time (s) altitude (m) longitude (rad) latitude (rad) velocity (m/s) trajectory angle (rad) heading angle (rad) angle of attack (rad) bank angle (rad) fuel mass (kg) 
0 25859 2.5307 -0.264 1520 -0.0081997 1 0.015438 0.002192 1562
2.1763 25830 2.531 -0.26356 1524.9 -0.0093194 1.0002 0.016473 -0.0043535 1557.9
6.9719 25758 2.5317 -0.2626 1536.3 -0.0099953 1.0002 0.018397 -0.015777 1548.5
13.64 25656 2.5326 -0.26124 1553.6 -0.0099943 1.0001 0.015951 -0.013701 1534.7
21.164 25536 2.5336 -0.2597 1575.4 -0.0099854 1.0001 0.01605 -0.01272 1518
28.4 25440 2.5346 -0.25818 1598.9 -0.0057903 1.0001 0.018801 -0.010561 1500.2
34.245 25416 2.5354 -0.25695 1619.8 0.00091107 1.0001 0.020162 -0.01148 1484.6
37.812 25435 2.5359 -0.25618 1633.3 0.0058708 1.0001 0.019921 -0.0054302 1474.6
38.681 25445 2.536 -0.256 1636.6 0.0070512 1.0002 0.019713 -0.0047628 1472.1
39.843 25459 2.5362 -0.25575 1641.1 0.008641 1.0002 0.019479 -0.0070504 1468.8
42.483 25505 2.5366 -0.25517 1651.6 0.012005 1.0002 0.018158 -0.013812 1461
46.379 25596 2.5372 -0.25432 1667.3 0.015892 1.0001 0.015588 -0.015031 1449.4
51.216 25736 2.5379 -0.25326 1687.4 0.018371 1.0001 0.01205 -0.014722 1434.8
56.6 25908 2.5387 -0.25205 1710.4 0.01888 1.0001 0.010691 -0.014877 1418.2
62.097 26088 2.5395 -0.25081 1734.8 0.019285 1.0001 0.011023 -0.015099 1400.8
67.26 26263 2.5403 -0.24962 1758.7 0.019305 1.0001 0.0097622 -0.015703 1383.8
71.672 26411 2.5409 -0.2486 1779.5 0.01868 1 0.0095769 -0.016594 1369.1
74.974 26520 2.5415 -0.24782 1795 0.018387 1 0.010085 -0.014882 1358
76.901 26584 2.5418 -0.24736 1804 0.018309 1.0001 0.010394 -0.011758 1351.6
77.362 26599 2.5418 -0.24725 1806.2 0.018312 1.0001 0.010418 -0.011594 1350
78.524 26638 2.542 -0.24698 1811.6 0.018305 1.0001 0.010365 -0.012303 1346.1
81.164 26725 2.5424 -0.24635 1823.9 0.018104 1.0001 0.0095285 -0.017103 1337.3
85.06 26852 2.5431 -0.24541 1842 0.017346 1.0001 0.0089719 -0.016243 1324.3
89.897 27003 2.5438 -0.24423 1864.6 0.016589 1.0001 0.010362 -0.017174 1308.1
95.282 27176 2.5447 -0.2429 1890 0.018162 1.0004 0.014968 0.023247 1289.8
100.78 27385 2.5456 -0.24152 1916.1 0.021626 1.003 0.013265 0.12137 1270.9
105.94 27595 2.5465 -0.24021 1939.6 0.019238 1.0069 0.0023776 0.20708 1254
110.35 27735 2.5472 -0.23907 1959.4 0.013273 1.0109 0.0034212 0.28701 1240.1
113.66 27812 2.5478 -0.23821 1974.5 0.01075 1.0152 0.0098537 0.34211 1229.4
115.58 27852 2.5481 -0.23771 1983.6 0.010244 1.0184 0.012981 0.37727 1223
116.04 27861 2.5482 -0.23758 1985.7 0.010249 1.0193 0.013845 0.3846 1221.5
117.2 27885 2.5484 -0.23728 1991.3 0.010366 1.0216 0.015324 0.4 1217.5
119.85 27942 2.5488 -0.23657 2004.1 0.011527 1.0277 0.020346 0.44833 1208.4
123.74 28046 2.5495 -0.23552 2023.4 0.015046 1.0388 0.023247 0.51439 1194.5
128.58 28207 2.5502 -0.23419 2047 0.016748 1.0534 0.015639 0.6002 1177.5
133.96 28377 2.5511 -0.23267 2072.5 0.013767 1.0691 0.015463 0.69278 1159.2
139.46 28526 2.552 -0.2311 2099.4 0.012891 1.0902 0.027201 0.78964 1139.9
144.62 28675 2.5528 -0.22958 2125.4 0.014444 1.1162 0.032794 0.87893 1120.8
149.03 28814 2.5534 -0.22824 2147.2 0.014741 1.1407 0.033141 0.95085 1104.4
152.34 28916 2.5539 -0.22723 2162.8 0.013807 1.1594 0.031683 0.98157 1092.1
154.26 28972 2.5542 -0.22663 2171.6 0.012982 1.1701 0.032413 0.98669 1085
154.72 28985 2.5542 -0.22649 2173.7 0.012813 1.1727 0.031974 0.98699 1083.3
156.9 29043 2.5545 -0.2258 2183.4 0.011858 1.1847 0.031418 0.98203 1075.3
161.7 29158 2.5551 -0.22427 2204.1 0.01016 1.2101 0.030425 0.9306 1057.7
168.36 29303 2.5559 -0.2221 2231.6 0.0096512 1.2429 0.029695 0.86681 1033.3
175.89 29466 2.5567 -0.21958 2260.5 0.0095371 1.2779 0.028557 0.87375 1006
183.12 29615 2.5575 -0.21711 2286.5 0.0085061 1.3106 0.027642 0.86709 979.88
188.97 29724 2.558 -0.21508 2306.2 0.0078816 1.3358 0.026904 0.84108 958.9
192.54 29788 2.5583 -0.21382 2317.7 0.0075636 1.3507 0.026327 0.8297 946.16
193.41 29803 2.5584 -0.21351 2320.5 0.007498 1.3542 0.026237 0.82823 943.06
194.38 29820 2.5584 -0.21317 2323.6 0.0074341 1.3582 0.026559 0.82714 939.57
196.62 29859 2.5586 -0.21237 2330.5 0.0072692 1.3673 0.025781 0.82133 931.61
199.95 29914 2.5589 -0.21118 2340.5 0.0069958 1.3805 0.025781 0.81068 919.79
204.15 29982 2.5591 -0.20967 2352.8 0.0068458 1.3969 0.025513 0.80473 904.87
208.94 30057 2.5594 -0.20793 2366.3 0.0064321 1.4153 0.025299 0.81389 887.96
213.98 30132 2.5597 -0.20608 2380 0.0059489 1.4349 0.025665 0.81996 870.12
218.93 30200 2.5599 -0.20424 2393 0.0057092 1.4538 0.025884 0.77799 852.62
223.47 30267 2.5601 -0.20255 2404.3 0.0068903 1.4701 0.025872 0.70257 836.55
227.27 30333 2.5603 -0.20113 2413.1 0.0072195 1.4816 0.016924 0.64523 823.43
230.07 30379 2.5604 -0.20008 2419.3 0.0062647 1.4884 0.01642 0.61815 814.07
231.7 30403 2.5604 -0.19946 2422.8 0.0059899 1.4924 0.016009 0.61194 808.62
232.09 30409 2.5604 -0.19932 2423.7 0.0058394 1.4933 0.015875 0.61129 807.34
232.81 30419 2.5604 -0.19904 2425.2 0.0056671 1.495 0.016745 0.61039 804.93
234.46 30441 2.5605 -0.19842 2428.8 0.00536 1.499 0.016178 0.60752 799.39
236.97 30471 2.5606 -0.19747 2434.1 0.0045641 1.5048 0.015455 0.60764 791.08
240.2 30504 2.5606 -0.19624 2440.8 0.0038798 1.5127 0.01685 0.62432 780.29
244 30534 2.5607 -0.19479 2448.5 0.0025073 1.5219 0.015916 0.66785 767.7
248.16 30556 2.5608 -0.1932 2457 0.0022036 1.5344 0.026382 0.73426 753.47
252.49 30587 2.5608 -0.19154 2465.9 0.003685 1.5505 0.028593 0.7787 738.09
256.76 30633 2.5609 -0.18989 2474.6 0.0048813 1.5664 0.026628 0.74618 722.94
260.76 30683 2.5609 -0.18834 2482.4 0.0049307 1.5788 0.016794 0.67825 709.16
264.3 30721 2.5608 -0.18697 2489 0.0037185 1.5874 0.017118 0.62196 697.41
267.19 30747 2.5608 -0.18584 2494.5 0.0036376 1.5944 0.016811 0.5873 687.7
269.28 30766 2.5608 -0.18503 2498.4 0.0032796 1.599 0.016722 0.57351 680.73
270.48 30775 2.5608 -0.18456 2500.6 0.0033912 1.6018 0.018445 0.56976 676.69
270.77 30778 2.5608 -0.18445 2501.1 0.0033843 1.6025 0.018295 0.56946 675.73
272.17 30790 2.5608 -0.1839 2503.8 0.0034393 1.6057 0.017294 0.56622 671.02
275.33 30817 2.5607 -0.18266 2509.6 0.0035314 1.6127 0.018234 0.56206 660.41
279.94 30862 2.5606 -0.18085 2518.2 0.0041287 1.6236 0.018369 0.5929 644.86
285.54 30916 2.5605 -0.17865 2528.5 0.0033859 1.6373 0.018306 0.68279 626.14
291.58 30967 2.5603 -0.17627 2539.4 0.0036512 1.6561 0.025981 0.74723 605.4
297.47 31027 2.5601 -0.17394 2549.9 0.0039739 1.6746 0.017918 0.69201 585.16
302.64 31072 2.5598 -0.17189 2559 0.0028108 1.687 0.017805 0.60241 568.03
306.57 31101 2.5597 -0.17032 2565.9 0.0034093 1.6962 0.017884 0.53875 554.81
308.89 31123 2.5595 -0.1694 2569.9 0.0036209 1.7008 0.017881 0.50951 547.11
309.45 31128 2.5595 -0.16918 2570.8 0.0038146 1.702 0.018093 0.5072 545.23
310.61 31140 2.5594 -0.16872 2572.8 0.0040662 1.7043 0.017683 0.50051 541.35
313.25 31170 2.5593 -0.16766 2577.2 0.0047075 1.7094 0.018225 0.47126 532.55
317.15 31224 2.5591 -0.16611 2583.7 0.0061753 1.7165 0.018345 0.43036 519.55
321.98 31312 2.5588 -0.16418 2591.4 0.0078974 1.7246 0.018117 0.41099 503.56
327.37 31437 2.5584 -0.16202 2599.8 0.0097743 1.7336 0.016716 0.44599 485.92
332.86 31566 2.5581 -0.15982 2608 0.0070753 1.7418 0.0037929 0.52686 468.9
338.03 31615 2.5577 -0.15774 2615.9 -4.301e-05 1.7484 0.0035591 0.60139 453.78
342.44 31586 2.5574 -0.15597 2622.8 -0.0042995 1.7556 0.010701 0.60782 440.42
345.74 31543 2.5571 -0.15464 2628 -0.0056379 1.7621 0.016632 0.56512 429.99
347.67 31514 2.5569 -0.15386 2631.1 -0.0052853 1.7662 0.019822 0.53107 423.68
348.13 31508 2.5569 -0.15367 2631.9 -0.0051559 1.7671 0.020697 0.52354 422.16
349.53 31490 2.5568 -0.15311 2634.1 -0.0043781 1.7702 0.023152 0.50312 417.45
352.7 31466 2.5565 -0.15183 2639 -0.0011705 1.7772 0.028631 0.44598 406.57
357.3 31498 2.5561 -0.14997 2645.6 0.0072159 1.7874 0.036764 0.36737 390.13
362.9 31713 2.5556 -0.14772 2652.3 0.022743 1.7985 0.046364 0.26815 369.6
368.94 32248 2.555 -0.14528 2656.7 0.044629 1.8077 0.057193 0.16394 347.66
374.83 33128 2.5544 -0.14291 2657.4 0.067825 1.8127 0.066968 0.071564 327.72
380 34192 2.5539 -0.14084 2654.8 0.087113 1.8148 0.077028 0.048301 312.25
383.93 35168 2.5535 -0.13926 2651.3 0.099543 1.816 0.078069 0.040736 302.04
386.25 35796 2.5533 -0.13834 2649.2 0.10472 1.8164 0.072712 0.0090172 296.83
386.81 35951 2.5532 -0.13811 2648.7 0.10569 1.8165 0.072133 0 295.67
386.81 35951 2.5532 -0.13811 2648.7 0.10569 1.8165 0.072133 0 295.67
388.65 36484 2.553 -0.13738 2634.1 0.11384 1.8176 0.066228 0.16346 295.67
392.92 37817 2.5526 -0.1357 2606.5 0.12291 1.8257 0.048749 0.52315 295.67
399.5 39888 2.5519 -0.13316 2575.6 0.11785 1.8439 0.049949 1.1375 295.67
408.2 42257 2.5509 -0.12985 2539.9 0.093231 1.875 0.086077 1.5708 295.67
418.79 44247 2.5496 -0.12591 2501.7 0.055732 1.9137 0.11094 1.5708 295.67
430.98 45285 2.5479 -0.12151 2466.9 0.012761 1.9531 0.1044 1.5707 295.67
444.44 44911 2.5459 -0.11677 2441.4 -0.035725 1.9885 0.10428 1.5706 295.66
458.8 42758 2.5435 -0.11188 2401.9 -0.08778 2.0534 0.17453 1.5246 295.66
473.66 38992 2.5407 -0.1072 2326.9 -0.1187 2.1748 0.17452 1.2142 295.66
488.63 35350 2.5374 -0.10315 2193 -0.084856 2.3552 0.15909 1.0168 295.66
503.29 33804 2.5336 -0.10009 2033.3 -0.013404 2.5541 0.12934 0.93822 295.66
517.24 34188 2.5299 -0.09802 1907.9 0.036033 2.7179 0.12359 1.0135 295.66
530.11 35238 2.5263 -0.096732 1810.4 0.045322 2.8581 0.12098 1.1476 295.66
541.54 35951 2.5232 -0.095995 1753.9 0.01973 2.9489 0.080078 1.2897 295.66
551.22 35969 2.5206 -0.095568 1720.6 -0.019378 3.0086 0.077602 1.3797 295.66
558.88 35492 2.5186 -0.095348 1697.1 -0.053735 3.0583 0.074998 1.4562 295.66
564.33 34879 2.5172 -0.095255 1680.6 -0.080431 3.0958 0.07495 1.4528 295.66
567.4 34425 2.5164 -0.095228 1671.4 -0.094917 3.1188 0.072754 1.4834 295.66
568.13 34309 2.5162 -0.095224 1669.1 -0.098729 3.1244 0.073439 1.4816 295.66
569.28 34114 2.5159 -0.09522 1665.3 -0.10438 3.1336 0.074403 1.4862 295.69
571.98 33617 2.5152 -0.095222 1657.2 -0.11788 3.1561 0.072025 1.4656 295.59
576.15 32744 2.5141 -0.095258 1641.3 -0.13674 3.1941 0.072255 1.4477 295.82
581.75 31384 2.5127 -0.095372 1621.4 -0.16083 3.2547 0.071089 1.3772 295.33
588.65 29523 2.511 -0.095639 1578.5 -0.1751 3.3457 0.070114 1.2296 296.49
596.76 27363 2.5091 -0.096163 1568.1 -0.15474 3.4889 0.095892 0.993 287.73
605.93 25818 2.5071 -0.09715 1611.4 -0.05269 3.7055 0.094687 0.99334 260.76
616 25568 2.5051 -0.09881 1665.1 0.0059452 3.9868 0.079242 1.3005 225.21
626.81 26207 2.5035 -0.10121 1751.3 0.086749 4.2625 0.085973 0.81628 179.55
638.16 29869 2.5025 -0.10414 1810 0.2721 4.4494 0.10679 0.56103 134.18
649.86 36435 2.5018 -0.10719 1777.8 0.33462 4.5308 0.072031 0.5877 117.85
661.72 43035 2.5013 -0.1102 1705.3 0.31255 4.5543 0.071705 0.5856 120.5
673.52 48732 2.5008 -0.11314 1670.1 0.26366 4.5656 0.070473 0.56515 119.03
685.07 53212 2.5004 -0.116 1634.5 0.211 4.5693 0.070402 0.53629 120.08
696.17 56484 2.5 -0.11873 1616.7 0.15136 4.5727 0.0767 0.51474 119.25
706.64 58556 2.4997 -0.1213 1599.3 0.097282 4.5739 0.074811 0.48686 119.94
716.28 59645 2.4993 -0.12367 1594.6 0.042083 4.5758 0.079405 0.47701 119.35
724.93 59891 2.499 -0.12579 1589.6 -0.0041024 4.5765 0.076703 0.45533 119.86
732.46 59597 2.4988 -0.12763 1592.9 -0.047656 4.5779 0.078798 0.45261 119.42
738.72 58942 2.4986 -0.12917 1594.1 -0.080695 4.5786 0.076115 0.44518 119.8
743.62 58216 2.4984 -0.13037 1599.6 -0.10883 4.5797 0.077222 0.45618 119.48
747.06 57557 2.4983 -0.13121 1601.7 -0.12638 4.5801 0.075468 0.46172 119.74
748.99 57158 2.4982 -0.13169 1604.8 -0.1376 4.5806 0.076237 0.46849 119.55
749.45 57054 2.4982 -0.1318 1605 -0.13971 4.5807 0.075865 0.46743 119.62
750.6 56790 2.4982 -0.13208 1606.3 -0.14592 4.5809 0.076112 0.46464 119.64
753.3 56130 2.4981 -0.13274 1610 -0.16005 4.5815 0.074921 0.45081 119.59
757.47 54983 2.498 -0.13377 1615.5 -0.18219 4.5825 0.074453 0.42859 119.69
763.06 53216 2.4978 -0.13514 1625.6 -0.21015 4.5841 0.071786 0.41785 119.51
769.97 50674 2.4976 -0.13683 1636.9 -0.24465 4.5864 0.070615 0.41326 119.8
778.08 47208 2.4973 -0.13883 1655.5 -0.27994 4.5903 0.068683 0.41642 119.36
787.25 42719 2.497 -0.14108 1670.1 -0.3162 4.5973 0.070491 0.4016 120.05
797.32 37277 2.4968 -0.14357 1689.4 -0.33347 4.6123 0.070633 0.38689 118.86
808.13 31419 2.4965 -0.14624 1663.1 -0.31188 4.6454 0.072374 0.3296 121.41
819.48 26855 2.4964 -0.14909 1676.2 -0.14897 4.7123 0.091215 0.26465 103.6
831.18 26446 2.4966 -0.15224 1784.5 0.098242 4.8009 0.064432 0.29698 54.437
843.04 30315 2.497 -0.15555 1867 0.23531 4.8629 0.049174 0.28851 13.148
854.84 35826 2.4975 -0.15885 1861 0.25363 4.8842 0.015218 0.29384 0.00037346
866.39 40762 2.4981 -0.16201 1806.4 0.21289 4.8898 0.015223 0.27869 2.2177
877.49 44564 2.4987 -0.16501 1784.1 0.17172 4.893 0.017367 0.2369 0.93922
887.96 47303 2.4992 -0.16782 1759.1 0.12263 4.8945 0.02215 0.20721 1.6862
897.6 49011 2.4997 -0.1704 1749.9 0.081927 4.8961 0.064209 0.17731 0.46436
906.25 49971 2.5001 -0.1727 1737.1 0.043449 4.8977 0.084982 0.15836 0.83528
913.78 50328 2.5005 -0.1747 1734.2 0.013572 4.8992 0.10948 0.14222 0.066013
920.04 50345 2.5008 -0.17636 1727.7 -0.012631 4.9005 0.12232 0.12887 0.46165
924.94 50151 2.501 -0.17765 1727.6 -0.030711 4.9016 0.1256 0.11807 0.015778
928.38 49935 2.5012 -0.17856 1724.7 -0.044817 4.9023 0.12635 0.12288 0.31164
930.31 49768 2.5013 -0.17907 1725.6 -0.05166 4.9027 0.12654 0.129 0.019025
930.77 49729 2.5013 -0.17919 1725 -0.053656 4.9028 0.12655 0.1288 0.09715
932.82 49526 2.5015 -0.17973 1724.7 -0.061447 4.9033 0.12671 0.11663 0.043734
937.57 48951 2.5017 -0.18098 1724.2 -0.078923 4.9043 0.12677 0.099397 0.017169
944.87 47798 2.5021 -0.18289 1724.1 -0.10427 4.906 0.12741 0.096253 0.016979
954.49 45822 2.5026 -0.18541 1724.5 -0.13348 4.9084 0.12879 0.084274 0.013467
966.15 42877 2.5032 -0.18845 1722.4 -0.15817 4.912 0.12937 0.075291 0.011863
979.48 39172 2.5039 -0.1919 1708.9 -0.1613 4.9177 0.12893 0.06753 0.0090599
994.09 35638 2.5047 -0.19563 1666.4 -0.11592 4.9267 0.12624 0.064563 0.004352
1009.5 33916 2.5056 -0.19945 1585.7 -0.014704 4.94 0.1214 0.070015 0.00057761
1025.3 34840 2.5065 -0.20314 1492.5 0.084908 4.9554 0.11661 0.081538 4.0799e-06
1041 37365 2.5074 -0.20656 1416.6 0.12744 4.968 0.11452 0.085484 0
1056.1 40007 2.5082 -0.20969 1361.9 0.11927 4.9761 0.11542 0.079389 1.0079e-05
1070.1 41949 2.509 -0.21251 1324.3 0.083951 4.9812 0.11759 0.069449 7.0239e-06
1082.6 42982 2.5097 -0.21497 1299.5 0.040278 4.9846 0.11996 0.061022 3.4922e-06
1093.3 43254 2.5103 -0.21704 1284.1 -0.0013351 4.9871 0.12219 0.054265 1.1046e-05
1101.8 43058 2.5108 -0.21867 1274.8 -0.034636 4.989 0.12388 0.049867 1.6627e-06
1107.9 42703 2.5111 -0.21983 1269.5 -0.057706 4.9903 0.12504 0.043552 1.1012e-05
1111.3 42425 2.5113 -0.22048 1266.9 -0.07011 4.9911 0.12527 0.054963 3.3978e-06
1112.1 42352 2.5114 -0.22063 1266.3 -0.073005 4.9913 0.12535 0.05558 6.553e-06
1115 42061 2.5115 -0.22118 1264.2 -0.083167 4.992 0.12595 0.043683 6.552e-06
1121.8 41257 2.5119 -0.22246 1259.6 -0.10443 4.9936 0.12683 0.039444 6.546e-06
1132.2 39734 2.5125 -0.22439 1252 -0.12902 4.9962 0.12746 0.035471 6.5316e-06
1145.6 37458 2.5132 -0.22687 1236.8 -0.13995 5 0.12716 0.030765 6.5052e-06
1161.5 34942 2.5141 -0.22975 1201.9 -0.11138 5.0054 0.12531 0.026668 6.4655e-06
1179.2 33404 2.5151 -0.23284 1133.9 -0.031124 5.012 0.12174 0.024035 6.4126e-06
1197.9 33650 2.5161 -0.23587 1041.1 0.049341 5.0185 0.11716 0.022617 6.3497e-06
1216.8 34859 2.517 -0.23867 949.8 0.06668 5.0236 0.11148 0.020322 6.2815e-06
1235.2 35633 2.5178 -0.24115 879.11 0.015595 5.027 0.094113 0.01723 6.2143e-06
1252.1 35290 2.5185 -0.24329 831.13 -0.066322 5.0295 0.09038 0.013793 6.1541e-06
1266.8 34067 2.5191 -0.24506 795.33 -0.13698 5.0317 0.092213 0.011277 6.106e-06
1278.7 32578 2.5196 -0.24642 763.88 -0.18169 5.0336 0.098928 0.0091139 6.0731e-06
1287.3 31353 2.5199 -0.24736 733.52 -0.19724 5.0349 0.11415 0.0056462 6.055e-06
1292.2 30654 2.5201 -0.24787 711.62 -0.1987 5.0358 0.12049 0.01501 6.0488e-06
1293.4 30491 2.5201 -0.24799 706 -0.19843 5.0362 0.12136 0.023803 6.0481e-06
1295.5 30209 2.5202 -0.2482 695.7 -0.19755 5.0369 0.12267 0.012923 6.0468e-06
1300.2 29578 2.5204 -0.24867 669.73 -0.19319 5.0376 0.12992 0.0019031 6.0403e-06
1307.5 28696 2.5206 -0.24936 624.66 -0.18138 5.0386 0.13779 0.0056668 6.0248e-06
1317.1 27710 2.5209 -0.25019 561.15 -0.1663 5.0401 0.13998 0.0027898 5.997e-06
1328.8 26735 2.5212 -0.25108 487.48 -0.1563 5.0414 0.14425 0.0022076 5.9551e-06
1342.1 25808 2.5215 -0.25196 414.1 -0.15389 5.0427 0.15788 0.00043595 5.8986e-06
1356.7 24984 2.5218 -0.25277 347.24 -0.14274 5.0437 0.17429 -0.00032853 5.8289e-06
1372.2 24297 2.5221 -0.2535 297.44 -0.14142 5.0443 0.17448 -0.0017022 5.7488e-06
1388 23612 2.5223 -0.25414 267.55 -0.17275 5.0444 0.17449 -0.0018078 5.6628e-06
1403.6 22837 2.5225 -0.25473 249.53 -0.21325 5.0445 0.1745 -0.0025609 5.5758e-06
1418.7 22009 2.5227 -0.25526 238.42 -0.2369 5.0442 0.17449 -0.0022549 5.4934e-06
1432.7 21243 2.5229 -0.25573 228.11 -0.23232 5.044 0.17449 -0.0031265 5.4202e-06
1445.3 20616 2.523 -0.25613 217.85 -0.21896 5.0432 0.17447 -0.0025659 5.3603e-06
1456 20133 2.5231 -0.25646 208.29 -0.20971 5.0431 0.17444 -0.0031063 5.3158e-06
1464.4 19772 2.5232 -0.25671 201.17 -0.21025 5.0409 0.17441 -0.011079 5.287e-06
1470.5 19519 2.5233 -0.25689 196.41 -0.21358 5.039 0.17434 0.0014106 5.2719e-06
1473.9 19376 2.5233 -0.25699 194.03 -0.21772 5.042 0.17279 0.036368 5.2668e-06
1474.7 19342 2.5233 -0.25701 193.47 -0.21885 5.0438 0.17274 0.03993 5.2663e-06
1476.6 19265 2.5233 -0.25706 192.28 -0.2215 5.047 0.17319 0.025598 5.2647e-06
1480.8 19084 2.5234 -0.25718 189.66 -0.22664 5.0485 0.17438 -0.0087868 5.2563e-06
1487.4 18802 2.5234 -0.25735 185.99 -0.23308 5.0453 0.17435 -0.0082013 5.2367e-06
1496.1 18427 2.5235 -0.25758 181.57 -0.23919 5.0443 0.1744 -0.0021176 5.2018e-06
1506.7 17976 2.5236 -0.25786 176.35 -0.24133 5.0439 0.17438 -0.0023973 5.1495e-06
1518.9 17472 2.5237 -0.25816 170.14 -0.24019 5.0434 0.17439 -0.0024878 5.0788e-06
1532.4 16939 2.5238 -0.25848 163.17 -0.24059 5.0427 0.17434 -0.0018342 4.9913e-06
1546.7 16387 2.524 -0.25881 156.28 -0.24603 5.0426 0.17433 -0.0017571 4.89e-06
1561.6 15826 2.5241 -0.25914 149.99 -0.25246 5.0423 0.17419 -0.0015059 4.7797e-06
1576.5 15272 2.5242 -0.25945 144.09 -0.25589 5.0424 0.17424 -0.0014809 4.666e-06
1591.2 14745 2.5243 -0.25975 138.51 -0.25908 5.0423 0.17263 -0.0012733 4.5552e-06
1605.2 14250 2.5244 -0.26002 134.15 -0.26897 5.0424 0.16703 -0.0014648 4.4532e-06
1618 13788 2.5245 -0.26027 131.33 -0.2783 5.0421 0.16064 -0.0016714 4.3652e-06
1629.5 13376 2.5245 -0.26048 129.22 -0.28144 5.0423 0.1549 -0.00052439 4.2947e-06
1639.1 13032 2.5246 -0.26066 127.32 -0.28057 5.0417 0.15095 -0.005896 4.2433e-06
1646.8 12764 2.5247 -0.26079 125.64 -0.27941 5.0356 0.14773 -0.01502 4.2105e-06
1652.2 12576 2.5247 -0.26089 124.44 -0.2796 5.0338 0.14581 0.012989 4.1936e-06
1655.3 12471 2.5247 -0.26095 123.75 -0.2795 5.0415 0.14512 0.047072 4.188e-06
1656 12446 2.5247 -0.26096 123.59 -0.27952 5.0444 0.14513 0.049609 4.1874e-06
1658.1 12376 2.5247 -0.26099 123.1 -0.27886 5.0513 0.14548 0.030383 4.1848e-06
1662.8 12217 2.5248 -0.26108 121.71 -0.27376 5.0538 0.14724 -0.012661 4.1709e-06
1670.1 11985 2.5248 -0.2612 118.8 -0.26205 5.0455 0.14943 -0.0099562 4.1388e-06
1679.8 11698 2.5249 -0.26136 114.43 -0.25729 5.0437 0.15056 -0.00074648 4.0822e-06
1691.4 11358 2.5249 -0.26155 110.39 -0.26986 5.0435 0.15151 -0.0015124 3.9987e-06
1704.8 10964 2.525 -0.26176 107.26 -0.27864 5.0433 0.15211 -0.0016218 3.8881e-06
1719.4 10537 2.5251 -0.26198 104.37 -0.28224 5.0426 0.15141 -0.0011502 3.7542e-06
1734.8 10091 2.5252 -0.2622 101.93 -0.28529 5.0429 0.15007 -0.0011528 3.6029e-06
1750.6 9644 2.5252 -0.26243 99.376 -0.28411 5.0426 0.1488 -0.0010753 3.4431e-06
1766.3 9212.2 2.5253 -0.26265 96.918 -0.28513 5.0429 0.14788 -0.001039 3.2841e-06
1781.3 8806.2 2.5254 -0.26285 94.615 -0.28467 5.0427 0.14733 -0.00099564 3.1359e-06
1795.4 8437.2 2.5255 -0.26304 92.577 -0.28601 5.0427 0.1466 -0.001472 3.0065e-06
1807.9 8111 2.5255 -0.2632 91.096 -0.28858 5.0429 0.14493 0.00049266 2.9023e-06
1818.6 7833.8 2.5256 -0.26334 90.248 -0.29256 5.0436 0.14255 -0.0047193 2.826e-06
1827.1 7612.4 2.5256 -0.26345 89.82 -0.29442 5.0336 0.14033 -0.016735 2.7774e-06
1833.1 7454.8 2.5256 -0.26353 89.555 -0.29529 5.0287 0.13873 0.0089441 2.7523e-06
1836.6 7365.6 2.5256 -0.26357 89.404 -0.29502 5.0397 0.1382 0.051038 2.7441e-06
1837.4 7344.6 2.5256 -0.26358 89.357 -0.29492 5.0449 0.1382 0.053064 2.7432e-06
1839.7 7285.2 2.5257 -0.26361 89.191 -0.29346 5.0562 0.13861 0.031097 2.7394e-06
1845 7150.3 2.5257 -0.26368 88.423 -0.28473 5.0582 0.1402 -0.017018 2.7191e-06
1853.1 6954.7 2.5257 -0.26378 86.419 -0.27407 5.044 0.14138 -0.0082175 2.673e-06
1863.8 6705.9 2.5258 -0.26391 84.254 -0.28144 5.0437 0.14206 0.00037922 2.593e-06
1876.7 6402 2.5258 -0.26406 82.95 -0.28879 5.0435 0.14241 -0.0012789 2.4772e-06
1891.3 6059.9 2.5259 -0.26423 81.596 -0.28801 5.0435 0.1414 -0.0013508 2.3272e-06
1907.2 5694.6 2.5259 -0.26442 80.251 -0.2888 5.0427 0.14027 -0.00070652 2.1507e-06
1923.8 5319.8 2.526 -0.2646 78.815 -0.28759 5.0434 0.13934 -0.0011837 1.9578e-06
1940.5 4949.2 2.5261 -0.26479 77.416 -0.28803 5.0426 0.13853 -0.0007119 1.7622e-06
1956.8 4594.4 2.5261 -0.26497 76.085 -0.28709 5.0434 0.1379 -0.00099269 1.577e-06
1972.1 4267.6 2.5262 -0.26513 74.808 -0.28684 5.0427 0.13759 -0.0011374 1.4147e-06
1985.9 3977.7 2.5263 -0.26528 73.688 -0.28663 5.043 0.13714 4.9751e-05 1.2836e-06
1997.7 3730.9 2.5263 -0.2654 73.088 -0.29118 5.0454 0.13542 -0.00092382 1.1883e-06
2007.2 3530.6 2.5263 -0.2655 73.18 -0.29616 5.0349 0.13277 -0.019306 1.1279e-06
2013.9 3385.6 2.5264 -0.26557 73.403 -0.29775 5.0217 0.13089 0.0013081 1.0973e-06
2017.8 3303 2.5264 -0.26561 73.489 -0.29649 5.035 0.13028 0.052347 1.0873e-06
2018.7 3283.6 2.5264 -0.26562 73.486 -0.29602 5.0422 0.13026 0.057588 1.0862e-06
2020.3 3248.1 2.5264 -0.26564 73.453 -0.29425 5.0541 0.13051 0.044359 1.0843e-06
2024.2 3166.9 2.5264 -0.26568 73.149 -0.28706 5.0654 0.13125 -0.00029185 1.0747e-06
2030.2 3046.9 2.5264 -0.26574 72.082 -0.27519 5.0544 0.13257 -0.01886 1.0529e-06
2038.1 2894.7 2.5264 -0.26582 70.508 -0.27573 5.0424 0.13341 -0.0045427 1.0152e-06
2047.7 2707.2 2.5265 -0.26591 69.561 -0.28457 5.043 0.13452 0.0011909 9.601e-07
2058.9 2490.7 2.5265 -0.26602 68.624 -0.28347 5.0446 0.13525 -0.0010353 8.8766e-07
2071.3 2254.2 2.5266 -0.26614 67.561 -0.28245 5.0436 0.13609 -0.0012939 8.0013e-07
2084.7 2008.7 2.5266 -0.26627 65.795 -0.27701 5.0433 0.1389 -0.00081262 7.0088e-07
2098.6 1757.8 2.5267 -0.2664 64.404 -0.28505 5.0433 0.14037 -0.00081892 5.9478e-07
2112.9 1499.9 2.5267 -0.26653 63.835 -0.28638 5.0432 0.14001 -0.00086876 4.8685e-07
2127 1247.9 2.5267 -0.26666 62.946 -0.28435 5.0434 0.14006 -0.00054727 3.8249e-07
2140.7 1007.3 2.5268 -0.26678 62.15 -0.28583 5.0434 0.14026 -0.0013455 2.8621e-07
2153.6 781.39 2.5268 -0.26689 61.549 -0.28517 5.0421 0.14026 -0.0007939 2.0195e-07
2165.4 579.99 2.5269 -0.267 60.555 -0.28336 5.0449 0.14114 0.002101 1.3215e-07
2175.9 395.93 2.5269 -0.26709 61.265 -0.30586 5.0491 0.13462 -0.00059737 7.8249e-08
2184.7 236.37 2.5269 -0.26716 61.376 -0.27729 5.0397 0.14068 -0.015315 4.0068e-08
2191.6 131.64 2.5269 -0.26722 57.984 -0.23952 5.0244 0.15379 0.00054306 1.6353e-08
2196.6 62.769 2.527 -0.26726 56.101 -0.26441 5.0563 0.15764 0.088461 4.3113e-09
2199.4 20.62 2.527 -0.26729 55.824 -0.28376 5.1135 0.15705 0.15145 4.2075e-10
2200 10.325 2.527 -0.26729 55.861 -0.29062 5.1306 0.15694 0.15789 0
