time (s) altitude (m) longitude (rad) latitude (rad) velocity (m/s) trajectory angle (rad) heading angle (rad) angle of attack (rad) bank angle (rad) fuel mass (kg) 
0 25321 2.5307 -0.264 1520 0.0080561 1.0335 0.025981 0.42981 1562
1.9458 25347 2.531 -0.2636 1524.4 0.009491 1.0397 0.025758 0.42878 1557.9
6.2936 25420 2.5315 -0.2627 1534.6 0.012421 1.0533 0.024584 0.42129 1548.5
12.504 25555 2.5323 -0.26139 1549.7 0.015672 1.0715 0.023034 0.40422 1534.8
19.827 25751 2.5331 -0.25982 1568.5 0.018597 1.0912 0.022278 0.38376 1518.4
27.38 25989 2.534 -0.25816 1588.8 0.021343 1.1103 0.02251 0.37039 1501.1
34.252 26238 2.5348 -0.25661 1608.1 0.023939 1.127 0.02325 0.36763 1484.9
39.614 26454 2.5354 -0.25539 1623.6 0.026002 1.14 0.023883 0.36953 1472.1
42.82 26593 2.5357 -0.25464 1633.1 0.027171 1.1477 0.024123 0.37062 1464.4
43.595 26628 2.5358 -0.25446 1635.4 0.027435 1.1495 0.024114 0.37056 1462.5
44.904 26687 2.5359 -0.25416 1639.3 0.027846 1.1527 0.024011 0.36998 1459.3
47.88 26825 2.5363 -0.25346 1648.2 0.02855 1.1595 0.023449 0.36633 1452.1
52.271 27034 2.5367 -0.25242 1661.4 0.02891 1.1692 0.022557 0.3583 1441.5
57.722 27296 2.5373 -0.2511 1678.1 0.028426 1.1805 0.021996 0.34782 1428.3
63.791 27581 2.5379 -0.24962 1697 0.027252 1.1922 0.022317 0.33934 1413.5
69.985 27862 2.5385 -0.24808 1716.7 0.026002 1.2039 0.023445 0.33659 1398.3
75.804 28119 2.5391 -0.24661 1735.7 0.025137 1.2148 0.024901 0.33979 1383.8
80.776 28335 2.5396 -0.24534 1752.2 0.024711 1.2242 0.026164 0.34554 1371.2
84.498 28496 2.5399 -0.24438 1764.8 0.024521 1.2314 0.026879 0.34967 1361.7
86.67 28590 2.5401 -0.24381 1772.1 0.024412 1.2356 0.02709 0.35102 1356.1
87.189 28612 2.5402 -0.24368 1773.9 0.02438 1.2366 0.027096 0.35106 1354.7
88.291 28660 2.5403 -0.24339 1777.6 0.024298 1.2387 0.027049 0.35076 1351.9
90.81 28768 2.5405 -0.24273 1786 0.024012 1.2435 0.026767 0.34863 1345.5
94.565 28928 2.5409 -0.24173 1798.3 0.023293 1.2503 0.026273 0.34329 1336.1
99.3 29122 2.5413 -0.24046 1813.7 0.021982 1.2586 0.025988 0.33551 1324.4
104.69 29329 2.5418 -0.239 1831 0.020252 1.2676 0.02633 0.32785 1311.2
110.38 29532 2.5423 -0.23744 1849.2 0.018557 1.2768 0.027356 0.32345 1297.4
115.96 29717 2.5428 -0.23588 1867.1 0.017295 1.2859 0.028722 0.32384 1284
121.07 29879 2.5432 -0.23444 1883.5 0.016545 1.2942 0.029923 0.32791 1271.7
125.35 30011 2.5435 -0.23323 1897.3 0.016129 1.3014 0.030642 0.33271 1261.4
128.52 30108 2.5438 -0.23232 1907.5 0.015862 1.3067 0.030895 0.33561 1253.9
130.35 30163 2.5439 -0.23179 1913.4 0.015694 1.3098 0.030922 0.33643 1249.5
130.78 30176 2.544 -0.23167 1914.8 0.015651 1.3105 0.030913 0.33643 1248.5
132.09 30215 2.5441 -0.23129 1919 0.015511 1.3127 0.030802 0.33586 1245.4
135.07 30303 2.5443 -0.23042 1928.5 0.015081 1.3176 0.030241 0.3321 1238.3
139.46 30427 2.5446 -0.22914 1942.5 0.014128 1.3245 0.029392 0.32361 1228
144.91 30569 2.545 -0.22752 1959.7 0.01259 1.3325 0.028881 0.31208 1215.3
150.98 30709 2.5455 -0.22571 1979 0.010831 1.3411 0.029131 0.30186 1201.3
157.17 30833 2.5459 -0.22383 1998.8 0.0093576 1.3496 0.029814 0.29697 1186.9
162.99 30936 2.5463 -0.22205 2017.5 0.008342 1.3576 0.030333 0.298 1173.4
167.97 31016 2.5467 -0.22051 2033.7 0.0076454 1.3644 0.030398 0.30186 1161.8
171.69 31073 2.5469 -0.21935 2045.8 0.0071288 1.3696 0.030179 0.30451 1153
173.86 31104 2.5471 -0.21867 2052.9 0.0068107 1.3726 0.030014 0.30517 1147.9
174.38 31111 2.5471 -0.2185 2054.6 0.0067331 1.3733 0.02998 0.30509 1146.7
177.56 31153 2.5473 -0.2175 2065 0.0061967 1.3776 0.029159 0.30063 1139.2
184.44 31230 2.5477 -0.21531 2087.5 0.0044882 1.3863 0.02737 0.28161 1123.1
193.62 31295 2.5483 -0.21234 2117.8 0.0025294 1.397 0.028261 0.26513 1101.4
203.28 31345 2.5488 -0.20917 2149.3 0.0026931 1.4086 0.030294 0.27766 1077.8
211.52 31405 2.5493 -0.20642 2175.1 0.0041745 1.4197 0.031291 0.31297 1057.2
216.7 31459 2.5495 -0.20467 2190.7 0.005283 1.4274 0.031176 0.33489 1044.2
217.97 31474 2.5496 -0.20424 2194.4 0.0055191 1.4294 0.031074 0.33787 1040.9
218.91 31486 2.5496 -0.20392 2197.2 0.0056942 1.4308 0.031003 0.33841 1038.5
221.07 31513 2.5497 -0.20319 2203.4 0.0060599 1.4341 0.03059 0.34056 1033.1
224.31 31558 2.5499 -0.20208 2212.6 0.0064482 1.439 0.029764 0.34405 1024.9
228.45 31619 2.5501 -0.20066 2224 0.0066353 1.4452 0.028822 0.34894 1014.5
233.25 31689 2.5503 -0.199 2236.9 0.00653 1.4524 0.028254 0.35529 1002.5
238.42 31764 2.5505 -0.1972 2250.4 0.0062685 1.4602 0.028324 0.3639 989.52
243.67 31837 2.5507 -0.19536 2263.7 0.0060844 1.4683 0.028978 0.37502 976.37
248.69 31906 2.5509 -0.19359 2275.9 0.0061339 1.4763 0.029941 0.38817 963.74
253.19 31970 2.551 -0.19199 2286.5 0.0063937 1.4839 0.030809 0.40122 952.39
256.91 32026 2.5511 -0.19066 2295 0.0067088 1.4903 0.031297 0.41171 942.99
259.63 32069 2.5512 -0.18969 2301.1 0.0069455 1.4951 0.031448 0.41775 936.11
261.2 32094 2.5513 -0.18913 2304.5 0.0070708 1.4979 0.031457 0.41978 932.17
261.57 32100 2.5513 -0.189 2305.3 0.0070988 1.4985 0.03145 0.41995 931.23
262.28 32112 2.5513 -0.18874 2306.9 0.00715 1.4998 0.031415 0.42016 929.45
263.91 32139 2.5513 -0.18815 2310.4 0.0072478 1.5027 0.031211 0.42095 925.34
266.39 32181 2.5514 -0.18726 2315.7 0.0073212 1.5071 0.030801 0.42197 919.12
269.62 32235 2.5515 -0.18609 2322.5 0.0072746 1.5127 0.0303 0.42287 911.09
273.44 32299 2.5515 -0.18471 2330.4 0.0070461 1.5192 0.029879 0.42336 901.63
277.7 32367 2.5516 -0.18316 2339.1 0.0066335 1.5264 0.029586 0.42388 891.16
282.2 32434 2.5517 -0.18151 2348 0.0060654 1.5339 0.029373 0.42519 880.14
286.75 32496 2.5517 -0.17984 2356.8 0.0053751 1.5415 0.029174 0.42824 869.06
291.16 32548 2.5518 -0.17822 2365 0.0045965 1.5488 0.028967 0.43318 858.37
295.22 32588 2.5518 -0.17671 2372.4 0.0037822 1.5556 0.028772 0.43932 848.54
298.76 32617 2.5518 -0.1754 2378.7 0.0030032 1.5615 0.028611 0.44519 839.98
301.63 32635 2.5518 -0.17433 2383.7 0.0023348 1.5664 0.028482 0.44952 833.05
303.7 32645 2.5518 -0.17356 2387.2 0.0018371 1.5699 0.028379 0.45173 828.05
304.88 32650 2.5518 -0.17312 2389.2 0.0015499 1.5719 0.028328 0.45239 825.19
305.16 32651 2.5518 -0.17302 2389.6 0.0014818 1.5724 0.028317 0.45243 824.52
307.62 32658 2.5518 -0.1721 2393.7 0.00086306 1.5765 0.027856 0.45282 818.58
313.02 32659 2.5518 -0.17008 2402.4 -0.00070476 1.5855 0.026993 0.45274 805.51
320.54 32628 2.5518 -0.16725 2414 -0.0025101 1.5981 0.028178 0.4506 787.14
329.02 32569 2.5516 -0.16405 2426.8 -0.0029281 1.613 0.030189 0.45456 765.87
337.17 32519 2.5515 -0.16095 2439.1 -0.0019714 1.6283 0.031181 0.47174 744.88
343.76 32496 2.5513 -0.15844 2449 -0.0010053 1.6414 0.030302 0.49432 727.67
347.78 32487 2.5512 -0.15691 2455 -0.0007708 1.6494 0.028971 0.50619 717.14
348.76 32486 2.5512 -0.15653 2456.4 -0.00076543 1.6514 0.028715 0.50765 714.58
349.7 32484 2.5512 -0.15618 2457.8 -0.00076871 1.6533 0.028543 0.50821 712.11
351.86 32480 2.5511 -0.15535 2461 -0.00083979 1.6576 0.027653 0.51059 706.47
355.1 32472 2.551 -0.15411 2465.9 -0.0011977 1.6639 0.026101 0.51426 697.99
359.24 32455 2.5508 -0.15252 2472.1 -0.0020292 1.6719 0.024681 0.51755 687.2
364.03 32424 2.5506 -0.15067 2479.5 -0.0031989 1.6809 0.023964 0.51784 674.65
369.21 32375 2.5504 -0.14868 2487.6 -0.0044027 1.6907 0.023534 0.51332 660.98
374.46 32311 2.5501 -0.14666 2495.8 -0.00531 1.7005 0.023921 0.50293 646.9
379.48 32244 2.5499 -0.14471 2503.8 -0.0052348 1.7102 0.026402 0.48715 633.12
383.98 32192 2.5496 -0.14297 2510.7 -0.0036069 1.7192 0.030423 0.4682 620.37
387.69 32170 2.5494 -0.14153 2516.2 -0.0008069 1.727 0.034233 0.45085 609.51
390.42 32174 2.5492 -0.14047 2520.2 0.0020903 1.733 0.036932 0.43903 601.41
391.98 32186 2.5491 -0.13986 2522.4 0.0040375 1.7364 0.038108 0.43434 596.7
392.35 32191 2.5491 -0.13972 2522.9 0.0045206 1.7372 0.038271 0.43373 595.58
394.3 32219 2.549 -0.13896 2525.6 0.0071679 1.7416 0.039869 0.42498 589.7
398.65 32336 2.5486 -0.13727 2531 0.014503 1.7512 0.045912 0.38436 576.45
404.86 32670 2.5482 -0.13486 2537.3 0.028549 1.7643 0.054984 0.31555 557.49
412.18 33385 2.5476 -0.13201 2541.2 0.04879 1.7771 0.066356 0.23094 535.96
419.73 34529 2.547 -0.12909 2540.8 0.070198 1.7864 0.077333 0.15382 515.97
426.6 35901 2.5464 -0.12644 2536.9 0.086428 1.7915 0.086115 0.090778 500.61
431.97 37138 2.5459 -0.12438 2532.2 0.095186 1.7934 0.088922 0.039324 490.7
435.17 37922 2.5456 -0.12315 2529.2 0.098191 1.7938 0.088279 0.0081258 485.66
435.95 38115 2.5456 -0.12285 2528.5 0.098674 1.7938 0.088113 0 484.54
435.95 38115 2.5456 -0.12285 2528.5 0.098674 1.7938 0.088113 0 484.54
437.37 38475 2.5454 -0.12231 2521.6 0.10203 1.7941 0.086996 0.07607 483.43
440.69 39348 2.5451 -0.12105 2507.1 0.10716 1.7975 0.083023 0.31873 480.97
445.8 40729 2.5447 -0.11912 2487.5 0.10827 1.8078 0.080037 0.6666 478.06
452.59 42482 2.5441 -0.11659 2465.2 0.098904 1.8255 0.081891 1.078 475.55
460.88 44284 2.5432 -0.11354 2442.7 0.07734 1.847 0.087316 1.2852 473.5
470.47 45757 2.5422 -0.11006 2422.1 0.048767 1.8682 0.092523 1.2716 471.74
481.13 46597 2.541 -0.10625 2404.5 0.016561 1.8889 0.097509 1.225 470.1
492.6 46583 2.5396 -0.10219 2389.4 -0.017393 1.9102 0.10232 1.1667 468.53
504.58 45603 2.538 -0.098021 2375.5 -0.05085 1.9346 0.10797 1.1168 466.9
516.78 43694 2.5364 -0.093844 2359.1 -0.080213 1.9659 0.11473 1.0637 465.19
528.92 41101 2.5346 -0.089799 2333.6 -0.10016 2.0105 0.1215 1.024 463.34
540.67 38281 2.5327 -0.086037 2290.4 -0.10463 2.0761 0.12448 1.008 461.41
551.77 35779 2.5306 -0.082715 2225.9 -0.092841 2.1678 0.12105 1.0422 459.41
561.93 33914 2.5285 -0.079966 2147.7 -0.075097 2.2807 0.11252 1.1268 457.4
570.9 32607 2.5265 -0.077848 2069.9 -0.064645 2.4006 0.10238 1.2304 455.35
578.46 31625 2.5246 -0.076328 2002.2 -0.064315 2.5123 0.093374 1.3013 453.35
584.43 30847 2.5231 -0.075316 1948.7 -0.067829 2.6052 0.087377 1.3121 451.42
588.66 30287 2.5219 -0.074703 1910.7 -0.069204 2.6732 0.084321 1.2756 449.64
591.04 29975 2.5213 -0.074397 1889.5 -0.068509 2.7121 0.083433 1.2472 448.05
591.61 29902 2.5212 -0.074329 1884.7 -0.068203 2.7213 0.083338 1.2458 447.5
592.6 29776 2.5209 -0.074213 1875.9 -0.067667 2.7376 0.083246 1.2524 446.52
594.91 29486 2.5203 -0.07396 1855.4 -0.066912 2.7774 0.082543 1.2847 444.78
598.49 29045 2.5193 -0.073626 1818.1 -0.06768 2.8435 0.081825 1.335 443.58
603.29 28443 2.518 -0.073291 1773 -0.071899 2.9376 0.081305 1.3534 441.2
609.23 27692 2.5164 -0.073066 1698.4 -0.073337 3.0667 0.083942 1.3121 441.05
616.19 26890 2.5146 -0.073077 1678 -0.059324 3.2305 0.092728 1.1922 428.54
624.06 26380 2.5125 -0.073471 1733.9 -0.014281 3.4338 0.095575 1.1596 397.28
632.7 26580 2.5103 -0.074423 1790.6 0.041644 3.6734 0.094216 1.1342 358.85
641.98 27982 2.5082 -0.076006 1851.6 0.12991 3.8897 0.096894 0.86797 316.79
651.72 31209 2.5063 -0.078064 1881.6 0.21644 4.0326 0.089155 0.80557 284.44
661.77 35502 2.5046 -0.080368 1860.3 0.23263 4.1096 0.071448 0.90796 271.66
671.95 39643 2.5031 -0.082735 1799.8 0.21254 4.149 0.066297 0.93422 272.01
682.08 43141 2.5016 -0.085092 1775.5 0.17469 4.1692 0.066932 0.90792 269.39
692 45834 2.5002 -0.087404 1746.7 0.13434 4.1819 0.067226 0.86403 269.42
701.53 47696 2.4989 -0.089623 1736.3 0.090081 4.19 0.068489 0.82931 267.94
710.51 48774 2.4977 -0.09172 1721.8 0.048976 4.1965 0.068989 0.8001 268.11
718.79 49187 2.4966 -0.093649 1720.2 0.0085937 4.2016 0.069794 0.78183 267.07
726.22 49073 2.4957 -0.095388 1714.4 -0.02612 4.2064 0.069852 0.76621 267.21
732.68 48612 2.4948 -0.096896 1717.5 -0.057517 4.2104 0.070074 0.75693 266.4
738.06 47965 2.4941 -0.098157 1716.1 -0.082054 4.2142 0.069786 0.74885 266.49
742.26 47305 2.4936 -0.09914 1720.1 -0.10195 4.2172 0.06972 0.7455 265.87
745.21 46751 2.4932 -0.099834 1719.8 -0.11487 4.2197 0.069695 0.74367 265.95
746.87 46415 2.493 -0.10022 1722.1 -0.12261 4.2211 0.069748 0.74402 265.62
747.26 46332 2.493 -0.10032 1721.8 -0.12421 4.2214 0.06972 0.74401 265.67
748.34 46097 2.4928 -0.10057 1722.6 -0.12894 4.2224 0.069389 0.74549 265.57
750.86 45516 2.4925 -0.10116 1723.9 -0.13994 4.2248 0.06943 0.75137 265.42
754.75 44523 2.492 -0.10208 1727.6 -0.15637 4.229 0.06736 0.76971 264.93
759.96 43026 2.4914 -0.1033 1730.3 -0.17773 4.2356 0.065927 0.79694 264.59
766.38 40924 2.4906 -0.10482 1737.2 -0.20162 4.2462 0.06163 0.83579 263.36
773.89 38147 2.4897 -0.10661 1737.4 -0.22647 4.264 0.059897 0.8603 262.65
782.36 34700 2.4888 -0.10863 1740.4 -0.24305 4.2955 0.058933 0.82647 259.87
791.62 30876 2.4878 -0.11087 1704.8 -0.23235 4.3521 0.065497 0.63519 259.78
801.51 27652 2.487 -0.11332 1717.2 -0.13582 4.4329 0.080582 0.39042 243.55
811.83 26745 2.4864 -0.11607 1811 0.037127 4.5151 0.066709 0.33024 202.78
822.4 28949 2.4859 -0.11908 1895.8 0.1715 4.5847 0.05089 0.40409 162.03
833.02 32885 2.4855 -0.12217 1897.6 0.20404 4.6282 0.019059 0.63937 145.37
843.49 36612 2.4853 -0.12515 1836.4 0.17518 4.6494 0.014647 0.82316 146.76
853.61 39501 2.4852 -0.12799 1816.7 0.13842 4.6637 0.016653 0.88412 143.9
863.21 41543 2.485 -0.13067 1789.8 0.09671 4.6732 0.017633 0.89119 144.04
872.09 42764 2.485 -0.13313 1782.3 0.058204 4.6809 0.021738 0.87292 142.18
880.1 43339 2.4849 -0.13535 1769.2 0.021548 4.6872 0.024107 0.85145 142.15
887.09 43409 2.4849 -0.13727 1768.2 -0.0091721 4.6929 0.028751 0.82463 140.74
892.91 43185 2.4848 -0.13888 1762 -0.03535 4.6977 0.031141 0.8017 140.65
897.48 42818 2.4848 -0.14013 1763.4 -0.054704 4.702 0.033633 0.7822 139.61
900.69 42472 2.4848 -0.14101 1760.5 -0.068656 4.705 0.033941 0.77283 139.56
902.5 42240 2.4848 -0.1415 1762 -0.076007 4.7069 0.03424 0.76954 139.03
902.92 42183 2.4848 -0.14162 1761.2 -0.077868 4.7073 0.034123 0.76955 139.08
904.68 41931 2.4848 -0.1421 1761.2 -0.085055 4.7091 0.032662 0.76984 138.79
908.76 41259 2.4848 -0.14322 1760.9 -0.10232 4.7136 0.030186 0.77554 138.27
915.03 39997 2.4848 -0.14493 1762.4 -0.12687 4.7205 0.021241 0.76974 137.16
923.29 37904 2.4848 -0.14718 1762.6 -0.1612 4.7306 0.01789 0.72494 136.39
933.29 34802 2.4849 -0.14989 1766 -0.18961 4.7459 0.016028 0.57967 134.03
944.74 30743 2.485 -0.15296 1741.3 -0.21245 4.7677 0.021132 0.32347 134.93
957.28 26939 2.4853 -0.15632 1779.1 -0.099364 4.7965 0.067403 0.10826 111.11
970.53 27593 2.4857 -0.16013 1933.6 0.13938 4.831 0.055304 0.13906 48.867
984.09 32768 2.4862 -0.16415 1935.6 0.22198 4.8626 0.01821 0.39656 22.933
997.54 38069 2.4868 -0.16799 1860.9 0.19084 4.8807 0.013941 0.53409 24.304
1010.5 42080 2.4875 -0.17161 1832.5 0.14433 4.8906 0.023735 0.53772 21.546
1022.5 44709 2.4881 -0.17494 1806 0.097178 4.8978 0.036926 0.50421 21.027
1033.3 46177 2.4887 -0.1779 1793.9 0.053014 4.9038 0.057962 0.46915 19.478
1042.5 46740 2.4892 -0.18041 1783.5 0.017487 4.9092 0.069203 0.45544 19.019
1049.8 46790 2.4896 -0.18239 1780 -0.011847 4.9137 0.078253 0.46042 18.163
1054.9 46579 2.4899 -0.1838 1776.7 -0.031053 4.9173 0.081746 0.47004 17.891
1057.9 46396 2.4901 -0.1846 1776.3 -0.042654 4.9195 0.083912 0.47295 17.505
1058.6 46338 2.4901 -0.18478 1775.9 -0.045035 4.92 0.08382 0.47181 17.487
1061.9 46032 2.4903 -0.18569 1775 -0.057359 4.9226 0.086101 0.44101 17.199
1069.6 45067 2.4908 -0.18777 1773.8 -0.083747 4.9281 0.094815 0.31862 16.285
1081.2 43011 2.4915 -0.19087 1770.7 -0.11428 4.9359 0.11254 0.19469 14.878
1096 39773 2.4924 -0.19481 1760.1 -0.12994 4.9457 0.12383 0.11299 11.281
1113.1 36200 2.4935 -0.19931 1722.2 -0.097806 4.9567 0.12655 0.061868 4.2789
1131.6 34627 2.4947 -0.20399 1633.4 0.0025768 4.968 0.11676 0.048318 0.40537
1150.3 35910 2.496 -0.20847 1541.9 0.069058 4.9797 0.080096 0.092174 0.0035257
1168.3 37688 2.4971 -0.21253 1485.7 0.053712 4.9922 0.060546 0.15086 0.0010952
1184.3 38560 2.4982 -0.21606 1449 0.019267 5.0037 0.066588 0.17411 0.0029024
1197.6 38655 2.4991 -0.2189 1422.1 -0.0079276 5.0151 0.090512 0.18244 0.0052899
1207.3 38463 2.4997 -0.22094 1400.8 -0.018811 5.0263 0.10261 0.23758 0.0010686
1212.9 38295 2.5001 -0.22209 1388.9 -0.02478 5.0354 0.1069 0.30179 0.0051106
1214.2 38247 2.5002 -0.22237 1385.8 -0.025612 5.038 0.107 0.30651 0.0033499
1216.5 38166 2.5004 -0.22282 1380.9 -0.027383 5.0422 0.10768 0.29267 0.0033496
1221.6 37961 2.5007 -0.22386 1369.4 -0.0303 5.051 0.11075 0.23101 0.0033475
1229.4 37629 2.5013 -0.22543 1350.9 -0.031162 5.0617 0.11519 0.15898 0.0033426
1239.7 37225 2.5021 -0.22743 1324.9 -0.027001 5.0725 0.1185 0.116 0.0033337
1252 36865 2.503 -0.22977 1291.1 -0.017302 5.0831 0.11952 0.092395 0.0033202
1265.8 36669 2.504 -0.23232 1250.4 -0.0052352 5.0938 0.1187 0.083402 0.0033022
1280.6 36659 2.5051 -0.23494 1205.7 0.0029879 5.1047 0.1161 0.085006 0.0032808
1295.8 36719 2.5063 -0.23754 1160.6 0.0017464 5.1163 0.1123 0.095673 0.0032572
1310.9 36664 2.5074 -0.24 1117.9 -0.0097323 5.1288 0.10823 0.10964 0.0032333
1325.3 36377 2.5084 -0.24225 1079.1 -0.027423 5.142 0.10482 0.12339 0.0032109
1338.4 35870 2.5093 -0.24421 1044.3 -0.045694 5.1556 0.10207 0.13818 0.0031917
1349.7 35251 2.5102 -0.24585 1013.4 -0.060622 5.1696 0.099748 0.16242 0.0031769
1358.8 34651 2.5108 -0.24711 987.1 -0.07104 5.1844 0.097737 0.2152 0.0031669
1365.3 34177 2.5113 -0.24799 967.03 -0.077732 5.1992 0.09654 0.28414 0.0031614
1369 33894 2.5116 -0.24848 955.04 -0.08131 5.2098 0.096139 0.32228 0.0031596
1369.9 33826 2.5116 -0.2486 952.13 -0.082126 5.2125 0.096118 0.32356 0.0031594
1371.9 33671 2.5118 -0.24885 945.5 -0.083773 5.2186 0.09611 0.31164 0.0031588
1376.4 33306 2.5121 -0.24943 929.48 -0.086353 5.2316 0.096128 0.25133 0.0031556
1383.4 32750 2.5126 -0.25029 902.95 -0.087057 5.2472 0.095987 0.17202 0.0031481
1392.6 32054 2.5133 -0.25137 864.04 -0.084244 5.2623 0.09487 0.11846 0.0031346
1403.7 31293 2.5141 -0.2526 811.45 -0.08067 5.2764 0.092583 0.092409 0.0031144
1416.2 30499 2.5149 -0.25388 746.37 -0.083403 5.2902 0.090579 0.079709 0.003087
1429.8 29631 2.5158 -0.25513 673.22 -0.099148 5.3039 0.090486 0.072246 0.003053
1444.1 28610 2.5166 -0.25629 598.22 -0.12969 5.3175 0.093198 0.063316 0.0030137
1458.4 27417 2.5173 -0.25732 526.8 -0.16883 5.3303 0.099043 0.050204 0.0029711
1472.4 26127 2.518 -0.25818 463.23 -0.20617 5.3416 0.10595 0.036935 0.0029279
1485.5 24872 2.5185 -0.25888 411.29 -0.23421 5.3511 0.11005 0.028798 0.0028874
1497.4 23754 2.519 -0.25945 372.28 -0.25154 5.3603 0.11035 0.032852 0.0028526
1507.6 22832 2.5193 -0.25988 344.69 -0.26048 5.3721 0.10861 0.053775 0.002826
1515.7 22126 2.5196 -0.26021 326.09 -0.26424 5.3909 0.10672 0.11166 0.0028082
1521.5 21639 2.5197 -0.26042 314.37 -0.26566 5.4176 0.10573 0.18985 0.0027988
1524.8 21370 2.5199 -0.26054 308.2 -0.26621 5.4399 0.10551 0.23254 0.0027956
1525.6 21307 2.5199 -0.26057 306.78 -0.26629 5.4458 0.10551 0.23383 0.0027953
1527.5 21149 2.5199 -0.26063 303.26 -0.26599 5.4606 0.10567 0.2173 0.002794
1532.1 20792 2.5201 -0.26078 295.3 -0.26149 5.4886 0.1066 0.14013 0.0027874
1539.1 20283 2.5203 -0.261 283.23 -0.24512 5.512 0.10829 0.051673 0.0027719
1548.3 19705 2.5206 -0.26126 267.33 -0.21582 5.5209 0.1094 0.002409 0.0027443
1559.3 19137 2.5209 -0.26157 248.84 -0.1879 5.5173 0.10902 -0.019436 0.0027036
1571.9 18590 2.5213 -0.26189 230.65 -0.18412 5.5053 0.10792 -0.030477 0.0026494
1585.5 18001 2.5216 -0.26222 216.16 -0.20944 5.487 0.10729 -0.038172 0.0025836
1599.7 17330 2.5219 -0.26255 206.21 -0.23942 5.4622 0.10755 -0.045331 0.0025096
1614.1 16624 2.5222 -0.26288 198.02 -0.24846 5.431 0.10781 -0.049309 0.0024322
1628.1 15962 2.5225 -0.26319 189.51 -0.24576 5.3985 0.10546 -0.045693 0.0023567
1641.2 15356 2.5228 -0.26348 182.74 -0.26016 5.3725 0.098531 -0.033806 0.0022885
1653.1 14772 2.523 -0.26374 179.97 -0.29322 5.3589 0.089777 -0.014047 0.0022319
1663.2 14220 2.5231 -0.26395 179.7 -0.31808 5.3592 0.084001 0.014745 0.0021895
1671.3 13760 2.5233 -0.26413 179.12 -0.32084 5.3783 0.082242 0.078228 0.0021619
1677.1 13437 2.5234 -0.26425 177.63 -0.31198 5.4181 0.082433 0.16509 0.0021475
1680.4 13260 2.5234 -0.26431 176.25 -0.30474 5.4548 0.082729 0.2126 0.0021426
1681.2 13219 2.5234 -0.26433 175.88 -0.30294 5.4647 0.082767 0.21431 0.0021421
1683.2 13117 2.5235 -0.26436 174.84 -0.29784 5.4891 0.082882 0.19738 0.0021403
1687.7 12890 2.5236 -0.26445 171.92 -0.28231 5.5333 0.083567 0.11909 0.0021306
1694.7 12576 2.5237 -0.26457 166.06 -0.25463 5.5645 0.085047 0.033245 0.0021082
1703.9 12223 2.5239 -0.26471 156.92 -0.23107 5.57 0.087005 -0.0094118 0.0020689
1715 11839 2.5241 -0.26488 146.84 -0.2365 5.5569 0.08914 -0.029056 0.0020114
1727.5 11394 2.5243 -0.26506 139.38 -0.26689 5.5281 0.091479 -0.043292 0.0019357
1741.1 10881 2.5245 -0.26526 134.51 -0.28617 5.4833 0.092935 -0.053069 0.0018452
1755.4 10343 2.5247 -0.26547 130.41 -0.29343 5.4277 0.092269 -0.056158 0.0017442
1769.7 9800.8 2.5249 -0.26568 127.2 -0.30145 5.3687 0.090732 -0.055765 0.0016395
1783.7 9279.9 2.525 -0.2659 123.87 -0.29875 5.3113 0.090657 -0.051966 0.0015378
1796.9 8808.6 2.5252 -0.2661 120.4 -0.30147 5.2631 0.088068 -0.041369 0.001446
1808.7 8370.3 2.5253 -0.26628 119.5 -0.33083 5.2343 0.079894 -0.021282 0.0013695
1818.9 7955.6 2.5254 -0.26644 120.92 -0.36007 5.2298 0.072711 0.011945 0.0013119
1827 7604.6 2.5255 -0.26656 121.75 -0.36411 5.2595 0.070713 0.08859 0.0012741
1832.8 7355.4 2.5255 -0.26665 121.41 -0.35625 5.3256 0.071351 0.18927 0.0012542
1836.1 7217.4 2.5255 -0.2667 120.81 -0.35078 5.3859 0.071796 0.24204 0.0012474
1836.9 7185.2 2.5256 -0.26671 120.64 -0.34969 5.4021 0.071837 0.24507 0.0012467
1838.3 7126.6 2.5256 -0.26673 120.3 -0.34746 5.4314 0.071826 0.23821 0.0012454
1841.6 6992.5 2.5256 -0.26677 119.35 -0.34072 5.4935 0.071901 0.19594 0.0012377
1846.7 6793.6 2.5257 -0.26683 117.47 -0.32814 5.563 0.071873 0.12108 0.001221
1853.5 6545 2.5258 -0.2669 114.47 -0.31585 5.6143 0.072102 0.058558 0.0011891
1861.8 6256 2.5259 -0.26699 110.99 -0.31611 5.6435 0.072111 0.024592 0.0011426
1871.4 5923.3 2.526 -0.26708 108.26 -0.32902 5.6572 0.072061 0.0069381 0.0010773
1882.1 5546.7 2.5262 -0.26718 106.49 -0.34103 5.66 0.071165 -0.002991 0.00099645
1893.5 5137.5 2.5263 -0.26728 104.96 -0.34693 5.6562 0.069231 -0.0060826 0.00089965
1905.5 4709.1 2.5265 -0.26739 103.35 -0.35576 5.6525 0.065566 -0.0028037 0.00079207
1917.7 4261.8 2.5266 -0.2675 102.38 -0.37394 5.6554 0.06049 0.0058623 0.00067695
1929.8 3796.7 2.5268 -0.26761 102.1 -0.39723 5.6722 0.053436 0.022162 0.00055992
1941.6 3310 2.5269 -0.2677 103.35 -0.4377 5.7125 0.042277 0.054226 0.00044599
1952.7 2783.7 2.5271 -0.26779 108.76 -0.49896 5.7979 0.027676 0.13325 0.00033956
1962.9 2193.9 2.5272 -0.26785 119.93 -0.56857 5.9602 0.015281 0.28038 0.00024489
1971.8 1571.2 2.5274 -0.26788 129.05 -0.5988 6.2012 0.012717 0.39472 0.00015372
1979.4 1031.3 2.5275 -0.26787 129.88 -0.54349 6.471 0.019484 0.39385 8.581e-05
1985.4 678.92 2.5276 -0.26784 120.98 -0.41734 6.7097 0.031339 0.36086 3.352e-05
1989.6 503.96 2.5277 -0.26781 109.59 -0.3208 6.8849 0.0387 0.37102 9.108e-06
1992 427.76 2.5277 -0.26778 103.75 -0.29085 6.9853 0.041 0.38969 0
1992.5 411.31 2.5277 -0.26778 102.37 -0.28587 7.0094 0.040991 0.39163 0
