time (s) altitude (m) velocity (m/s) mass (kg)trajectory angle (rad) angle of attack (rad) heading angle (rad) latitude (rad)
0 150 30 29388 1.5691 0 1.7143 -0.21673 2.3889
2.6461 241.39 39.151 29007 1.5617 -0.0070481 1.7989 -0.21673 2.3889
7.3589 466.14 56.498 28328 1.517 -0.013019 1.8047 -0.21673 2.3889
11.358 722.38 72.372 27753 1.4503 -0.0096554 1.8225 -0.21673 2.3889
12.461 804.09 76.97 27594 1.4287 -0.0077516 1.8187 -0.21673 2.3889
15.108 1019.5 88.383 27213 1.3725 -0.0017843 1.8206 -0.21672 2.3889
19.82 1472 110.31 26535 1.2708 0.012687 1.823 -0.21671 2.3889
23.819 1925.7 130.67 25959 1.197 0.024705 1.8245 -0.21668 2.3889
24.923 2062.5 136.55 25800 1.18 0.026944 1.8249 -0.21667 2.3889
27.569 2411.5 151.11 25420 1.1452 0.031737 1.8257 -0.21665 2.3889
32.282 3110.6 178.53 24742 1.1037 0.034906 1.8271 -0.2166 2.3889
36.28 3788.3 203.31 24167 1.0868 0.034538 1.8282 -0.21655 2.3889
37.384 3990.3 210.41 24008 1.0848 0.034829 1.8285 -0.21653 2.3889
40.03 4502.8 227.85 23628 1.086 0.034906 1.8293 -0.21649 2.3889
44.743 5525.9 260.7 22950 1.1086 0.034906 1.8306 -0.21641 2.3888
48.742 6518.1 289.49 22375 1.1418 0.031927 1.8318 -0.21634 2.3888
49.846 6813.4 297.27 22217 1.1508 0.029731 1.8321 -0.21632 2.3888
52.492 7553.8 313.43 21837 1.1614 0.022329 1.833 -0.21627 2.3888
57.205 8959.6 338.66 21159 1.1374 0.0028013 1.8346 -0.21617 2.3888
61.203 10210 361.01 20585 1.0743 -0.013524 1.8357 -0.21608 2.3888
62.307 10562 367.92 20426 1.0518 -0.016421 1.836 -0.21605 2.3888
64.953 11413 385.78 20046 0.99345 -0.021948 1.8367 -0.21597 2.3887
69.666 12947 423.19 19368 0.88499 -0.024068 1.8377 -0.2158 2.3887
73.665 14263 461.1 18794 0.80045 -0.021189 1.8384 -0.21562 2.3886
74.769 14629 472.61 18635 0.77931 -0.020856 1.8385 -0.21557 2.3886
77.415 15512 502.14 18254 0.73138 -0.02106 1.8389 -0.21543 2.3886
82.128 17106 561.75 17576 0.65124 -0.030054 1.8396 -0.21513 2.3885
86.126 18470 620.25 17001 0.58228 -0.045969 1.8401 -0.21484 2.3884
87.23 18846 637.88 16842 0.56256 -0.050548 1.8402 -0.21476 2.3884
89.876 19743 683.24 16461 0.51658 -0.060335 1.8405 -0.21453 2.3883
94.589 21319 774.56 15783 0.44156 -0.069629 1.8409 -0.21407 2.3882
98.588 22629 861.68 15207 0.38604 -0.06812 1.8412 -0.21362 2.3881
99.692 22987 887.09 15048 0.37173 -0.066611 1.8413 -0.21348 2.388
102.34 23831 950.12 14667 0.33887 -0.060326 1.8415 -0.21314 2.3879
107.05 25286 1069.1 13987 0.28519 -0.04386 1.8418 -0.21246 2.3877
111.05 26459 1177.3 13411 0.24507 -0.031378 1.842 -0.2118 2.3875
112.15 26771 1208.6 13251 0.23497 -0.029701 1.8421 -0.21161 2.3875
114.8 27501 1286.1 12870 0.21156 -0.024425 1.8422 -0.21113 2.3874
119.51 28728 1430.5 12190 0.17705 -0.0071309 1.8424 -0.21018 2.3871
123.51 29724 1559.7 11613 0.1603 0.01717 1.8426 -0.20929 2.3868
124.61 30000 1597.1 11453 0.15851 0.024589 1.8426 -0.20903 2.3868
