time (s) altitude (m) longitude (rad) latitude (rad) velocity (m/s) trajectory angle (rad) heading angle (rad) angle of attack (rad) bank angle (rad) fuel mass (kg) 
124.61 30000 2.3868 -0.20903 1597.1 0.15851 1.8426 0.024589 1562
143.84 33915 2.3855 -0.20448 1574.8 0.088138 1.8433 0.0077721 1551.2
178.09 33437 2.3832 -0.19652 1534.4 -0.10531 1.8437 0.00068264 1559.6
207.15 26911 2.3813 -0.18981 1585.8 -0.14879 1.8435 0.064093 1530.8
215.17 25192 2.3807 -0.18789 1616.2 -0.096243 1.8435 0.083045 1507.9
234.4 25698 2.3794 -0.18312 1682.3 0.10446 1.8438 0.073595 1430.6
268.64 35450 2.3769 -0.1745 1683 0.17768 1.845 7.4569e-07 1360.4
297.7 40185 2.3749 -0.16737 1616.9 -0.021868 1.8458 1.0276e-06 1377.9
305.72 39287 2.3743 -0.16543 1628 -0.048951 1.8458 4.5983e-06 1372
324.95 35662 2.373 -0.16077 1633.1 -0.16561 1.8457 3.505e-07 1377.3
359.2 26317 2.3705 -0.15222 1741.4 -0.10719 1.8453 0.075441 1309.4
388.25 27177 2.3683 -0.14435 1890.2 0.16546 1.8456 0.055435 1171.2
396.27 30485 2.3677 -0.14208 1907.8 0.18372 1.8459 0.049782 1143.7
415.5 36927 2.3661 -0.13668 1885.9 0.16148 1.8466 0.046706 1124.5
449.75 43280 2.3634 -0.12724 1815.3 0.026226 1.8473 0.051301 1133.4
478.81 41365 2.3612 -0.11935 1824.9 -0.088713 1.8474 0.065574 1127.7
486.83 39932 2.3605 -0.11715 1823.2 -0.11894 1.8474 0.027539 1129.9
506.06 34760 2.3591 -0.11197 1812.6 -0.16188 1.8471 0.10149 1135.3
540.3 27179 2.3564 -0.10258 1890.6 -0.053313 1.8467 0.054997 1066.5
569.36 28316 2.3539 -0.093972 2066.6 0.086008 1.847 0.032099 932.62
577.38 30011 2.3532 -0.091456 2086 0.090491 1.8471 0.032982 909.63
596.61 33549 2.3515 -0.085379 2128.3 0.077398 1.8475 0.023242 865.47
630.86 36366 2.3484 -0.074442 2122.2 -0.0065042 1.8478 0.029112 843.51
659.91 33880 2.3457 -0.065204 2124 -0.065268 1.8477 0.030039 830.02
667.93 32728 2.345 -0.062646 2154.4 -0.076896 1.8477 0.030841 812.46
687.16 29298 2.3432 -0.056326 2231.2 -0.067695 1.8475 0.033262 756.63
721.41 30010 2.3399 -0.044594 2323.8 0.095655 1.8476 0.070047 608.82
750.46 40106 2.337 -0.034579 2285.8 0.18051 1.8483 0.0083728 535.25
758.49 43291 2.3363 -0.031904 2267.5 0.13124 1.8485 0.005489 543.64
777.71 47483 2.3344 -0.025438 2244.3 0.061391 1.8488 0.013032 543.64
811.96 47278 2.3311 -0.013964 2239.2 -0.065079 1.8488 0.035561 543.64
841.02 40027 2.3284 -0.0042401 2255.9 -0.15265 1.8484 0.050306 543.64
849.04 37104 2.3276 -0.0015578 2260.2 -0.16873 1.8482 0.074074 543.64
868.27 31123 2.3257 0.0049303 2278.5 -0.097271 1.8478 0.086924 502.91
902.51 29986 2.3224 0.016815 2353.6 0.05247 1.8477 0.019421 366.54
931.57 33331 2.3194 0.027196 2399.9 -7.4567e-05 1.8479 8.2262e-08 293.03
939.59 32702 2.3186 0.030091 2407.6 -0.012045 1.8478 9.9562e-08 277.93
958.82 30485 2.3166 0.037092 2446.4 -0.059475 1.8477 0.003017 229.43
993.07 30616 2.313 0.049765 2471.5 0.095081 1.8476 0.091597 87.089
1022.1 44228 2.31 0.060217 2389 0.28795 1.8484 0.10796 1.9745e-05
1030.1 50000 2.3093 0.062914 2359 0.23625 1.8487 0.091693 11.378
