time (s) altitude (m) velocity (m/s) mass (kg) dynamic pressure (Pa)trajectory angle (rad) Lift (N)Drag (N)heading angle (rad) latitude (rad) angle of attack (rad) 
1030.1 50000 2359 3300 2719.9 0.23625 2702.1 895.35 1.8487 0.062914 0.2497
1031.4 50716 2373 3280.8 2514.4 0.23389 2510.2 833.01 1.8488 0.063362 0.2505
1033.8 51984 2398.2 3246.5 2209.5 0.22969 2210.7 733.43 1.8488 0.064166 0.25081
1035.7 53052 2420 3217.4 1983.9 0.22611 1965.1 648.56 1.8489 0.064856 0.24908
1036.3 53346 2426.1 3209.4 1925.6 0.22512 1904.7 628.09 1.8489 0.065048 0.24883
1037.6 54048 2440.8 3190.2 1792.5 0.22275 1776.6 585.84 1.8489 0.065509 0.24912
1039.9 55291 2467.4 3155.9 1577.1 0.21855 1558.1 512.4 1.849 0.066338 0.24852
1041.8 56338 2490.4 3126.9 1414.1 0.21499 1382.3 452.04 1.8491 0.067049 0.24672
1042.4 56626 2496.8 3118.8 1372 0.21401 1338.8 437.34 1.8491 0.067247 0.24642
1043.7 57313 2512.2 3099.6 1276 0.21166 1246 406.8 1.8491 0.067723 0.24649
1046 58529 2540.2 3065.4 1120.8 0.20751 1089.8 354.62 1.8492 0.068578 0.24572
1048 59553 2564.3 3036.3 1003.5 0.20402 967.73 313.38 1.8492 0.069311 0.24432
1048.5 59834 2571 3028.3 973.32 0.20306 937.33 303.34 1.8492 0.069515 0.24407
1049.8 60506 2587.2 3009 904.39 0.20077 871.65 281.89 1.8493 0.070006 0.24416
1052.1 61695 2616.5 2974.8 793.11 0.19674 754.37 242.87 1.8493 0.070888 0.24181
1054.1 62695 2641.8 2945.7 709.17 0.19332 658.29 210.47 1.8494 0.071644 0.23764
1054.6 62970 2648.8 2937.7 687.55 0.19238 635.34 202.83 1.8494 0.071855 0.23687
1055.9 63626 2665.9 2918.4 638.3 0.19013 584.72 186.1 1.8494 0.072361 0.23538
1058.2 64786 2696.6 2884.2 558.93 0.18613 492.77 155.07 1.8495 0.073272 0.22912
1060.2 65762 2723.2 2855.1 499.18 0.18272 424.86 132.24 1.8495 0.074053 0.22357
1060.7 66030 2730.6 2847.1 483.82 0.18178 409.25 127.1 1.8495 0.07427 0.22262
1062 66669 2748.4 2827.9 448.84 0.17954 374.98 115.86 1.8496 0.074793 0.22072
1064.4 67799 2780.7 2793.6 392.56 0.17555 313.63 95.34 1.8496 0.075733 0.21413
1066.3 68748 2808.6 2764.5 350.28 0.17216 270.34 81.085 1.8497 0.07654 0.20921
1066.9 69008 2816.4 2756.5 339.42 0.17123 260.47 78.009 1.8497 0.076764 0.20835
1068.2 69630 2835.2 2737.3 314.71 0.16901 238.87 71.3 1.8497 0.077304 0.20669
1070.5 70727 2869 2703 275.01 0.16507 200.94 59.466 1.8498 0.078275 0.20113
1072.4 71648 2898.3 2674 244.66 0.16174 173.76 51.066 1.8498 0.079109 0.19711
1073 71901 2906.4 2665.9 236.83 0.16083 167.39 49.118 1.8498 0.07934 0.19644
1074.3 72503 2926.1 2646.7 219.1 0.15865 152.99 44.719 1.8498 0.079898 0.19475
1076.6 73566 2961.6 2612.5 190.81 0.1548 126.81 36.647 1.8499 0.080902 0.18816
1078.6 74458 2992.3 2583.4 169.76 0.15153 107.22 30.626 1.8499 0.081764 0.18167
1079.1 74703 3000.8 2575.4 164.39 0.15062 102.22 29.093 1.8499 0.082003 0.17976
1080.4 75285 3021.5 2556.1 152.21 0.14845 90.302 25.444 1.85 0.08258 0.17412
1082.7 76312 3058.9 2521.9 132.79 0.14446 61.748 17.439 1.85 0.083618 0.14619
1084.7 77170 3091.3 2492.8 118.39 0.14078 39.14 11.759 1.8501 0.084508 0.11224
1085.2 77405 3100.3 2484.8 114.72 0.1397 33.938 10.528 1.8501 0.084756 0.10302
1086.5 77962 3122.2 2465.5 106.43 0.13705 25.228 8.7011 1.8501 0.085353 0.08556
1088.8 78938 3161.8 2431.3 93.285 0.132 9.2328 6.1262 1.8501 0.086427 0.042757
1090.8 79745 3196.1 2402.2 83.603 0.12734 1.7845 5.1707 1.8502 0.087349 0.010055
1091.3 79964 3205.6 2394.2 81.146 0.12601 -3.0344e-16 4.9648 1.8502 0.087605 0
1091.3 79964 3205.6 2394.2 81.146 0.12601 -3.0344e-16 4.9648 1.8502 0.087605 0
1092.3 80367 3204.4 2394.2 75.908 0.12351 1.7031e-16 4.6491 1.8502 0.088079 0
1093.3 80758 3203.3 2394.2 71.132 0.121 -2.6599e-16 4.3611 1.8502 0.088553 0
1094.3 81140 3202.2 2394.2 66.73 0.1185 1.4972e-16 4.0953 1.8502 0.089027 0
1095.3 81515 3201.1 2394.2 62.67 0.11599 0 3.8499 1.8502 0.0895 0
1096.3 81881 3200 2394.2 58.923 0.11349 -3.5254e-16 3.6233 1.8503 0.089974 0
1097.3 82239 3199 2394.2 55.463 0.11098 -2.074e-16 3.4138 1.8503 0.090447 0
1098.3 82590 3198 2394.2 52.267 0.10846 1.1727e-16 3.2201 1.8503 0.090921 0
1099.3 82932 3197 2394.2 49.312 0.10595 1.1064e-16 3.0408 1.8503 0.091394 0
1100.3 83266 3196 2394.2 46.579 0.10344 1.0451e-16 2.8749 1.8503 0.091868 0
1101.3 83592 3195.1 2394.2 44.05 0.10092 9.8832e-17 2.7212 1.8503 0.092341 0
1102.3 83910 3194.2 2394.2 41.708 0.098406 9.3579e-17 2.5788 1.8503 0.092815 0
1103.3 84219 3193.3 2394.2 39.539 0.095888 8.8712e-17 2.4467 1.8504 0.093288 0
1104.3 84521 3192.4 2394.2 37.528 0.093368 8.4201e-17 2.3243 1.8504 0.093761 0
1105.3 84815 3191.6 2394.2 35.663 0.090848 -2.1338e-16 2.2105 1.8504 0.094234 0
1106.3 85100 3190.7 2263.3 0 0.088326 0 0 1.8504 0.094708 0
1107.3 85378 3189.9 2263.3 0 0.085803 -0 0 1.8504 0.095181 0
1108.3 85647 3189.2 2263.3 0 0.083278 0 0 1.8504 0.095654 0
1109.3 85908 3188.4 2263.3 0 0.080753 0 0 1.8504 0.096127 0
1110.3 86161 3187.7 2263.3 0 0.078226 0 0 1.8504 0.0966 0
1111.3 86406 3187 2263.3 0 0.075699 0 0 1.8504 0.097073 0
1112.3 86643 3186.3 2263.3 0 0.07317 -0 0 1.8505 0.097546 0
1113.3 86872 3185.7 2263.3 0 0.070641 0 0 1.8505 0.098019 0
1114.3 87093 3185 2263.3 0 0.06811 0 0 1.8505 0.098492 0
1115.3 87306 3184.4 2263.3 0 0.065579 0 0 1.8505 0.098965 0
1116.3 87510 3183.9 2263.3 0 0.063046 0 0 1.8505 0.099438 0
1117.3 87707 3183.3 2263.3 0 0.060513 0 0 1.8505 0.099911 0
1118.3 87896 3182.8 2263.3 0 0.057979 0 0 1.8505 0.10038 0
1119.3 88076 3182.3 2263.3 0 0.055444 -0 0 1.8505 0.10086 0
1120.3 88248 3181.8 2263.3 0 0.052909 0 0 1.8505 0.10133 0
1121.3 88412 3181.3 2263.3 0 0.050373 -0 0 1.8505 0.1018 0
1122.3 88569 3180.9 2263.3 0 0.047836 -0 0 1.8505 0.10227 0
1123.3 88717 3180.5 2263.3 0 0.045298 -0 0 1.8505 0.10275 0
1124.3 88857 3180.1 2263.3 0 0.04276 0 0 1.8505 0.10322 0
1125.3 88989 3179.7 2263.3 0 0.040221 -0 0 1.8506 0.10369 0
1126.3 89112 3179.4 2263.3 0 0.037682 0 0 1.8506 0.10417 0
1127.3 89228 3179.1 2263.3 0 0.035142 0 0 1.8506 0.10464 0
1128.3 89336 3178.8 2263.3 0 0.032602 -0 0 1.8506 0.10511 0
1129.3 89435 3178.5 2263.3 0 0.030061 -0 0 1.8506 0.10558 0
1130.3 89527 3178.3 2263.3 0 0.02752 -0 0 1.8506 0.10606 0
1131.3 89610 3178.1 2263.3 0 0.024979 0 0 1.8506 0.10653 0
1132.3 89686 3177.9 2263.3 0 0.022437 -0 0 1.8506 0.107 0
1133.3 89753 3177.7 2263.3 0 0.019895 0 0 1.8506 0.10747 0
1134.3 89812 3177.6 2263.3 0 0.017353 0 0 1.8506 0.10795 0
1135.3 89863 3177.4 2263.3 0 0.014811 -0 0 1.8506 0.10842 0
1136.3 89906 3177.3 2263.3 0 0.012268 0 0 1.8506 0.10889 0
1137.3 89941 3177.3 2263.3 0 0.0097253 0 0 1.8506 0.10936 0
1138.3 89968 3177.2 2263.3 0 0.0071825 0 0 1.8506 0.10984 0
1139.3 89987 3177.2 2263.3 0 0.0046396 0 0 1.8506 0.11031 0
1140.3 89997 3177.2 2263.3 0 0.0020966 -0 0 1.8506 0.11078 0
1141.3 90000 3177.2 2263.3 0 0 -0 0 1.8506 0.11126 0
