time (s) altitude (m) velocity (m/s) mass (kg)trajectory angle (rad) angle of attack (rad) heading angle (rad) latitude (rad)
0 90 30 29388 1.5691 0 1.5145 -0.2123 2.3868
0.44109 103.56 31.492 29325 1.5686 -0.0015373 1.5492 -0.2123 2.3868
1.2267 129.35 34.178 29211 1.567 -0.0041133 1.5896 -0.2123 2.3868
1.8932 152.9 36.486 29115 1.5646 -0.0060642 1.6082 -0.2123 2.3868
2.0773 159.68 37.128 29089 1.5638 -0.0065667 1.6121 -0.2123 2.3868
2.5183 176.39 38.675 29025 1.5616 -0.0077077 1.6195 -0.2123 2.3868
3.3039 207.86 41.459 28912 1.5567 -0.0095069 1.6287 -0.2123 2.3868
3.9705 236.29 43.85 28816 1.5515 -0.010788 1.6341 -0.2123 2.3868
4.1545 244.42 44.515 28790 1.5499 -0.011106 1.6353 -0.2123 2.3868
5.0367 285.09 47.732 28663 1.5414 -0.012396 1.64 -0.2123 2.3868
6.6079 364.6 53.581 28437 1.5224 -0.01374 1.6456 -0.2123 2.3868
7.941 439.28 58.67 28245 1.5027 -0.013911 1.6487 -0.2123 2.3868
8.309 461.08 60.096 28192 1.4967 -0.013806 1.6494 -0.2123 2.3868
9.1912 515.43 63.553 28065 1.4814 -0.013282 1.6509 -0.2123 2.3868
10.762 619.64 69.856 27838 1.4513 -0.011396 1.6529 -0.2123 2.3868
12.095 715.55 75.362 27646 1.4234 -0.0088273 1.6543 -0.2123 2.3868
12.464 743.25 76.908 27593 1.4153 -0.0079658 1.6546 -0.21229 2.3868
13.125 794.38 79.718 27498 1.4007 -0.0062663 1.6552 -0.21229 2.3868
14.304 889.68 84.814 27329 1.3739 -0.0027153 1.6561 -0.21229 2.3868
15.303 974.79 89.235 27185 1.3509 0.00084937 1.6568 -0.21229 2.3868
15.579 998.98 90.473 27145 1.3446 0.0019088 1.6569 -0.21229 2.3868
16.241 1058.2 93.469 27050 1.3296 0.0045912 1.6573 -0.21229 2.3868
17.419 1167.9 98.912 26880 1.3035 0.0097238 1.658 -0.21228 2.3868
18.419 1265.2 103.64 26736 1.2823 0.014154 1.6585 -0.21228 2.3868
18.695 1292.8 104.96 26696 1.2767 0.015328 1.6586 -0.21227 2.3868
19.566 1381.8 109.18 26571 1.2594 0.01893 1.659 -0.21227 2.3868
21.29 1566.9 117.74 26323 1.228 0.025014 1.6598 -0.21226 2.3868
23.202 1786.4 127.56 26048 1.1977 0.029996 1.6605 -0.21225 2.3868
24.571 1953 134.79 25851 1.1787 0.032509 1.661 -0.21224 2.3868
24.927 1997.6 136.7 25800 1.1741 0.032988 1.6612 -0.21223 2.3868
25.589 2082 140.27 25704 1.166 0.033766 1.6614 -0.21223 2.3868
26.767 2237 146.73 25535 1.1527 0.034619 1.6618 -0.21222 2.3868
27.767 2373.2 152.3 25391 1.1423 0.034835 1.6621 -0.21221 2.3868
28.043 2411.7 153.85 25351 1.1396 0.034848 1.6622 -0.21221 2.3868
28.705 2505.1 157.59 25256 1.1333 0.03485 1.6625 -0.2122 2.3868
29.883 2676.5 164.35 25087 1.123 0.03483 1.6628 -0.21219 2.3868
30.883 2826.9 170.16 24943 1.1152 0.034843 1.6631 -0.21218 2.3868
31.159 2869.3 171.79 24903 1.1132 0.034853 1.6632 -0.21217 2.3868
32.482 3077.4 179.66 24713 1.1046 0.034886 1.6636 -0.21216 2.3868
34.839 3469.6 194.08 24374 1.0937 0.034903 1.6643 -0.21212 2.3868
36.839 3825 206.69 24086 1.089 0.034886 1.6649 -0.2121 2.3868
37.391 3926.9 210.23 24007 1.0884 0.03488 1.6651 -0.21209 2.3868
38.052 4051.4 214.52 23912 1.0882 0.034879 1.6653 -0.21208 2.3868
39.231 4279.4 222.24 23742 1.089 0.034873 1.6656 -0.21206 2.3868
40.23 4479.3 228.9 23599 1.0909 0.034884 1.6659 -0.21204 2.3868
40.506 4535.6 230.75 23559 1.0917 0.034887 1.666 -0.21204 2.3868
41.168 4672.5 235.22 23464 1.0937 0.03489 1.6662 -0.21203 2.3868
42.347 4923.2 243.28 23295 1.0987 0.034863 1.6666 -0.21201 2.3868
43.346 5143.2 250.23 23151 1.104 0.034844 1.6669 -0.21199 2.3868
43.622 5205.2 252.16 23111 1.1057 0.034851 1.667 -0.21198 2.3868
44.236 5344.9 256.49 23023 1.1098 0.034901 1.6672 -0.21197 2.3868
45.52 5645.8 265.67 22838 1.1197 0.034905 1.6676 -0.21195 2.3868
47.125 6039.2 277.4 22608 1.1342 0.033906 1.6681 -0.21192 2.3868
48.62 6423.8 288.3 22393 1.1481 0.031746 1.6686 -0.21189 2.3868
49.606 6686.6 295.14 22251 1.1561 0.029775 1.6689 -0.21187 2.3868
49.854 6753.8 296.78 22215 1.1578 0.029178 1.669 -0.21187 2.3868
51.177 7119.3 305.16 22025 1.1649 0.025563 1.6695 -0.21185 2.3868
53.534 7795.6 318.63 21687 1.1671 0.016959 1.6703 -0.2118 2.3868
55.534 8390.2 329.13 21399 1.1567 0.0074878 1.671 -0.21176 2.3868
56.086 8557 331.97 21320 1.1516 0.0045256 1.6712 -0.21175 2.3868
56.7 8743.8 335.13 21232 1.1448 0.0011926 1.6714 -0.21174 2.3868
57.984 9138 341.86 21047 1.1268 -0.0052037 1.6718 -0.21171 2.3868
59.588 9636.4 350.74 20817 1.0988 -0.012015 1.6723 -0.21167 2.3868
61.084 10106 359.6 20602 1.0684 -0.017254 1.6728 -0.21163 2.3868
62.07 10417 365.77 20460 1.0466 -0.02006 1.6731 -0.2116 2.3868
62.318 10496 367.35 20424 1.041 -0.020707 1.6731 -0.2116 2.3868
63.189 10772 373.05 20299 1.0206 -0.022699 1.6733 -0.21157 2.3868
64.913 11322 384.95 20051 0.97845 -0.025542 1.6738 -0.21151 2.3867
66.824 11933 399.23 19777 0.93054 -0.026958 1.6742 -0.21145 2.3867
68.194 12372 410.22 19580 0.89645 -0.02689 1.6745 -0.21139 2.3867
68.549 12486 413.18 19529 0.88772 -0.026742 1.6746 -0.21138 2.3867
69.211 12698 418.81 19434 0.87166 -0.026401 1.6747 -0.21135 2.3867
70.389 13076 429.24 19264 0.84375 -0.025647 1.6749 -0.2113 2.3867
71.389 13396 438.5 19121 0.82081 -0.024979 1.6751 -0.21126 2.3867
71.665 13485 441.12 19081 0.8146 -0.024823 1.6752 -0.21124 2.3867
72.327 13697 447.52 18986 0.79992 -0.024527 1.6753 -0.21121 2.3867
73.505 14076 459.32 18816 0.77443 -0.02443 1.6755 -0.21115 2.3867
74.505 14397 469.75 18673 0.75334 -0.024851 1.6756 -0.2111 2.3867
74.781 14486 472.69 18633 0.74758 -0.02504 1.6757 -0.21109 2.3867
75.652 14766 482.18 18508 0.72958 -0.025801 1.6758 -0.21104 2.3867
77.376 15320 501.85 18260 0.69445 -0.028372 1.6761 -0.21094 2.3867
79.288 15933 525.03 17985 0.65564 -0.032987 1.6763 -0.21082 2.3867
80.657 16370 542.56 17788 0.62752 -0.037347 1.6765 -0.21073 2.3867
81.013 16483 547.25 17737 0.62015 -0.038652 1.6766 -0.2107 2.3867
81.675 16693 556.12 17641 0.60633 -0.041183 1.6767 -0.21066 2.3867
82.853 17065 572.43 17472 0.5814 -0.04613 1.6768 -0.21057 2.3866
83.853 17378 586.82 17328 0.55997 -0.050618 1.6769 -0.21049 2.3866
84.129 17464 590.9 17288 0.55403 -0.051843 1.677 -0.21047 2.3866
84.79 17669 600.84 17193 0.53977 -0.05468 1.677 -0.21042 2.3866
85.969 18031 619.2 17024 0.51452 -0.059239 1.6772 -0.21032 2.3866
86.969 18334 635.47 16880 0.4935 -0.062561 1.6773 -0.21024 2.3866
87.245 18417 640.07 16840 0.48778 -0.063402 1.6773 -0.21021 2.3866
88.568 18810 662.83 16650 0.46102 -0.066985 1.6774 -0.21009 2.3866
90.925 19494 706.12 16310 0.41632 -0.071236 1.6776 -0.20987 2.3866
92.924 20057 745.53 16023 0.38156 -0.072717 1.6778 -0.20966 2.3865
93.476 20210 756.82 15943 0.37246 -0.072887 1.6779 -0.2096 2.3865
94.8 20571 784.6 15753 0.35144 -0.073092 1.678 -0.20945 2.3865
97.157 21196 836.43 15413 0.31622 -0.073278 1.6781 -0.20917 2.3865
99.156 21707 882.61 15125 0.28785 -0.073126 1.6783 -0.20891 2.3865
99.708 21844 895.69 15046 0.28016 -0.072929 1.6783 -0.20884 2.3865
100.58 22058 916.61 14920 0.26814 -0.072421 1.6784 -0.20872 2.3864
102.3 22468 959 14672 0.24464 -0.070369 1.6785 -0.20848 2.3864
104.21 22899 1007.4 14397 0.21895 -0.066316 1.6786 -0.2082 2.3864
105.58 23191 1042.8 14199 0.20077 -0.062366 1.6787 -0.20798 2.3864
105.94 23265 1052.1 14148 0.19608 -0.061161 1.6787 -0.20792 2.3864
106.6 23399 1069.6 14053 0.18743 -0.058809 1.6787 -0.20782 2.3863
107.78 23627 1101 13883 0.17225 -0.054117 1.6788 -0.20762 2.3863
108.78 23811 1128 13739 0.15972 -0.049805 1.6788 -0.20745 2.3863
109.06 23860 1135.5 13699 0.15633 -0.048627 1.6789 -0.2074 2.3863
109.72 23975 1153.8 13604 0.14833 -0.045911 1.6789 -0.20729 2.3863
110.9 24170 1186.7 13434 0.13452 -0.041586 1.6789 -0.20707 2.3863
111.9 24324 1215.2 13290 0.12322 -0.038476 1.679 -0.20689 2.3862
112.17 24365 1223.2 13250 0.12016 -0.037694 1.679 -0.20684 2.3862
112.83 24459 1242.4 13155 0.11292 -0.035967 1.679 -0.20671 2.3862
114.01 24617 1277.3 12985 0.10036 -0.033432 1.6791 -0.20648 2.3862
115.01 24740 1307.4 12841 0.08997 -0.031792 1.6791 -0.20628 2.3862
115.29 24772 1315.7 12801 0.087141 -0.031387 1.6791 -0.20623 2.3862
115.95 24846 1336 12705 0.080437 -0.030416 1.6791 -0.20609 2.3862
117.13 24964 1372.6 12536 0.068818 -0.028427 1.6792 -0.20584 2.3861
118.13 25053 1404.2 12391 0.059417 -0.026248 1.6792 -0.20563 2.3861
118.4 25076 1412.9 12352 0.05692 -0.025553 1.6792 -0.20557 2.3861
119.02 25123 1432.6 12263 0.051551 -0.023889 1.6793 -0.20543 2.3861
120.3 25209 1474 12078 0.041275 -0.019806 1.6793 -0.20514 2.386
121.91 25296 1526.5 11847 0.030973 -0.01355 1.6793 -0.20477 2.386
123.4 25359 1576.1 11631 0.024036 -0.0065667 1.6794 -0.20441 2.386
124.39 25394 1609.6 11489 0.020654 -0.0013633 1.6794 -0.20416 2.3859
124.64 25402 1618.1 11453 0.020004 5.7667e-06 1.6794 -0.2041 2.3859
