time (s) altitude (m) velocity (m/s) mass (kg) dynamic pressure (Pa)trajectory angle (rad) Lift (N)Drag (N)heading angle (rad) latitude (rad) angle of attack (rad) 
633.2 35941 2790 3300 27628 0.10883 29260 9761.6 1.8148 -0.018846 0.25971
634.18 36243 2798.5 3285.4 26533 0.11072 29199 9883.1 1.8148 -0.018431 0.26662
635.94 36797 2813.5 3259.4 24640 0.11414 29084 10094 1.8149 -0.017689 0.27992
637.43 37282 2826.4 3237.3 23094 0.11703 28212 9960.1 1.8149 -0.017056 0.28645
637.85 37418 2830 3231.2 22678 0.1178 27868 9866.8 1.8149 -0.016881 0.2876
638.83 37750 2838.6 3216.6 21701 0.1196 27300 9772.9 1.8149 -0.01646 0.29221
640.59 38355 2854.1 3190.5 20029 0.12274 26393 9647.5 1.8149 -0.015708 0.30166
642.08 38883 2867.5 3168.4 18683 0.12526 25033 9215.2 1.815 -0.015067 0.30517
642.49 39031 2871.2 3162.3 18323 0.12591 24677 9103.2 1.815 -0.014889 0.30625
644.47 39753 2889.5 3133.1 16672 0.12886 22880 8505.5 1.815 -0.014035 0.3103
647.99 41090 2923.8 3081 14034 0.13314 19319 7188 1.8151 -0.012502 0.31096
650.97 42266 2954.6 3036.9 12091 0.13576 16667 6202.8 1.8151 -0.011187 0.31126
651.79 42596 2963.4 3024.7 11600 0.13636 16028 5970.4 1.8152 -0.010822 0.31177
653.77 43398 2984.8 2995.4 10498 0.13758 14572 5437.1 1.8152 -0.0099417 0.31277
657.28 44856 3024.5 2943.4 8779.4 0.13907 12189 4546.2 1.8153 -0.008359 0.31279
660.27 46118 3059.7 2899.2 7542.1 0.13974 10427 3880.1 1.8153 -0.0069999 0.31184
661.09 46469 3069.7 2887 7232.6 0.13984 10005 3723.5 1.8153 -0.0066219 0.31196
663.07 47318 3093.9 2857.8 6563.6 0.13996 9084 3380.2 1.8154 -0.005711 0.31207
666.58 48846 3138.3 2805.7 5568.6 0.13985 7711 2866.3 1.8155 -0.004071 0.31214
669.57 50158 3177.3 2761.5 4836.7 0.13949 6728.4 2503.2 1.8155 -0.0026612 0.31312
670.39 50523 3188.3 2749.3 4651.2 0.13936 6443.9 2392.5 1.8155 -0.0022689 0.31221
672.37 51399 3214.9 2720.1 4250.7 0.13898 5869.4 2174 1.8156 -0.0013232 0.31144
675.88 52973 3263.6 2668.1 3642.1 0.1381 4929.3 1805.8 1.8156 0.00038078 0.30704
678.87 54318 3306.2 2623.9 3184.5 0.13715 4219.9 1528 1.8157 0.0018468 0.30249
679.69 54690 3318.2 2611.7 3067.1 0.13687 4030.8 1453.1 1.8157 0.0022548 0.30074
681.66 55586 3347.3 2582.5 2800.5 0.13613 3640.9 1304 1.8157 0.003239 0.29847
685.18 57187 3400.4 2530.4 2374.3 0.13469 3003.9 1058.6 1.8158 0.0050133 0.29286
688.16 58553 3446.9 2486.2 2057.6 0.13336 2534.5 878.68 1.8159 0.0065409 0.2875
688.99 58930 3459.9 2474 1976.9 0.13298 2403.3 826.79 1.8159 0.0069663 0.28494
690.96 59837 3491.5 2444.8 1794.4 0.13203 2149.6 733.79 1.8159 0.0079925 0.28213
694.48 61456 3549.2 2392.7 1505.3 0.13031 1776.1 602.62 1.816 0.0098436 0.27931
697.46 62834 3599.4 2348.6 1292.5 0.12889 1520.3 516.31 1.816 0.011438 0.27875
698.29 63216 3613.5 2336.4 1238.5 0.12851 1445.3 489.74 1.8161 0.011882 0.2772
700.26 64131 3647.6 2307.1 1117 0.12758 1280.2 431.66 1.8161 0.012954 0.27376
703.78 65766 3709.8 2255.1 925.91 0.12588 1004 332.55 1.8162 0.014888 0.26349
706.76 67158 3764.2 2210.9 786.75 0.12437 805.63 261.5 1.8162 0.016555 0.25345
707.59 67542 3779.5 2198.7 751.7 0.12394 751.74 241.76 1.8162 0.01702 0.24948
708.88 68150 3803.8 2179.5 699.18 0.12325 693.31 222.47 1.8162 0.017756 0.24808
711.46 69354 3852.7 2141.4 604.56 0.12192 575.31 182.46 1.8163 0.019229 0.24123
714.31 70691 3908.3 2099.1 512.99 0.12025 396.19 118.44 1.8163 0.020883 0.20906
716.35 71648 3949.4 2068.9 454.26 0.11871 261.75 75.579 1.8164 0.022083 0.17054
716.88 71897 3960.2 2061 439.97 0.11824 236.56 68.492 1.8164 0.022397 0.16221
718.86 72816 4001 2031.8 390.58 0.11631 150.64 45.434 1.8164 0.023572 0.12783
722.37 74436 4075.9 1979.7 316.08 0.11207 53.173 24.3 1.8165 0.025696 0.066434
725.36 75780 4141.5 1935.6 264.65 0.10765 8.2156 17.551 1.8165 0.027529 0.014383
726.18 76146 4160 1923.4 252.13 0.1063 -1.1312e-15 16.403 1.8165 0.02804 0
726.18 76146 4160 1923.4 252.13 0.1063 -1.1312e-15 16.403 1.8165 0.02804 0
727.18 76587 4159 1923.4 235.06 0.10463 4.1431e-16 15.287 1.8166 0.028663 0
728.18 77018 4158 1923.4 219.45 0.10295 1.301e-15 14.266 1.8166 0.029285 0
729.18 77442 4157.1 1923.4 205.05 0.10127 2.0699e-15 13.324 1.8166 0.029907 0
730.18 77858 4156.1 1923.4 191.76 0.099588 1.5363e-15 12.456 1.8166 0.030529 0
731.18 78268 4155.2 1923.4 179.48 0.097907 -5.4643e-16 11.654 1.8166 0.031151 0
732.18 78671 4154.3 1923.4 168.14 0.096225 6.4661e-16 10.913 1.8166 0.031773 0
733.18 79066 4153.4 1923.4 157.65 0.094543 -5.8102e-16 10.229 1.8166 0.032395 0
734.18 79455 4152.5 1923.4 147.96 0.09286 1.3987e-15 9.5958 1.8167 0.033017 0
735.18 79836 4151.7 1923.4 138.98 0.091176 6.6808e-17 9.0102 1.8167 0.033638 0
736.18 80211 4150.9 1923.4 130.67 0.089492 -3.9781e-16 8.4683 1.8167 0.03426 0
737.18 80578 4150 1923.4 122.97 0.087807 1.2118e-15 7.9663 1.8167 0.034881 0
738.18 80939 4149.2 1923.4 115.83 0.086122 1.2621e-15 7.5013 1.8167 0.035503 0
739.18 81292 4148.5 1923.4 109.21 0.084436 1.925e-16 7.0701 1.8167 0.036124 0
740.18 81638 4147.7 1923.4 103.07 0.082749 -3.3031e-17 6.6702 1.8167 0.036746 0
741.18 81978 4146.9 1923.4 97.37 0.081062 -2.8474e-16 6.2991 1.8167 0.037367 0
742.18 82310 4146.2 1923.4 92.076 0.079374 6.6761e-16 5.9546 1.8168 0.037988 0
743.18 82635 4145.5 1923.4 87.156 0.077686 -2.5487e-16 5.6346 1.8168 0.038609 0
744.18 82953 4144.8 1923.4 82.581 0.075997 9.18e-17 5.3371 1.8168 0.03923 0
745.18 83265 4144.1 1923.4 78.327 0.074308 1.9768e-16 5.0605 1.8168 0.039851 0
746.18 83569 4143.4 1923.4 74.369 0.072618 0 4.8033 1.8168 0.040472 0
747.18 83866 4142.8 1923.4 70.684 0.070928 0 4.5638 1.8168 0.041093 0
748.18 84156 4142.1 1923.4 67.252 0.069237 0 4.3409 1.8168 0.041714 0
749.18 84439 4141.5 1923.4 64.055 0.067546 0 4.1333 1.8168 0.042335 0
750.18 84715 4140.9 1923.4 61.076 0.065855 0 3.9399 1.8168 0.042956 0
751.18 84984 4140.3 1923.4 58.217 0.064162 0 3.755 1.8169 0.043577 0
752.18 85246 4139.7 1792.5 0 0.06247 0 0 1.8169 0.044197 0
753.18 85501 4139.2 1792.5 0 0.060777 0 0 1.8169 0.044818 0
754.18 85749 4138.6 1792.5 0 0.059084 0 0 1.8169 0.045439 0
755.18 85990 4138.1 1792.5 0 0.05739 0 0 1.8169 0.046059 0
756.18 86224 4137.6 1792.5 0 0.055696 0 0 1.8169 0.04668 0
757.18 86450 4137.1 1792.5 0 0.054001 0 0 1.8169 0.0473 0
758.18 86670 4136.7 1792.5 0 0.052307 0 0 1.8169 0.047921 0
759.18 86883 4136.2 1792.5 0 0.050611 0 0 1.8169 0.048541 0
760.18 87089 4135.8 1792.5 0 0.048916 0 0 1.8169 0.049161 0
761.18 87287 4135.3 1792.5 0 0.04722 0 0 1.8169 0.049782 0
762.18 87479 4134.9 1792.5 0 0.045524 0 0 1.8169 0.050402 0
763.18 87664 4134.5 1792.5 0 0.043828 0 0 1.8169 0.051022 0
764.18 87841 4134.2 1792.5 0 0.042131 0 0 1.817 0.051643 0
765.18 88012 4133.8 1792.5 0 0.040434 0 0 1.817 0.052263 0
766.18 88176 4133.5 1792.5 0 0.038737 0 0 1.817 0.052883 0
767.18 88332 4133.1 1792.5 0 0.037039 0 0 1.817 0.053503 0
768.18 88482 4132.8 1792.5 0 0.035341 0 0 1.817 0.054123 0
769.18 88624 4132.5 1792.5 0 0.033643 0 0 1.817 0.054743 0
770.18 88760 4132.2 1792.5 0 0.031945 0 0 1.817 0.055363 0
771.18 88888 4132 1792.5 0 0.030247 0 0 1.817 0.055984 0
772.18 89010 4131.7 1792.5 0 0.028548 0 0 1.817 0.056604 0
773.18 89124 4131.5 1792.5 0 0.026849 0 0 1.817 0.057224 0
774.18 89231 4131.3 1792.5 0 0.025151 0 0 1.817 0.057844 0
775.18 89332 4131.1 1792.5 0 0.023451 0 0 1.817 0.058464 0
776.18 89425 4130.9 1792.5 0 0.021752 0 0 1.817 0.059084 0
777.18 89511 4130.7 1792.5 0 0.020053 0 0 1.817 0.059704 0
778.18 89591 4130.6 1792.5 0 0.018353 0 0 1.817 0.060324 0
779.18 89663 4130.5 1792.5 0 0.016654 0 0 1.817 0.060944 0
780.18 89728 4130.3 1792.5 0 0.014954 0 0 1.817 0.061564 0
781.18 89787 4130.2 1792.5 0 0.013254 0 0 1.817 0.062183 0
782.18 89838 4130.2 1792.5 0 0.011555 0 0 1.817 0.062803 0
783.18 89882 4130.1 1792.5 0 0.0098547 0 0 1.817 0.063423 0
784.18 89919 4130 1792.5 0 0.0081548 0 0 1.817 0.064043 0
785.18 89949 4130 1792.5 0 0.0064548 0 0 1.817 0.064663 0
786.18 89973 4130 1792.5 0 0.0047549 0 0 1.817 0.065283 0
787.18 89989 4130 1792.5 0 0.0030549 0 0 1.817 0.065903 0
788.18 89998 4130 1792.5 0 0.0013549 0 0 1.817 0.066523 0
789.18 90000 4130 1792.5 0 0 0 0 1.817 0.067143 0
