time (s) altitude (m) velocity (m/s) mass (kg)trajectory angle (rad) angle of attack (rad) heading angle (rad) latitude (rad)
0 150 30 29388 1.5691 0 1.7017 -0.21673 2.3889
2.6465 241.41 39.153 29007 1.562 -0.0066188 1.7894 -0.21673 2.3889
7.36 466.21 56.499 28328 1.5198 -0.012217 1.7966 -0.21673 2.3889
11.359 722.57 72.358 27752 1.4569 -0.0091951 1.8149 -0.21673 2.3889
12.463 804.36 76.946 27594 1.4365 -0.0075105 1.8111 -0.21673 2.3889
15.11 1020.1 88.325 27213 1.383 -0.0023348 1.8131 -0.21672 2.3889
19.823 1473.5 110.15 26534 1.2842 0.010411 1.8156 -0.21671 2.3889
23.823 1928.5 130.36 25959 1.2102 0.02195 1.8172 -0.21668 2.3889
24.927 2065.7 136.21 25800 1.1928 0.024458 1.8176 -0.21668 2.3889
27.573 2415.7 150.68 25419 1.1574 0.030097 1.8185 -0.21665 2.3889
32.287 3116.8 177.9 24741 1.1169 0.034905 1.8199 -0.2166 2.3889
36.286 3797 202.47 24166 1.1024 0.034691 1.8211 -0.21655 2.3889
37.39 3999.9 209.51 24007 1.1009 0.034709 1.8214 -0.21654 2.3889
40.037 4514.5 226.79 23627 1.1032 0.034877 1.8221 -0.2165 2.3889
44.75 5542.1 259.31 22949 1.1279 0.034906 1.8235 -0.21642 2.3889
48.749 6538 287.89 22374 1.1611 0.030138 1.8248 -0.21635 2.3888
49.854 6834.2 295.65 22216 1.1692 0.027135 1.8252 -0.21633 2.3888
52.5 7576 311.79 21835 1.1758 0.018266 1.8261 -0.21628 2.3888
57.214 8980.4 337.12 21158 1.1398 -0.0027427 1.8277 -0.21619 2.3888
61.213 10224 359.83 20583 1.0655 -0.018253 1.8288 -0.2161 2.3888
62.317 10573 366.97 20425 1.0408 -0.020465 1.8291 -0.21607 2.3888
64.963 11415 385.15 20044 0.97774 -0.024992 1.8298 -0.21599 2.3887
69.677 12925 423.01 19367 0.86221 -0.026679 1.8307 -0.21581 2.3887
73.676 14211 461.41 18792 0.7709 -0.025993 1.8314 -0.21563 2.3886
74.78 14566 473.08 18633 0.74726 -0.026774 1.8316 -0.21557 2.3886
77.427 15416 502.98 18253 0.69207 -0.029361 1.8319 -0.21543 2.3886
82.14 16920 563.38 17575 0.59592 -0.040987 1.8325 -0.21512 2.3885
86.14 18167 623.05 16999 0.51435 -0.0556 1.833 -0.21482 2.3884
87.244 18504 641.21 16840 0.49221 -0.059209 1.8331 -0.21472 2.3884
89.89 19294 687.87 16459 0.44179 -0.067203 1.8333 -0.21449 2.3883
94.604 20640 781.53 15781 0.36144 -0.074576 1.8337 -0.21401 2.3882
98.603 21711 870.62 15205 0.302 -0.07333 1.834 -0.21353 2.3881
99.707 21994 896.63 15046 0.28667 -0.072289 1.834 -0.21339 2.388
102.35 22646 961.2 14665 0.25103 -0.068202 1.8342 -0.21303 2.3879
107.07 23695 1082.6 13986 0.19007 -0.054879 1.8344 -0.21233 2.3877
111.07 24443 1192.2 13409 0.14195 -0.040679 1.8346 -0.21165 2.3875
112.17 24623 1223.9 13250 0.12981 -0.037549 1.8346 -0.21145 2.3875
114.82 25008 1302.2 12869 0.10206 -0.031016 1.8347 -0.21095 2.3874
119.53 25521 1449.9 12189 0.058157 -0.025305 1.8349 -0.20997 2.3871
123.53 25773 1582.2 11612 0.026453 -0.0239 1.835 -0.20906 2.3868
124.63 25813 1619.8 11453 0.018697 -0.023141 1.835 -0.20879 2.3868
