time (s) altitude (m) velocity (m/s) mass (kg) dynamic pressure (Pa)trajectory angle (rad) Lift (N)Drag (N)heading angle (rad) latitude (rad) angle of attack (rad) 
544.43 37882 2300 3300 13966 0.22684 13288 4326.7 1.8388 -0.06919 0.24246
546.11 38755 2316.2 3275.1 12424 0.22621 12062 3951 1.8389 -0.068621 0.24582
549.11 40318 2346 3230.7 10114 0.22455 10191 3388.5 1.839 -0.067595 0.25197
551.66 41649 2372.2 3193 8517.8 0.22266 8628.5 2874 1.8391 -0.066715 0.25284
552.36 42018 2379.6 3182.6 8127.7 0.22204 8253.4 2751.5 1.8391 -0.06647 0.25325
554.04 42901 2397.6 3157.6 7270.3 0.2205 7561.1 2543.7 1.8392 -0.06588 0.25734
557.04 44474 2430.3 3113.2 5979.8 0.21759 6530 2236 1.8393 -0.064818 0.26602
559.59 45809 2458.9 3075.5 5082.6 0.21495 5592.4 1919.5 1.8394 -0.063905 0.26739
560.29 46178 2466.9 3065.1 4862.2 0.21418 5354 1838 1.8394 -0.063651 0.26752
561.97 47061 2486.4 3040.2 4378.5 0.21229 4894.5 1688.7 1.8394 -0.063038 0.2703
564.97 48631 2521.8 2995.8 3694.6 0.20886 4199.8 1456 1.8395 -0.061935 0.2734
567.52 49960 2552.6 2958.1 3200.7 0.20584 3577.8 1232.2 1.8396 -0.060986 0.27019
568.22 50327 2561.2 2947.7 3076.7 0.20497 3431.1 1180.4 1.8396 -0.060722 0.26973
569.91 51204 2582.2 2922.8 2805.3 0.20289 3145.2 1083.3 1.8397 -0.060085 0.27069
572.91 52762 2620.3 2878.4 2407 0.19916 2681.8 920.15 1.8398 -0.058938 0.26943
575.45 54079 2653.4 2840.7 2110.5 0.19593 2292.4 778.19 1.8399 -0.05795 0.26466
576.15 54442 2662.6 2830.3 2034.8 0.19502 2201.5 745.96 1.8399 -0.057675 0.26393
577.84 55310 2685.1 2805.3 1863.5 0.19285 2018.3 683.44 1.8399 -0.057012 0.26407
580.84 56850 2725.9 2760.9 1590.8 0.18899 1692.7 568.31 1.84 -0.055817 0.26079
583.38 58150 2761.3 2723.2 1388.9 0.18568 1431.9 474.01 1.8401 -0.054788 0.25517
584.09 58508 2771.2 2712.8 1337.4 0.18476 1371.9 453 1.8401 -0.054502 0.25427
585.77 59364 2795.3 2687.9 1221.3 0.18256 1249.5 411.63 1.8402 -0.053811 0.25376
588.77 60882 2838.8 2643.5 1037.3 0.17867 1035.5 336.79 1.8402 -0.052565 0.24953
591.32 62163 2876.7 2605.8 901.73 0.17537 871.83 278.83 1.8403 -0.051492 0.24423
592.02 62516 2887.3 2595.4 867.31 0.17446 834.22 266.25 1.8403 -0.051193 0.24332
593.7 63358 2912.9 2570.5 789.71 0.17229 756.04 240.54 1.8404 -0.050473 0.24248
596.7 64851 2959.4 2526.1 667.24 0.16847 617.93 194.22 1.8404 -0.049173 0.23682
599.25 66111 2999.7 2488.4 577.42 0.16522 513.24 159 1.8405 -0.048053 0.23009
599.95 66457 3011 2478 554.69 0.16433 489.4 151.15 1.8405 -0.047741 0.2289
601.63 67285 3038.3 2453 503.55 0.1622 438.74 134.68 1.8406 -0.046988 0.22689
604.63 68752 3087.9 2408.6 423.18 0.15842 347.32 104.2 1.8406 -0.045631 0.21776
607.18 69988 3131.1 2371 364.56 0.15518 280.1 81.953 1.8407 -0.044461 0.20821
607.88 70328 3143.1 2360.6 349.77 0.15428 264.8 77.21 1.8407 -0.044135 0.20601
609.57 71139 3172.3 2335.6 316.43 0.15212 230.23 66.512 1.8407 -0.043349 0.20024
612.57 72574 3225.5 2291.2 263.36 0.14812 154.28 42.88 1.8408 -0.041929 0.17241
615.11 73779 3271.9 2253.5 225.38 0.14435 98.399 27.699 1.8409 -0.040706 0.14001
615.81 74110 3284.9 2243.1 215.91 0.14325 86.957 24.982 1.8409 -0.040365 0.13146
617.5 74896 3316.4 2218.2 194.84 0.14049 63.316 19.315 1.8409 -0.039542 0.1113
620.5 76274 3373.9 2173.8 162.52 0.13501 22.452 11.593 1.841 -0.038056 0.055077
623.04 77416 3424 2136.1 139.67 0.12968 3.9313 8.9858 1.841 -0.036775 0.013259
623.75 77726 3438 2125.7 134.03 0.12813 0 8.5075 1.841 -0.036417 0
623.75 77726 3438 2125.7 134.03 0.12813 0 8.5075 1.841 -0.036417 0
624.75 78165 3436.8 2125.7 124.83 0.12586 5.1347e-16 7.933 1.8411 -0.035908 0
625.75 78593 3435.7 2125.7 116.45 0.12359 0 7.4092 1.8411 -0.035398 0
626.75 79012 3434.5 2125.7 108.75 0.12133 -4.8798e-16 6.9267 1.8411 -0.034889 0
627.75 79424 3433.4 2125.7 101.65 0.11905 8.3627e-16 6.482 1.8411 -0.03438 0
628.75 79828 3432.3 2125.7 95.118 0.11678 0 6.072 1.8411 -0.03387 0
629.75 80224 3431.3 2125.7 89.096 0.11451 -3.3317e-17 5.6937 1.8411 -0.033361 0
630.75 80612 3430.2 2125.7 83.542 0.11224 3.4364e-16 5.3444 1.8412 -0.032852 0
631.75 80992 3429.2 2125.7 78.417 0.10996 -3.2256e-16 5.0219 1.8412 -0.032343 0
632.75 81365 3428.2 2125.7 73.686 0.10768 3.031e-16 4.7237 1.8412 -0.031834 0
633.75 81729 3427.2 2125.7 69.315 0.10541 -2.3328e-16 4.4481 1.8412 -0.031325 0
634.75 82086 3426.2 2125.7 65.276 0.10313 5.3701e-16 4.193 1.8412 -0.030816 0
635.75 82435 3425.3 2125.7 61.54 0.10085 -4.6025e-16 3.9569 1.8412 -0.030307 0
636.75 82776 3424.3 2125.7 58.083 0.098564 -2.3892e-16 3.7383 1.8412 -0.029798 0
637.75 83109 3423.4 2125.7 54.882 0.096282 -2.2575e-16 3.5356 1.8413 -0.029289 0
638.75 83434 3422.6 2125.7 51.918 0.093998 0 3.3478 1.8413 -0.028781 0
639.75 83751 3421.7 2125.7 49.171 0.091713 0 3.1735 1.8413 -0.028272 0
640.75 84061 3420.9 2125.7 46.624 0.089427 3.8356e-16 3.0118 1.8413 -0.027763 0
641.75 84362 3420.1 2125.7 44.261 0.08714 -1.4896e-16 2.8617 1.8413 -0.027255 0
642.75 84656 3419.3 2125.7 42.068 0.084853 -1.4158e-16 2.7222 1.8413 -0.026746 0
643.75 84942 3418.5 2125.7 39.997 0.082564 3.2904e-16 2.5896 1.8413 -0.026237 0
644.75 85220 3417.8 1994.8 0 0.080274 0 0 1.8413 -0.025729 0
645.75 85490 3417.1 1994.8 0 0.077983 -0 0 1.8414 -0.02522 0
646.75 85752 3416.4 1994.8 0 0.075692 0 0 1.8414 -0.024712 0
647.75 86007 3415.7 1994.8 0 0.073399 0 0 1.8414 -0.024204 0
648.75 86253 3415 1994.8 0 0.071106 -0 0 1.8414 -0.023695 0
649.75 86492 3414.4 1994.8 0 0.068812 0 0 1.8414 -0.023187 0
650.75 86723 3413.8 1994.8 0 0.066517 0 0 1.8414 -0.022679 0
651.75 86946 3413.2 1994.8 0 0.064221 -0 0 1.8414 -0.02217 0
652.75 87161 3412.6 1994.8 0 0.061925 0 0 1.8414 -0.021662 0
653.75 87368 3412.1 1994.8 0 0.059628 0 0 1.8414 -0.021154 0
654.75 87567 3411.5 1994.8 0 0.05733 0 0 1.8414 -0.020646 0
655.75 87759 3411 1994.8 0 0.055032 -0 0 1.8414 -0.020138 0
656.75 87943 3410.6 1994.8 0 0.052733 0 0 1.8415 -0.01963 0
657.75 88119 3410.1 1994.8 0 0.050434 -0 0 1.8415 -0.019122 0
658.75 88286 3409.7 1994.8 0 0.048134 0 0 1.8415 -0.018613 0
659.75 88447 3409.3 1994.8 0 0.045833 0 0 1.8415 -0.018105 0
660.75 88599 3408.9 1994.8 0 0.043532 0 0 1.8415 -0.017597 0
661.75 88743 3408.5 1994.8 0 0.04123 0 0 1.8415 -0.017089 0
662.75 88880 3408.1 1994.8 0 0.038928 0 0 1.8415 -0.016581 0
663.75 89009 3407.8 1994.8 0 0.036626 0 0 1.8415 -0.016073 0
664.75 89129 3407.5 1994.8 0 0.034323 0 0 1.8415 -0.015565 0
665.75 89242 3407.2 1994.8 0 0.032019 -0 0 1.8415 -0.015057 0
666.75 89348 3407 1994.8 0 0.029716 0 0 1.8415 -0.01455 0
667.75 89445 3406.7 1994.8 0 0.027412 0 0 1.8415 -0.014042 0
668.75 89534 3406.5 1994.8 0 0.025108 -0 0 1.8415 -0.013534 0
669.75 89616 3406.3 1994.8 0 0.022803 0 0 1.8415 -0.013026 0
670.75 89690 3406.1 1994.8 0 0.020498 0 0 1.8415 -0.012518 0
671.75 89756 3406 1994.8 0 0.018193 0 0 1.8415 -0.01201 0
672.75 89814 3405.9 1994.8 0 0.015888 0 0 1.8415 -0.011502 0
673.75 89864 3405.8 1994.8 0 0.013583 0 0 1.8415 -0.010994 0
674.75 89906 3405.7 1994.8 0 0.011278 0 0 1.8415 -0.010486 0
675.75 89941 3405.6 1994.8 0 0.0089721 -0 0 1.8415 -0.0099784 0
676.75 89967 3405.6 1994.8 0 0.0066665 0 0 1.8415 -0.0094705 0
677.75 89986 3405.6 1994.8 0 0.0043608 -0 0 1.8415 -0.0089626 0
678.75 89997 3405.6 1994.8 0 0.0020552 0 0 1.8415 -0.0084547 0
679.75 90000 3405.6 1994.8 0 0 0 0 1.8415 -0.0079468 0
