time (s) altitude (m) longitude (rad) latitude (rad) velocity (m/s) trajectory angle (rad) heading angle (rad) angle of attack (rad) bank angle (rad) fuel mass (kg) Third Stage (flag)
124.62 28550 2.3866 -0.20427 1605.9 0.10358 1.5987 1.8648e-06 0.042837 1562 1
128.99 29219 2.3866 -0.20318 1612.5 0.087366 1.5992 0.0052067 0.032907 1555.8 1
136.77 30149 2.3865 -0.20122 1624.5 0.060887 1.5999 0.013479 0.0087165 1545.6 1
143.37 30692 2.3865 -0.19954 1635.3 0.040301 1.6002 0.019248 0.0020486 1537.3 1
145.2 30804 2.3865 -0.19908 1638.5 0.034881 1.6003 0.021498 0.00071974 1535 1
149.57 31009 2.3864 -0.19796 1646.3 0.022615 1.6003 0.024901 -0.0065539 1529.6 1
157.35 31171 2.3864 -0.19595 1661.7 0.0030507 1.6004 0.031535 -0.0054213 1519.6 1
163.95 31126 2.3863 -0.19423 1676.4 -0.010746 1.6006 0.036285 0.0065984 1510.7 1
165.78 31088 2.3863 -0.19375 1680.8 -0.014087 1.6007 0.038078 0.0071959 1508.1 1
170.14 30958 2.3863 -0.1926 1691.8 -0.021099 1.6008 0.039799 0.0017104 1501.6 1
177.93 30611 2.3862 -0.19053 1713.6 -0.030463 1.601 0.043183 -0.00019482 1489 1
184.53 30238 2.3861 -0.18875 1734.7 -0.034297 1.6012 0.046899 0.0073241 1476.8 1
186.35 30129 2.3861 -0.18826 1740.9 -0.034525 1.6014 0.047045 0.008723 1473.1 1
190.72 29864 2.3861 -0.18707 1756.7 -0.034693 1.6016 0.04527 0.004321 1463.9 1
198.51 29400 2.386 -0.18491 1787.9 -0.031742 1.6019 0.046607 0.0043477 1445.6 1
205.11 29060 2.386 -0.18306 1816.8 -0.02461 1.6024 0.04828 0.014346 1428.1 1
206.93 28983 2.386 -0.18254 1825.1 -0.021953 1.6026 0.048646 0.016045 1423 1
211.3 28837 2.3859 -0.18129 1845.4 -0.014342 1.6032 0.049239 0.013251 1410.4 1
219.08 28735 2.3858 -0.17902 1882.7 3.5544e-05 1.604 0.044569 0.013631 1386.8 1
225.69 28801 2.3858 -0.17706 1914.5 0.0098734 1.6049 0.039394 0.023432 1366.4 1
227.51 28839 2.3858 -0.17652 1923.2 0.012084 1.6052 0.037973 0.025356 1360.8 1
231.88 28961 2.3857 -0.1752 1943.9 0.016281 1.6059 0.034376 0.022512 1347.5 1
239.66 29233 2.3856 -0.17281 1979.7 0.018426 1.6069 0.02582 0.018973 1324.6 1
246.26 29464 2.3855 -0.17076 2009.4 0.016046 1.6077 0.023977 0.026448 1305.9 1
248.09 29521 2.3855 -0.17019 2017.6 0.015455 1.6079 0.023932 0.027085 1300.7 1
252.46 29649 2.3855 -0.1688 2037.2 0.013387 1.6085 0.022857 0.021767 1288.4 1
260.24 29836 2.3854 -0.16631 2072.5 0.010499 1.6092 0.026333 0.016577 1266.4 1
266.84 29981 2.3853 -0.16415 2102.9 0.011166 1.6099 0.031651 0.022147 1247.2 1
268.66 30026 2.3853 -0.16355 2111.3 0.01195 1.6102 0.031549 0.022327 1241.7 1
273.03 30144 2.3852 -0.16211 2131.1 0.013431 1.6107 0.031149 0.015804 1228.8 1
280.82 30383 2.3851 -0.1595 2164.3 0.01492 1.6113 0.028802 0.010959 1206.1 1
287.42 30597 2.385 -0.15726 2190.6 0.014503 1.6118 0.026779 0.017332 1187.2 1
289.24 30654 2.385 -0.15663 2197.6 0.014162 1.6119 0.027236 0.01783 1182 1
293.61 30788 2.3849 -0.15513 2213.9 0.013614 1.6123 0.027666 0.011875 1169.7 1
301.39 31013 2.3848 -0.15242 2241.6 0.012286 1.6127 0.026882 0.0089226 1147.9 1
308 31183 2.3847 -0.1501 2263.9 0.010373 1.6132 0.02586 0.017059 1129.7 1
309.82 31224 2.3847 -0.14946 2269.9 0.0097351 1.6133 0.025854 0.018243 1124.7 1
314.19 31314 2.3846 -0.1479 2283.9 0.0081859 1.6137 0.025372 0.013366 1112.8 1
321.97 31428 2.3845 -0.14511 2308 0.0046044 1.6141 0.02406 0.010877 1091.7 1
328.57 31482 2.3844 -0.14273 2327.9 0.0027361 1.6146 0.030529 0.018326 1073.6 1
330.4 31493 2.3844 -0.14206 2333.4 0.0031398 1.6148 0.030489 0.019446 1068.4 1
334.77 31526 2.3843 -0.14047 2346.2 0.0035194 1.6151 0.030877 0.014929 1056 1
342.55 31604 2.3842 -0.13761 2368.2 0.0049212 1.6157 0.031337 0.014857 1033.8 1
349.15 31684 2.384 -0.13516 2386 0.0048376 1.6163 0.024454 0.02535 1015.1 1
350.98 31704 2.384 -0.13448 2390.7 0.0039406 1.6165 0.024563 0.027347 1010.1 1
355.34 31731 2.3839 -0.13284 2402.1 0.0019131 1.6169 0.024263 0.024058 998.11 1
363.13 31790 2.3838 -0.12992 2420.2 0.0053032 1.6177 0.042219 0.019915 975.35 1
369.73 31905 2.3837 -0.12742 2434.1 0.0083957 1.6184 0.014579 0.025299 956.04 1
371.55 31942 2.3836 -0.12672 2438.4 0.0049383 1.6185 0.014154 0.025435 951.51 1
375.92 31976 2.3836 -0.12506 2448.2 0.0021746 1.6189 0.025713 0.01843 939.66 1
383.71 32029 2.3834 -0.12208 2465.1 0.0041207 1.6194 0.034892 0.011456 917.25 1
390.31 32116 2.3833 -0.11953 2479.2 0.0060162 1.6199 0.026397 0.018767 898.2 1
392.13 32143 2.3833 -0.11882 2483.1 0.0053766 1.62 0.037045 0.019667 893.18 1
396.5 32207 2.3832 -0.11713 2492.2 0.0059714 1.6204 0.025482 0.016305 880.73 1
404.28 32300 2.383 -0.11409 2508.3 0.0033306 1.6209 0.025289 0.015729 859.54 1
410.89 32346 2.3829 -0.1115 2523.5 0.003121 1.6214 0.060805 0.023102 840.06 1
412.71 32363 2.3829 -0.11078 2528.8 0.0033772 1.6216 0.060922 0.02504 833.95 1
417.08 32405 2.3828 -0.10906 2540.2 0.0041107 1.622 0.053216 0.023232 820.01 1
424.86 32493 2.3826 -0.10596 2559.2 0.0046065 1.6228 0.044671 0.0256 796.02 1
431.46 32568 2.3825 -0.10332 2574.2 0.0040586 1.6235 0.035522 0.034088 776.42 1
433.29 32586 2.3824 -0.10259 2578.2 0.0034853 1.6237 0.037614 0.034998 771.19 1
437.66 32629 2.3823 -0.10083 2587.3 0.0041235 1.6243 0.039649 0.029951 758.29 1
445.44 32716 2.3822 -0.097679 2602.8 0.0041181 1.6251 0.027695 0.025112 735.96 1
452.04 32774 2.382 -0.094993 2615.2 0.0023196 1.6257 0.029044 0.030753 717.76 1
453.86 32783 2.382 -0.094249 2618.5 0.0026708 1.6259 0.03039 0.031835 712.6 1
458.23 32815 2.3819 -0.092463 2626.1 0.0029308 1.6264 0.026574 0.028974 700.44 1
466.02 32876 2.3817 -0.089268 2638.9 0.0028684 1.6272 0.023781 0.029632 679.13 1
472.62 32924 2.3815 -0.086547 2649 0.0027278 1.628 0.020559 0.03614 661.31 1
474.44 32937 2.3815 -0.085794 2651.7 0.0024927 1.6282 0.02083 0.037408 656.46 1
478.81 32966 2.3814 -0.083985 2658 0.0024366 1.6288 0.019837 0.034041 644.81 1
486.59 33015 2.3812 -0.080754 2668.5 0.002302 1.6297 0.017552 0.032565 624.24 1
493.2 33054 2.381 -0.078004 2676.8 0.0021043 1.6305 0.016238 0.041654 606.98 1
495.02 33064 2.381 -0.077243 2678.9 0.0020991 1.6308 0.015755 0.043069 602.24 1
499.39 33088 2.3809 -0.075416 2684 0.001974 1.6314 0.01474 0.040965 590.92 1
507.17 33127 2.3807 -0.072156 2692.5 0.0017871 1.6325 0.013401 0.044778 570.91 1
513.77 33158 2.3805 -0.069382 2699 0.0016659 1.6336 0.012098 0.055943 554.06 1
515.6 33166 2.3805 -0.068615 2700.8 0.0015956 1.634 0.011953 0.057713 549.44 1
519.97 33185 2.3803 -0.066774 2704.7 0.0015104 1.6348 0.011169 0.056965 538.37 1
527.75 33215 2.3801 -0.063491 2711.3 0.0013565 1.6363 0.010042 0.061422 518.77 1
534.35 33238 2.3799 -0.060699 2716.3 0.0012328 1.6377 0.0090519 0.071835 502.25 1
536.18 33244 2.3799 -0.059927 2717.6 0.0011783 1.6381 0.0089303 0.074086 497.71 1
540.54 33258 2.3798 -0.058076 2720.5 0.0011009 1.6392 0.0082869 0.073951 486.84 1
548.33 33279 2.3795 -0.054776 2725.2 0.00095818 1.641 0.0073852 0.077331 467.57 1
554.93 33296 2.3793 -0.051971 2728.8 0.00084983 1.6428 0.0065872 0.088622 451.3 1
556.75 33300 2.3793 -0.051196 2729.6 0.00080068 1.6433 0.0064362 0.090065 446.83 1
561.12 33309 2.3791 -0.049338 2731.6 0.00072321 1.6446 0.005961 0.08899 436.12 1
568.91 33323 2.3789 -0.046026 2734.7 0.00059821 1.6468 0.005204 0.093977 417.11 1
575.51 33333 2.3787 -0.043214 2736.8 0.00049006 1.6489 0.0045577 0.10466 401.05 1
577.33 33335 2.3786 -0.042438 2737.3 0.00044922 1.6495 0.0044083 0.10612 396.63 1
581.7 33340 2.3785 -0.040576 2738.4 0.00037723 1.6509 0.0040354 0.10474 386.05 1
589.48 33347 2.3782 -0.037258 2739.9 0.00026277 1.6535 0.0033796 0.10802 367.25 1
596.09 33351 2.378 -0.034443 2740.7 0.00016186 1.6559 0.0028662 0.1171 351.36 1
597.91 33351 2.3779 -0.033665 2740.9 0.00013437 1.6565 0.0026061 0.11854 346.98 1
602.28 33352 2.3777 -0.031802 2741.1 4.5912e-05 1.6582 0.0024132 0.11752 336.5 1
610.06 33352 2.3774 -0.028485 2741.1 -4.8501e-05 1.6611 0.0018298 0.12418 317.88 1
616.66 33351 2.3772 -0.025671 2740.7 -0.00016519 1.6638 0.0014282 0.13627 302.13 1
618.49 33350 2.3771 -0.024894 2740.5 -0.00018075 1.6646 0.0012092 0.1378 297.78 1
622.86 33347 2.3769 -0.023033 2739.9 -0.00026161 1.6665 0.0010263 0.13732 287.39 1
630.64 33340 2.3766 -0.01972 2738.5 -0.00035 1.6699 0.00052098 0.13914 268.9 1
637.24 33333 2.3763 -0.016912 2736.9 -0.00045623 1.6728 0.00013121 0.13963 253.26 1
639.06 33331 2.3762 -0.016137 2736.4 -0.00047613 1.6736 4.1132e-05 0.13869 248.94 1
643.43 33324 2.376 -0.01428 2735.1 -0.00049241 1.6754 1.8766e-08 0.1304 238.61 1
651.22 33324 2.3757 -0.010977 2732.2 0.00072121 1.6787 0.0010269 0.12947 220.15 1
657.82 33356 2.3754 -0.0081789 2729.2 0.0029446 1.6821 0.0011093 0.17965 204.5 1
659.64 33372 2.3753 -0.0074071 2728.2 0.003474 1.6834 0.00084668 0.20086 200.2 1
664.01 33420 2.3751 -0.0055587 2725.9 0.004461 1.6867 0.00047824 0.25569 190 1
671.79 33522 2.3747 -0.0022729 2721.4 0.0049218 1.6952 7.1272e-09 0.40011 172.12 1
678.4 33604 2.3743 0.00050724 2717.3 0.0039752 1.705 5.6112e-07 0.50932 157.25 1
680.22 33623 2.3742 0.0012733 2716.1 0.0035707 1.708 3.3005e-06 0.54338 153.18 1
684.59 33658 2.374 0.0031069 2713.2 0.0021918 1.7161 3.0771e-07 0.61182 143.49 1
692.37 33664 2.3735 0.0063616 2707.9 -0.001867 1.733 2.414e-07 0.75206 126.34 1
698.97 33592 2.373 0.0091107 2703.4 -0.0062446 1.7492 3.2451e-07 0.76461 111.76 1
700.8 33558 2.3729 0.0098674 2702.1 -0.0072851 1.7536 1.0884e-06 0.71821 107.7 1
705.17 33462 2.3725 0.011677 2699 -0.0088467 1.7636 1.6701e-07 0.64201 97.891 1
712.95 33269 2.3719 0.014887 2693.1 -0.0090129 1.7796 1.0565e-07 0.50617 80.042 1
719.55 33127 2.3713 0.017597 2687.5 -0.0066588 1.7909 1.5545e-07 0.39094 64.525 1
721.38 33096 2.3711 0.018343 2685.8 -0.0056452 1.7936 3.545e-07 0.35912 60.193 1
725.74 33073 2.3707 0.020127 2680.9 0.001791 1.8005 0.0081218 0.28287 49.503 1
733.53 33356 2.3699 0.02329 2670.3 0.031726 1.8128 0.025188 0.14704 29.769 1
740.13 34461 2.3693 0.02594 2639.6 0.10472 1.8199 0.09862 0.031809 12.021 1
741.95 35038 2.3691 0.026661 2621.2 0.14333 1.8209 0.10899 0 6.6987 1
741.95 35038 2.3691 0.026661 2621.2 0.14333 1.8209 0.10899 0 6.6987 0
746.05 36743 2.3687 0.028257 2594.2 0.1758 1.8222 0.10997 0.044601 0.99997 0
753.35 40399 2.3679 0.031023 2523.9 0.21391 1.8265 0.10995 0.093846 0.92856 0
759.54 43782 2.3673 0.033304 2491.3 0.22197 1.8319 0.10366 0.33606 0.26201 0
761.25 44715 2.3672 0.03393 2481.2 0.22183 1.8344 0.10277 0.39191 0.53711 0
765.35 46927 2.3668 0.035416 2463.9 0.21783 1.8393 0.1006 0.47557 0.53693 0
772.65 50678 2.366 0.03804 2439.3 0.2033 1.8465 0.093788 0.62846 0.53687 0
778.84 53597 2.3654 0.04025 2422.6 0.18672 1.851 0.090154 0.68651 0.53673 0
780.55 54355 2.3652 0.040859 2418.5 0.18176 1.852 0.089821 0.69558 0.53669 0
784.65 56084 2.3648 0.042314 2409.3 0.16938 1.8541 0.089206 0.69965 0.5365 0
791.94 58839 2.3641 0.044899 2395.5 0.14602 1.8569 0.085137 0.70977 0.53643 0
798.14 60841 2.3634 0.047086 2385.7 0.12523 1.8586 0.082425 0.71359 0.53627 0
799.85 61339 2.3632 0.047689 2383.4 0.11938 1.859 0.081955 0.71546 0.53623 0
803.94 62432 2.3628 0.049134 2378.2 0.10521 1.8598 0.081235 0.71645 0.53591 0
811.24 64031 2.362 0.051703 2370.6 0.079545 1.8611 0.079525 0.7194 0.53587 0
817.43 65035 2.3614 0.053881 2365.8 0.057469 1.8619 0.07901 0.72021 0.53563 0
819.14 65255 2.3612 0.054482 2364.7 0.05134 1.8621 0.078944 0.71974 0.53557 0
823.24 65681 2.3608 0.055922 2362.6 0.036606 1.8626 0.078983 0.71638 0.53516 0
830.54 66085 2.36 0.058485 2360.3 0.010261 1.8634 0.078487 0.71061 0.53509 0
836.73 66072 2.3593 0.060658 2359.8 -0.012133 1.864 0.078283 0.70664 0.53474 0
838.44 66010 2.3592 0.061258 2359.9 -0.018313 1.8642 0.078314 0.70518 0.53465 0
842.54 65762 2.3587 0.062696 2360.5 -0.033111 1.8646 0.078419 0.70017 0.53307 0
849.84 64965 2.3579 0.065256 2363 -0.059359 1.8654 0.078085 0.69262 0.53342 0
856.03 63935 2.3573 0.067427 2366.5 -0.081455 1.8661 0.077798 0.69049 0.53264 0
857.74 63593 2.3571 0.068027 2367.7 -0.087516 1.8663 0.077761 0.69046 0.53261 0
861.84 62675 2.3567 0.069463 2370.8 -0.10196 1.8668 0.077848 0.68887 0.52918 0
869.14 60693 2.3559 0.072022 2377.5 -0.12727 1.8681 0.078423 0.68659 0.5302 0
875.33 58668 2.3552 0.074193 2384.1 -0.1482 1.8694 0.079046 0.68803 0.52872 0
877.04 58055 2.355 0.074792 2386 -0.15385 1.8699 0.079158 0.68824 0.52884 0
881.14 56490 2.3546 0.076228 2390.9 -0.16716 1.8712 0.079527 0.68604 0.52391 0
888.43 53386 2.3538 0.078784 2399.7 -0.18967 1.8742 0.080167 0.68134 0.5253 0
894.63 50451 2.3531 0.08095 2406.9 -0.20709 1.8781 0.080459 0.6819 0.5231 0
896.34 49595 2.3529 0.081548 2408.7 -0.21154 1.8794 0.080537 0.68186 0.52321 0
900.43 47473 2.3524 0.082979 2412.5 -0.22128 1.8834 0.080706 0.67888 0.52081 0
907.73 43485 2.3516 0.08552 2415.6 -0.23403 1.8941 0.080436 0.67723 0.52037 0
913.92 39985 2.3509 0.087664 2411 -0.23721 1.9097 0.079892 0.68513 0.51832 0
915.63 39019 2.3507 0.088252 2407.9 -0.23628 1.9156 0.079796 0.68737 0.51779 0
919.73 36740 2.3501 0.089654 2395.8 -0.22957 1.9337 0.079622 0.69428 0.51407 0
927.03 33030 2.3491 0.092103 2350.8 -0.19684 1.9864 0.079063 0.73581 0.51256 0
933.22 30558 2.3482 0.094092 2283.2 -0.14455 2.0598 0.078896 0.78561 0.50811 0
934.93 30035 2.3479 0.09462 2259.4 -0.12618 2.0855 0.078953 0.79623 0.50647 0
939.03 29103 2.3471 0.095831 2196.1 -0.077575 2.155 0.079054 0.83506 0.494 0
946.33 28574 2.3457 0.09776 2073.6 0.0097343 2.2973 0.079593 0.91078 0.48992 0
952.52 29108 2.3443 0.09914 1975.4 0.072998 2.4178 0.081828 0.91099 0.47941 0
954.23 29376 2.3439 0.09948 1950.7 0.088673 2.4478 0.082532 0.90763 0.47678 0
958.33 30202 2.3429 0.10023 1896.4 0.12061 2.5144 0.084652 0.90302 0.46345 0
965.63 32129 2.3411 0.10137 1815.5 0.16243 2.6106 0.091628 0.84997 0.46057 0
971.82 34051 2.3396 0.10219 1760.8 0.18498 2.6701 0.097425 0.78687 0.45138 0
973.53 34609 2.3392 0.10239 1747.8 0.18898 2.6832 0.098449 0.77709 0.44956 0
977.62 35966 2.3382 0.10286 1719.7 0.19484 2.7104 0.10148 0.74804 0.4395 0
984.92 38382 2.3365 0.10362 1678.2 0.1955 2.7463 0.10996 0.67358 0.43503 0
991.12 40351 2.335 0.10421 1649.7 0.18833 2.7677 0.11437 0.64466 0.42197 0
992.82 40874 2.3346 0.10437 1642.8 0.18503 2.7727 0.11499 0.63947 0.41693 0
996.92 42077 2.3336 0.10473 1627.7 0.17543 2.7829 0.11648 0.61188 0.35133 0
1004.2 44015 2.3319 0.10536 1604.8 0.15372 2.7968 0.1183 0.55914 0.26325 0
1010.4 45423 2.3305 0.10587 1588.6 0.1317 2.8059 0.11705 0.56624 0.28898 0
1012.1 45771 2.3301 0.106 1584.7 0.12497 2.8081 0.11674 0.56699 0.28007 0
1016.2 46525 2.3291 0.10633 1576.1 0.10825 2.813 0.1161 0.55585 0.28007 0
1023.5 47584 2.3274 0.1069 1563.4 0.076444 2.8206 0.11386 0.55693 0.28007 0
1029.7 48185 2.326 0.10737 1555.1 0.047841 2.8265 0.11129 0.58784 0.28007 0
1031.4 48302 2.3256 0.10749 1553.2 0.039727 2.8281 0.11089 0.59311 0.28007 0
1035.5 48492 2.3247 0.1078 1549.2 0.020097 2.8318 0.11004 0.59588 0.28007 0
1042.8 48520 2.323 0.10833 1544.2 -0.015399 2.8382 0.10668 0.61726 0.28007 0
1049 48228 2.3215 0.10877 1542 -0.045789 2.8439 0.10366 0.64412 0.28007 0
1050.7 48096 2.3211 0.10889 1541.7 -0.054174 2.8455 0.1031 0.64741 0.28007 0
1054.8 47692 2.3202 0.10917 1541.4 -0.074117 2.8495 0.10191 0.64653 0.28007 0
1062.1 46663 2.3185 0.10967 1542.3 -0.10888 2.8571 0.098655 0.65305 0.28007 0
1068.3 45490 2.3171 0.11008 1544.3 -0.13719 2.8645 0.09635 0.66098 0.28007 0
1070 45119 2.3167 0.11019 1545 -0.14473 2.8668 0.095965 0.66036 0.28007 0
1074.1 44150 2.3157 0.11045 1546.8 -0.16209 2.8727 0.095211 0.65341 0.28007 0
1081.4 42168 2.3141 0.1109 1549.9 -0.18995 2.8853 0.0931 0.64876 0.28007 0
1087.6 40260 2.3126 0.11127 1551.5 -0.20939 2.8991 0.091804 0.65152 0.28007 0
1089.3 39702 2.3122 0.11136 1551.6 -0.21386 2.9036 0.091612 0.65212 0.28007 0
1093.4 38325 2.3113 0.11158 1550.9 -0.22248 2.916 0.091315 0.64892 0.28007 0
1100.7 35786 2.3096 0.11195 1544.7 -0.2285 2.9453 0.090507 0.64463 0.28006 0
1106.9 33652 2.3082 0.1122 1531.8 -0.22082 2.9801 0.090066 0.64564 0.28014 0
1108.6 33085 2.3078 0.11227 1526.6 -0.21607 2.9918 0.089975 0.64549 0.2802 0
1112.7 31797 2.3068 0.11239 1510.5 -0.19922 3.0241 0.089732 0.64319 0.28002 0
1120 29887 2.3051 0.11253 1468.5 -0.14947 3.0973 0.088678 0.64704 0.2801 0
1126.2 28807 2.3037 0.11254 1420.1 -0.089553 3.1745 0.087983 0.65313 0.28005 0
1127.9 28614 2.3034 0.11252 1405 -0.070803 3.1978 0.08788 0.65347 0.28007 0
1132 28345 2.3025 0.11245 1366.6 -0.023594 3.2558 0.087599 0.65232 0.28007 0
1139.3 28524 2.301 0.1122 1294.7 0.060261 3.3594 0.086977 0.64424 0.28007 0
1145.5 29243 2.2998 0.11189 1235.1 0.12161 3.4402 0.086855 0.63275 0.28007 0
1147.2 29513 2.2995 0.11179 1219.3 0.13589 3.4606 0.086847 0.62955 0.28007 0
1153.4 30663 2.2984 0.1114 1166.1 0.17675 3.5249 0.08676 0.59932 0.28007 0
1164.3 33069 2.2967 0.11062 1085.9 0.20841 3.6061 0.085647 0.54495 0.28007 0
1173.6 35077 2.2953 0.10991 1031.9 0.19786 3.6503 0.083756 0.55329 0.28007 0
1176.2 35584 2.295 0.10972 1019 0.19008 3.6605 0.083229 0.55657 0.28007 0
1182.3 36679 2.2942 0.10924 991.14 0.16505 3.6811 0.081586 0.54737 0.28007 0
1193.2 38118 2.2928 0.10837 951.69 0.10314 3.7096 0.076678 0.57167 0.28007 0
1202.5 38742 2.2916 0.10763 927.26 0.038332 3.7305 0.072951 0.6407 0.28007 0
1205.1 38811 2.2913 0.10742 921.83 0.019068 3.7362 0.072284 0.65261 0.28007 0
1211.2 38786 2.2906 0.10693 910.91 -0.02831 3.7498 0.069872 0.68265 0.28007 0
1222.2 38077 2.2893 0.10603 897.95 -0.11582 3.776 0.06303 0.78437 0.28007 0
1231.5 36812 2.2883 0.10526 891.67 -0.18999 3.8032 0.059451 0.84889 0.28007 0
1234 36358 2.288 0.10504 890.36 -0.20977 3.8119 0.058886 0.85786 0.28007 0
1240.2 35099 2.2874 0.10452 887.18 -0.25518 3.8362 0.057149 0.89452 0.28007 0
1251.1 32317 2.2863 0.10356 877.49 -0.3255 3.8972 0.05566 0.92583 0.28007 0
1260.4 29576 2.2854 0.10272 856.17 -0.36427 3.9768 0.057704 0.87883 0.28007 0
1263 28792 2.2852 0.10248 846.34 -0.36941 4.0048 0.058088 0.87192 0.28007 0
1269.1 26931 2.2848 0.1019 812.83 -0.37313 4.086 0.058719 0.87375 0.28007 0
1280.1 23959 2.2841 0.10085 708.15 -0.34573 4.2803 0.062903 0.8368 0.28007 0
1289.4 22040 2.2839 0.10001 586.01 -0.29829 4.479 0.067662 0.77916 0.28007 0
1291.9 21623 2.2838 0.099792 552.53 -0.28482 4.5348 0.068526 0.76949 0.28007 0
1298.1 20776 2.2838 0.099318 479.06 -0.25839 4.6709 0.070343 0.74896 0.28007 0
1309 19650 2.2838 0.098611 381.28 -0.232 4.9177 0.074614 0.71074 0.28007 0
1318.3 18902 2.284 0.098137 328.6 -0.23055 5.1353 0.076725 0.7008 0.28007 0
1320.9 18712 2.284 0.098023 317.14 -0.23386 5.1975 0.076957 0.70023 0.28007 0
