time (s) altitude (m) velocity (m/s) mass (kg) dynamic pressure (Pa)trajectory angle (rad) Lift (N)Drag (N)heading angle (rad) latitude (rad) angle of attack (rad) 
741.95 35038 2621.2 3300 28053 0.14333 30806 10469 1.8209 0.026661 0.2665
742.91 35397 2628.8 3285.9 26681 0.14545 30710 10611 1.821 0.027035 0.27533
744.6 36053 2642.6 3260.8 24361 0.14905 28647 9971.3 1.821 0.027704 0.27948
746.04 36624 2654.7 3239.5 22522 0.1517 26464 9207 1.821 0.028273 0.27933
746.44 36784 2658.1 3233.6 22035 0.15238 25873 8998.2 1.821 0.028431 0.27919
747.39 37170 2666.5 3219.5 20906 0.15386 24507 8518 1.821 0.02881 0.27886
749.08 37871 2681.9 3194.4 19021 0.15614 22318 7758.6 1.8211 0.029487 0.27904
750.52 38475 2695.4 3173.1 17544 0.15774 20551 7139.4 1.8211 0.030064 0.27871
750.92 38644 2699.2 3167.3 17155 0.15813 20083 6974.9 1.8211 0.030224 0.27858
751.87 39050 2708.4 3153.2 16257 0.159 19349 6771.5 1.8211 0.030609 0.2817
753.57 39783 2725.1 3128.1 14765 0.16038 17921 6331.5 1.8212 0.031296 0.28542
755.01 40412 2739.7 3106.8 13603 0.16128 16128 5631.7 1.8212 0.031882 0.28095
755.4 40587 2743.8 3100.9 13299 0.16146 15718 5479.9 1.8212 0.032045 0.28037
756.36 41009 2753.8 3086.8 12598 0.16185 14909 5200.5 1.8212 0.032435 0.28061
758.05 41765 2772 3061.7 11439 0.16234 13652 4781.4 1.8213 0.033133 0.28219
759.49 42412 2787.7 3040.4 10541 0.1626 12667 4451 1.8213 0.033729 0.28349
759.89 42591 2792.1 3034.5 10306 0.16265 12382 4350.2 1.8213 0.033894 0.28344
760.84 43022 2802.7 3020.4 9763.9 0.16271 11804 4159 1.8213 0.034291 0.28461
762.53 43795 2821.9 2995.3 8871.1 0.16271 10857 3847.4 1.8214 0.035002 0.28696
763.97 44454 2838.5 2974 8180.2 0.16258 10040 3562.1 1.8214 0.035609 0.2875
764.37 44637 2843.2 2968.1 7999.7 0.16253 9825.9 3487.4 1.8214 0.035777 0.28765
765.32 45075 2854.4 2954 7583.7 0.16237 9378.3 3338.9 1.8214 0.036181 0.28897
767.02 45860 2874.6 2928.9 6898.4 0.16201 8619.9 3083.3 1.8215 0.036905 0.291
768.46 46528 2892 2907.6 6368.5 0.16161 7951.5 2842.7 1.8215 0.037523 0.29083
768.85 46713 2896.9 2901.8 6230 0.16148 7778.4 2780.7 1.8215 0.037694 0.29083
769.8 47157 2908.7 2887.7 5920.6 0.16116 7422.7 2658.2 1.8215 0.038105 0.29163
771.5 47949 2929.9 2862.6 5435.2 0.16052 6835.5 2450.3 1.8216 0.038843 0.29222
772.94 48624 2948.2 2841.3 5054.1 0.15992 6320.3 2258.7 1.8216 0.039473 0.29107
773.34 48810 2953.3 2835.4 4953.5 0.15974 6190.8 2211.5 1.8216 0.039647 0.29094
774.29 49258 2965.6 2821.3 4720.6 0.1593 5917.1 2116 1.8216 0.040067 0.29151
775.98 50057 2987.8 2796.2 4332 0.15848 5433.2 1942.1 1.8217 0.040819 0.29161
777.42 50735 3006.9 2774.9 4027.2 0.15773 5015.2 1785.4 1.8217 0.041461 0.29018
777.82 50923 3012.2 2769 3946.8 0.15751 4907.4 1745.4 1.8217 0.041639 0.28987
778.7 51341 3024.1 2755.9 3787 0.15702 4711.4 1675.1 1.8217 0.042036 0.28997
780.55 52215 3049.3 2728.6 3476.5 0.15597 4303.4 1524.1 1.8218 0.042872 0.28894
782.86 53309 3081.4 2694.4 3119.9 0.15458 3826.8 1346.8 1.8218 0.043926 0.28711
785.01 54331 3111.9 2662.6 2816.7 0.15324 3422.3 1196.6 1.8219 0.044919 0.28523
786.43 55005 3132.4 2641.6 2631.3 0.15232 3159.6 1096.8 1.8219 0.045579 0.28295
786.79 55175 3137.5 2636.3 2586.4 0.15209 3100.5 1075 1.8219 0.045745 0.28263
787.74 55627 3151.5 2622.2 2469.9 0.15146 2953.9 1022.1 1.8219 0.046191 0.28216
789.43 56434 3176.5 2597.1 2273.7 0.15032 2696.7 927.55 1.8219 0.046991 0.28055
790.87 57118 3198.1 2575.8 2118.2 0.14935 2501.7 857.39 1.822 0.047674 0.27973
791.27 57307 3204 2569.9 2077 0.14908 2452.2 839.98 1.822 0.047863 0.27966
792.22 57760 3218.5 2555.8 1981 0.14843 2339.7 800.83 1.822 0.048319 0.2797
793.92 58567 3244.5 2530.7 1819.7 0.14729 2150.7 735.17 1.822 0.049135 0.27979
795.36 59252 3266.8 2509.4 1692 0.14633 2000.6 683.08 1.8221 0.049833 0.27984
795.75 59442 3273 2503.5 1658.2 0.14607 1958.4 667.97 1.8221 0.050027 0.27962
796.64 59863 3286.9 2490.4 1585 0.14548 1872 637.93 1.8221 0.050459 0.2796
798.48 60743 3316.2 2463.1 1441.2 0.14427 1688 572.24 1.8221 0.051367 0.27794
800.79 61844 3353.5 2428.9 1277.7 0.14275 1460.4 489.39 1.8222 0.052515 0.27318
802.94 62871 3389 2397.1 1140.3 0.14129 1264.9 417.99 1.8222 0.053596 0.26753
804.36 63548 3412.7 2376.1 1057 0.14031 1146.3 375.54 1.8222 0.054315 0.26339
804.72 63718 3418.8 2370.8 1036.9 0.14007 1120.5 366.66 1.8222 0.054497 0.26275
805.6 64140 3433.7 2357.7 988.65 0.13945 1060.3 346.17 1.8223 0.054948 0.26141
807.45 65021 3465.4 2330.3 894.13 0.13816 928.21 299.4 1.8223 0.055897 0.25571
809.76 66123 3505.7 2296.2 787.33 0.13651 785.41 249.49 1.8223 0.057097 0.24898
811.91 67149 3544.1 2264.3 698.2 0.13496 677.39 212.92 1.8224 0.058227 0.24445
813.33 67826 3569.7 2243.3 644.47 0.13395 616.18 193.23 1.8224 0.058979 0.24194
813.69 67996 3576.2 2238 631.54 0.13369 602.24 188.8 1.8224 0.05917 0.2415
814.34 68308 3588.2 2228.3 608.41 0.13323 578.85 181.5 1.8224 0.059519 0.24111
815.75 68982 3614.2 2207.4 561.04 0.13223 523.61 163.62 1.8225 0.060278 0.23787
817.64 69882 3649.5 2179.4 502.92 0.13091 453.95 140.92 1.8225 0.061301 0.2324
819.63 70828 3687.3 2150 447.6 0.12943 350.17 104.46 1.8225 0.062388 0.21085
821.32 71634 3720.3 2124.9 404 0.12795 249.14 72.014 1.8226 0.063323 0.17878
822.39 72138 3741.3 2109.2 378.58 0.12687 202.41 58.56 1.8226 0.063915 0.16154
822.65 72263 3746.6 2105.3 372.55 0.1266 190.47 55.248 1.8226 0.064062 0.15648
823.54 72680 3764.3 2092.2 352.98 0.12562 155.28 45.49 1.8226 0.064557 0.14107
825.38 73548 3801.9 2064.9 315.33 0.12336 98.236 31.904 1.8226 0.065599 0.10883
827.69 74621 3849.9 2030.7 274.02 0.12012 48.062 21.424 1.8227 0.066916 0.06854
829.84 75606 3895.6 1998.8 240.66 0.11669 16.071 16.485 1.8227 0.068159 0.030986
831.26 76245 3926.2 1977.8 221.11 0.11422 2.9619 14.668 1.8227 0.068987 0.0062303
831.62 76404 3934 1972.5 216.48 0.11356 -1.11e-15 14.243 1.8227 0.069196 0
831.62 76404 3934 1972.5 216.48 0.11356 -1.11e-15 14.243 1.8227 0.069196 0
832.62 76850 3932.9 1972.5 201.63 0.11172 6.4618e-16 13.261 1.8228 0.069783 0
833.62 77285 3931.9 1972.5 188.08 0.10988 -3.6165e-16 12.365 1.8228 0.07037 0
834.62 77712 3930.9 1972.5 175.59 0.10803 5.6272e-16 11.54 1.8228 0.070957 0
835.62 78132 3929.9 1972.5 164.08 0.10619 5.2583e-16 10.779 1.8228 0.071544 0
836.62 78545 3928.9 1972.5 153.46 0.10434 4.9181e-16 10.078 1.8228 0.072131 0
837.62 78951 3928 1972.5 143.66 0.10249 -1.197e-15 9.431 1.8228 0.072718 0
838.62 79349 3927 1972.5 134.62 0.10064 4.3141e-16 8.8339 1.8228 0.073304 0
839.62 79740 3926.1 1972.5 126.26 0.098793 1.052e-15 8.2825 1.8229 0.073891 0
840.62 80124 3925.2 1972.5 118.53 0.096943 0 7.7728 1.8229 0.074477 0
841.62 80500 3924.3 1972.5 111.38 0.095092 3.5695e-16 7.3017 1.8229 0.075064 0
842.62 80869 3923.4 1972.5 104.77 0.09324 4.3648e-16 6.8658 1.8229 0.07565 0
843.62 81230 3922.6 1972.5 98.647 0.091388 4.1097e-16 6.4624 1.8229 0.076236 0
844.62 81585 3921.7 1972.5 92.975 0.089534 0 6.0888 1.8229 0.076823 0
845.62 81932 3920.9 1972.5 87.718 0.08768 3.6544e-16 5.7427 1.8229 0.077409 0
846.62 82271 3920.1 1972.5 82.843 0.085826 6.9027e-16 5.4218 1.823 0.077995 0
847.62 82604 3919.4 1972.5 78.32 0.083971 -5.0199e-16 5.1242 1.823 0.078581 0
848.62 82929 3918.6 1972.5 74.122 0.082115 -3.088e-16 4.848 1.823 0.079167 0
849.62 83247 3917.8 1972.5 70.223 0.080258 2.9256e-16 4.5916 1.823 0.079753 0
850.62 83557 3917.1 1972.5 66.6 0.078401 -1.494e-16 4.3534 1.823 0.080339 0
851.62 83860 3916.4 1972.5 63.233 0.076543 -2.6343e-16 4.1321 1.823 0.080925 0
852.62 84156 3915.7 1972.5 60.101 0.074684 -1.3482e-16 3.9263 1.823 0.08151 0
853.62 84444 3915 1972.5 57.188 0.072825 -3.6654e-16 3.7349 1.823 0.082096 0
854.62 84726 3914.4 1972.5 54.477 0.070966 1.0475e-16 3.5569 1.8231 0.082682 0
855.62 85000 3913.8 1972.5 51.87 0.069106 -1.1636e-16 3.3864 1.8231 0.083267 0
856.62 85266 3913.1 1841.6 0 0.067245 0 0 1.8231 0.083853 0
857.62 85525 3912.5 1841.6 0 0.065384 -0 0 1.8231 0.084439 0
858.62 85777 3912 1841.6 0 0.063522 0 0 1.8231 0.085024 0
859.62 86022 3911.4 1841.6 0 0.06166 0 0 1.8231 0.08561 0
860.62 86260 3910.8 1841.6 0 0.059797 0 0 1.8231 0.086195 0
861.62 86490 3910.3 1841.6 0 0.057934 0 0 1.8231 0.08678 0
862.62 86712 3909.8 1841.6 0 0.05607 0 0 1.8231 0.087366 0
863.62 86928 3909.3 1841.6 0 0.054206 0 0 1.8231 0.087951 0
864.62 87136 3908.8 1841.6 0 0.052341 0 0 1.8231 0.088537 0
865.62 87337 3908.4 1841.6 0 0.050476 0 0 1.8232 0.089122 0
866.62 87530 3907.9 1841.6 0 0.048611 0 0 1.8232 0.089707 0
867.62 87717 3907.5 1841.6 0 0.046745 0 0 1.8232 0.090292 0
868.62 87896 3907.1 1841.6 0 0.044879 -0 0 1.8232 0.090877 0
869.62 88067 3906.7 1841.6 0 0.043013 0 0 1.8232 0.091463 0
870.62 88231 3906.4 1841.6 0 0.041146 0 0 1.8232 0.092048 0
871.62 88389 3906 1841.6 0 0.039279 0 0 1.8232 0.092633 0
872.62 88538 3905.7 1841.6 0 0.037412 -0 0 1.8232 0.093218 0
873.62 88681 3905.4 1841.6 0 0.035544 0 0 1.8232 0.093803 0
874.62 88816 3905.1 1841.6 0 0.033676 0 0 1.8232 0.094388 0
875.62 88944 3904.8 1841.6 0 0.031808 -0 0 1.8232 0.094973 0
876.62 89064 3904.5 1841.6 0 0.02994 -0 0 1.8232 0.095558 0
877.62 89177 3904.3 1841.6 0 0.028071 0 0 1.8232 0.096143 0
878.62 89283 3904.1 1841.6 0 0.026202 0 0 1.8232 0.096728 0
879.62 89382 3903.9 1841.6 0 0.024333 -0 0 1.8232 0.097313 0
880.62 89473 3903.7 1841.6 0 0.022464 -0 0 1.8232 0.097898 0
881.62 89557 3903.5 1841.6 0 0.020595 0 0 1.8232 0.098483 0
882.62 89634 3903.3 1841.6 0 0.018725 0 0 1.8232 0.099068 0
883.62 89704 3903.2 1841.6 0 0.016856 0 0 1.8233 0.099653 0
884.62 89766 3903.1 1841.6 0 0.014986 -0 0 1.8233 0.10024 0
885.62 89821 3903 1841.6 0 0.013116 -0 0 1.8233 0.10082 0
886.62 89868 3902.9 1841.6 0 0.011246 -0 0 1.8233 0.10141 0
887.62 89908 3902.8 1841.6 0 0.0093761 0 0 1.8233 0.10199 0
888.62 89941 3902.8 1841.6 0 0.007506 0 0 1.8233 0.10258 0
889.62 89967 3902.8 1841.6 0 0.005636 -0 0 1.8233 0.10316 0
890.62 89985 3902.8 1841.6 0 0.0037659 -0 0 1.8233 0.10375 0
891.62 89996 3902.8 1841.6 0 0.0018958 -0 0 1.8233 0.10433 0
892.62 90000 3902.8 1841.6 0 2.5688e-05 -0 0 1.8233 0.10492 0
893.62 89996 3902.8 1841.6 0 0 -0 0 1.8233 0.1055 0
