time (s) altitude (m) longitude (rad) latitude (rad) velocity (m/s) trajectory angle (rad) heading angle (rad) angle of attack (rad) bank angle (rad) fuel mass (kg) 
0 25846 2.5307 -0.264 1520 0.0032881 1.0058 0.013855 0.1357 1562
1.8801 25852 2.531 -0.26362 1526.2 0.0010434 1.0072 0.01426 0.13015 1558.5
6.081 25845 2.5315 -0.26277 1540.9 -0.0026918 1.01 0.017386 0.10789 1550.4
12.082 25808 2.5323 -0.26154 1563.9 -0.0046178 1.0136 0.020011 0.082683 1537.8
19.158 25758 2.5333 -0.26005 1594.2 -0.0037812 1.017 0.021641 0.045444 1521.4
26.456 25741 2.5343 -0.25849 1629.3 0.0016799 1.019 0.025188 0.022778 1502.4
33.095 25804 2.5352 -0.25703 1664.5 0.01001 1.0209 0.025071 0.040162 1483.2
38.275 25918 2.5359 -0.25587 1693.9 0.015958 1.0232 0.022959 0.067211 1467.2
41.373 26010 2.5364 -0.25517 1712.2 0.018903 1.0249 0.021583 0.083023 1457.3
42.122 26034 2.5365 -0.25499 1716.7 0.019506 1.0253 0.021456 0.084549 1454.8
42.906 26061 2.5366 -0.25481 1721.5 0.020152 1.0258 0.021304 0.084013 1452.2
44.712 26126 2.5369 -0.2544 1732.5 0.021563 1.0268 0.020857 0.080167 1446.2
47.442 26234 2.5373 -0.25376 1749.5 0.023533 1.0282 0.020567 0.075456 1436.9
50.961 26388 2.5378 -0.25293 1771.9 0.026431 1.03 0.022852 0.074782 1424.6
55.091 26600 2.5384 -0.25194 1798.3 0.03122 1.0323 0.024337 0.073978 1409.8
59.626 26874 2.5391 -0.25084 1826.4 0.034708 1.035 0.018827 0.113 1393.8
64.338 27174 2.5398 -0.24967 1854.4 0.033887 1.0386 0.012556 0.17948 1378
68.991 27448 2.5405 -0.2485 1881 0.028393 1.0424 0.0044575 0.23735 1363.3
73.35 27649 2.5412 -0.24739 1905.8 0.020267 1.0462 0.0043788 0.29675 1350
77.199 27777 2.5418 -0.24639 1928 0.01485 1.0506 0.01121 0.34695 1337.9
80.344 27859 2.5422 -0.24556 1946.6 0.012221 1.0555 0.015523 0.39001 1327.8
82.627 27911 2.5426 -0.24495 1960.4 0.011234 1.0597 0.019203 0.41934 1320.2
83.934 27939 2.5428 -0.2446 1968.5 0.011015 1.0625 0.020782 0.43636 1315.8
84.244 27946 2.5428 -0.24452 1970.4 0.010991 1.0631 0.021243 0.43988 1314.7
85.509 27973 2.543 -0.24418 1978.4 0.011015 1.066 0.022748 0.45475 1310.4
88.384 28038 2.5435 -0.24339 1996.9 0.011875 1.0733 0.027084 0.49526 1300.3
92.627 28151 2.5441 -0.24222 2025.2 0.014644 1.0862 0.030574 0.55686 1285
97.894 28327 2.5449 -0.24072 2061 0.018041 1.1045 0.031535 0.63675 1265.6
103.76 28566 2.5458 -0.23901 2101.3 0.020865 1.1275 0.033571 0.72505 1243.9
109.74 28841 2.5466 -0.2372 2141.6 0.022014 1.1533 0.032961 0.81314 1221.6
115.37 29101 2.5474 -0.23546 2177 0.020342 1.1779 0.031496 0.87788 1201.1
120.17 29301 2.548 -0.23393 2205.4 0.017683 1.1987 0.030488 0.88337 1183.8
123.77 29433 2.5485 -0.23277 2225.8 0.015595 1.2134 0.029824 0.85784 1171
125.86 29504 2.5488 -0.23208 2237.5 0.014513 1.2218 0.029779 0.84742 1163.5
126.37 29520 2.5488 -0.23192 2240.2 0.014254 1.2237 0.029653 0.84559 1161.7
127.63 29560 2.549 -0.2315 2247.1 0.01364 1.2287 0.030118 0.84098 1157.2
130.51 29644 2.5493 -0.23055 2262.5 0.012413 1.2398 0.02946 0.8203 1147
134.75 29755 2.5498 -0.22912 2284.5 0.010709 1.2554 0.029192 0.78918 1132
140.02 29879 2.5504 -0.22731 2311.1 0.0099928 1.2747 0.032496 0.76723 1113.2
145.88 30015 2.551 -0.22527 2340 0.010039 1.2964 0.031822 0.77044 1092.1
151.87 30155 2.5516 -0.22314 2368.3 0.0097892 1.318 0.031507 0.7658 1070.6
157.49 30283 2.5521 -0.22111 2393.1 0.009214 1.3371 0.02786 0.73668 1050.5
162.29 30385 2.5525 -0.21935 2412.7 0.0083258 1.3519 0.028116 0.70962 1033.6
165.89 30456 2.5528 -0.21802 2426.8 0.0081967 1.363 0.028033 0.69553 1020.9
167.99 30498 2.553 -0.21724 2434.8 0.008025 1.3691 0.028154 0.69119 1013.6
168.49 30507 2.553 -0.21706 2436.7 0.0080426 1.3707 0.028279 0.69071 1011.8
169.75 30532 2.5531 -0.21658 2441.4 0.0080272 1.3744 0.02843 0.68911 1007.3
172.63 30589 2.5533 -0.21551 2452.3 0.0080821 1.383 0.028628 0.68162 997.2
176.87 30674 2.5536 -0.2139 2468.2 0.0082123 1.3953 0.027819 0.67074 982.28
182.14 30780 2.554 -0.21189 2487.7 0.0080435 1.4099 0.02637 0.66425 963.92
188 30894 2.5543 -0.20963 2508.9 0.0074141 1.4255 0.025471 0.6633 943.65
193.99 31000 2.5547 -0.20729 2530 0.0066574 1.4413 0.026008 0.66875 923.03
199.61 31092 2.555 -0.20508 2549.5 0.0063972 1.4566 0.027886 0.6822 903.56
204.41 31171 2.5552 -0.20317 2566.1 0.0064645 1.4701 0.028269 0.69545 886.83
208.01 31231 2.5553 -0.20173 2578.4 0.0063959 1.4803 0.027995 0.70266 874.32
210.11 31265 2.5554 -0.20089 2585.4 0.0063221 1.4862 0.0279 0.70391 867.04
210.61 31274 2.5554 -0.20069 2587.1 0.0062994 1.4876 0.027905 0.70401 865.3
212.49 31304 2.5555 -0.19993 2593.4 0.0062083 1.4929 0.027625 0.7034 858.78
216.69 31371 2.5556 -0.19823 2607.4 0.0059709 1.5045 0.027283 0.69594 844.26
222.69 31462 2.5557 -0.19578 2626.9 0.0056807 1.5206 0.026664 0.683 823.58
229.77 31565 2.5559 -0.19287 2649.5 0.005455 1.5391 0.02691 0.66954 799.27
237.07 31676 2.5559 -0.18983 2672.2 0.0060272 1.5575 0.026743 0.62761 774.18
243.71 31786 2.5559 -0.18705 2692.2 0.0061795 1.5722 0.022014 0.56955 751.72
248.89 31868 2.5559 -0.18487 2707.4 0.0053633 1.5819 0.02022 0.53109 734.6
251.98 31911 2.5559 -0.18356 2716.3 0.004941 1.5873 0.020111 0.51657 724.4
252.73 31921 2.5559 -0.18324 2718.5 0.0048192 1.5886 0.02011 0.51493 721.94
255.1 31951 2.5559 -0.18223 2725.2 0.0045037 1.5926 0.020121 0.50607 714.16
260.32 32012 2.5558 -0.18 2740.1 0.0041323 1.6012 0.020534 0.47338 696.99
267.59 32093 2.5557 -0.17689 2760.3 0.0040592 1.6124 0.020184 0.44444 673.13
275.78 32187 2.5555 -0.17334 2782.7 0.0042304 1.6244 0.020562 0.43032 646.26
283.66 32286 2.5553 -0.16991 2803.7 0.0047576 1.6357 0.02025 0.42612 620.45
290.02 32370 2.5551 -0.16713 2820.3 0.0044929 1.6445 0.017979 0.43069 599.84
293.91 32416 2.555 -0.16542 2830.2 0.0038744 1.6496 0.017784 0.43425 587.4
294.85 32426 2.555 -0.165 2832.6 0.003748 1.6509 0.01781 0.4342 584.36
296.38 32442 2.5549 -0.16433 2836.4 0.0035328 1.6529 0.017954 0.43354 579.47
299.83 32475 2.5548 -0.1628 2845.1 0.0031583 1.6576 0.018634 0.4286 568.42
304.85 32519 2.5546 -0.16058 2857.7 0.0031433 1.6643 0.02007 0.41748 552.23
310.94 32577 2.5543 -0.15786 2872.7 0.0034275 1.6724 0.018914 0.40426 532.54
317.52 32639 2.554 -0.15492 2888.6 0.0031801 1.6804 0.018689 0.38567 511.48
323.93 32708 2.5537 -0.15204 2903.9 0.0046899 1.6883 0.024709 0.34919 490.63
329.56 32813 2.5533 -0.1495 2917 0.0084657 1.6952 0.027756 0.31056 471.98
333.84 32939 2.5531 -0.14756 2926.5 0.011579 1.7001 0.027038 0.29591 457.9
336.37 33031 2.5529 -0.14642 2931.9 0.013119 1.7028 0.025342 0.29594 449.76
336.98 33054 2.5529 -0.14614 2933.2 0.013405 1.7035 0.024931 0.29645 447.83
338.24 33105 2.5528 -0.14557 2935.8 0.01396 1.7048 0.024019 0.29904 443.85
341.12 33226 2.5526 -0.14426 2941.7 0.014554 1.7076 0.019801 0.30464 435
345.36 33405 2.5524 -0.14233 2950 0.0137 1.7113 0.014143 0.33436 422.53
350.63 33590 2.552 -0.13992 2960 0.0093936 1.7154 0.0050111 0.39996 408.03
356.49 33685 2.5516 -0.13723 2971.2 0.0013951 1.7195 0.0026906 0.47307 392.76
362.48 33643 2.5512 -0.13448 2983 -0.0055902 1.725 0.010948 0.54774 376.81
368.1 33515 2.5508 -0.13189 2994.4 -0.0092135 1.7332 0.019924 0.62418 360.76
372.9 33375 2.5504 -0.12967 3004.3 -0.0098485 1.7426 0.02817 0.62898 346.02
376.5 33275 2.5501 -0.12801 3011.8 -0.0081872 1.7506 0.034117 0.56499 334.31
378.6 33229 2.5499 -0.12704 3016.1 -0.0062188 1.7553 0.037765 0.54019 327.22
379.1 33220 2.5499 -0.12681 3017.2 -0.0056458 1.7565 0.038557 0.5307 325.5
380.16 33204 2.5498 -0.12632 3019.3 -0.004288 1.759 0.040289 0.51557 321.81
382.6 33186 2.5496 -0.12519 3024 -0.0004754 1.7647 0.044477 0.47632 313.23
386.23 33220 2.5492 -0.12351 3030.7 0.0070018 1.7731 0.050754 0.41588 300.1
390.8 33397 2.5488 -0.12139 3038.5 0.018884 1.7828 0.058655 0.33871 283.25
396.01 33817 2.5482 -0.11897 3046.1 0.034188 1.7918 0.067758 0.25029 264.22
401.5 34523 2.5477 -0.11642 3052.5 0.050019 1.7983 0.077171 0.16058 245.15
406.9 35466 2.5471 -0.11392 3056.8 0.064115 1.8018 0.086668 0.077551 228.09
411.83 36522 2.5465 -0.11163 3057.9 0.075827 1.8032 0.094798 0.037344 214.34
415.97 37538 2.5461 -0.10972 3056.2 0.084886 1.804 0.10204 0.032367 204.29
419.03 38358 2.5457 -0.10831 3053.5 0.090783 1.8044 0.10247 0.018106 197.76
420.8 38856 2.5455 -0.10749 3051.7 0.093485 1.8045 0.098846 0.0048706 194.38
421.22 38976 2.5455 -0.1073 3051.3 0.094033 1.8045 0.09845 0 193.61
421.22 38976 2.5455 -0.1073 3051.3 0.094033 1.8045 0.09845 0 193.61
422.71 39417 2.5453 -0.10661 3041.5 0.10072 1.8052 0.093709 0.11933 193.47
426.18 40534 2.5449 -0.10503 3021.6 0.11079 1.8108 0.081159 0.44609 193.4
431.53 42359 2.5443 -0.10261 2997.9 0.11485 1.8249 0.078278 0.85193 193.3
438.62 44700 2.5435 -0.099441 2970.1 0.10338 1.8483 0.10684 1.5544 193.26
447.3 47007 2.5423 -0.095635 2940.2 0.077203 1.8787 0.12657 1.5667 193.19
457.33 48878 2.5409 -0.091308 2908.6 0.049934 1.9092 0.16856 1.5632 193.15
468.48 49939 2.5391 -0.086609 2876.7 0.016079 1.9448 0.15989 1.5645 193.09
480.46 49919 2.5371 -0.081658 2852.4 -0.017662 1.9741 0.16913 1.5576 193.05
492.99 48593 2.5348 -0.076615 2824.5 -0.056764 2.0161 0.16874 1.5615 192.98
505.76 45920 2.5323 -0.07163 2797.4 -0.092599 2.0605 0.16906 1.5488 192.94
518.45 41948 2.5295 -0.066928 2746.8 -0.13359 2.1463 0.17146 1.5527 192.88
530.74 37067 2.5265 -0.062775 2664.6 -0.1553 2.2731 0.1592 1.3767 192.83
542.35 32585 2.5231 -0.059631 2492.4 -0.13369 2.5447 0.17452 1.2945 192.76
552.97 30115 2.5195 -0.057965 2290.4 -0.054571 2.8634 0.11886 1.1619 192.71
562.35 29508 2.5163 -0.057472 2143.1 -0.015545 3.1138 0.10426 1.3935 192.64
570.26 29284 2.5137 -0.057658 2042.4 -0.0093921 3.3082 0.076823 1.2614 192.58
576.5 29205 2.5118 -0.058101 1983.9 -0.0079908 3.4285 0.078552 1.4721 192.51
580.93 29091 2.5105 -0.058544 1939.4 -0.015187 3.5237 0.073352 1.2101 192.45
583.42 29035 2.5098 -0.058842 1918.9 -0.0090825 3.5669 0.076386 1.4712 192.38
584.01 29023 2.5097 -0.058915 1912.7 -0.013299 3.5812 0.07463 1.3395 192.36
585.14 28994 2.5094 -0.059061 1902.5 -0.013862 3.6033 0.074413 1.3616 192.31
587.77 28917 2.5087 -0.059425 1880.4 -0.017355 3.6554 0.074128 1.4092 192.09
591.84 28757 2.5077 -0.060049 1843.1 -0.025525 3.7372 0.073997 1.4258 192.42
597.29 28443 2.5064 -0.060988 1802 -0.037113 3.847 0.07307 1.41 191.52
604 27951 2.5051 -0.062284 1734.7 -0.044205 3.9883 0.073419 1.3213 193.43
611.86 27401 2.5038 -0.063978 1743.3 -0.03227 4.1459 0.074968 1.1385 179.71
620.71 27179 2.5027 -0.066176 1862.5 0.0068148 4.2925 0.056875 0.96586 143.95
630.4 27826 2.5017 -0.068908 1985.6 0.064455 4.4196 0.049586 0.77968 105.48
640.73 29903 2.5009 -0.072102 2108.1 0.12817 4.5034 0.043154 0.52552 67.163
651.53 33289 2.5002 -0.075628 2181.5 0.15757 4.5406 0.035631 0.43133 39.889
662.58 37220 2.4996 -0.079304 2177.7 0.16957 4.5665 0.064994 0.41973 29.408
673.69 41348 2.4991 -0.082939 2121.4 0.17369 4.5886 0.069436 0.41094 31.591
684.64 45108 2.4987 -0.086465 2098.7 0.15078 4.5987 0.072504 0.39863 30.053
695.23 48132 2.4983 -0.089854 2070.3 0.12318 4.6059 0.075316 0.38547 31.147
705.26 50336 2.498 -0.093043 2060 0.089143 4.6097 0.076927 0.37229 30.121
714.56 51736 2.4977 -0.095992 2044.9 0.057864 4.6134 0.079047 0.36465 30.904
722.93 52463 2.4974 -0.098639 2042.4 0.026592 4.6155 0.079698 0.35536 30.119
730.23 52663 2.4972 -0.10095 2035.4 0.00067956 4.618 0.080825 0.35262 30.713
736.33 52531 2.497 -0.10287 2037 -0.02241 4.6194 0.080602 0.34188 30.106
741.1 52229 2.4969 -0.10438 2034.1 -0.039218 4.6211 0.080612 0.34507 30.541
744.46 51920 2.4968 -0.10543 2036.5 -0.051901 4.6219 0.080179 0.3515 30.111
746.35 51706 2.4967 -0.10603 2035.2 -0.058349 4.6227 0.080165 0.35965 30.369
746.8 51653 2.4967 -0.10617 2035.9 -0.060092 4.6227 0.08013 0.35889 30.246
748.15 51481 2.4967 -0.1066 2036.3 -0.064967 4.6232 0.08088 0.35404 30.203
751.3 51031 2.4966 -0.10759 2036.8 -0.075967 4.6243 0.078782 0.33862 30.234
756.16 50189 2.4964 -0.10912 2039.5 -0.093056 4.626 0.081431 0.33103 30.047
762.64 48830 2.4963 -0.11116 2041.1 -0.11389 4.6287 0.076497 0.32979 30.228
770.57 46772 2.4961 -0.11366 2048 -0.13887 4.6325 0.077762 0.3224 29.818
779.8 43952 2.4958 -0.11656 2049.8 -0.16086 4.6386 0.072833 0.31331 30.28
790.1 40339 2.4956 -0.11981 2057.4 -0.17851 4.6481 0.070243 0.30123 29.462
801.25 36321 2.4954 -0.12332 2042.8 -0.171 4.6652 0.065661 0.2817 30.521
813.01 32625 2.4953 -0.12701 2023.1 -0.1295 4.6916 0.06214 0.24341 28.679
825.1 30719 2.4953 -0.13074 1937 -0.021719 4.7264 0.065465 0.17989 31.925
837.26 31346 2.4954 -0.1344 1951.4 0.063404 4.7504 0.048841 0.1546 16.389
849.21 33449 2.4955 -0.13807 1977.2 0.11549 4.7696 0.061402 0.18901 0.11537
860.7 36385 2.4958 -0.14151 1905.2 0.13602 4.7848 0.016984 0.24045 4.0572
871.46 38783 2.496 -0.14467 1899.3 0.097713 4.7889 0.019673 0.25667 1.4916
881.25 40389 2.4962 -0.14753 1867.9 0.078501 4.7959 0.052119 0.25476 3.2302
889.85 41473 2.4965 -0.15002 1860.8 0.05586 4.8015 0.06496 0.25127 1.729
897.08 42122 2.4967 -0.1521 1841.8 0.042153 4.807 0.067214 0.25009 2.799
902.77 42485 2.4968 -0.15372 1839.8 0.025769 4.8104 0.07549 0.24581 1.7761
906.79 42639 2.4969 -0.15486 1829.9 0.017955 4.8134 0.068719 0.24808 2.4249
909.05 42703 2.497 -0.1555 1830.8 0.010398 4.8146 0.074471 0.25654 1.824
909.58 42711 2.497 -0.15566 1828.8 0.0097006 4.8151 0.072576 0.25647 2.0104
911.42 42735 2.4971 -0.15618 1826.8 0.0049019 4.8163 0.07268 0.24787 1.9212
915.69 42730 2.4972 -0.15738 1822.5 -0.0060982 4.8189 0.073292 0.23188 1.8342
922.24 42558 2.4974 -0.15923 1816.6 -0.02275 4.823 0.074305 0.22179 1.6981
930.88 42036 2.4977 -0.16166 1809.9 -0.043453 4.8282 0.075514 0.20001 1.5579
941.34 41004 2.498 -0.16458 1802.3 -0.064972 4.8346 0.076655 0.17532 1.4272
953.32 39408 2.4985 -0.1679 1792.6 -0.081809 4.8422 0.07747 0.14493 1.2529
966.43 37417 2.499 -0.17151 1777.1 -0.085466 4.851 0.077712 0.1123 1.1566
980.29 35499 2.4995 -0.17528 1750.8 -0.067553 4.8602 0.077244 0.083062 0.97493
994.46 34297 2.5001 -0.17906 1711 -0.027479 4.8692 0.076227 0.067413 0.86654
1008.5 34198 2.5007 -0.18272 1663.3 0.018572 4.8779 0.074818 0.069353 0.48275
1022.1 34999 2.5013 -0.18613 1616.8 0.050768 4.8866 0.073243 0.085398 0.073013
1034.7 36173 2.5019 -0.18922 1577.4 0.063037 4.8952 0.0717 0.10857 0.0025763
1045.9 37264 2.5024 -0.19191 1547.3 0.058675 4.9031 0.067373 0.13359 0.0024738
1055.5 38036 2.5028 -0.19416 1526.1 0.044836 4.9097 0.063188 0.1545 0.0045105
1063.1 38469 2.5032 -0.19593 1511.8 0.029479 4.9149 0.062083 0.16905 0.0027219
1068.6 38661 2.5035 -0.19718 1502.8 0.017332 4.9188 0.063138 0.17339 0.0040656
1071.6 38725 2.5036 -0.19789 1498 0.010387 4.921 0.065336 0.18805 0.0031502
1072.4 38735 2.5037 -0.19805 1496.9 0.0087639 4.9216 0.065763 0.18806 0.0035013
1075 38758 2.5038 -0.19866 1492.9 0.0029498 4.9236 0.067083 0.17625 0.0035008
1081.1 38725 2.5041 -0.20004 1483.8 -0.0097859 4.928 0.07629 0.15235 0.0034983
1090.4 38506 2.5046 -0.20212 1467.9 -0.019617 4.9349 0.10809 0.11518 0.0034919
1102.4 38162 2.5052 -0.20479 1443.2 -0.018298 4.943 0.11786 0.078264 0.0034801
1116.7 37844 2.506 -0.20788 1412 -0.012383 4.9502 0.11886 0.056506 0.003462
1132.6 37676 2.5068 -0.21124 1374.7 -0.0027194 4.9567 0.11946 0.044582 0.0034376
1149.4 37697 2.5077 -0.21468 1334.7 0.003365 4.9626 0.1174 0.042934 0.0034083
1166.4 37792 2.5086 -0.21806 1294.6 0.0041143 4.9688 0.11773 0.046179 0.0033761
1182.9 37825 2.5094 -0.22123 1257.3 -0.0023071 4.9752 0.11543 0.054807 0.0033441
1198 37697 2.5102 -0.22406 1223.9 -0.011447 4.9823 0.11687 0.065563 0.0033151
1211.3 37439 2.5109 -0.22646 1195.4 -0.021195 4.9898 0.11315 0.083931 0.0032918
1222 37119 2.5115 -0.22837 1172.2 -0.028433 4.9979 0.11681 0.10705 0.0032756
1229.7 36845 2.5119 -0.22971 1154.9 -0.032477 5.0053 0.11129 0.12751 0.0032667
1234.1 36672 2.5121 -0.23047 1145.1 -0.035254 5.0102 0.11498 0.144 0.0032636
1235.2 36630 2.5122 -0.23065 1142.6 -0.035465 5.0115 0.11357 0.14953 0.0032632
1237.8 36521 2.5123 -0.23109 1136.5 -0.036524 5.0147 0.11359 0.13764 0.0032619
1243.9 36262 2.5127 -0.23212 1122 -0.038202 5.0213 0.11356 0.11315 0.0032551
1253.2 35862 2.5132 -0.23365 1098.7 -0.039002 5.0297 0.11316 0.085248 0.0032392
1265.2 35360 2.5138 -0.23558 1066 -0.037208 5.038 0.11261 0.056486 0.0032114
1279.5 34833 2.5146 -0.23778 1023 -0.032938 5.0451 0.11158 0.038787 0.0031711
1295.4 34337 2.5154 -0.24012 970.31 -0.030141 5.0513 0.10746 0.032293 0.0031193
1312.2 33793 2.5163 -0.24245 911.92 -0.04094 5.0578 0.094434 0.037369 0.0030596
1329.2 32980 2.5171 -0.24466 852.24 -0.067294 5.065 0.089415 0.038767 0.0029964
1345.6 31869 2.5179 -0.24663 789.53 -0.094637 5.0725 0.088362 0.038376 0.0029357
1360.8 30616 2.5185 -0.24831 724.91 -0.11912 5.0803 0.091966 0.037747 0.0028824
1374 29449 2.519 -0.24963 655.64 -0.12897 5.0886 0.11259 0.044078 0.0028407
1384.8 28571 2.5194 -0.2506 590.16 -0.13039 5.0995 0.12731 0.068168 0.0028126
1392.5 27982 2.5197 -0.25123 543.74 -0.1362 5.1117 0.13364 0.093935 0.0027974
1396.9 27655 2.5198 -0.25157 518.23 -0.14161 5.1216 0.13523 0.13207 0.0027922
1397.9 27578 2.5199 -0.25164 512.49 -0.14339 5.1245 0.13556 0.14019 0.0027917
1399.4 27469 2.5199 -0.25175 504.34 -0.14594 5.1287 0.13607 0.13204 0.002791
1402.9 27213 2.52 -0.25199 485.98 -0.15222 5.1374 0.13866 0.10406 0.0027876
1408.2 26819 2.5202 -0.25235 459.09 -0.16234 5.1487 0.14388 0.081201 0.0027795
1415.3 26297 2.5204 -0.2528 425.96 -0.17517 5.1613 0.14973 0.057767 0.0027649
1424 25671 2.5206 -0.25329 389.57 -0.18766 5.1716 0.15479 0.027206 0.0027428
1434.1 24980 2.5209 -0.25381 353.93 -0.19449 5.1767 0.1577 0.0032894 0.0027125
1445.2 24272 2.5212 -0.25433 322.4 -0.19111 5.1755 0.1592 -0.014817 0.0026746
1457.2 23597 2.5214 -0.25485 295.25 -0.17925 5.1678 0.15982 -0.027315 0.0026298
1469.7 22970 2.5217 -0.25535 272.33 -0.17633 5.1544 0.15928 -0.037101 0.0025801
1482.5 22360 2.5219 -0.25582 253.92 -0.18781 5.136 0.15983 -0.04243 0.0025275
1495.2 21730 2.5221 -0.25626 241.49 -0.21954 5.1168 0.14957 -0.037239 0.0024748
1507.5 21018 2.5222 -0.25668 237.44 -0.27065 5.1028 0.1348 -0.025854 0.0024245
1519.1 20230 2.5224 -0.25706 238.65 -0.30427 5.0945 0.12456 -0.015683 0.0023791
1529.7 19462 2.5226 -0.25742 239.62 -0.30495 5.0913 0.11791 -0.0018982 0.0023404
1539.1 18809 2.5227 -0.25773 237.87 -0.28288 5.0957 0.11332 0.019773 0.0023099
1547 18312 2.5228 -0.25799 233.89 -0.2559 5.1076 0.10966 0.040697 0.0022879
1553.2 17960 2.5229 -0.25819 229.41 -0.23453 5.1236 0.10723 0.069549 0.002274
1557.6 17733 2.5229 -0.25833 225.67 -0.22175 5.1428 0.10574 0.1162 0.0022668
1560.1 17611 2.523 -0.25841 223.45 -0.2159 5.1582 0.10532 0.14429 0.0022645
1560.7 17583 2.523 -0.25843 222.9 -0.21466 5.1623 0.10527 0.1448 0.0022642
1562.8 17487 2.523 -0.25849 220.98 -0.21028 5.1757 0.10518 0.12441 0.0022626
1567.6 17273 2.5231 -0.25864 216.36 -0.20067 5.1969 0.10475 0.064381 0.0022537
1574.9 16971 2.5232 -0.25885 209.15 -0.19177 5.2138 0.10388 0.034497 0.0022333
1584.5 16595 2.5234 -0.25912 200.39 -0.1944 5.2249 0.10317 0.0081872 0.0021977
1596 16141 2.5235 -0.25943 191.86 -0.20976 5.2223 0.1034 -0.017892 0.002146
1609.2 15606 2.5237 -0.25976 184.52 -0.2265 5.2051 0.10358 -0.035677 0.0020786
1623.4 15013 2.5239 -0.26012 177.94 -0.23551 5.1745 0.10249 -0.045155 0.0019989
1638.3 14401 2.5241 -0.26048 171.55 -0.23924 5.1366 0.10044 -0.048765 0.0019113
1653.3 13799 2.5243 -0.26083 165.25 -0.24076 5.095 0.098723 -0.048074 0.001822
1667.9 13234 2.5244 -0.26117 159.03 -0.24119 5.0558 0.097412 -0.043227 0.001737
1681.7 12716 2.5245 -0.26148 153.59 -0.24667 5.0236 0.09511 -0.032617 0.0016618
1694.1 12246 2.5246 -0.26175 150.02 -0.26001 5.0065 0.091391 -0.011283 0.0016007
1704.7 11830 2.5247 -0.26198 148.09 -0.27098 5.0082 0.088147 0.013047 0.0015559
1713.2 11494 2.5247 -0.26216 146.55 -0.27156 5.0234 0.086653 0.040041 0.0015272
1719.3 11259 2.5248 -0.26229 144.91 -0.26567 5.0512 0.086359 0.099072 0.0015125
1722.7 11130 2.5248 -0.26236 143.69 -0.26136 5.0815 0.086388 0.15076 0.0015076
1723.5 11099 2.5248 -0.26238 143.38 -0.26065 5.0904 0.0864 0.15348 0.0015071
1725.4 11032 2.5248 -0.26241 142.67 -0.25891 5.1095 0.086435 0.13807 0.0015057
1729.6 10878 2.5248 -0.2625 140.92 -0.25422 5.1427 0.086623 0.080538 0.0014984
1736.2 10651 2.5249 -0.26262 138 -0.24855 5.1688 0.086931 0.036791 0.0014817
1744.8 10362 2.525 -0.26278 134.28 -0.24956 5.1868 0.087228 0.018496 0.0014529
1755.3 10014 2.5251 -0.26297 130.7 -0.25872 5.1932 0.087685 -0.0046593 0.0014111
1767.3 9612 2.5252 -0.26318 127.62 -0.266 5.1811 0.088223 -0.023047 0.0013567
1780.4 9176.9 2.5253 -0.26341 124.42 -0.26598 5.1526 0.088509 -0.034151 0.001292
1794.2 8730.8 2.5254 -0.26365 120.9 -0.26583 5.1129 0.088495 -0.039282 0.0012203
1808.4 8283.6 2.5255 -0.26388 117.71 -0.2701 5.0669 0.088004 -0.042011 0.001146
1822.5 7842.3 2.5256 -0.26412 115.19 -0.27507 5.0185 0.087074 -0.041526 0.0010735
1836 7421.8 2.5257 -0.26434 112.91 -0.27569 4.9733 0.086453 -0.037461 0.0010069
1848.6 7039.9 2.5257 -0.26455 110.55 -0.27469 4.9382 0.085805 -0.025936 0.00094971
1859.9 6702.2 2.5258 -0.26473 108.79 -0.28151 4.9231 0.083482 -0.0049576 0.00090418
1869.4 6408 2.5258 -0.26488 108.11 -0.29215 4.9277 0.080776 0.012077 0.00087112
1877.1 6169.4 2.5258 -0.265 107.76 -0.29469 4.945 0.079695 0.041377 0.0008502
1882.5 6000.5 2.5259 -0.26509 107.25 -0.29176 4.982 0.079797 0.11113 0.00083942
1885.6 5906.2 2.5259 -0.26514 106.82 -0.28994 5.0215 0.079957 0.15986 0.0008359
1886.3 5884.1 2.5259 -0.26515 106.71 -0.28968 5.0327 0.079971 0.16276 0.00083552
1887.7 5843 2.5259 -0.26517 106.5 -0.28909 5.053 0.079907 0.15454 0.00083482
1890.8 5748 2.5259 -0.26522 105.94 -0.2861 5.0931 0.08013 0.11148 0.00083089
1895.7 5604.7 2.5259 -0.26529 104.87 -0.28024 5.1313 0.07997 0.05635 0.00082251
1902.1 5420.2 2.526 -0.26538 103.24 -0.27506 5.1573 0.080382 0.029983 0.00080665
1910.1 5199.4 2.526 -0.26549 101.34 -0.2776 5.1774 0.08007 0.019046 0.00078379
1919.3 4941.7 2.5261 -0.26562 99.859 -0.28466 5.1887 0.080436 0.0033995 0.00075157
1929.6 4653.2 2.5262 -0.26576 98.52 -0.28773 5.1859 0.079821 -0.010303 0.0007118
1940.8 4342.5 2.5262 -0.2659 97.205 -0.28822 5.1702 0.079464 -0.018209 0.00066333
1952.5 4020 2.5263 -0.26606 95.687 -0.29217 5.1491 0.076723 -0.018229 0.00060852
1964.6 3676.2 2.5264 -0.26622 95.625 -0.31278 5.1309 0.070756 -0.012229 0.00054762
1976.8 3300 2.5265 -0.26638 96.943 -0.35214 5.1274 0.055643 0.0065255 0.00048256
1988.7 2832.3 2.5265 -0.26654 104.68 -0.45455 5.1477 0.03174 0.029074 0.00041511
2000.2 2257.7 2.5266 -0.2667 114.57 -0.46457 5.1832 0.027677 0.040332 0.00034609
2011 1751.7 2.5267 -0.26685 114.42 -0.3818 5.2329 0.026292 0.060326 0.00027901
2020.8 1355.1 2.5268 -0.267 111.66 -0.36404 5.2923 0.023853 0.074755 0.00021319
2029.4 1018.7 2.5269 -0.26711 108.37 -0.34929 5.3533 0.029115 0.079747 0.00015408
2036.6 777.1 2.527 -0.26721 100.89 -0.29061 5.4229 0.043281 0.10906 9.9248e-05
2042.3 634.69 2.527 -0.26728 92.987 -0.23629 5.5167 0.054328 0.19066 5.6166e-05
2046.3 553.62 2.5271 -0.26732 88.031 -0.22519 5.6234 0.059741 0.27463 2.1099e-05
2048.6 509.52 2.5271 -0.26734 85.676 -0.23005 5.6988 0.060763 0.30998 4.5211e-06
2049.1 499.24 2.5271 -0.26734 85.217 -0.23359 5.7175 0.060875 0.31257 0
