time (s) altitude (m) velocity (m/s) mass (kg)trajectory angle (rad) angle of attack (rad) heading angle (rad) latitude (rad)
0 90 30 29388 1.5691 0 1.4363 -0.2123 2.3868
0.44109 103.56 31.492 29325 1.5686 -0.0015429 1.4749 -0.2123 2.3868
1.2267 129.35 34.178 29211 1.567 -0.004142 1.5197 -0.2123 2.3868
1.8932 152.9 36.486 29115 1.5646 -0.0061157 1.5401 -0.2123 2.3868
2.0773 159.68 37.128 29089 1.5638 -0.0066219 1.5444 -0.2123 2.3868
2.5183 176.39 38.675 29025 1.5616 -0.0077707 1.5525 -0.2123 2.3868
3.304 207.87 41.459 28912 1.5566 -0.0095799 1.5625 -0.2123 2.3868
3.9705 236.29 43.85 28816 1.5515 -0.01087 1.5683 -0.2123 2.3868
4.1545 244.42 44.515 28790 1.5499 -0.011189 1.5696 -0.2123 2.3868
5.0367 285.09 47.732 28663 1.5413 -0.012481 1.5747 -0.2123 2.3868
6.6079 364.6 53.581 28437 1.5223 -0.013821 1.5806 -0.2123 2.3868
7.941 439.28 58.67 28245 1.5024 -0.01399 1.584 -0.2123 2.3868
8.309 461.08 60.096 28192 1.4964 -0.013881 1.5847 -0.2123 2.3868
9.1912 515.43 63.553 28065 1.4811 -0.013345 1.5862 -0.2123 2.3868
10.762 619.64 69.857 27838 1.4509 -0.011429 1.5884 -0.2123 2.3868
12.096 715.55 75.364 27646 1.4229 -0.0088379 1.5898 -0.2123 2.3868
12.464 743.25 76.911 27593 1.4149 -0.0079667 1.5902 -0.21229 2.3868
13.125 794.37 79.721 27498 1.4002 -0.0062583 1.5908 -0.21229 2.3868
14.304 889.66 84.818 27329 1.3733 -0.0026942 1.5917 -0.21229 2.3868
15.303 974.77 89.239 27185 1.3503 0.00089528 1.5924 -0.21229 2.3868
15.579 998.96 90.478 27145 1.344 0.0019621 1.5926 -0.21229 2.3868
16.241 1058.1 93.475 27050 1.329 0.0046709 1.593 -0.21228 2.3868
17.419 1167.8 98.92 26880 1.3029 0.0098154 1.5937 -0.21228 2.3868
18.419 1265.2 103.65 26736 1.2817 0.014226 1.5942 -0.21228 2.3868
18.695 1292.7 104.97 26696 1.276 0.015401 1.5943 -0.21227 2.3868
19.566 1381.7 109.19 26571 1.2587 0.019026 1.5948 -0.21227 2.3868
21.29 1566.9 117.75 26323 1.2273 0.025137 1.5955 -0.21226 2.3868
23.202 1786.3 127.58 26048 1.197 0.030102 1.5963 -0.21225 2.3868
24.571 1952.9 134.81 25851 1.178 0.032617 1.5968 -0.21224 2.3868
24.927 1997.5 136.72 25800 1.1735 0.033085 1.5969 -0.21223 2.3868
25.589 2081.8 140.3 25704 1.1654 0.033861 1.5972 -0.21223 2.3868
26.767 2236.8 146.76 25535 1.152 0.034711 1.5976 -0.21222 2.3868
27.767 2373.1 152.33 25391 1.1417 0.034896 1.5979 -0.21221 2.3868
28.043 2411.5 153.88 25351 1.139 0.034901 1.598 -0.21221 2.3868
28.705 2504.9 157.62 25256 1.1327 0.03487 1.5983 -0.2122 2.3868
29.883 2676.3 164.38 25087 1.1223 0.034831 1.5986 -0.21219 2.3868
30.883 2826.7 170.2 24943 1.1145 0.034868 1.599 -0.21217 2.3868
31.159 2869.1 171.82 24903 1.1125 0.034879 1.5991 -0.21217 2.3868
31.821 2972.1 175.74 24808 1.108 0.034891 1.5993 -0.21216 2.3868
32.999 3160.7 182.82 24639 1.101 0.034887 1.5996 -0.21215 2.3868
33.999 3326.2 188.92 24495 1.0962 0.034887 1.5999 -0.21213 2.3868
34.275 3372.8 190.62 24455 1.0951 0.034888 1.6 -0.21213 2.3868
34.936 3486.1 194.73 24360 1.0926 0.034891 1.6002 -0.21212 2.3868
36.115 3693.5 202.13 24190 1.0894 0.034893 1.6006 -0.2121 2.3868
37.115 3875.3 208.51 24047 1.0879 0.034893 1.6009 -0.21209 2.3868
37.391 3926.5 210.29 24007 1.0877 0.034893 1.601 -0.21209 2.3868
38.052 4051 214.57 23912 1.0875 0.034898 1.6012 -0.21208 2.3868
39.231 4278.9 222.3 23742 1.0883 0.034899 1.6015 -0.21206 2.3868
40.231 4478.8 228.96 23599 1.0902 0.034892 1.6018 -0.21204 2.3868
40.507 4535.1 230.81 23559 1.0909 0.034891 1.6019 -0.21204 2.3868
41.168 4672 235.28 23464 1.093 0.034899 1.6021 -0.21202 2.3868
42.347 4922.7 243.35 23295 1.0979 0.034903 1.6025 -0.212 2.3868
43.346 5142.7 250.3 23151 1.1033 0.034884 1.6028 -0.21199 2.3868
43.622 5204.6 252.23 23111 1.105 0.034878 1.6029 -0.21198 2.3868
44.237 5344.3 256.57 23023 1.109 0.034902 1.603 -0.21197 2.3868
45.52 5645.2 265.75 22838 1.1189 0.034905 1.6035 -0.21195 2.3868
47.125 6038.6 277.48 22608 1.1335 0.033921 1.604 -0.21192 2.3868
48.62 6423.1 288.38 22393 1.1474 0.031743 1.6045 -0.21189 2.3868
49.606 6685.9 295.22 22251 1.1554 0.02978 1.6048 -0.21187 2.3868
49.854 6753.2 296.86 22215 1.1571 0.029177 1.6049 -0.21187 2.3868
51.177 7118.6 305.23 22025 1.1641 0.025551 1.6054 -0.21184 2.3868
53.534 7794.8 318.69 21687 1.1663 0.016926 1.6062 -0.2118 2.3868
55.534 8389.3 329.19 21399 1.1558 0.0074326 1.607 -0.21176 2.3868
56.086 8556.2 332.04 21320 1.1506 0.0044603 1.6072 -0.21175 2.3868
56.7 8742.9 335.19 21232 1.1438 0.0011129 1.6074 -0.21173 2.3868
57.984 9136.9 341.92 21047 1.1258 -0.0053055 1.6078 -0.2117 2.3868
59.588 9635.2 350.81 20817 1.0977 -0.012134 1.6083 -0.21167 2.3868
61.084 10104 359.68 20602 1.0672 -0.017388 1.6087 -0.21163 2.3868
62.07 10416 365.84 20460 1.0453 -0.020199 1.609 -0.2116 2.3868
62.318 10494 367.43 20424 1.0396 -0.020847 1.6091 -0.21159 2.3868
63.189 10771 373.14 20299 1.0191 -0.022842 1.6093 -0.21157 2.3868
64.913 11320 385.04 20051 0.97688 -0.025677 1.6098 -0.21151 2.3868
66.824 11930 399.32 19777 0.92881 -0.027082 1.6102 -0.21144 2.3868
68.194 12369 410.31 19580 0.89463 -0.026983 1.6105 -0.21139 2.3868
68.55 12482 413.28 19529 0.88587 -0.026816 1.6106 -0.21137 2.3868
69.211 12694 418.92 19434 0.86979 -0.026416 1.6107 -0.21135 2.3868
70.39 13072 429.35 19264 0.84187 -0.025528 1.6109 -0.2113 2.3868
71.389 13392 438.62 19120 0.81898 -0.024759 1.6111 -0.21125 2.3868
71.665 13480 441.24 19081 0.81279 -0.024582 1.6112 -0.21124 2.3868
72.327 13692 447.64 18986 0.79817 -0.024247 1.6113 -0.2112 2.3868
73.505 14070 459.45 18816 0.77279 -0.024107 1.6115 -0.21115 2.3868
74.505 14391 469.89 18673 0.7518 -0.024512 1.6116 -0.21109 2.3868
74.781 14479 472.83 18633 0.74607 -0.024699 1.6117 -0.21108 2.3868
75.652 14759 482.33 18508 0.72816 -0.025463 1.6118 -0.21103 2.3868
77.376 15312 502 18260 0.69322 -0.028052 1.6121 -0.21093 2.3868
79.288 15925 525.2 17985 0.6546 -0.032705 1.6124 -0.21081 2.3868
80.657 16362 542.73 17788 0.6266 -0.037103 1.6125 -0.21072 2.3868
81.013 16475 547.42 17737 0.61925 -0.03842 1.6126 -0.21069 2.3868
81.675 16685 556.29 17641 0.60548 -0.040984 1.6127 -0.21065 2.3868
82.853 17056 572.6 17472 0.58061 -0.04603 1.6128 -0.21056 2.3868
83.853 17369 587 17328 0.5592 -0.050607 1.6129 -0.21048 2.3868
84.129 17455 591.07 17288 0.55325 -0.051848 1.613 -0.21046 2.3868
84.791 17660 601.01 17193 0.53899 -0.054726 1.6131 -0.21041 2.3868
85.969 18021 619.37 17024 0.51374 -0.059333 1.6132 -0.21031 2.3867
86.969 18323 635.64 16880 0.4927 -0.062675 1.6133 -0.21023 2.3867
87.245 18406 640.25 16840 0.48698 -0.063522 1.6133 -0.2102 2.3867
88.116 18666 655.1 16715 0.46923 -0.065968 1.6134 -0.21012 2.3867
89.84 19171 685.94 16467 0.43557 -0.069736 1.6136 -0.20996 2.3867
91.751 19717 722.3 16191 0.40076 -0.072117 1.6138 -0.20977 2.3867
93.121 20099 749.71 15994 0.37746 -0.072795 1.6139 -0.20962 2.3867
93.477 20197 757.01 15943 0.37163 -0.072842 1.6139 -0.20958 2.3867
94.8 20557 784.8 15753 0.35064 -0.072923 1.614 -0.20943 2.3867
97.157 21181 836.63 15413 0.31551 -0.073056 1.6142 -0.20915 2.3867
99.156 21691 882.82 15125 0.2872 -0.073048 1.6143 -0.20889 2.3867
99.708 21828 895.9 15046 0.27952 -0.072867 1.6144 -0.20882 2.3867
100.58 22041 916.83 14920 0.26751 -0.072367 1.6144 -0.2087 2.3867
102.3 22450 959.21 14672 0.24402 -0.070307 1.6146 -0.20846 2.3867
104.22 22880 1007.6 14397 0.21835 -0.066227 1.6147 -0.20817 2.3867
105.58 23172 1043 14199 0.20019 -0.062247 1.6148 -0.20796 2.3866
105.94 23245 1052.3 14148 0.1955 -0.061034 1.6148 -0.2079 2.3866
106.6 23379 1069.8 14053 0.18686 -0.058664 1.6148 -0.20779 2.3866
107.78 23607 1101.2 13883 0.1717 -0.053919 1.6149 -0.2076 2.3866
108.78 23790 1128.2 13739 0.1592 -0.049542 1.6149 -0.20742 2.3866
109.06 23839 1135.7 13699 0.15582 -0.048352 1.6149 -0.20738 2.3866
109.72 23954 1154 13604 0.14785 -0.045634 1.615 -0.20726 2.3866
110.9 24147 1186.9 13434 0.13408 -0.041317 1.615 -0.20704 2.3866
111.9 24301 1215.4 13290 0.12282 -0.038214 1.6151 -0.20686 2.3866
112.17 24342 1223.4 13250 0.11977 -0.037437 1.6151 -0.20681 2.3866
112.83 24436 1242.6 13155 0.11256 -0.035716 1.6151 -0.20668 2.3866
114.01 24594 1277.5 12985 0.10004 -0.033191 1.6152 -0.20645 2.3866
115.01 24716 1307.6 12841 0.089696 -0.03158 1.6152 -0.20625 2.3866
115.29 24748 1316 12801 0.086877 -0.031191 1.6152 -0.20619 2.3866
115.95 24821 1336.2 12705 0.080192 -0.030267 1.6153 -0.20605 2.3866
117.13 24940 1372.8 12536 0.0686 -0.028334 1.6153 -0.20581 2.3865
118.13 25028 1404.3 12391 0.059215 -0.026185 1.6153 -0.20559 2.3865
118.4 25051 1413.1 12352 0.056722 -0.025501 1.6153 -0.20553 2.3865
119.02 25098 1432.8 12263 0.051361 -0.023847 1.6154 -0.20539 2.3865
120.3 25184 1474.2 12078 0.041102 -0.019779 1.6154 -0.2051 2.3865
121.91 25270 1526.6 11847 0.030825 -0.013541 1.6155 -0.20473 2.3865
123.4 25333 1576.3 11631 0.023911 -0.0065638 1.6155 -0.20436 2.3865
124.39 25368 1609.7 11489 0.02055 -0.001367 1.6155 -0.20412 2.3865
124.64 25376 1618.2 11453 0.019905 3.1971e-06 1.6155 -0.20405 2.3865
