time (s) altitude (m) velocity (m/s) mass (kg) dynamic pressure (Pa)trajectory angle (rad) Lift (N)Drag (N)heading angle (rad) latitude (rad) angle of attack (rad) 
629.84 35950 2790.6 3300 27603 0.10879 29267 9768.4 1.8147 -0.019071 0.25992
630.83 36252 2799.1 3285.4 26508 0.11068 29200 9886.7 1.8147 -0.018655 0.2668
632.59 36806 2814.2 3259.3 24614 0.11409 28982 10046 1.8148 -0.017911 0.27946
634.08 37292 2827.1 3237.2 23070 0.11696 28179 9947.6 1.8148 -0.017278 0.28642
634.5 37429 2830.7 3231.1 22654 0.11773 27938 9908.5 1.8148 -0.017102 0.28829
635.49 37760 2839.3 3216.5 21677 0.11955 27303 9779.4 1.8148 -0.016681 0.29245
637.25 38366 2854.8 3190.4 20006 0.12267 26308 9607.3 1.8149 -0.015928 0.30123
638.74 38894 2868.3 3168.3 18661 0.12519 25017 9211.1 1.8149 -0.015286 0.30528
639.15 39042 2872 3162.2 18301 0.12584 24679 9108.9 1.8149 -0.015108 0.30653
641.13 39766 2890.3 3132.9 16651 0.1288 22914 8527.9 1.8149 -0.014253 0.3109
644.65 41103 2924.6 3080.8 14014 0.13309 19314 7189.8 1.815 -0.012717 0.31122
647.64 42281 2955.4 3036.6 12072 0.13573 16726 6238 1.815 -0.0114 0.31237
648.46 42612 2964.2 3024.4 11581 0.13634 16063 5993 1.8151 -0.011035 0.31261
650.44 43415 2985.6 2995.1 10479 0.13757 14570 5439.7 1.8151 -0.010153 0.31312
653.96 44874 3025.4 2943 8761.9 0.13907 12208 4559.9 1.8152 -0.0085682 0.31357
656.95 46138 3060.6 2898.7 7525.2 0.13978 10524 3936.2 1.8152 -0.0072072 0.31437
657.77 46490 3070.5 2886.5 7215.7 0.1399 10072 3763.1 1.8153 -0.0068287 0.31396
659.75 47341 3094.7 2857.3 6548.3 0.14006 9129 3407.3 1.8153 -0.0059165 0.31367
663.27 48872 3139.2 2805.2 5553.2 0.13997 7716.6 2872.6 1.8154 -0.0042742 0.31291
666.25 50187 3178.2 2760.9 4821.6 0.13962 6693.2 2487.8 1.8154 -0.0028623 0.31265
667.08 50552 3189.2 2748.7 4636.2 0.13948 6416.7 2381.3 1.8154 -0.0024695 0.31198
669.06 51431 3215.8 2719.5 4237.5 0.13909 5832.7 2157.3 1.8155 -0.0015224 0.31075
672.58 53008 3264.7 2667.3 3629.3 0.13818 4876.7 1780.7 1.8155 0.00018403 0.3055
675.56 54355 3307.4 2623.1 3172.4 0.13719 4173.4 1506 1.8156 0.0016522 0.30098
676.39 54729 3319.4 2610.9 3055.2 0.13689 3982.9 1430.3 1.8156 0.0020609 0.29907
678.37 55626 3348.6 2581.6 2789.1 0.13613 3589.8 1279.3 1.8157 0.0030466 0.29641
681.89 57229 3401.9 2529.5 2364 0.13463 2945.8 1030 1.8157 0.0048237 0.28984
684.87 58596 3448.5 2485.3 2048.4 0.13324 2482.1 852.94 1.8158 0.0063537 0.28433
685.7 58974 3461.6 2473.1 1967.9 0.13284 2354.5 802.88 1.8158 0.0067798 0.28189
687.67 59881 3493.3 2443.8 1786.2 0.13184 2104.3 711.87 1.8158 0.0078077 0.27897
691.2 61500 3551.1 2391.7 1498.4 0.13006 1744.7 589.2 1.8159 0.009662 0.27673
694.18 62878 3601.5 2347.5 1286.6 0.1286 1501 508.34 1.816 0.011259 0.27715
695.01 63259 3615.6 2335.3 1232.9 0.12821 1427.1 482.22 1.816 0.011704 0.27563
696.98 64173 3649.8 2306 1112 0.12727 1264.3 425.09 1.816 0.012778 0.27223
700.5 65807 3712.2 2253.9 921.86 0.12556 999.54 331.08 1.8161 0.014716 0.26348
703.49 67198 3766.6 2209.6 783.37 0.12406 807.73 262.96 1.8161 0.016386 0.25464
704.32 67582 3781.9 2197.4 748.48 0.12363 753.91 243.24 1.8161 0.016851 0.25067
705.62 68189 3806.3 2178.2 696.2 0.12296 694.61 223.51 1.8162 0.017589 0.2491
708.19 69393 3855.2 2140.1 602.02 0.12164 575.35 182.69 1.8162 0.019064 0.24196
711.05 70729 3911 2097.8 510.85 0.11999 395.68 118.33 1.8163 0.020722 0.20949
713.09 71686 3952.1 2067.5 452.31 0.11845 261.17 75.397 1.8163 0.021924 0.17079
713.63 71934 3963 2059.6 438.08 0.11798 236.04 68.327 1.8163 0.022239 0.16245
715.6 72854 4003.9 2030.4 388.91 0.11605 150.22 45.283 1.8163 0.023416 0.12797
719.12 74472 4078.9 1978.2 314.75 0.11181 53.024 24.202 1.8164 0.025543 0.066523
722.11 75817 4144.7 1934 263.55 0.1074 8.1893 17.475 1.8164 0.02738 0.014394
722.93 76182 4163.1 1921.8 251.08 0.10605 -8.0464e-17 16.332 1.8164 0.027893 0
722.93 76182 4163.1 1921.8 251.08 0.10605 -8.0464e-17 16.332 1.8164 0.027893 0
723.93 76622 4162.1 1921.8 234.11 0.10438 -5.6268e-16 15.222 1.8165 0.028515 0
724.93 77052 4161.2 1921.8 218.58 0.1027 8.4058e-16 14.206 1.8165 0.029138 0
725.93 77476 4160.2 1921.8 204.26 0.10102 -6.5458e-17 13.27 1.8165 0.029761 0
726.93 77892 4159.3 1921.8 191.03 0.099346 -4.5915e-16 12.406 1.8165 0.030383 0
727.93 78301 4158.4 1921.8 178.82 0.097667 -5.7306e-17 11.608 1.8165 0.031006 0
728.93 78703 4157.5 1921.8 167.53 0.095988 1.8791e-16 10.872 1.8165 0.031628 0
729.93 79097 4156.6 1921.8 157.1 0.094308 5.0346e-16 10.191 1.8166 0.032251 0
730.93 79485 4155.7 1921.8 147.45 0.092627 3.7802e-16 9.561 1.8166 0.032873 0
731.93 79866 4154.9 1921.8 138.52 0.090945 -7.7683e-17 8.9784 1.8166 0.033495 0
732.93 80240 4154.1 1921.8 130.24 0.089263 -6.6783e-16 8.4391 1.8166 0.034117 0
733.93 80607 4153.2 1921.8 122.58 0.087581 6.4817e-16 7.9396 1.8166 0.034739 0
734.93 80967 4152.4 1921.8 115.48 0.085898 -1.1102e-16 7.4768 1.8166 0.035361 0
735.93 81319 4151.7 1921.8 108.89 0.084214 3.0533e-16 7.0477 1.8166 0.035983 0
736.93 81665 4150.9 1921.8 102.77 0.08253 4.7346e-16 6.6497 1.8166 0.036605 0
737.93 82004 4150.1 1921.8 97.098 0.080845 -3.1117e-17 6.2803 1.8167 0.037227 0
738.93 82335 4149.4 1921.8 91.828 0.079159 8.0559e-16 5.9374 1.8167 0.037848 0
739.93 82660 4148.7 1921.8 86.929 0.077474 8.7056e-17 5.6188 1.8167 0.03847 0
740.93 82978 4148 1921.8 82.374 0.075787 1.0229e-16 5.3226 1.8167 0.039092 0
741.93 83288 4147.3 1921.8 78.138 0.0741 0 5.0473 1.8167 0.039713 0
742.93 83592 4146.6 1921.8 74.196 0.072413 0 4.7912 1.8167 0.040335 0
743.93 83888 4146 1921.8 70.527 0.070725 0 4.5528 1.8167 0.040956 0
744.93 84178 4145.4 1921.8 67.109 0.069036 0 4.3308 1.8167 0.041578 0
745.93 84460 4144.7 1921.8 63.924 0.067347 0 4.124 1.8167 0.042199 0
746.93 84735 4144.1 1921.8 60.957 0.065658 0 3.9315 1.8168 0.04282 0
747.93 85004 4143.5 1790.9 0 0.063968 0 0 1.8168 0.043441 0
748.93 85265 4143 1790.9 0 0.062278 0 0 1.8168 0.044063 0
749.93 85520 4142.4 1790.9 0 0.060587 0 0 1.8168 0.044684 0
750.93 85767 4141.9 1790.9 0 0.058896 0 0 1.8168 0.045305 0
751.93 86007 4141.4 1790.9 0 0.057205 0 0 1.8168 0.045926 0
752.93 86240 4140.9 1790.9 0 0.055513 0 0 1.8168 0.046547 0
753.93 86467 4140.4 1790.9 0 0.053821 0 0 1.8168 0.047168 0
754.93 86686 4139.9 1790.9 0 0.052128 0 0 1.8168 0.047789 0
755.93 86898 4139.4 1790.9 0 0.050436 0 0 1.8168 0.04841 0
756.93 87103 4139 1790.9 0 0.048742 0 0 1.8168 0.049031 0
757.93 87301 4138.6 1790.9 0 0.047049 0 0 1.8168 0.049652 0
758.93 87493 4138.2 1790.9 0 0.045355 0 0 1.8169 0.050272 0
759.93 87677 4137.8 1790.9 0 0.043661 0 0 1.8169 0.050893 0
760.93 87854 4137.4 1790.9 0 0.041966 0 0 1.8169 0.051514 0
761.93 88024 4137 1790.9 0 0.040272 0 0 1.8169 0.052135 0
762.93 88187 4136.7 1790.9 0 0.038577 0 0 1.8169 0.052755 0
763.93 88343 4136.4 1790.9 0 0.036882 0 0 1.8169 0.053376 0
764.93 88492 4136.1 1790.9 0 0.035186 0 0 1.8169 0.053997 0
765.93 88634 4135.8 1790.9 0 0.033491 0 0 1.8169 0.054617 0
766.93 88769 4135.5 1790.9 0 0.031795 0 0 1.8169 0.055238 0
767.93 88897 4135.2 1790.9 0 0.030099 0 0 1.8169 0.055858 0
768.93 89018 4135 1790.9 0 0.028402 0 0 1.8169 0.056479 0
769.93 89132 4134.8 1790.9 0 0.026706 0 0 1.8169 0.0571 0
770.93 89239 4134.6 1790.9 0 0.025009 0 0 1.8169 0.05772 0
771.93 89338 4134.4 1790.9 0 0.023313 0 0 1.8169 0.058341 0
772.93 89431 4134.2 1790.9 0 0.021616 0 0 1.8169 0.058961 0
773.93 89517 4134 1790.9 0 0.019919 0 0 1.8169 0.059582 0
774.93 89596 4133.9 1790.9 0 0.018222 0 0 1.8169 0.060202 0
775.93 89668 4133.7 1790.9 0 0.016524 0 0 1.8169 0.060822 0
776.93 89733 4133.6 1790.9 0 0.014827 0 0 1.8169 0.061443 0
777.93 89790 4133.5 1790.9 0 0.01313 0 0 1.8169 0.062063 0
778.93 89841 4133.4 1790.9 0 0.011432 0 0 1.8169 0.062684 0
779.93 89885 4133.4 1790.9 0 0.0097347 0 0 1.8169 0.063304 0
780.93 89922 4133.3 1790.9 0 0.0080372 0 0 1.817 0.063925 0
781.93 89951 4133.3 1790.9 0 0.0063395 0 0 1.817 0.064545 0
782.93 89974 4133.3 1790.9 0 0.0046419 0 0 1.817 0.065166 0
783.93 89990 4133.3 1790.9 0 0.0029443 0 0 1.817 0.065786 0
784.93 89998 4133.3 1790.9 0 0.0012466 0 0 1.817 0.066406 0
785.93 90000 4133.3 1790.9 0 0 0 0 1.817 0.067027 0
