time (s) altitude (m) velocity (m/s) mass (kg)trajectory angle (rad) angle of attack (rad) heading angle (rad) latitude (rad)
0 150 30 29388 1.5691 0 1.7186 -0.21673 2.3889
2.6463 241.4 39.152 29007 1.5619 -0.0067302 1.8029 -0.21673 2.3889
7.3595 466.18 56.498 28328 1.5191 -0.012387 1.8099 -0.21673 2.3889
11.359 722.5 72.36 27753 1.4554 -0.0091516 1.8275 -0.21673 2.3889
12.463 804.27 76.95 27594 1.4347 -0.007384 1.8239 -0.21673 2.3889
15.109 1019.9 88.335 27213 1.3808 -0.0021698 1.8259 -0.21672 2.3889
19.822 1473.1 110.18 26534 1.2809 0.010342 1.8283 -0.21671 2.3889
23.821 1927.7 130.44 25959 1.2054 0.021631 1.8299 -0.21668 2.3889
24.925 2064.7 136.31 25800 1.1875 0.024134 1.8303 -0.21667 2.3889
27.571 2414.1 150.83 25419 1.1509 0.029808 1.8311 -0.21665 2.3889
32.285 3113.5 178.19 24741 1.1084 0.034906 1.8325 -0.2166 2.3889
36.284 3791.8 202.9 24166 1.0926 0.034687 1.8336 -0.21655 2.3889
37.388 3994.1 209.98 24008 1.0908 0.034551 1.8339 -0.21653 2.3889
40.034 4507.1 227.36 23627 1.0917 0.034462 1.8346 -0.21649 2.3889
44.747 5530.8 260.09 22950 1.1141 0.034906 1.836 -0.21641 2.3888
48.746 6523.4 288.86 22375 1.1473 0.031372 1.8372 -0.21634 2.3888
49.85 6818.9 296.64 22216 1.156 0.028734 1.8376 -0.21632 2.3888
52.496 7559.2 312.81 21836 1.1648 0.020807 1.8384 -0.21628 2.3888
57.21 8963.5 338.16 21159 1.1367 0.0010078 1.84 -0.21618 2.3888
61.209 10211 360.71 20584 1.0703 -0.014787 1.8412 -0.21609 2.3888
62.313 10562 367.68 20425 1.0472 -0.01732 1.8414 -0.21606 2.3887
64.959 11410 385.65 20045 0.98776 -0.022507 1.8421 -0.21598 2.3887
69.672 12936 423.2 19368 0.87751 -0.02496 1.8431 -0.21581 2.3887
73.671 14242 461.27 18793 0.78985 -0.024253 1.8438 -0.21563 2.3886
74.775 14604 472.84 18634 0.76722 -0.024938 1.8439 -0.21557 2.3886
77.422 15474 502.52 18253 0.71456 -0.027154 1.8443 -0.21543 2.3886
82.135 17026 562.47 17575 0.6234 -0.0381 1.8449 -0.21513 2.3885
86.134 18330 621.61 17000 0.54582 -0.052686 1.8454 -0.21483 2.3884
87.238 18685 639.56 16841 0.52453 -0.056476 1.8455 -0.21474 2.3884
89.884 19524 685.69 16460 0.47573 -0.065111 1.8458 -0.21451 2.3883
94.597 20975 778.38 15782 0.39714 -0.073767 1.8462 -0.21404 2.3882
98.596 22153 866.65 15206 0.33869 -0.072809 1.8465 -0.21358 2.388
99.7 22469 892.42 15047 0.32362 -0.071619 1.8465 -0.21344 2.388
102.35 23205 956.44 14666 0.28876 -0.067467 1.8467 -0.21309 2.3879
107.06 24428 1077.1 13986 0.22963 -0.054443 1.847 -0.21239 2.3877
111.06 25352 1186.3 13410 0.18323 -0.040732 1.8472 -0.21173 2.3875
112.16 25586 1217.8 13251 0.1715 -0.037664 1.8472 -0.21153 2.3874
114.81 26109 1295.9 12869 0.14477 -0.031009 1.8473 -0.21104 2.3873
119.52 26898 1443.4 12189 0.10255 -0.024631 1.8475 -0.21007 2.387
123.52 27421 1576.1 11612 0.072171 -0.022893 1.8476 -0.20917 2.3868
124.63 27541 1614 11453 0.064767 -0.022196 1.8476 -0.2089 2.3867
