time (s) altitude (m) velocity (m/s) mass (kg) dynamic pressure (Pa)trajectory angle (rad) Lift (N)Drag (N)heading angle (rad) latitude (rad) angle of attack (rad) 
758.89 46418 2408.1 3300 4482.8 0.26194 2661 814.93 1.8518 0.012212 0.17584
760.06 47150 2420.8 3282.6 4104.5 0.25942 2442.6 747.84 1.8519 0.012623 0.17612
762.16 48446 2443.6 3251.6 3551 0.25492 2129.6 651.24 1.852 0.01336 0.17696
763.93 49537 2463.2 3225.3 3144 0.25109 1893.6 578.41 1.852 0.013992 0.17741
764.42 49837 2468.7 3218 3040.7 0.25003 1832.6 559.6 1.852 0.014167 0.17748
765.6 50554 2482 3200.6 2807.6 0.24749 1697.5 517.97 1.8521 0.014589 0.17782
767.7 51822 2505.9 3169.6 2458.4 0.24298 1495.3 455.36 1.8522 0.015347 0.17844
769.47 52890 2526.6 3143.3 2204.4 0.23916 1340.8 407.36 1.8522 0.015997 0.17836
769.96 53183 2532.3 3136 2138.8 0.23811 1300.9 394.96 1.8522 0.016177 0.17833
771.14 53884 2546.2 3118.6 1989.3 0.2356 1210 366.79 1.8523 0.016611 0.17828
773.23 55124 2571.3 3087.6 1747.8 0.23114 1058.1 319.69 1.8523 0.017391 0.17762
775.01 56167 2592.9 3061.3 1565.4 0.22737 941.38 283.57 1.8524 0.018059 0.17675
775.5 56453 2598.9 3054 1518.4 0.22634 912.18 274.55 1.8524 0.018244 0.17661
776.68 57137 2613.4 3036.6 1411.2 0.22386 845.5 253.98 1.8525 0.018691 0.17623
778.77 58347 2639.7 3005.6 1238.3 0.21947 733.1 219.28 1.8525 0.019493 0.17474
780.55 59364 2662.2 2979.3 1107.9 0.21576 650.34 194.01 1.8526 0.02018 0.17348
781.04 59644 2668.5 2972 1074.3 0.21474 629.74 187.73 1.8526 0.020371 0.17325
782.22 60311 2683.7 2954.6 997.82 0.21231 582.6 173.39 1.8526 0.02083 0.17264
784.31 61489 2711.1 2923.6 874.54 0.208 502.61 149.17 1.8527 0.021656 0.17036
786.09 62480 2734.7 2897.3 781.72 0.20437 443.4 131.28 1.8527 0.022363 0.16852
786.58 62752 2741.3 2890 757.84 0.20337 428.79 126.87 1.8527 0.022559 0.16817
787.76 63401 2757.1 2872.6 703.47 0.20099 395.08 116.69 1.8528 0.023032 0.16714
789.85 64548 2785.7 2841.6 615.93 0.19677 336.68 99.17 1.8528 0.023882 0.16374
791.63 65512 2810.4 2815.2 550.12 0.1932 294.85 86.611 1.8529 0.02461 0.1614
792.12 65776 2817.2 2808 533.2 0.19222 284.73 83.564 1.8529 0.024812 0.16097
793.3 66407 2833.8 2790.6 494.7 0.18989 261.23 76.512 1.8529 0.025299 0.15968
795.39 67522 2863.7 2759.6 432.79 0.18575 220.87 64.471 1.853 0.026173 0.15572
797.17 68457 2889.4 2733.2 386.31 0.18225 192.74 56.072 1.853 0.026923 0.15322
797.66 68714 2896.5 2726 374.37 0.18129 185.91 54.031 1.853 0.027131 0.15271
798.83 69326 2913.8 2708.6 347.21 0.179 169.79 49.226 1.8531 0.027632 0.15104
800.93 70406 2945 2677.6 303.59 0.17494 140.5 40.572 1.8531 0.028533 0.14514
802.71 71313 2971.9 2651.2 270.57 0.17149 119.1 34.263 1.8532 0.029305 0.14004
803.2 71561 2979.4 2644 261.95 0.17054 113.92 32.795 1.8532 0.02952 0.13875
804.37 72154 2997.4 2626.6 242.44 0.16826 101.2 29.325 1.8532 0.030036 0.13429
806.47 73198 3030 2595.6 211.33 0.16412 73.339 22.14 1.8533 0.030964 0.11611
808.25 74072 3058.2 2569.2 188.21 0.16048 52.138 16.95 1.8533 0.03176 0.097077
808.74 74312 3066 2562 182.32 0.15944 47.293 15.867 1.8533 0.031981 0.091854
809.91 74882 3085 2544.6 168.97 0.15693 35.935 13.354 1.8533 0.032513 0.077989
812.01 75882 3119.2 2513.6 147.75 0.15219 12.542 9.5066 1.8534 0.033469 0.038343
813.79 76715 3148.8 2487.2 132.04 0.14786 2.6133 8.0111 1.8534 0.03429 0.0093233
814.28 76942 3157 2480 128.04 0.14663 -1.9152e-16 7.6887 1.8534 0.034518 0
814.28 76942 3157 2480 128.04 0.14663 -1.9152e-16 7.6887 1.8534 0.034518 0
815.28 77403 3155.7 2480 118.89 0.14408 5.3348e-16 7.1469 1.8534 0.034983 0
816.28 77852 3154.3 2480 110.57 0.14152 -1.6538e-16 6.6541 1.8535 0.035448 0
817.28 78293 3153 2480 102.93 0.13897 4.6189e-16 6.2015 1.8535 0.035913 0
818.28 78726 3151.7 2480 95.923 0.13641 -3.587e-16 5.7854 1.8535 0.036378 0
819.28 79150 3150.5 2480 89.484 0.13385 -5.3539e-16 5.4028 1.8535 0.036843 0
820.28 79567 3149.2 2480 83.564 0.13129 -4.9997e-16 5.0507 1.8535 0.037307 0
821.28 79975 3148 2480 78.119 0.12873 -2.9212e-16 4.7265 1.8536 0.037772 0
822.28 80375 3146.8 2480 73.108 0.12617 1.6403e-16 4.4278 1.8536 0.038237 0
823.28 80767 3145.7 2480 68.493 0.1236 1.5367e-16 4.1525 1.8536 0.038702 0
824.28 81150 3144.5 2480 64.24 0.12103 6.7262e-16 3.8985 1.8536 0.039166 0
825.28 81526 3143.4 2480 60.319 0.11846 1.3533e-16 3.6641 1.8536 0.039631 0
826.28 81893 3142.3 2480 56.701 0.11589 -6.7849e-16 3.4477 1.8536 0.040095 0
827.28 82253 3141.3 2480 53.361 0.11332 1.1972e-16 3.2477 1.8537 0.04056 0
828.28 82604 3140.2 2480 50.277 0.11074 -1.8801e-16 3.0628 1.8537 0.041024 0
829.28 82947 3139.2 2480 47.426 0.10817 -1.7735e-16 2.8918 1.8537 0.041488 0
830.28 83282 3138.2 2480 44.79 0.10559 1.0049e-16 2.7335 1.8537 0.041953 0
831.28 83608 3137.3 2480 42.351 0.10301 -1.5837e-16 2.5869 1.8537 0.042417 0
832.28 83927 3136.3 2480 40.094 0.10043 4.198e-16 2.4511 1.8537 0.042881 0
833.28 84237 3135.4 2480 38.004 0.09785 8.5267e-17 2.3253 1.8537 0.043345 0
834.28 84539 3134.5 2480 36.067 0.095266 -4.3158e-16 2.2086 1.8538 0.04381 0
835.28 84834 3133.7 2480 34.268 0.092682 -1.2814e-16 2.1001 1.8538 0.044274 0
836.28 85120 3132.8 2349.1 0 0.090096 -0 0 1.8538 0.044738 0
837.28 85397 3132 2349.1 0 0.087509 -0 0 1.8538 0.045202 0
838.28 85667 3131.2 2349.1 0 0.08492 -0 0 1.8538 0.045666 0
839.28 85928 3130.5 2349.1 0 0.08233 -0 0 1.8538 0.04613 0
840.28 86182 3129.7 2349.1 0 0.07974 -0 0 1.8538 0.046594 0
841.28 86427 3129 2349.1 0 0.077148 0 0 1.8538 0.047058 0
842.28 86664 3128.3 2349.1 0 0.074555 -0 0 1.8539 0.047522 0
843.28 86893 3127.7 2349.1 0 0.07196 0 0 1.8539 0.047985 0
844.28 87114 3127 2349.1 0 0.069365 -0 0 1.8539 0.048449 0
845.28 87327 3126.4 2349.1 0 0.066769 -0 0 1.8539 0.048913 0
846.28 87531 3125.8 2349.1 0 0.064172 0 0 1.8539 0.049377 0
847.28 87727 3125.2 2349.1 0 0.061574 -0 0 1.8539 0.049841 0
848.28 87916 3124.7 2349.1 0 0.058975 -0 0 1.8539 0.050304 0
849.28 88096 3124.2 2349.1 0 0.056376 0 0 1.8539 0.050768 0
850.28 88268 3123.7 2349.1 0 0.053775 -0 0 1.8539 0.051232 0
851.28 88432 3123.2 2349.1 0 0.051174 0 0 1.8539 0.051695 0
852.28 88587 3122.8 2349.1 0 0.048572 0 0 1.8539 0.052159 0
853.28 88735 3122.4 2349.1 0 0.045969 -0 0 1.8539 0.052623 0
854.28 88874 3122 2349.1 0 0.043366 0 0 1.8539 0.053086 0
855.28 89006 3121.6 2349.1 0 0.040762 0 0 1.854 0.05355 0
856.28 89129 3121.3 2349.1 0 0.038158 0 0 1.854 0.054013 0
857.28 89244 3121 2349.1 0 0.035553 -0 0 1.854 0.054477 0
858.28 89351 3120.7 2349.1 0 0.032947 -0 0 1.854 0.054941 0
859.28 89449 3120.4 2349.1 0 0.030341 0 0 1.854 0.055404 0
860.28 89540 3120.2 2349.1 0 0.027735 -0 0 1.854 0.055868 0
861.28 89622 3119.9 2349.1 0 0.025128 -0 0 1.854 0.056331 0
862.28 89697 3119.7 2349.1 0 0.022521 0 0 1.854 0.056795 0
863.28 89763 3119.6 2349.1 0 0.019914 -0 0 1.854 0.057258 0
864.28 89821 3119.4 2349.1 0 0.017307 0 0 1.854 0.057722 0
865.28 89871 3119.3 2349.1 0 0.014699 -0 0 1.854 0.058185 0
866.28 89913 3119.2 2349.1 0 0.012091 0 0 1.854 0.058649 0
867.28 89946 3119.1 2349.1 0 0.0094828 0 0 1.854 0.059112 0
868.28 89972 3119.1 2349.1 0 0.0068746 0 0 1.854 0.059576 0
869.28 89989 3119.1 2349.1 0 0.0042664 0 0 1.854 0.060039 0
870.28 89998 3119.1 2349.1 0 0.0016581 0 0 1.854 0.060503 0
871.28 89999 3119.1 2349.1 0 0 0 0 1.854 0.060966 0
