time (s) altitude (m) velocity (m/s) mass (kg)trajectory angle (rad) angle of attack (rad) heading angle (rad) latitude (rad)
0 90 30 29388 1.5691 0 0.4447 -0.2123 2.3868
0.29406 98.968 30.995 29346 1.5689 -0.00090835 0.48838 -0.2123 2.3868
0.8178 115.67 32.778 29270 1.5683 -0.0024982 0.55213 -0.2123 2.3868
1.2622 130.57 34.305 29206 1.5674 -0.0037997 0.59058 -0.2123 2.3868
1.3849 134.81 34.728 29189 1.5671 -0.004151 0.59918 -0.2123 2.3868
1.6789 145.17 35.747 29146 1.5662 -0.0049838 0.61665 -0.2123 2.3868
2.2027 164.37 37.574 29071 1.5643 -0.0064009 0.63968 -0.2123 2.3868
2.647 181.41 39.136 29007 1.5623 -0.0075235 0.65358 -0.2123 2.3868
2.7697 186.24 39.57 28989 1.5617 -0.0078241 0.65675 -0.2123 2.3868
3.0638 198.03 40.613 28947 1.5601 -0.0085307 0.66345 -0.2123 2.3868
3.5875 219.78 42.483 28871 1.5568 -0.0097108 0.67288 -0.2123 2.3868
4.0319 239.02 44.083 28807 1.5536 -0.010622 0.67905 -0.2123 2.3868
4.1546 244.45 44.526 28790 1.5526 -0.010863 0.68052 -0.2123 2.3868
4.7352 270.91 46.639 28706 1.5477 -0.01194 0.68646 -0.2123 2.3868
5.8846 326.92 50.882 28541 1.5359 -0.013594 0.69465 -0.2123 2.3868
7.159 394.75 55.684 28357 1.5199 -0.014628 0.70051 -0.2123 2.3868
8.0719 447.1 59.189 28226 1.5066 -0.014901 0.70348 -0.2123 2.3868
8.3091 461.22 60.109 28192 1.5028 -0.014896 0.70415 -0.2123 2.3868
9.1913 515.61 63.564 28065 1.4882 -0.014724 0.70627 -0.2123 2.3868
10.763 619.91 69.861 27838 1.459 -0.013492 0.70913 -0.2123 2.3868
12.096 715.92 75.358 27646 1.4316 -0.011431 0.71095 -0.2123 2.3868
12.464 743.66 76.903 27593 1.4237 -0.01073 0.71137 -0.2123 2.3868
12.919 778.69 78.829 27528 1.4137 -0.0097792 0.71187 -0.2123 2.3868
13.902 857.12 83.052 27386 1.3916 -0.0074259 0.71282 -0.2123 2.3868
15.214 967.73 88.821 27198 1.3611 -0.0035332 0.71391 -0.21229 2.3868
16.595 1091.5 95.065 26999 1.3288 0.0014456 0.71487 -0.21229 2.3868
17.773 1202.9 100.54 26829 1.3019 0.0062427 0.71558 -0.21229 2.3868
18.513 1275.7 104.05 26723 1.2855 0.0093657 0.71598 -0.21229 2.3868
18.696 1294 104.92 26696 1.2815 0.010144 0.71608 -0.21228 2.3868
19.151 1340.2 107.12 26631 1.2717 0.012076 0.71631 -0.21228 2.3868
20.134 1442.7 111.93 26489 1.2513 0.016189 0.71679 -0.21228 2.3869
21.446 1585.6 118.5 26301 1.2261 0.021257 0.71737 -0.21228 2.3869
22.827 1743.5 125.6 26102 1.202 0.025715 0.71793 -0.21227 2.3869
24.005 1884.3 131.79 25932 1.1835 0.028744 0.71838 -0.21226 2.3869
24.745 1975.8 135.75 25826 1.1728 0.030312 0.71864 -0.21226 2.3869
24.927 1998.7 136.74 25800 1.1703 0.030667 0.71871 -0.21226 2.3869
26.251 2169.1 143.95 25609 1.1533 0.032927 0.71916 -0.21225 2.3869
28.607 2491.4 157.17 25270 1.1281 0.034906 0.71992 -0.21224 2.3869
30.607 2784.6 168.74 24983 1.111 0.034902 0.72052 -0.21222 2.3869
31.159 2868.8 171.99 24903 1.1069 0.03487 0.72068 -0.21222 2.3869
32.482 3076.5 179.9 24713 1.0981 0.034839 0.72105 -0.21221 2.3869
34.839 3467.8 194.38 24374 1.0869 0.034906 0.7217 -0.21218 2.387
36.839 3822.5 207.06 24086 1.082 0.034904 0.72224 -0.21216 2.387
37.391 3924.3 210.62 24007 1.0814 0.034875 0.72238 -0.21216 2.387
38.714 4175.3 219.26 23817 1.0814 0.034905 0.72273 -0.21215 2.387
41.071 4648.2 235.05 23478 1.0862 0.034906 0.72334 -0.21212 2.387
43.071 5077.2 248.85 23190 1.0952 0.034828 0.72387 -0.2121 2.3871
43.623 5200.4 252.73 23111 1.0985 0.034834 0.72401 -0.21209 2.3871
44.284 5350.9 257.42 23016 1.1029 0.034906 0.72419 -0.21208 2.3871
45.463 5626.7 265.88 22847 1.1119 0.034906 0.7245 -0.21207 2.3871
46.463 5868.8 273.17 22703 1.1207 0.034472 0.72477 -0.21205 2.3871
46.739 5937 275.2 22663 1.1233 0.034241 0.72485 -0.21205 2.3871
47.4 6102.8 280.09 22568 1.1296 0.033585 0.72503 -0.21204 2.3871
48.579 6406.7 288.7 22399 1.1406 0.031886 0.72536 -0.21203 2.3871
49.579 6672.7 295.63 22255 1.1486 0.029885 0.72565 -0.21202 2.3872
49.855 6747.4 297.46 22215 1.1505 0.029252 0.72573 -0.21201 2.3872
51.178 7112.5 305.81 22025 1.1576 0.02567 0.72611 -0.212 2.3872
53.535 7788.1 319.24 21687 1.1598 0.017099 0.7268 -0.21196 2.3872
55.534 8381.9 329.71 21399 1.1494 0.0076998 0.72738 -0.21194 2.3872
56.087 8548.5 332.54 21320 1.1443 0.0047938 0.72753 -0.21193 2.3873
56.748 8749.5 335.95 21225 1.137 0.0012893 0.72772 -0.21192 2.3873
57.927 9110.7 342.12 21055 1.1207 -0.0045408 0.72804 -0.2119 2.3873
58.926 9419.8 347.55 20912 1.1041 -0.008932 0.7283 -0.21189 2.3873
59.202 9505.6 349.1 20872 1.0992 -0.010067 0.72837 -0.21188 2.3873
59.864 9711.8 352.88 20777 1.0867 -0.012641 0.72853 -0.21187 2.3873
61.042 10081 359.9 20608 1.0628 -0.016701 0.72882 -0.21185 2.3873
62.042 10396 366.14 20464 1.0409 -0.019578 0.72905 -0.21183 2.3874
62.318 10484 367.9 20424 1.0346 -0.020295 0.72911 -0.21183 2.3874
62.759 10623 370.77 20361 1.0244 -0.021366 0.72921 -0.21182 2.3874
63.545 10872 376 20248 1.0059 -0.023042 0.72938 -0.2118 2.3874
64.212 11084 380.56 20152 0.98973 -0.024209 0.72952 -0.21179 2.3874
64.396 11143 381.84 20126 0.98523 -0.024498 0.72955 -0.21178 2.3874
64.837 11283 384.96 20062 0.97438 -0.02513 0.72964 -0.21177 2.3874
65.622 11534 390.67 19949 0.95486 -0.026024 0.7298 -0.21175 2.3875
66.289 11746 395.67 19854 0.93821 -0.026533 0.72992 -0.21174 2.3875
66.473 11805 397.08 19827 0.9336 -0.026647 0.72996 -0.21173 2.3875
67.355 12087 403.98 19700 0.91156 -0.027019 0.73012 -0.21171 2.3875
68.926 12588 416.94 19475 0.87281 -0.026788 0.7304 -0.21167 2.3876
70.259 13014 428.65 19283 0.84098 -0.025869 0.73062 -0.21163 2.3876
70.627 13132 432 19230 0.83243 -0.025604 0.73068 -0.21162 2.3876
71.51 13414 440.23 19103 0.81231 -0.02498 0.73082 -0.21159 2.3876
73.081 13916 455.61 18877 0.77779 -0.024413 0.73106 -0.21154 2.3877
74.414 14342 469.39 18686 0.74959 -0.024818 0.73125 -0.21149 2.3878
74.782 14460 473.32 18633 0.74192 -0.025082 0.7313 -0.21148 2.3878
75.664 14742 482.94 18506 0.72374 -0.025891 0.73143 -0.21145 2.3878
77.235 15244 500.84 18280 0.69177 -0.028244 0.73164 -0.21139 2.3879
78.569 15670 516.78 18088 0.66477 -0.03127 0.73181 -0.21133 2.3879
78.937 15787 521.31 18035 0.65729 -0.032233 0.73186 -0.21132 2.388
79.819 16068 532.39 17908 0.63929 -0.034786 0.73197 -0.21128 2.388
81.39 16565 552.94 17682 0.60682 -0.040289 0.73216 -0.2112 2.3881
82.723 16984 571.27 17491 0.57871 -0.045897 0.73232 -0.21114 2.3882
83.091 17099 576.48 17438 0.57085 -0.047506 0.73236 -0.21112 2.3882
83.973 17372 589.28 17311 0.55192 -0.051369 0.73246 -0.21107 2.3882
85.545 17854 613.2 17085 0.5182 -0.057813 0.73263 -0.21099 2.3883
86.878 18255 634.69 16893 0.4901 -0.062417 0.73277 -0.21091 2.3884
87.246 18365 640.83 16840 0.4825 -0.063517 0.73281 -0.21089 2.3884
88.128 18626 655.89 16713 0.46461 -0.065984 0.7329 -0.21084 2.3885
89.699 19083 683.95 16487 0.43401 -0.069454 0.73306 -0.21074 2.3886
91.032 19463 708.99 16295 0.40945 -0.071389 0.73319 -0.21065 2.3887
91.4 19566 716.09 16242 0.4029 -0.071812 0.73323 -0.21063 2.3887
92.282 19812 733.45 16115 0.38759 -0.072627 0.73331 -0.21056 2.3888
93.854 20243 765.5 15889 0.36163 -0.073446 0.73346 -0.21045 2.3889
95.187 20600 793.78 15697 0.34079 -0.073637 0.73358 -0.21035 2.3891
95.555 20698 801.76 15644 0.33521 -0.073676 0.73361 -0.21032 2.3891
96.437 20929 821.19 15517 0.32208 -0.073685 0.73369 -0.21025 2.3892
98.008 21331 856.77 15291 0.29944 -0.073514 0.73382 -0.21011 2.3893
99.341 21664 887.91 15099 0.2808 -0.07307 0.73394 -0.21 2.3895
99.709 21754 896.66 15046 0.27572 -0.072885 0.73397 -0.20996 2.3895
101.03 22072 928.6 14855 0.25764 -0.07189 0.73408 -0.20984 2.3896
103.39 22612 987.29 14516 0.22595 -0.068069 0.73428 -0.20961 2.3899
105.39 23040 1038.7 14227 0.1995 -0.062499 0.73444 -0.20941 2.3901
105.94 23152 1053.1 14148 0.19229 -0.060679 0.73448 -0.20935 2.3902
106.81 23324 1076.1 14022 0.18101 -0.057493 0.73455 -0.20925 2.3903
108.54 23645 1122.3 13774 0.15926 -0.050473 0.73468 -0.20905 2.3905
110.45 23967 1175 13498 0.1364 -0.042993 0.73483 -0.20883 2.3908
111.82 24177 1213.8 13301 0.12088 -0.038767 0.73494 -0.20866 2.391
112.17 24229 1224.1 13250 0.11694 -0.037779 0.73496 -0.20861 2.391
112.52 24278 1234.3 13199 0.1131 -0.036876 0.73499 -0.20857 2.3911
113.3 24383 1256.9 13088 0.10478 -0.035048 0.73505 -0.20847 2.3912
114.37 24518 1288.8 12933 0.093474 -0.032973 0.73513 -0.20832 2.3913
115.58 24656 1325.5 12758 0.081047 -0.03111 0.73522 -0.20816 2.3915
116.75 24774 1361.5 12590 0.069457 -0.029265 0.7353 -0.20799 2.3917
117.69 24858 1391 12455 0.060467 -0.027334 0.73537 -0.20786 2.3919
118.26 24904 1409.2 12372 0.05521 -0.025937 0.73542 -0.20777 2.392
118.4 24915 1413.7 12352 0.053959 -0.025576 0.73543 -0.20775 2.392
118.76 24941 1424.9 12301 0.050884 -0.024644 0.73545 -0.2077 2.3921
119.53 24994 1449.7 12190 0.044447 -0.022378 0.73551 -0.20758 2.3922
120.6 25057 1484.4 12035 0.036371 -0.018724 0.73559 -0.20742 2.3924
121.81 25117 1524 11860 0.028914 -0.01392 0.73568 -0.20723 2.3926
122.98 25163 1562.5 11692 0.023382 -0.0085915 0.73576 -0.20704 2.3928
123.92 25195 1594.1 11556 0.019894 -0.0038184 0.73583 -0.20688 2.393
124.5 25213 1613.7 11473 0.01829 -0.0007481 0.73587 -0.20679 2.3931
124.64 25217 1618.5 11453 0.017946 1.4518e-06 0.73588 -0.20676 2.3931
