time (s) altitude (m) velocity (m/s) mass (kg) dynamic pressure (Pa)trajectory angle (rad) Lift (N)Drag (N)heading angle (rad) latitude (rad) angle of attack (rad) 
584.74 32565 2870.2 3300 49736 0.012176 17626 5491.2 1.8026 -0.044237 0.11715
585.58 32594 2879.6 3287.7 49827 0.012262 17727 5510.9 1.8026 -0.043874 0.11753
587.37 32658 2899.9 3261.1 50015 0.012523 17949 5554 1.8027 -0.043086 0.11839
589.76 32747 2927.2 3225.7 50239 0.013034 18261 5614.2 1.8027 -0.042026 0.11966
592.28 32847 2956.2 3188.4 50432 0.013783 18614 5681.4 1.8027 -0.040899 0.12118
594.43 32937 2981.1 3156.6 50551 0.014599 18940 5742.9 1.8027 -0.03993 0.1227
595.78 32997 2996.9 3136.6 50599 0.0152 19160 5783.9 1.8027 -0.039316 0.12377
596.12 33012 3000.8 3131.6 50607 0.015359 19214 5794.1 1.8027 -0.039165 0.12404
596.44 33027 3004.6 3126.9 50614 0.015516 19271 5804.7 1.8027 -0.039019 0.12433
597.14 33060 3012.9 3116.5 50623 0.015877 19403 5829.1 1.8027 -0.038696 0.12501
598.12 33108 3024.4 3102 50625 0.016413 19603 5865.3 1.8027 -0.038247 0.12607
599.23 33164 3037.5 3085.6 50608 0.017071 19844 5909 1.8027 -0.037737 0.12738
600.29 33221 3050.1 3069.8 50573 0.017758 20092 5954 1.8027 -0.037245 0.12877
601.15 33268 3060.3 3057.1 50530 0.018354 20308 5993.3 1.8027 -0.036847 0.13
601.67 33298 3066.5 3049.4 50496 0.018736 20442 6017.8 1.8027 -0.036603 0.13078
601.8 33305 3068.1 3047.5 50487 0.018831 20469 6022.5 1.8027 -0.036543 0.13095
602.12 33324 3071.9 3042.7 50463 0.019074 20568 6041 1.8027 -0.036394 0.13152
602.83 33366 3080.3 3032.3 50403 0.019629 20773 6078.6 1.8027 -0.036064 0.13273
603.81 33426 3092 3017.8 50300 0.020449 21077 6134.8 1.8027 -0.035605 0.13456
604.91 33498 3105.3 3001.4 50158 0.021447 21467 6207.6 1.8027 -0.035084 0.13693
605.98 33571 3118 2985.7 49991 0.022486 21876 6284.5 1.8027 -0.034581 0.13948
606.84 33632 3128.4 2972.9 49835 0.023379 22127 6347 1.8027 -0.034174 0.141
607.36 33671 3134.7 2965.2 49729 0.023944 22296 6391.1 1.8027 -0.033924 0.14202
607.49 33681 3136.2 2963.3 49702 0.024085 22353 6406.1 1.8027 -0.033863 0.14234
608.13 33730 3143.9 2953.8 49560 0.024804 22528 6450.9 1.8027 -0.033558 0.14348
609.54 33844 3161 2932.9 49203 0.026481 23067 6593.1 1.8027 -0.032883 0.14681
611.5 34016 3184.6 2903.9 48600 0.029069 24021 6843.7 1.8027 -0.031938 0.15262
613.71 34234 3211.2 2871.2 47750 0.032539 26484 7491.2 1.8028 -0.030864 0.16573
615.84 34471 3236.1 2839.7 46719 0.036857 29746 8469.4 1.8028 -0.029823 0.18265
617.56 34688 3256 2814.2 45717 0.040809 29735 8485.1 1.8028 -0.028976 0.1853
618.6 34831 3268.3 2798.7 45039 0.043181 29726 8496.8 1.8028 -0.028457 0.18715
618.86 34868 3271.3 2794.9 44866 0.043778 29645 8473.7 1.8028 -0.02833 0.1873
619.65 34984 3280.6 2783.2 44311 0.045607 29717 8510.3 1.8028 -0.027935 0.18922
621.23 35229 3299.1 2759.9 43132 0.049268 29702 8533.2 1.8028 -0.02715 0.1927
622.97 35525 3319.8 2734.1 41713 0.053374 29683 8562.5 1.8028 -0.026274 0.19715
624.22 35753 3334.7 2715.6 40629 0.056348 29669 8585.7 1.8028 -0.025643 0.20077
624.55 35815 3338.5 2710.7 40339 0.057125 29664 8591.7 1.8028 -0.025479 0.20176
625.34 35969 3348.1 2699 39615 0.059035 29655 8608.1 1.8028 -0.025076 0.20432
626.91 36291 3367 2675.7 38130 0.06285 29633 8646.6 1.8029 -0.024276 0.20984
628.66 36673 3388.1 2649.9 36411 0.067135 29586 8758.1 1.8029 -0.023383 0.21617
629.91 36964 3403.3 2631.4 35140 0.07024 29550 8841.2 1.8029 -0.02274 0.22124
630.23 37042 3407.2 2626.6 34805 0.071053 29536 8861.5 1.8029 -0.022572 0.22262
631.44 37341 3421.9 2608.7 33547 0.07409 29506 8946.4 1.8029 -0.021948 0.22816
633.59 37908 3448.2 2576.9 31265 0.079596 29442 9098.3 1.8029 -0.02083 0.23929
635.41 38425 3470.7 2549.8 29308 0.084252 28425 8855.4 1.8029 -0.019875 0.24433
635.92 38573 3477 2542.4 28768 0.085494 27945 8713.3 1.803 -0.01961 0.24459
637.13 38939 3492.3 2524.5 27481 0.088361 26651 8306.3 1.803 -0.018973 0.24432
639.28 39622 3520.3 2492.7 25230 0.093077 24533 7659.6 1.803 -0.017834 0.24475
641.1 40233 3544.8 2465.7 23381 0.096697 22651 7064.5 1.803 -0.01686 0.24415
641.6 40406 3551.7 2458.2 22882 0.097628 22206 6930.6 1.803 -0.01659 0.24444
642.81 40830 3568.5 2440.3 21711 0.099771 21080 6582.9 1.803 -0.01594 0.24452
644.96 41611 3599 2408.5 19716 0.10324 19140 5979.7 1.8031 -0.014777 0.2445
646.79 42299 3625.7 2381.5 18121 0.10585 17581 5494 1.8031 -0.013782 0.24441
647.29 42493 3633.2 2374 17698 0.10652 17159 5361.2 1.8031 -0.013507 0.2443
648.5 42964 3651.4 2356.2 16712 0.10803 16206 5065.4 1.8031 -0.012843 0.24433
650.65 43824 3684.5 2324.3 15062 0.11047 14668 4596.8 1.8032 -0.011654 0.24503
652.47 44574 3713.4 2297.3 13766 0.11228 13417 4208.3 1.8032 -0.010636 0.24516
652.98 44784 3721.4 2289.9 13425 0.11274 13067 4096.4 1.8032 -0.010354 0.24494
654.18 45293 3741 2272 12637 0.11377 12264 3840.7 1.8032 -0.0096754 0.24447
656.33 46218 3776.6 2240.1 11333 0.11539 10977 3437.3 1.8033 -0.0084577 0.24414
658.16 47019 3807.6 2213.1 10323 0.11657 10031 3146.8 1.8033 -0.0074157 0.24468
658.66 47242 3816.2 2205.7 10082 0.11687 9798.7 3075.3 1.8033 -0.0071266 0.24471
659.87 47782 3837.2 2187.8 9521 0.11756 9274.2 2915.8 1.8033 -0.006431 0.24508
662.02 48760 3875.1 2156 8583.6 0.11864 8334.7 2620.1 1.8034 -0.0051828 0.24458
663.84 49603 3908.1 2129 7848.7 0.11942 7572.5 2378.6 1.8034 -0.0041143 0.2435
664.35 49838 3917.3 2121.5 7655.2 0.11962 7389.4 2322.1 1.8034 -0.0038178 0.24358
665.56 50405 3939.5 2103.6 7207.7 0.12006 6956.5 2187.7 1.8034 -0.0031042 0.24357
667.71 51428 3979.9 2071.8 6493.1 0.12076 6288.7 1982.9 1.8035 -0.0018234 0.24418
669.53 52308 4014.8 2044.8 5961 0.12129 5787 1829.8 1.8035 -0.00072663 0.24459
670.03 52553 4024.5 2037.3 5819.8 0.12143 5639.7 1782.7 1.8035 -0.00042218 0.2443
671.24 53144 4048.1 2019.4 5491 0.12174 5309.1 1679.4 1.8035 0.00031052 0.24391
673.39 54209 4090.8 1987.6 4939.1 0.12223 4756.2 1506.5 1.8036 0.001626 0.24323
675.22 55125 4127.8 1960.6 4503.6 0.1226 4338.3 1377.1 1.8036 0.0027527 0.24331
675.72 55379 4138.1 1953.1 4388.6 0.1227 4225.5 1341.8 1.8036 0.0030656 0.24323
676.36 55704 4151.3 1943.7 4245.6 0.12282 4090.2 1300 1.8036 0.003464 0.24333
677.77 56424 4180.6 1922.8 3942.8 0.12307 3772.8 1198.3 1.8036 0.0043465 0.24218
679.73 57437 4222.1 1893.8 3549.1 0.12335 3311 1044.3 1.8037 0.0055837 0.23788
681.94 58593 4270 1861 3141.5 0.12357 2852 892.58 1.8037 0.0069944 0.23338
684.07 59720 4317.2 1829.5 2784.6 0.12372 2472.9 768.78 1.8037 0.0083658 0.22984
685.79 60640 4356 1804.1 2520 0.12375 2062.7 626.03 1.8038 0.0094846 0.21738
686.84 61205 4380.2 1788.6 2368.7 0.12366 1731.3 512.49 1.8038 0.010172 0.20101
687.09 61343 4386.2 1784.8 2333 0.12362 1652.8 487.24 1.8038 0.01034 0.19665
687.73 61690 4401.2 1775.3 2245.5 0.1235 1491.1 435.57 1.8038 0.010762 0.18802
689.14 62456 4434.7 1754.4 2062.3 0.12306 1108.5 319.42 1.8038 0.011697 0.16217
691.1 63524 4482.4 1725.4 1829.1 0.12207 713.39 213.05 1.8039 0.013009 0.1289
693.31 64732 4537.6 1692.7 1594.3 0.12047 386.45 139.27 1.8039 0.014506 0.089535
695.44 65889 4592.2 1661.2 1395 0.11846 179.05 100.79 1.8039 0.015963 0.053031
697.16 66819 4637.2 1635.7 1251.5 0.11651 61.427 82.703 1.804 0.017154 0.022544
698.21 67383 4665 1620.2 1171.1 0.11517 11.736 75.511 1.804 0.017886 0.0046029
698.46 67520 4671.9 1616.4 1152.3 0.11483 0 73.826 1.804 0.018065 0
698.46 67520 4671.9 1616.4 1152.3 0.11483 0 73.826 1.804 0.018065 0
699.46 68055 4670.8 1616.4 1068.4 0.11348 0 68.405 1.804 0.018766 0
700.46 68581 4669.7 1616.4 991.53 0.11213 0 63.437 1.804 0.019467 0
701.46 69100 4668.6 1616.4 920.57 0.11078 0 58.854 1.804 0.020168 0
702.46 69613 4667.5 1616.4 855.05 0.10943 0 54.627 1.8041 0.020869 0
703.46 70119 4666.5 1616.4 794.55 0.10808 0 50.726 1.8041 0.02157 0
704.46 70620 4665.5 1616.4 738.67 0.10672 0 47.125 1.8041 0.022271 0
705.46 71113 4664.5 1616.4 686.75 0.10537 0 43.784 1.8041 0.022971 0
706.46 71601 4663.5 1616.4 637.96 0.10401 0 40.653 1.8041 0.023672 0
707.46 72082 4662.5 1616.4 593.01 0.10266 0 37.77 1.8041 0.024372 0
708.46 72556 4661.5 1616.4 551.59 0.1013 0 35.115 1.8041 0.025072 0
709.46 73025 4660.6 1616.4 513.39 0.099949 0 32.668 1.8042 0.025773 0
710.46 73486 4659.6 1616.4 478.16 0.098592 0 30.411 1.8042 0.026473 0
711.46 73942 4658.7 1616.4 445.65 0.097235 0 28.33 1.8042 0.027173 0
712.46 74391 4657.8 1616.4 415.64 0.095878 0 26.41 1.8042 0.027872 0
713.46 74834 4656.9 1616.4 387.91 0.09452 0 24.637 1.8042 0.028572 0
714.46 75270 4656 1616.4 362.3 0.093162 0 22.999 1.8042 0.029272 0
715.46 75700 4655.2 1616.4 338.61 0.091803 0 21.486 1.8042 0.029972 0
716.46 76124 4654.3 1616.4 316.71 0.090444 0 20.086 1.8043 0.030671 0
717.46 76541 4653.5 1616.4 296.44 0.089085 0 18.792 1.8043 0.03137 0
718.46 76952 4652.6 1616.4 277.67 0.087725 0 17.595 1.8043 0.03207 0
719.46 77356 4651.8 1616.4 260.29 0.086364 0 16.486 1.8043 0.032769 0
720.46 77754 4651 1616.4 244.19 0.085003 0 15.459 1.8043 0.033468 0
721.46 78146 4650.3 1616.4 229.26 0.083642 0 14.508 1.8043 0.034167 0
722.46 78531 4649.5 1616.4 215.41 0.08228 0 13.626 1.8043 0.034866 0
723.46 78910 4648.7 1616.4 202.56 0.080918 0 12.807 1.8044 0.035565 0
724.46 79283 4648 1616.4 190.63 0.079556 0 12.048 1.8044 0.036264 0
725.46 79649 4647.3 1616.4 179.55 0.078193 0 11.343 1.8044 0.036963 0
726.46 80009 4646.6 1616.4 169.25 0.076829 0 10.688 1.8044 0.037662 0
727.46 80362 4645.9 1616.4 159.68 0.075466 0 10.079 1.8044 0.03836 0
728.46 80709 4645.2 1616.4 150.78 0.074102 0 9.5134 1.8044 0.039059 0
729.46 81050 4644.5 1616.4 142.49 0.072737 0 8.987 1.8044 0.039757 0
730.46 81384 4643.8 1616.4 134.78 0.071373 0 8.4971 1.8044 0.040456 0
731.46 81712 4643.2 1616.4 127.59 0.070007 0 8.0411 1.8044 0.041154 0
732.46 82034 4642.5 1616.4 120.9 0.068642 0 7.6162 1.8045 0.041852 0
733.46 82349 4641.9 1616.4 114.66 0.067276 0 7.2204 1.8045 0.04255 0
734.46 82658 4641.3 1616.4 108.84 0.06591 0 6.8512 1.8045 0.043249 0
735.46 82960 4640.7 1616.4 103.41 0.064544 0 6.5069 1.8045 0.043947 0
736.46 83256 4640.1 1616.4 98.337 0.063177 0 6.1857 1.8045 0.044645 0
737.46 83546 4639.6 1616.4 93.603 0.06181 0 5.8858 1.8045 0.045343 0
738.46 83830 4639 1616.4 89.181 0.060443 0 5.6058 1.8045 0.04604 0
739.46 84107 4638.5 1616.4 85.048 0.059075 0 5.3442 1.8045 0.046738 0
740.46 84377 4638 1616.4 81.184 0.057707 0 5.0997 1.8045 0.047436 0
741.46 84642 4637.4 1616.4 77.571 0.056339 0 4.871 1.8045 0.048134 0
742.46 84900 4636.9 1616.4 74.153 0.054971 0 4.6552 1.8046 0.048832 0
743.46 85151 4636.5 1485.5 0 0.053602 0 0 1.8046 0.049529 0
744.46 85396 4636 1485.5 0 0.052233 0 0 1.8046 0.050227 0
745.46 85635 4635.5 1485.5 0 0.050864 0 0 1.8046 0.050924 0
746.46 85868 4635.1 1485.5 0 0.049494 0 0 1.8046 0.051622 0
747.46 86094 4634.7 1485.5 0 0.048125 0 0 1.8046 0.052319 0
748.46 86314 4634.2 1485.5 0 0.046755 0 0 1.8046 0.053017 0
749.46 86527 4633.8 1485.5 0 0.045385 0 0 1.8046 0.053714 0
750.46 86734 4633.4 1485.5 0 0.044014 0 0 1.8046 0.054411 0
751.46 86935 4633.1 1485.5 0 0.042644 0 0 1.8046 0.055109 0
752.46 87129 4632.7 1485.5 0 0.041273 0 0 1.8046 0.055806 0
753.46 87317 4632.3 1485.5 0 0.039902 0 0 1.8046 0.056503 0
754.46 87499 4632 1485.5 0 0.038531 0 0 1.8046 0.0572 0
755.46 87674 4631.7 1485.5 0 0.03716 0 0 1.8047 0.057897 0
756.46 87843 4631.4 1485.5 0 0.035788 0 0 1.8047 0.058594 0
757.46 88005 4631.1 1485.5 0 0.034417 0 0 1.8047 0.059292 0
758.46 88162 4630.8 1485.5 0 0.033045 0 0 1.8047 0.059989 0
759.46 88311 4630.5 1485.5 0 0.031673 0 0 1.8047 0.060686 0
760.46 88455 4630.2 1485.5 0 0.030301 0 0 1.8047 0.061383 0
761.46 88592 4630 1485.5 0 0.028929 0 0 1.8047 0.06208 0
762.46 88723 4629.7 1485.5 0 0.027557 0 0 1.8047 0.062776 0
763.46 88847 4629.5 1485.5 0 0.026184 0 0 1.8047 0.063473 0
764.46 88965 4629.3 1485.5 0 0.024812 0 0 1.8047 0.06417 0
765.46 89077 4629.1 1485.5 0 0.023439 0 0 1.8047 0.064867 0
766.46 89182 4628.9 1485.5 0 0.022066 0 0 1.8047 0.065564 0
767.46 89281 4628.8 1485.5 0 0.020693 0 0 1.8047 0.066261 0
768.46 89374 4628.6 1485.5 0 0.019321 0 0 1.8047 0.066958 0
769.46 89460 4628.5 1485.5 0 0.017947 0 0 1.8047 0.067654 0
770.46 89540 4628.3 1485.5 0 0.016574 0 0 1.8047 0.068351 0
771.46 89613 4628.2 1485.5 0 0.015201 0 0 1.8047 0.069048 0
772.46 89681 4628.1 1485.5 0 0.013828 0 0 1.8047 0.069745 0
773.46 89741 4628 1485.5 0 0.012455 0 0 1.8047 0.070442 0
774.46 89796 4627.9 1485.5 0 0.011082 0 0 1.8047 0.071138 0
775.46 89844 4627.9 1485.5 0 0.0097082 0 0 1.8048 0.071835 0
776.46 89886 4627.8 1485.5 0 0.0083348 0 0 1.8048 0.072532 0
777.46 89921 4627.8 1485.5 0 0.0069614 0 0 1.8048 0.073229 0
778.46 89950 4627.8 1485.5 0 0.005588 0 0 1.8048 0.073925 0
779.46 89973 4627.7 1485.5 0 0.0042146 0 0 1.8048 0.074622 0
780.46 89989 4627.7 1485.5 0 0.0028412 0 0 1.8048 0.075319 0
781.46 89999 4627.8 1485.5 0 0.0014678 0 0 1.8048 0.076016 0
782.46 90003 4627.8 1485.5 0 9.4439e-05 0 0 1.8048 0.076712 0
783.46 90000 4627.8 1485.5 0 0 0 0 1.8048 0.077409 0
