-0.1309	1.6755	30000	0	2800	110.37	1671.7	0.12361
-0.1309	1.6755	30000	0	2825	106.83	1701.9	0.11582
-0.1309	1.6755	30000	0	2850	111.83	1699.1	0.12537
-0.1309	1.6755	30000	0	2875	114.63	1700.1	0.11857
-0.1309	1.6755	30000	0	2900	114.17	1714.4	0.11818
-0.1309	1.6755	30000	0	2925	120.09	1700.1	0.11374
-0.1309	1.6755	30000	0	2950	123.04	1699.7	0.11287
-0.1309	1.6755	30000	0	3000	127.41	1700.7	0.11243
-0.1309	1.6755	30000	0.05	2800	124.1	1691.9	0.1157
-0.1309	1.6755	30000	0.05	2825	133.01	1655.1	0.12098
-0.1309	1.6755	30000	0.05	2850	133.25	1679.2	0.11955
-0.1309	1.6755	30000	0.05	2875	135.41	1681.6	0.11773
-0.1309	1.6755	30000	0.05	2900	136.55	1694.6	0.11635
-0.1309	1.6755	30000	0.05	2925	138.24	1704.8	0.11085
-0.1309	1.6755	30000	0.05	2950	144.05	1690.8	0.11228
-0.1309	1.6755	30000	0.05	3000	150.47	1691.6	0.10827
-0.1309	1.6755	30000	0.1	2800	155.85	1568.6	0.11817
-0.1309	1.6755	30000	0.1	2825	157.47	1585.4	0.11363
-0.1309	1.6755	30000	0.1	2850	160.22	1592.2	0.11338
-0.1309	1.6755	30000	0.1	2875	165.74	1577.4	0.11718
-0.1309	1.6755	30000	0.1	2900	166.39	1596.8	0.10933
-0.1309	1.6755	30000	0.1	2925	170	1597.6	0.10916
-0.1309	1.6755	30000	0.1	2950	171.6	1611.1	0.10439
-0.1309	1.6755	30000	0.1	3000	178.87	1612.4	0.10215
-0.1309	1.6755	30000	0.15	2800	186.19	1397.8	0.13621
-0.1309	1.6755	30000	0.15	2825	189.97	1401.6	0.13228
-0.1309	1.6755	30000	0.15	2850	193.79	1403.6	0.12702
-0.1309	1.6755	30000	0.15	2875	197.62	1402.6	0.12431
-0.1309	1.6755	30000	0.15	2900	201.5	1404	0.12192
-0.1309	1.6755	30000	0.15	2925	205.23	1400	0.11842
-0.1309	1.6755	30000	0.15	2950	209.18	1400	0.11645
-0.1309	1.6755	30000	0.15	3000	217.22	1401.1	0.11349
-0.1309	1.6755	31000	0	2800	123.49	1606.5	0.14266
-0.1309	1.6755	31000	0	2825	125.42	1615.1	0.13953
-0.1309	1.6755	31000	0	2850	127.21	1623	0.13597
-0.1309	1.6755	31000	0	2875	128.82	1638.9	0.1437
-0.1309	1.6755	31000	0	2900	130.68	1642.7	0.14047
-0.1309	1.6755	31000	0	2925	133.82	1644.5	0.13973
-0.1309	1.6755	31000	0	2950	135.72	1648.6	0.13506
-0.1309	1.6755	31000	0	3000	141.77	1648.3	0.12751
-0.1309	1.6755	31000	0.05	2800	143.44	1580.6	0.14786
-0.1309	1.6755	31000	0.05	2825	145.85	1592.2	0.13974
-0.1309	1.6755	31000	0.05	2850	148.15	1598.6	0.13627
-0.1309	1.6755	31000	0.05	2875	150.57	1605.3	0.13386
-0.1309	1.6755	31000	0.05	2900	154.16	1603.6	0.13642
-0.1309	1.6755	31000	0.05	2925	156.45	1607.9	0.1313
-0.1309	1.6755	31000	0.05	2950	158.73	1619.5	0.12765
-0.1309	1.6755	31000	0.05	3000	164.41	1625.9	0.1228
-0.1309	1.6755	31000	0.1	2800	167.31	1498.6	0.13838
-0.1309	1.6755	31000	0.1	2825	173.26	1474	0.14391
-0.1309	1.6755	31000	0.1	2850	176.87	1478	0.14085
-0.1309	1.6755	31000	0.1	2875	179.78	1482.5	0.13898
-0.1309	1.6755	31000	0.1	2900	183.43	1483.7	0.13624
-0.1309	1.6755	31000	0.1	2925	186.36	1490.8	0.13348
-0.1309	1.6755	31000	0.1	2950	190.06	1490	0.13106
-0.1309	1.6755	31000	0.1	3000	196.79	1498.1	0.12912
-0.1309	1.6755	31000	0.15	2800	195.57	1320.9	0.15763
-0.1309	1.6755	31000	0.15	2825	199.41	1322.9	0.15529
-0.1309	1.6755	31000	0.15	2850	203.3	1322.4	0.15286
-0.1309	1.6755	31000	0.15	2875	206.61	1329.9	0.1493
-0.1309	1.6755	31000	0.15	2900	210.58	1328	0.14694
-0.1309	1.6755	31000	0.15	2925	214.48	1327.9	0.14475
-0.1309	1.6755	31000	0.15	2950	218.5	1327.9	0.14237
-0.1309	1.6755	31000	0.15	3000	226.54	1326.4	0.13796
-0.1309	1.6755	32000	0	2800	138.48	1525	0.17059
-0.1309	1.6755	32000	0	2825	140.09	1536.4	0.16605
-0.1309	1.6755	32000	0	2850	143.16	1536	0.16704
-0.1309	1.6755	32000	0	2875	145.38	1544.5	0.16359
-0.1309	1.6755	32000	0	2900	147.62	1550.6	0.15967
-0.1309	1.6755	32000	0	2925	150.86	1551.4	0.1567
-0.1309	1.6755	32000	0	2950	152.38	1564.3	0.15577
-0.1309	1.6755	32000	0	3000	157.81	1569.6	0.1502
-0.1309	1.6755	32000	0.05	2800	157.55	1490.1	0.16583
-0.1309	1.6755	32000	0.05	2825	161.07	1491.2	0.16505
-0.1309	1.6755	32000	0.05	2850	163.68	1497.2	0.16287
-0.1309	1.6755	32000	0.05	2875	166.28	1499.8	0.16274
-0.1309	1.6755	32000	0.05	2900	169.01	1507.2	0.15599
-0.1309	1.6755	32000	0.05	2925	171.83	1515	0.15618
-0.1309	1.6755	32000	0.05	2950	175.27	1515.2	0.15467
-0.1309	1.6755	32000	0.05	3000	179.74	1537	0.14694
-0.1309	1.6755	32000	0.1	2800	180.52	1388.5	0.18365
-0.1309	1.6755	32000	0.1	2825	183.46	1395.4	0.18063
-0.1309	1.6755	32000	0.1	2850	187.37	1395.4	0.17759
-0.1309	1.6755	32000	0.1	2875	190.57	1401.7	0.17932
-0.1309	1.6755	32000	0.1	2900	194.23	1400	0.16802
-0.1309	1.6755	32000	0.1	2925	196.79	1415.3	0.17644
-0.1309	1.6755	32000	0.1	2950	199.89	1419.6	0.17682
-0.1309	1.6755	32000	0.1	3000	206.13	1433.9	0.17284
-0.1309	1.6755	32000	0.15	2800	203.28	1247	0.17821
-0.1309	1.6755	32000	0.15	2825	207.22	1248.1	0.17289
-0.1309	1.6755	32000	0.15	2850	211.15	1247.9	0.16731
-0.1309	1.6755	32000	0.15	2875	215.13	1249.4	0.16413
-0.1309	1.6755	32000	0.15	2900	219.11	1247	0.1618
-0.1309	1.6755	32000	0.15	2925	222.64	1255	0.16042
-0.1309	1.6755	32000	0.15	2950	227.17	1246	0.15269
-0.1309	1.6755	32000	0.15	3000	234.51	1255	0.14944
-0.1309	1.6755	33000	0	2800	149.42	1458.1	0.19657
-0.1309	1.6755	33000	0	2825	151.08	1467.6	0.1913
-0.1309	1.6755	33000	0	2850	154.1	1469.9	0.18648
-0.1309	1.6755	33000	0	2875	156.71	1477.4	0.18436
-0.1309	1.6755	33000	0	2900	160.07	1478	0.18381
-0.1309	1.6755	33000	0	2925	161.62	1485.4	0.17889
-0.1309	1.6755	33000	0	2950	164.06	1498.4	0.17442
-0.1309	1.6755	33000	0	3000	171.6	1490.2	0.1723
-0.1309	1.6755	33000	0.05	2800	169.01	1400	0.21288
-0.1309	1.6755	33000	0.05	2825	171.48	1417.8	0.22446
-0.1309	1.6755	33000	0.05	2850	174.35	1419.4	0.22286
-0.1309	1.6755	33000	0.05	2875	176.61	1436.1	0.22118
-0.1309	1.6755	33000	0.05	2900	179.43	1442.6	0.21396
-0.1309	1.6755	33000	0.05	2925	182.99	1441.6	0.20912
-0.1309	1.6755	33000	0.05	2950	186.28	1442.2	0.17458
-0.1309	1.6755	33000	0.05	3000	192.25	1457.9	0.17231
-0.1309	1.6755	33000	0.1	2800	189.75	1304.4	0.22389
-0.1309	1.6755	33000	0.1	2825	193.49	1303.9	0.22272
-0.1309	1.6755	33000	0.1	2850	196.37	1312.5	0.21372
-0.1309	1.6755	33000	0.1	2875	200.4	1312.5	0.21018
-0.1309	1.6755	33000	0.1	2900	203.5	1317.8	0.20728
-0.1309	1.6755	33000	0.1	2925	207.55	1322.9	0.2028
-0.1309	1.6755	33000	0.1	2950	210.91	1329.9	0.19852
-0.1309	1.6755	33000	0.1	3000	217.85	1333.3	0.19171
-0.1309	1.6755	33000	0.15	2800	210.84	1160.8	0.20843
-0.1309	1.6755	33000	0.15	2825	214.14	1163.9	0.20181
-0.1309	1.6755	33000	0.15	2850	218.27	1163.9	0.19844
-0.1309	1.6755	33000	0.15	2875	222.41	1163.9	0.19515
-0.1309	1.6755	33000	0.15	2900	225.73	1169.4	0.19147
-0.1309	1.6755	33000	0.15	2925	229.89	1169.4	0.18835
-0.1309	1.6755	33000	0.15	2950	234.07	1169.4	0.18531
-0.1309	1.6755	33000	0.15	3000	242.45	1169.4	0.17945
-0.1309	1.6755	34000	0	2800	159.66	1365.3	0.26157
-0.1309	1.6755	34000	0	2825	162.49	1375.6	0.26356
-0.1309	1.6755	34000	0	2850	165.35	1379.3	0.24992
-0.1309	1.6755	34000	0	2875	168.14	1388.5	0.24397
-0.1309	1.6755	34000	0	2900	170.77	1399.8	0.25241
-0.1309	1.6755	34000	0	2925	174.21	1401.2	0.22157
-0.1309	1.6755	34000	0	2950	177.61	1400	0.2308
-0.1309	1.6755	34000	0	3000	181.97	1428.4	0.20709
-0.1309	1.6755	34000	0.05	2800	177.88	1319.5	0.26262
-0.1309	1.6755	34000	0.05	2825	181.43	1317.8	0.25718
-0.1309	1.6755	34000	0.05	2850	184.55	1325.2	0.25146
-0.1309	1.6755	34000	0.05	2875	187.68	1331.4	0.25598
-0.1309	1.6755	34000	0.05	2900	190.8	1341.1	0.2505
-0.1309	1.6755	34000	0.05	2925	194.29	1344.8	0.25735
-0.1309	1.6755	34000	0.05	2950	197.45	1355.8	0.25427
-0.1309	1.6755	34000	0.05	3000	204.04	1360.3	0.23227
-0.1309	1.6755	34000	0.1	2800	197.05	1221.1	0.2362
-0.1309	1.6755	34000	0.1	2825	201.28	1221.1	0.23224
-0.1309	1.6755	34000	0.1	2850	204.78	1227.9	0.23687
-0.1309	1.6755	34000	0.1	2875	208.32	1230.7	0.2368
-0.1309	1.6755	34000	0.1	2900	212.25	1233.3	0.22982
-0.1309	1.6755	34000	0.1	2925	215.84	1237.8	0.2298
-0.1309	1.6755	34000	0.1	2950	219.37	1247	0.2258
-0.1309	1.6755	34000	0.1	3000	226.81	1255.6	0.21424
-0.1309	1.6755	34000	0.15	2800	215.86	1088	0.24351
-0.1309	1.6755	34000	0.15	2825	220.16	1088	0.23943
-0.1309	1.6755	34000	0.15	2850	223.65	1092.5	0.22873
-0.1309	1.6755	34000	0.15	2875	227.97	1092.5	0.22496
-0.1309	1.6755	34000	0.15	2900	232.3	1092.5	0.2213
-0.1309	1.6755	34000	0.15	2925	235.81	1098.5	0.22273
-0.1309	1.6755	34000	0.15	2950	240.16	1098.5	0.21916
-0.1309	1.6755	34000	0.15	3000	248.72	1098.5	0.21229
-0.1309	1.6755	35000	0	2800	166.69	1288.9	0.30905
-0.1309	1.6755	35000	0	2825	169.84	1296.5	0.30904
-0.1309	1.6755	35000	0	2850	172.98	1300.5	0.29975
-0.1309	1.6755	35000	0	2875	176.13	1306.7	0.29931
-0.1309	1.6755	35000	0	2900	179.27	1312.5	0.28715
-0.1309	1.6755	35000	0	2925	182.41	1317.8	0.2833
-0.1309	1.6755	35000	0	2950	185.55	1325.2	0.27719
-0.1309	1.6755	35000	0	3000	192.53	1331.4	0.27796
-0.1309	1.6755	35000	0.05	2800	184.14	1233.8	0.28643
-0.1309	1.6755	35000	0.05	2825	188.02	1240.5	0.2856
-0.1309	1.6755	35000	0.05	2850	190.94	1249.2	0.26632
-0.1309	1.6755	35000	0.05	2875	194.91	1255.8	0.27356
-0.1309	1.6755	35000	0.05	2900	198.7	1256.1	0.25948
-0.1309	1.6755	35000	0.05	2925	202.1	1259.3	0.25665
-0.1309	1.6755	35000	0.05	2950	205.52	1270	0.25335
-0.1309	1.6755	35000	0.05	3000	212.46	1278.5	0.23459
-0.1309	1.6755	35000	0.1	2800	202.81	1130.3	0.27576
-0.1309	1.6755	35000	0.1	2825	206.38	1139	0.28563
-0.1309	1.6755	35000	0.1	2850	209.96	1144.1	0.27671
-0.1309	1.6755	35000	0.1	2875	214.41	1144.1	0.27218
-0.1309	1.6755	35000	0.1	2900	218	1150.8	0.26635
-0.1309	1.6755	35000	0.1	2925	221.59	1160.8	0.26636
-0.1309	1.6755	35000	0.1	2950	226.07	1160.8	0.26212
-0.1309	1.6755	35000	0.1	3000	233.96	1163.9	0.25012
-0.1309	1.6755	35000	0.15	2800	219.36	1011.5	0.289
-0.1309	1.6755	35000	0.15	2825	223.83	1011.5	0.28418
-0.1309	1.6755	35000	0.15	2850	227.5	1019.4	0.27788
-0.1309	1.6755	35000	0.15	2875	231.99	1019.4	0.27333
-0.1309	1.6755	35000	0.15	2900	236.48	1019.4	0.2689
-0.1309	1.6755	35000	0.15	2925	240.99	1019.4	0.26459
-0.1309	1.6755	35000	0.15	2950	244.69	1021.7	0.25822
-0.1309	1.6755	35000	0.15	3000	253.58	1021.7	0.25017
-0.1309	1.6755	36000	0	2800	171.01	1208.6	0.32519
-0.1309	1.6755	36000	0	2825	174.44	1212.9	0.31368
-0.1309	1.6755	36000	0	2850	177.86	1221.1	0.31482
-0.1309	1.6755	36000	0	2875	181.29	1224.7	0.30562
-0.1309	1.6755	36000	0	2900	184.71	1233.8	0.30322
-0.1309	1.6755	36000	0	2925	188.14	1240	0.29168
-0.1309	1.6755	36000	0	2950	191.57	1249.2	0.29282
-0.1309	1.6755	36000	0	3000	198.36	1259.3	0.28719
-0.1309	1.6755	36000	0.05	2800	188.55	1144.1	0.33559
-0.1309	1.6755	36000	0.05	2825	192.2	1150.8	0.32828
-0.1309	1.6755	36000	0.05	2850	195.85	1160.8	0.32816
-0.1309	1.6755	36000	0.05	2875	199.49	1163.9	0.31794
-0.1309	1.6755	36000	0.05	2900	203.15	1169.4	0.31203
-0.1309	1.6755	36000	0.05	2925	206.8	1176.8	0.30706
-0.1309	1.6755	36000	0.05	2950	210.46	1185.2	0.30178
-0.1309	1.6755	36000	0.05	3000	218.67	1190.6	0.29218
-0.1309	1.6755	36000	0.1	2800	205.78	1051.7	0.3443
-0.1309	1.6755	36000	0.1	2825	209.55	1055.4	0.33578
-0.1309	1.6755	36000	0.1	2850	213.33	1062.7	0.33083
-0.1309	1.6755	36000	0.1	2875	217.98	1062.7	0.32544
-0.1309	1.6755	36000	0.1	2900	221.77	1073.3	0.32174
-0.1309	1.6755	36000	0.1	2925	225.56	1076.3	0.31174
-0.1309	1.6755	36000	0.1	2950	230.23	1076.3	0.30681
-0.1309	1.6755	36000	0.1	3000	238.68	1088	0.29512
-0.1309	1.6755	36000	0.15	2800	221.37	940	0.34144
-0.1309	1.6755	36000	0.15	2825	226.01	940	0.33578
-0.1309	1.6755	36000	0.15	2850	229.84	942.22	0.31264
-0.1309	1.6755	36000	0.15	2875	234.49	942.22	0.30754
-0.1309	1.6755	36000	0.15	2900	239.15	942.22	0.30258
-0.1309	1.6755	36000	0.15	2925	243	949.61	0.30386
-0.1309	1.6755	36000	0.15	2950	247.68	949.61	0.29905
-0.1309	1.6755	36000	0.15	3000	257.02	949.61	0.28978
-0.1309	1.6755	37000	0	2800	171.79	1163.9	0.39481
-0.1309	1.6755	37000	0	2825	175.76	1160.8	0.38057
-0.1309	1.6755	37000	0	2850	179.74	1150.8	0.37776
-0.1309	1.6755	37000	0	2875	183.85	1144.1	0.3736
-0.1309	1.6755	37000	0	2900	187.51	1150.8	0.36566
-0.1309	1.6755	37000	0	2925	191.17	1160.8	0.35657
-0.1309	1.6755	37000	0	2950	194.83	1163.9	0.35808
-0.1309	1.6755	37000	0	3000	202.18	1176.8	0.34583
-0.1309	1.6755	37000	0.05	2800	189.91	1098.5	0.40998
-0.1309	1.6755	37000	0.05	2825	194.02	1092.5	0.41594
-0.1309	1.6755	37000	0.05	2850	197.22	1092.5	0.36931
-0.1309	1.6755	37000	0.05	2875	201.47	1088	0.37399
-0.1309	1.6755	37000	0.05	2900	205.32	1092.5	0.35748
-0.1309	1.6755	37000	0.05	2925	209.18	1098.5	0.35987
-0.1309	1.6755	37000	0.05	2950	213.97	1098.5	0.3542
-0.1309	1.6755	37000	0.05	3000	221.73	1114.8	0.34785
-0.1309	1.6755	37000	0.1	2800	206.07	1011.5	0.43925
-0.1309	1.6755	37000	0.1	2825	210.28	1006.7	0.40189
-0.1309	1.6755	37000	0.1	2850	214.51	998.52	0.3861
-0.1309	1.6755	37000	0.1	2875	218.86	987.85	0.3816
-0.1309	1.6755	37000	0.1	2900	223.69	987.85	0.37546
-0.1309	1.6755	37000	0.1	2925	227.65	998.52	0.36778
-0.1309	1.6755	37000	0.1	2950	231.62	1006.7	0.36344
-0.1309	1.6755	37000	0.1	3000	240.46	1011.5	0.34852
-0.1309	1.6755	37000	0.15	2800	221.77	897.78	0.40644
-0.1309	1.6755	37000	0.15	2825	226.04	891.88	0.39847
-0.1309	1.6755	37000	0.15	2850	230.34	883.99	0.38112
-0.1309	1.6755	37000	0.15	2875	234.75	880	0.36318
-0.1309	1.6755	37000	0.15	2900	239.56	880	0.35734
-0.1309	1.6755	37000	0.15	2925	244.38	880	0.35165
-0.1309	1.6755	37000	0.15	2950	248.37	883.99	0.35731
-0.1309	1.6755	37000	0.15	3000	258.06	883.99	0.34629
-0.1309	1.6755	38000	0	2800	171.94	1200	0.47068
-0.1309	1.6755	38000	0	2825	175.96	1190.6	0.45016
-0.1309	1.6755	38000	0	2850	179.99	1185.2	0.44333
-0.1309	1.6755	38000	0	2875	184.04	1176.8	0.43702
-0.1309	1.6755	38000	0	2900	188.12	1169.4	0.42983
-0.1309	1.6755	38000	0	2925	191.23	1169.4	0.42301
-0.1309	1.6755	38000	0	2950	195.34	1163.9	0.41798
-0.1309	1.6755	38000	0	3000	203.64	1150.8	0.40425
-0.1309	1.6755	38000	0.05	2800	189.98	1130.3	0.48759
-0.1309	1.6755	38000	0.05	2825	194.13	1127.4	0.46325
-0.1309	1.6755	38000	0.05	2850	198.3	1120.2	0.44536
-0.1309	1.6755	38000	0.05	2875	202.5	1114.8	0.44665
-0.1309	1.6755	38000	0.05	2900	206.72	1107.7	0.43768
-0.1309	1.6755	38000	0.05	2925	210.96	1098.5	0.44097
-0.1309	1.6755	38000	0.05	2950	214.27	1098.5	0.43404
-0.1309	1.6755	38000	0.05	3000	222.86	1088	0.4196
-0.1309	1.6755	38000	0.1	2800	207.7	1030.2	0.48925
-0.1309	1.6755	38000	0.1	2825	211.95	1021.7	0.49332
-0.1309	1.6755	38000	0.1	2850	216.22	1019.4	0.48942
-0.1309	1.6755	38000	0.1	2875	220.51	1011.5	0.48789
-0.1309	1.6755	38000	0.1	2900	224.83	1006.7	0.44661
-0.1309	1.6755	38000	0.1	2925	229.16	998.52	0.45457
-0.1309	1.6755	38000	0.1	2950	232.63	998.52	0.44742
-0.1309	1.6755	38000	0.1	3000	241.42	986.67	0.44772
-0.1309	1.6755	38000	0.15	2800	223.9	913.01	0.4767
-0.1309	1.6755	38000	0.15	2825	228.2	905.16	0.47496
-0.1309	1.6755	38000	0.15	2850	232.54	897.78	0.45886
-0.1309	1.6755	38000	0.15	2875	236.89	891.88	0.45003
-0.1309	1.6755	38000	0.15	2900	241.27	883.99	0.44475
-0.1309	1.6755	38000	0.15	2925	245.68	880	0.45087
-0.1309	1.6755	38000	0.15	2950	250.11	867.53	0.45329
-0.1309	1.6755	38000	0.15	3000	259.04	857.04	0.42725
-0.1309	1.6755	39000	0	2800	172.68	1224.7	0.51044
-0.1309	1.6755	39000	0	2825	176.73	1221.1	0.50876
-0.1309	1.6755	39000	0	2850	179.8	1221.1	0.50049
-0.1309	1.6755	39000	0	2875	183.9	1212.9	0.48258
-0.1309	1.6755	39000	0	2900	188.02	1206.7	0.46135
-0.1309	1.6755	39000	0	2925	192.16	1200	0.50523
-0.1309	1.6755	39000	0	2950	195.31	1200	0.49731
-0.1309	1.6755	39000	0	3000	203.69	1185.2	0.46929
-0.1309	1.6755	39000	0.05	2800	190.56	1160.8	0.52569
-0.1309	1.6755	39000	0.05	2825	194.75	1150.8	0.52642
-0.1309	1.6755	39000	0.05	2850	198.96	1144.1	0.52227
-0.1309	1.6755	39000	0.05	2875	203.2	1139	0.50356
-0.1309	1.6755	39000	0.05	2900	207.46	1130.3	0.5318
-0.1309	1.6755	39000	0.05	2925	210.77	1130.3	0.52338
-0.1309	1.6755	39000	0.05	2950	215.08	1127.4	0.49763
-0.1309	1.6755	39000	0.05	3000	223.75	1114.8	0.48057
-0.1309	1.6755	39000	0.1	2800	208.92	1051.7	0.56572
-0.1309	1.6755	39000	0.1	2825	213.2	1046.1	0.56039
-0.1309	1.6755	39000	0.1	2850	217.51	1037	0.56903
-0.1309	1.6755	39000	0.1	2875	220.93	1037	0.55986
-0.1309	1.6755	39000	0.1	2900	225.28	1030.2	0.53361
-0.1309	1.6755	39000	0.1	2925	229.66	1021.7	0.53838
-0.1309	1.6755	39000	0.1	2950	234.05	1019.4	0.53446
-0.1309	1.6755	39000	0.1	3000	242.92	1006.7	0.48836
-0.1309	1.6755	39000	0.15	2800	224.78	930.38	0.54219
-0.1309	1.6755	39000	0.15	2825	229.12	924.54	0.54125
-0.1309	1.6755	39000	0.15	2850	233.48	916.05	0.52746
-0.1309	1.6755	39000	0.15	2875	237.87	913.01	0.52835
-0.1309	1.6755	39000	0.15	2900	242.28	905.16	0.52668
-0.1309	1.6755	39000	0.15	2925	246.72	897.78	0.50908
-0.1309	1.6755	39000	0.15	2950	251.18	891.88	0.49953
-0.1309	1.6755	39000	0.15	3000	260.17	880	0.50096
-0.1309	1.6755	40000	0	2800	173.05	1255	0.58198
-0.1309	1.6755	40000	0	2825	176.12	1255	0.57246
-0.1309	1.6755	40000	0	2850	180.23	1249.2	0.57703
-0.1309	1.6755	40000	0	2875	184.37	1240	0.5566
-0.1309	1.6755	40000	0	2900	187.5	1240	0.54773
-0.1309	1.6755	40000	0	2925	191.68	1233.8	0.55144
-0.1309	1.6755	40000	0	2950	195.88	1224.7	0.53828
-0.1309	1.6755	40000	0	3000	204.35	1212.9	0.51819
-0.1309	1.6755	40000	0.05	2800	191.71	1176.8	0.62094
-0.1309	1.6755	40000	0.05	2825	195.94	1169.4	0.61052
-0.1309	1.6755	40000	0.05	2850	199.21	1169.4	0.60063
-0.1309	1.6755	40000	0.05	2875	203.49	1163.9	0.59328
-0.1309	1.6755	40000	0.05	2900	207.78	1160.8	0.57221
-0.1309	1.6755	40000	0.05	2925	212.1	1150.8	0.57336
-0.1309	1.6755	40000	0.05	2950	216.45	1144.1	0.56919
-0.1309	1.6755	40000	0.05	3000	224.22	1139	0.54072
-0.1309	1.6755	40000	0.1	2800	209.76	1073.3	0.65011
-0.1309	1.6755	40000	0.1	2825	214.07	1062.7	0.63748
-0.1309	1.6755	40000	0.1	2850	218.41	1055.4	0.63136
-0.1309	1.6755	40000	0.1	2875	222.77	1051.7	0.62576
-0.1309	1.6755	40000	0.1	2900	226.24	1051.7	0.61579
-0.1309	1.6755	40000	0.1	2925	230.65	1046.1	0.61035
-0.1309	1.6755	40000	0.1	2950	235.08	1037	0.62015
-0.1309	1.6755	40000	0.1	3000	244.02	1021.7	0.59694
-0.1309	1.6755	40000	0.15	2800	226.16	942.22	0.65392
-0.1309	1.6755	40000	0.15	2825	230.53	940	0.62925
-0.1309	1.6755	40000	0.15	2850	234.92	930.38	0.60953
-0.1309	1.6755	40000	0.15	2875	239.33	924.54	0.60867
-0.1309	1.6755	40000	0.15	2900	243.77	916.05	0.59335
-0.1309	1.6755	40000	0.15	2925	248.24	913.01	0.59456
-0.1309	1.6755	40000	0.15	2950	252.73	905.16	0.59287
-0.1309	1.6755	40000	0.15	3000	261.78	891.88	0.56268
-0.1309	1.7104	30000	0	2800	105.13	1688.1	0.12262
-0.1309	1.7104	30000	0	2825	103.75	1707.3	0.11597
-0.1309	1.7104	30000	0	2850	109.78	1696.4	0.12634
-0.1309	1.7104	30000	0	2875	110.41	1713.3	0.12208
-0.1309	1.7104	30000	0	2900	115.15	1700.1	0.1157
-0.1309	1.7104	30000	0	2925	117.03	1703.7	0.11389
-0.1309	1.7104	30000	0	2950	120.81	1698.5	0.11244
-0.1309	1.7104	30000	0	3000	118.57	1746.3	0.10997
-0.1309	1.7104	30000	0.05	2800	125.8	1667.3	0.12341
-0.1309	1.7104	30000	0.05	2825	129.95	1663.5	0.12132
-0.1309	1.7104	30000	0.05	2850	130.82	1676	0.1167
-0.1309	1.7104	30000	0.05	2875	131.2	1695.9	0.11833
-0.1309	1.7104	30000	0.05	2900	132.76	1700.9	0.11246
-0.1309	1.7104	30000	0.05	2925	135.38	1707.3	0.11373
-0.1309	1.7104	30000	0.05	2950	143.93	1679	0.11608
-0.1309	1.7104	30000	0.05	3000	147.23	1696.7	0.11126
-0.1309	1.7104	30000	0.1	2800	152.7	1577.6	0.1163
-0.1309	1.7104	30000	0.1	2825	158.94	1556.8	0.12073
-0.1309	1.7104	30000	0.1	2850	159.95	1576.7	0.11884
-0.1309	1.7104	30000	0.1	2875	160.57	1596.8	0.11122
-0.1309	1.7104	30000	0.1	2900	164.15	1597.6	0.11102
-0.1309	1.7104	30000	0.1	2925	165.75	1611.1	0.10616
-0.1309	1.7104	30000	0.1	2950	170.35	1603.1	0.1065
-0.1309	1.7104	30000	0.1	3000	177.65	1603.9	0.10507
-0.1309	1.7104	30000	0.15	2800	183.86	1403.6	0.13154
-0.1309	1.7104	30000	0.15	2825	187.64	1402.6	0.12869
-0.1309	1.7104	30000	0.15	2850	191.28	1400	0.12466
-0.1309	1.7104	30000	0.15	2875	195.16	1400	0.12253
-0.1309	1.7104	30000	0.15	2900	199.1	1402.4	0.12078
-0.1309	1.7104	30000	0.15	2925	203	1401.2	0.11859
-0.1309	1.7104	30000	0.15	2950	204.83	1421.5	0.13032
-0.1309	1.7104	30000	0.15	3000	212.68	1421.5	0.12605
-0.1309	1.7104	31000	0	2800	120.72	1615.7	0.14406
-0.1309	1.7104	31000	0	2825	122.71	1619.6	0.14159
-0.1309	1.7104	31000	0	2850	123.8	1633.5	0.14775
-0.1309	1.7104	31000	0	2875	126.71	1636.7	0.14331
-0.1309	1.7104	31000	0	2900	128.66	1642.7	0.14047
-0.1309	1.7104	31000	0	2925	130.53	1648.6	0.13732
-0.1309	1.7104	31000	0	2950	135.54	1637.8	0.13378
-0.1309	1.7104	31000	0	3000	140.53	1644.5	0.12743
-0.1309	1.7104	31000	0.05	2800	141.4	1580.6	0.14786
-0.1309	1.7104	31000	0.05	2825	142.56	1598.6	0.13863
-0.1309	1.7104	31000	0.05	2850	146	1596.1	0.13682
-0.1309	1.7104	31000	0.05	2875	148.35	1602.9	0.13391
-0.1309	1.7104	31000	0.05	2900	151.91	1603.6	0.13528
-0.1309	1.7104	31000	0.05	2925	153.15	1618.5	0.12999
-0.1309	1.7104	31000	0.05	2950	155.61	1621.1	0.12835
-0.1309	1.7104	31000	0.05	3000	161.61	1629.8	0.12807
-0.1309	1.7104	31000	0.1	2800	167.33	1474	0.14643
-0.1309	1.7104	31000	0.1	2825	170.92	1478	0.14329
-0.1309	1.7104	31000	0.1	2850	173.84	1481.1	0.14043
-0.1309	1.7104	31000	0.1	2875	177.42	1483.7	0.13856
-0.1309	1.7104	31000	0.1	2900	180.37	1491.1	0.13582
-0.1309	1.7104	31000	0.1	2925	184.01	1490	0.13326
-0.1309	1.7104	31000	0.1	2950	186.89	1498.5	0.13439
-0.1309	1.7104	31000	0.1	3000	193.56	1502.3	0.12778
-0.1309	1.7104	31000	0.15	2800	193.16	1322.4	0.15823
-0.1309	1.7104	31000	0.15	2825	196.45	1329.9	0.1545
-0.1309	1.7104	31000	0.15	2850	200.35	1326.1	0.15216
-0.1309	1.7104	31000	0.15	2875	204.23	1327.9	0.14971
-0.1309	1.7104	31000	0.15	2900	208.16	1326.4	0.14741
-0.1309	1.7104	31000	0.15	2925	212.07	1328.3	0.14188
-0.1309	1.7104	31000	0.15	2950	215.47	1332.9	0.15032
-0.1309	1.7104	31000	0.15	3000	224.06	1329.2	0.13813
-0.1309	1.7104	32000	0	2800	134.86	1536.8	0.1704
-0.1309	1.7104	32000	0	2825	137.91	1533.3	0.16604
-0.1309	1.7104	32000	0	2850	140.21	1542.3	0.16598
-0.1309	1.7104	32000	0	2875	143.24	1542.2	0.162
-0.1309	1.7104	32000	0	2900	145.54	1550.6	0.15967
-0.1309	1.7104	32000	0	2925	147.04	1564.6	0.15927
-0.1309	1.7104	32000	0	2950	150.93	1558.6	0.15294
-0.1309	1.7104	32000	0	3000	155.56	1566.9	0.15054
-0.1309	1.7104	32000	0.05	2800	155.29	1490	0.16957
-0.1309	1.7104	32000	0.05	2825	157.89	1497.2	0.16566
-0.1309	1.7104	32000	0.05	2850	160.48	1499.8	0.16551
-0.1309	1.7104	32000	0.05	2875	164.15	1499.8	0.16274
-0.1309	1.7104	32000	0.05	2900	166.83	1508.5	0.15808
-0.1309	1.7104	32000	0.05	2925	169.39	1515.2	0.15724
-0.1309	1.7104	32000	0.05	2950	172.08	1524.9	0.15281
-0.1309	1.7104	32000	0.05	3000	177.54	1535.1	0.14715
-0.1309	1.7104	32000	0.1	2800	178.36	1388.5	0.18365
-0.1309	1.7104	32000	0.1	2825	181.28	1395.4	0.18063
-0.1309	1.7104	32000	0.1	2850	184.52	1404.1	0.18303
-0.1309	1.7104	32000	0.1	2875	188.1	1400	0.17085
-0.1309	1.7104	32000	0.1	2900	190.65	1417.4	0.17953
-0.1309	1.7104	32000	0.1	2925	193.74	1423.7	0.18031
-0.1309	1.7104	32000	0.1	2950	197.43	1418.3	0.17212
-0.1309	1.7104	32000	0.1	3000	205.07	1424.6	0.1666
-0.1309	1.7104	32000	0.15	2800	200.89	1245.5	0.17867
-0.1309	1.7104	32000	0.15	2825	204.76	1249.1	0.17429
-0.1309	1.7104	32000	0.15	2850	208.73	1248	0.16718
-0.1309	1.7104	32000	0.15	2875	212.21	1255	0.16585
-0.1309	1.7104	32000	0.15	2900	215.83	1255	0.15955
-0.1309	1.7104	32000	0.15	2925	220.15	1253.5	0.15331
-0.1309	1.7104	32000	0.15	2950	224.19	1256.3	0.15118
-0.1309	1.7104	32000	0.15	3000	232.25	1256.6	0.14751
-0.1309	1.7104	33000	0	2800	146.45	1461.6	0.19514
-0.1309	1.7104	33000	0	2825	149.49	1464.9	0.19081
-0.1309	1.7104	33000	0	2850	152.86	1463.2	0.1917
-0.1309	1.7104	33000	0	2875	154.51	1475.5	0.18534
-0.1309	1.7104	33000	0	2900	156.97	1485	0.18212
-0.1309	1.7104	33000	0	2925	159.43	1487.1	0.17882
-0.1309	1.7104	33000	0	2950	163.51	1480.8	0.17807
-0.1309	1.7104	33000	0	3000	169.41	1490	0.17594
-0.1309	1.7104	33000	0.05	2800	166.88	1400	0.21288
-0.1309	1.7104	33000	0.05	2825	168.59	1421.9	0.23109
-0.1309	1.7104	33000	0.05	2850	172.63	1417.3	0.21711
-0.1309	1.7104	33000	0.05	2875	175.51	1423.9	0.21458
-0.1309	1.7104	33000	0.05	2900	177.14	1442.1	0.21485
-0.1309	1.7104	33000	0.05	2925	179.99	1447.8	0.20775
-0.1309	1.7104	33000	0.05	2950	183.45	1448.5	0.17762
-0.1309	1.7104	33000	0.05	3000	189.15	1461.6	0.17101
-0.1309	1.7104	33000	0.1	2800	187.29	1307.8	0.22336
-0.1309	1.7104	33000	0.1	2825	190.62	1312	0.21837
-0.1309	1.7104	33000	0.1	2850	194.35	1313.7	0.21279
-0.1309	1.7104	33000	0.1	2875	197.23	1317.8	0.21074
-0.1309	1.7104	33000	0.1	2900	201.25	1317.8	0.20728
-0.1309	1.7104	33000	0.1	2925	204.34	1325.2	0.20274
-0.1309	1.7104	33000	0.1	2950	208.46	1327.9	0.19906
-0.1309	1.7104	33000	0.1	3000	215.54	1333.3	0.19171
-0.1309	1.7104	33000	0.15	2800	207.76	1163.9	0.20528
-0.1309	1.7104	33000	0.15	2825	211.86	1163.9	0.20181
-0.1309	1.7104	33000	0.15	2850	215.98	1163.9	0.19844
-0.1309	1.7104	33000	0.15	2875	219.27	1169.4	0.19466
-0.1309	1.7104	33000	0.15	2900	223.41	1169.4	0.19147
-0.1309	1.7104	33000	0.15	2925	227.55	1169.4	0.18835
-0.1309	1.7104	33000	0.15	2950	231.71	1169.4	0.18531
-0.1309	1.7104	33000	0.15	3000	240.07	1169.4	0.17945
-0.1309	1.7104	34000	0	2800	156.57	1376.2	0.25472
-0.1309	1.7104	34000	0	2825	160.38	1375.6	0.26356
-0.1309	1.7104	34000	0	2850	163.22	1379.3	0.24992
-0.1309	1.7104	34000	0	2875	166.01	1388.5	0.24397
-0.1309	1.7104	34000	0	2900	168.47	1403.5	0.24831
-0.1309	1.7104	34000	0	2925	171.85	1401.1	0.22745
-0.1309	1.7104	34000	0	2950	174.15	1417.5	0.24433
-0.1309	1.7104	34000	0	3000	178.74	1435.5	0.20021
-0.1309	1.7104	34000	0.05	2800	175.52	1317.8	0.26157
-0.1309	1.7104	34000	0.05	2825	178.3	1325.2	0.25571
-0.1309	1.7104	34000	0.05	2850	181.41	1333.3	0.24957
-0.1309	1.7104	34000	0.05	2875	185.48	1331.4	0.25598
-0.1309	1.7104	34000	0.05	2900	188.6	1341.1	0.2505
-0.1309	1.7104	34000	0.05	2925	191.83	1348.5	0.2533
-0.1309	1.7104	34000	0.05	2950	195.05	1352.3	0.25153
-0.1309	1.7104	34000	0.05	3000	201.78	1360.3	0.23227
-0.1309	1.7104	34000	0.1	2800	194.83	1221.1	0.2362
-0.1309	1.7104	34000	0.1	2825	198.51	1226.4	0.24281
-0.1309	1.7104	34000	0.1	2850	202.01	1235	0.24307
-0.1309	1.7104	34000	0.1	2875	205.88	1232.6	0.2368
-0.1309	1.7104	34000	0.1	2900	209.38	1237.7	0.23397
-0.1309	1.7104	34000	0.1	2925	212.96	1248.5	0.22754
-0.1309	1.7104	34000	0.1	2950	216.91	1248.8	0.22314
-0.1309	1.7104	34000	0.1	3000	224.1	1254.7	0.2034
-0.1309	1.7104	34000	0.15	2800	213.57	1088	0.24351
-0.1309	1.7104	34000	0.15	2825	217.05	1092.5	0.2326
-0.1309	1.7104	34000	0.15	2850	221.34	1092.5	0.22873
-0.1309	1.7104	34000	0.15	2875	225.64	1092.5	0.22496
-0.1309	1.7104	34000	0.15	2900	229.14	1098.5	0.22639
-0.1309	1.7104	34000	0.15	2925	233.46	1098.5	0.22273
-0.1309	1.7104	34000	0.15	2950	237.79	1098.5	0.21916
-0.1309	1.7104	34000	0.15	3000	246.32	1098.5	0.21229
-0.1309	1.7104	35000	0	2800	163.6	1296.5	0.31428
-0.1309	1.7104	35000	0	2825	166.74	1300.5	0.30478
-0.1309	1.7104	35000	0	2850	169.86	1306.7	0.3043
-0.1309	1.7104	35000	0	2875	173.97	1306.7	0.29931
-0.1309	1.7104	35000	0	2900	177.1	1312.5	0.28715
-0.1309	1.7104	35000	0	2925	180.23	1320.2	0.28075
-0.1309	1.7104	35000	0	2950	183.35	1325.2	0.27719
-0.1309	1.7104	35000	0	3000	189.7	1342.2	0.27899
-0.1309	1.7104	35000	0.05	2800	181.96	1233.8	0.28643
-0.1309	1.7104	35000	0.05	2825	185.6	1240.7	0.28303
-0.1309	1.7104	35000	0.05	2850	188.74	1249.2	0.27061
-0.1309	1.7104	35000	0.05	2875	192.49	1253.4	0.27285
-0.1309	1.7104	35000	0.05	2900	195.52	1259.3	0.25846
-0.1309	1.7104	35000	0.05	2925	198.91	1270	0.25745
-0.1309	1.7104	35000	0.05	2950	203.26	1270	0.25335
-0.1309	1.7104	35000	0.05	3000	209.8	1280.3	0.24197
-0.1309	1.7104	35000	0.1	2800	199.7	1139	0.29047
-0.1309	1.7104	35000	0.1	2825	204.13	1139	0.28563
-0.1309	1.7104	35000	0.1	2850	207.69	1144.1	0.27671
-0.1309	1.7104	35000	0.1	2875	211.26	1150.8	0.27074
-0.1309	1.7104	35000	0.1	2900	215.7	1150.8	0.26635
-0.1309	1.7104	35000	0.1	2925	219.28	1160.8	0.26636
-0.1309	1.7104	35000	0.1	2950	222.86	1163.9	0.25816
-0.1309	1.7104	35000	0.1	3000	230.72	1169.4	0.24949
-0.1309	1.7104	35000	0.15	2800	217.06	1011.5	0.289
-0.1309	1.7104	35000	0.15	2825	221.52	1011.5	0.28418
-0.1309	1.7104	35000	0.15	2850	225.17	1019.4	0.27788
-0.1309	1.7104	35000	0.15	2875	229.64	1019.4	0.27333
-0.1309	1.7104	35000	0.15	2900	234.12	1019.4	0.2689
-0.1309	1.7104	35000	0.15	2925	237.8	1021.7	0.26239
-0.1309	1.7104	35000	0.15	2950	242.3	1021.7	0.25822
-0.1309	1.7104	35000	0.15	3000	251.16	1021.7	0.25017
-0.1309	1.7104	36000	0	2800	167.93	1212.9	0.31897
-0.1309	1.7104	36000	0	2825	171.33	1221.1	0.32008
-0.1309	1.7104	36000	0	2850	174.74	1224.7	0.31068
-0.1309	1.7104	36000	0	2875	178.15	1233.8	0.30819
-0.1309	1.7104	36000	0	2900	182.52	1233.8	0.30322
-0.1309	1.7104	36000	0	2925	185.94	1240	0.29168
-0.1309	1.7104	36000	0	2950	189.36	1249.2	0.29282
-0.1309	1.7104	36000	0	3000	196.12	1259.3	0.28719
-0.1309	1.7104	36000	0.05	2800	185.45	1150.8	0.33382
-0.1309	1.7104	36000	0.05	2825	189.08	1160.8	0.33364
-0.1309	1.7104	36000	0.05	2850	193.62	1160.8	0.32816
-0.1309	1.7104	36000	0.05	2875	197.26	1163.9	0.31794
-0.1309	1.7104	36000	0.05	2900	200.9	1169.4	0.31203
-0.1309	1.7104	36000	0.05	2925	204.54	1176.8	0.30706
-0.1309	1.7104	36000	0.05	2950	208.19	1185.2	0.30178
-0.1309	1.7104	36000	0.05	3000	215.42	1200	0.2851
-0.1309	1.7104	36000	0.1	2800	202.66	1055.4	0.34145
-0.1309	1.7104	36000	0.1	2825	207.29	1055.4	0.33578
-0.1309	1.7104	36000	0.1	2850	211.05	1062.7	0.33083
-0.1309	1.7104	36000	0.1	2875	214.81	1073.3	0.32702
-0.1309	1.7104	36000	0.1	2900	219.46	1073.3	0.32174
-0.1309	1.7104	36000	0.1	2925	223.24	1076.3	0.31174
-0.1309	1.7104	36000	0.1	2950	227.02	1088	0.30456
-0.1309	1.7104	36000	0.1	3000	235.43	1092.5	0.2867
-0.1309	1.7104	36000	0.15	2800	219.07	940	0.34144
-0.1309	1.7104	36000	0.15	2825	222.87	942.22	0.31786
-0.1309	1.7104	36000	0.15	2850	227.5	942.22	0.31264
-0.1309	1.7104	36000	0.15	2875	232.14	942.22	0.30754
-0.1309	1.7104	36000	0.15	2900	235.97	949.61	0.30879
-0.1309	1.7104	36000	0.15	2925	240.62	949.61	0.30386
-0.1309	1.7104	36000	0.15	2950	245.28	949.61	0.29905
-0.1309	1.7104	36000	0.15	3000	253.77	956.54	0.2907
-0.1309	1.7104	37000	0	2800	169.65	1163.9	0.39481
-0.1309	1.7104	37000	0	2825	173.6	1160.8	0.38057
-0.1309	1.7104	37000	0	2850	177.58	1150.8	0.38111
-0.1309	1.7104	37000	0	2875	180.71	1150.8	0.37163
-0.1309	1.7104	37000	0	2900	184.35	1160.8	0.37163
-0.1309	1.7104	37000	0	2925	187.99	1163.9	0.36381
-0.1309	1.7104	37000	0	2950	192.6	1163.9	0.35808
-0.1309	1.7104	37000	0	3000	199.93	1176.8	0.34583
-0.1309	1.7104	37000	0.05	2800	186.78	1107.7	0.40046
-0.1309	1.7104	37000	0.05	2825	190.88	1098.5	0.40321
-0.1309	1.7104	37000	0.05	2850	194.99	1092.5	0.36931
-0.1309	1.7104	37000	0.05	2875	199.23	1088	0.37399
-0.1309	1.7104	37000	0.05	2900	203.07	1092.5	0.35748
-0.1309	1.7104	37000	0.05	2925	206.91	1098.5	0.35987
-0.1309	1.7104	37000	0.05	2950	210.76	1107.7	0.35938
-0.1309	1.7104	37000	0.05	3000	219.41	1114.8	0.34785
-0.1309	1.7104	37000	0.1	2800	203.82	1011.5	0.43925
-0.1309	1.7104	37000	0.1	2825	208.02	1006.7	0.40189
-0.1309	1.7104	37000	0.1	2850	212.23	998.52	0.3861
-0.1309	1.7104	37000	0.1	2875	216.56	987.85	0.3816
-0.1309	1.7104	37000	0.1	2900	220.49	998.52	0.37373
-0.1309	1.7104	37000	0.1	2925	225.32	998.52	0.36778
-0.1309	1.7104	37000	0.1	2950	229.27	1006.7	0.36344
-0.1309	1.7104	37000	0.1	3000	238.09	1011.5	0.34852
-0.1309	1.7104	37000	0.15	2800	219.47	897.78	0.40644
-0.1309	1.7104	37000	0.15	2825	223.72	891.88	0.39847
-0.1309	1.7104	37000	0.15	2850	228	883.99	0.38112
-0.1309	1.7104	37000	0.15	2875	232.39	880	0.36318
-0.1309	1.7104	37000	0.15	2900	237.19	880	0.35734
-0.1309	1.7104	37000	0.15	2925	241.16	883.99	0.36303
-0.1309	1.7104	37000	0.15	2950	245.97	883.99	0.35731
-0.1309	1.7104	37000	0.15	3000	255.62	883.99	0.34629
-0.1309	1.7104	38000	0	2800	169.8	1200	0.47068
-0.1309	1.7104	38000	0	2825	173.8	1190.6	0.45016
-0.1309	1.7104	38000	0	2850	177.82	1185.2	0.44333
-0.1309	1.7104	38000	0	2875	180.88	1185.2	0.43616
-0.1309	1.7104	38000	0	2900	184.94	1176.8	0.43002
-0.1309	1.7104	38000	0	2925	189.02	1169.4	0.42301
-0.1309	1.7104	38000	0	2950	193.12	1163.9	0.41798
-0.1309	1.7104	38000	0	3000	200.39	1160.8	0.39707
-0.1309	1.7104	38000	0.05	2800	187.78	1130.3	0.48759
-0.1309	1.7104	38000	0.05	2825	191.92	1127.4	0.46325
-0.1309	1.7104	38000	0.05	2850	196.08	1120.2	0.44536
-0.1309	1.7104	38000	0.05	2875	200.26	1114.8	0.44665
-0.1309	1.7104	38000	0.05	2900	203.51	1114.8	0.43949
-0.1309	1.7104	38000	0.05	2925	207.74	1107.7	0.43073
-0.1309	1.7104	38000	0.05	2950	211.98	1098.5	0.43404
-0.1309	1.7104	38000	0.05	3000	220.54	1088	0.4196
-0.1309	1.7104	38000	0.1	2800	205.45	1030.2	0.48925
-0.1309	1.7104	38000	0.1	2825	209.68	1021.7	0.49332
-0.1309	1.7104	38000	0.1	2850	213.93	1019.4	0.48942
-0.1309	1.7104	38000	0.1	2875	217.31	1019.4	0.48151
-0.1309	1.7104	38000	0.1	2900	221.61	1011.5	0.48007
-0.1309	1.7104	38000	0.1	2925	225.93	1006.7	0.43953
-0.1309	1.7104	38000	0.1	2950	230.28	998.52	0.44742
-0.1309	1.7104	38000	0.1	3000	239.04	986.67	0.44772
-0.1309	1.7104	38000	0.15	2800	220.74	916.05	0.46822
-0.1309	1.7104	38000	0.15	2825	225.03	913.01	0.46886
-0.1309	1.7104	38000	0.15	2850	229.35	905.16	0.46721
-0.1309	1.7104	38000	0.15	2875	233.69	897.78	0.45145
-0.1309	1.7104	38000	0.15	2900	238.05	891.88	0.44282
-0.1309	1.7104	38000	0.15	2925	242.44	883.99	0.43769
-0.1309	1.7104	38000	0.15	2950	246.85	880	0.44378
-0.1309	1.7104	38000	0.15	3000	255.75	866.67	0.4156
-0.1309	1.7104	39000	0	2800	170.53	1224.7	0.51044
-0.1309	1.7104	39000	0	2825	173.57	1224.7	0.50207
-0.1309	1.7104	39000	0	2850	177.64	1221.1	0.50049
-0.1309	1.7104	39000	0	2875	181.72	1212.9	0.48258
-0.1309	1.7104	39000	0	2900	185.82	1206.7	0.46135
-0.1309	1.7104	39000	0	2925	188.94	1206.7	0.45405
-0.1309	1.7104	39000	0	2950	193.08	1200	0.49731
-0.1309	1.7104	39000	0	3000	201.44	1185.2	0.46929
-0.1309	1.7104	39000	0.05	2800	188.36	1160.8	0.52569
-0.1309	1.7104	39000	0.05	2825	192.53	1150.8	0.52642
-0.1309	1.7104	39000	0.05	2850	196.73	1144.1	0.52227
-0.1309	1.7104	39000	0.05	2875	200.95	1139	0.50356
-0.1309	1.7104	39000	0.05	2900	204.24	1139	0.49552
-0.1309	1.7104	39000	0.05	2925	208.5	1130.3	0.52338
-0.1309	1.7104	39000	0.05	2950	212.79	1127.4	0.49763
-0.1309	1.7104	39000	0.05	3000	221.43	1114.8	0.48057
-0.1309	1.7104	39000	0.1	2800	205.76	1055.4	0.56161
-0.1309	1.7104	39000	0.1	2825	210.02	1051.7	0.55645
-0.1309	1.7104	39000	0.1	2850	214.31	1046.1	0.55128
-0.1309	1.7104	39000	0.1	2875	218.62	1037	0.55986
-0.1309	1.7104	39000	0.1	2900	222.96	1030.2	0.53361
-0.1309	1.7104	39000	0.1	2925	227.32	1021.7	0.53838
-0.1309	1.7104	39000	0.1	2950	231.7	1019.4	0.53446
-0.1309	1.7104	39000	0.1	3000	240.54	1006.7	0.48836
-0.1309	1.7104	39000	0.15	2800	222.46	930.38	0.54219
-0.1309	1.7104	39000	0.15	2825	226.79	924.54	0.54125
-0.1309	1.7104	39000	0.15	2850	231.13	916.05	0.52746
-0.1309	1.7104	39000	0.15	2875	235.51	913.01	0.52835
-0.1309	1.7104	39000	0.15	2900	239.9	905.16	0.52668
-0.1309	1.7104	39000	0.15	2925	244.32	897.78	0.50908
-0.1309	1.7104	39000	0.15	2950	248.77	891.88	0.49953
-0.1309	1.7104	39000	0.15	3000	257.73	880	0.50096
-0.1309	1.7104	40000	0	2800	169.88	1259.3	0.60352
-0.1309	1.7104	40000	0	2825	173.96	1255	0.57246
-0.1309	1.7104	40000	0	2850	178.06	1249.2	0.57703
-0.1309	1.7104	40000	0	2875	181.16	1249.2	0.56775
-0.1309	1.7104	40000	0	2900	185.3	1240	0.54773
-0.1309	1.7104	40000	0	2925	189.47	1233.8	0.55144
-0.1309	1.7104	40000	0	2950	193.65	1224.7	0.53828
-0.1309	1.7104	40000	0	3000	201.06	1221.1	0.52876
-0.1309	1.7104	40000	0.05	2800	189.5	1176.8	0.62094
-0.1309	1.7104	40000	0.05	2825	192.74	1176.8	0.61079
-0.1309	1.7104	40000	0.05	2850	196.98	1169.4	0.60063
-0.1309	1.7104	40000	0.05	2875	201.24	1163.9	0.59328
-0.1309	1.7104	40000	0.05	2900	205.52	1160.8	0.57221
-0.1309	1.7104	40000	0.05	2925	208.85	1160.8	0.56318
-0.1309	1.7104	40000	0.05	2950	213.17	1150.8	0.56439
-0.1309	1.7104	40000	0.05	3000	221.89	1139	0.54072
-0.1309	1.7104	40000	0.1	2800	207.49	1073.3	0.65011
-0.1309	1.7104	40000	0.1	2825	211.79	1062.7	0.63748
-0.1309	1.7104	40000	0.1	2850	215.2	1062.7	0.62715
-0.1309	1.7104	40000	0.1	2875	219.55	1055.4	0.62122
-0.1309	1.7104	40000	0.1	2900	223.91	1051.7	0.61579
-0.1309	1.7104	40000	0.1	2925	228.31	1046.1	0.61035
-0.1309	1.7104	40000	0.1	2950	232.72	1037	0.62015
-0.1309	1.7104	40000	0.1	3000	241.63	1021.7	0.59694
-0.1309	1.7104	40000	0.15	2800	223.84	942.22	0.65392
-0.1309	1.7104	40000	0.15	2825	228.19	940	0.62925
-0.1309	1.7104	40000	0.15	2850	232.56	930.38	0.60953
-0.1309	1.7104	40000	0.15	2875	236.96	924.54	0.60867
-0.1309	1.7104	40000	0.15	2900	241.39	916.05	0.59335
-0.1309	1.7104	40000	0.15	2925	245.84	913.01	0.59456
-0.1309	1.7104	40000	0.15	2950	250.31	905.16	0.59287
-0.1309	1.7104	40000	0.15	3000	259.33	891.88	0.56268
-0.12217	1.6755	30000	0	2800	110.38	1671.7	0.12361
-0.12217	1.6755	30000	0	2825	106.84	1701.9	0.11582
-0.12217	1.6755	30000	0	2850	111.84	1699.1	0.12537
-0.12217	1.6755	30000	0	2875	114.64	1700.1	0.11857
-0.12217	1.6755	30000	0	2900	114.18	1714.4	0.11818
-0.12217	1.6755	30000	0	2925	120.1	1700.1	0.11374
-0.12217	1.6755	30000	0	2950	123.05	1699.7	0.11287
-0.12217	1.6755	30000	0	3000	127.42	1700.7	0.11243
-0.12217	1.6755	30000	0.05	2800	124.11	1691.9	0.1157
-0.12217	1.6755	30000	0.05	2825	133.02	1655.1	0.12098
-0.12217	1.6755	30000	0.05	2850	133.26	1679.2	0.11955
-0.12217	1.6755	30000	0.05	2875	135.42	1681.6	0.11773
-0.12217	1.6755	30000	0.05	2900	136.56	1694.6	0.11635
-0.12217	1.6755	30000	0.05	2925	138.25	1704.8	0.11085
-0.12217	1.6755	30000	0.05	2950	144.07	1691.3	0.11225
-0.12217	1.6755	30000	0.05	3000	150.48	1691.6	0.10827
-0.12217	1.6755	30000	0.1	2800	155.86	1568.6	0.11817
-0.12217	1.6755	30000	0.1	2825	157.48	1585.4	0.11363
-0.12217	1.6755	30000	0.1	2850	160.23	1592.2	0.11338
-0.12217	1.6755	30000	0.1	2875	165.75	1577.4	0.11718
-0.12217	1.6755	30000	0.1	2900	166.4	1596.8	0.10933
-0.12217	1.6755	30000	0.1	2925	170.01	1597.6	0.10916
-0.12217	1.6755	30000	0.1	2950	171.62	1611.1	0.10439
-0.12217	1.6755	30000	0.1	3000	178.88	1612.4	0.10215
-0.12217	1.6755	30000	0.15	2800	186.2	1397.8	0.13621
-0.12217	1.6755	30000	0.15	2825	189.98	1401.6	0.13228
-0.12217	1.6755	30000	0.15	2850	193.8	1403.6	0.12702
-0.12217	1.6755	30000	0.15	2875	197.63	1402.6	0.12431
-0.12217	1.6755	30000	0.15	2900	201.51	1404	0.12192
-0.12217	1.6755	30000	0.15	2925	205.24	1400	0.11842
-0.12217	1.6755	30000	0.15	2950	209.19	1400	0.11645
-0.12217	1.6755	30000	0.15	3000	217.24	1401.1	0.11349
-0.12217	1.6755	31000	0	2800	123.51	1606.5	0.14266
-0.12217	1.6755	31000	0	2825	125.43	1615.1	0.13953
-0.12217	1.6755	31000	0	2850	127.22	1623	0.13597
-0.12217	1.6755	31000	0	2875	128.83	1638.9	0.1437
-0.12217	1.6755	31000	0	2900	130.69	1642.7	0.14047
-0.12217	1.6755	31000	0	2925	133.83	1644.1	0.14296
-0.12217	1.6755	31000	0	2950	135.73	1648.6	0.13506
-0.12217	1.6755	31000	0	3000	141.78	1648.3	0.12751
-0.12217	1.6755	31000	0.05	2800	143.45	1580.6	0.14786
-0.12217	1.6755	31000	0.05	2825	145.86	1592.2	0.13974
-0.12217	1.6755	31000	0.05	2850	148.17	1598.6	0.13627
-0.12217	1.6755	31000	0.05	2875	150.58	1605.3	0.13386
-0.12217	1.6755	31000	0.05	2900	154.17	1603.6	0.13642
-0.12217	1.6755	31000	0.05	2925	156.46	1607.9	0.1313
-0.12217	1.6755	31000	0.05	2950	158.74	1619.5	0.12765
-0.12217	1.6755	31000	0.05	3000	164.42	1625.9	0.1228
-0.12217	1.6755	31000	0.1	2800	167.32	1498.6	0.13838
-0.12217	1.6755	31000	0.1	2825	173.28	1474	0.14391
-0.12217	1.6755	31000	0.1	2850	176.89	1478	0.14085
-0.12217	1.6755	31000	0.1	2875	179.79	1482.5	0.13898
-0.12217	1.6755	31000	0.1	2900	183.44	1483.7	0.13624
-0.12217	1.6755	31000	0.1	2925	186.37	1490.8	0.13348
-0.12217	1.6755	31000	0.1	2950	190.07	1490	0.13106
-0.12217	1.6755	31000	0.1	3000	196.8	1498.1	0.12912
-0.12217	1.6755	31000	0.15	2800	195.58	1320.9	0.15763
-0.12217	1.6755	31000	0.15	2825	199.42	1322.9	0.15529
-0.12217	1.6755	31000	0.15	2850	203.31	1322.4	0.15286
-0.12217	1.6755	31000	0.15	2875	206.62	1329.9	0.1493
-0.12217	1.6755	31000	0.15	2900	210.59	1328	0.14694
-0.12217	1.6755	31000	0.15	2925	214.49	1327.9	0.14475
-0.12217	1.6755	31000	0.15	2950	218.51	1327.9	0.14237
-0.12217	1.6755	31000	0.15	3000	226.55	1326.4	0.13796
-0.12217	1.6755	32000	0	2800	138.49	1525	0.17059
-0.12217	1.6755	32000	0	2825	140.1	1536.4	0.16605
-0.12217	1.6755	32000	0	2850	143.17	1536	0.16704
-0.12217	1.6755	32000	0	2875	145.4	1544.9	0.16293
-0.12217	1.6755	32000	0	2900	147.63	1550.6	0.15967
-0.12217	1.6755	32000	0	2925	150.87	1551.4	0.1567
-0.12217	1.6755	32000	0	2950	152.39	1564.3	0.15577
-0.12217	1.6755	32000	0	3000	157.82	1569.6	0.1502
-0.12217	1.6755	32000	0.05	2800	157.56	1490.1	0.16583
-0.12217	1.6755	32000	0.05	2825	161.08	1491.2	0.16505
-0.12217	1.6755	32000	0.05	2850	163.69	1497.2	0.16287
-0.12217	1.6755	32000	0.05	2875	166.29	1499.8	0.16274
-0.12217	1.6755	32000	0.05	2900	169.02	1507.2	0.15599
-0.12217	1.6755	32000	0.05	2925	171.84	1515	0.15618
-0.12217	1.6755	32000	0.05	2950	175.28	1515.2	0.15467
-0.12217	1.6755	32000	0.05	3000	179.75	1537	0.14694
-0.12217	1.6755	32000	0.1	2800	180.53	1388.5	0.18365
-0.12217	1.6755	32000	0.1	2825	183.47	1395.4	0.18063
-0.12217	1.6755	32000	0.1	2850	187.38	1395.4	0.17759
-0.12217	1.6755	32000	0.1	2875	190.59	1401.7	0.17932
-0.12217	1.6755	32000	0.1	2900	194.24	1400	0.16802
-0.12217	1.6755	32000	0.1	2925	196.8	1415.3	0.17644
-0.12217	1.6755	32000	0.1	2950	199.9	1419.6	0.17682
-0.12217	1.6755	32000	0.1	3000	206.14	1433.9	0.17284
-0.12217	1.6755	32000	0.15	2800	203.29	1247	0.17821
-0.12217	1.6755	32000	0.15	2825	207.23	1248.1	0.17289
-0.12217	1.6755	32000	0.15	2850	211.16	1247.9	0.16731
-0.12217	1.6755	32000	0.15	2875	215.14	1249.4	0.16413
-0.12217	1.6755	32000	0.15	2900	219.12	1247	0.1618
-0.12217	1.6755	32000	0.15	2925	222.65	1255	0.16042
-0.12217	1.6755	32000	0.15	2950	227.18	1246	0.15269
-0.12217	1.6755	32000	0.15	3000	234.52	1255	0.14944
-0.12217	1.6755	33000	0	2800	149.43	1458.1	0.19657
-0.12217	1.6755	33000	0	2825	151.09	1467.6	0.1913
-0.12217	1.6755	33000	0	2850	154.11	1469.9	0.18648
-0.12217	1.6755	33000	0	2875	156.73	1477.4	0.18436
-0.12217	1.6755	33000	0	2900	160.08	1478	0.18381
-0.12217	1.6755	33000	0	2925	161.63	1485.4	0.17889
-0.12217	1.6755	33000	0	2950	164.07	1498.4	0.17442
-0.12217	1.6755	33000	0	3000	171.61	1490.2	0.1723
-0.12217	1.6755	33000	0.05	2800	169.02	1400	0.21288
-0.12217	1.6755	33000	0.05	2825	171.5	1417.8	0.22446
-0.12217	1.6755	33000	0.05	2850	174.36	1420.7	0.21808
-0.12217	1.6755	33000	0.05	2875	176.62	1436.8	0.22163
-0.12217	1.6755	33000	0.05	2900	179.44	1442.6	0.21396
-0.12217	1.6755	33000	0.05	2925	183	1441.6	0.20912
-0.12217	1.6755	33000	0.05	2950	186.29	1442.2	0.17458
-0.12217	1.6755	33000	0.05	3000	192.26	1457.9	0.17231
-0.12217	1.6755	33000	0.1	2800	189.76	1304.4	0.22389
-0.12217	1.6755	33000	0.1	2825	193.51	1309.9	0.22139
-0.12217	1.6755	33000	0.1	2850	196.38	1312.5	0.21372
-0.12217	1.6755	33000	0.1	2875	200.41	1312.5	0.21018
-0.12217	1.6755	33000	0.1	2900	203.51	1317.8	0.20728
-0.12217	1.6755	33000	0.1	2925	207.56	1322.9	0.2028
-0.12217	1.6755	33000	0.1	2950	210.92	1329.9	0.19852
-0.12217	1.6755	33000	0.1	3000	217.86	1333.3	0.19171
-0.12217	1.6755	33000	0.15	2800	210.85	1160.8	0.20843
-0.12217	1.6755	33000	0.15	2825	214.15	1163.9	0.20181
-0.12217	1.6755	33000	0.15	2850	218.28	1163.9	0.19844
-0.12217	1.6755	33000	0.15	2875	222.43	1163.9	0.19515
-0.12217	1.6755	33000	0.15	2900	225.74	1169.4	0.19147
-0.12217	1.6755	33000	0.15	2925	229.9	1169.4	0.18835
-0.12217	1.6755	33000	0.15	2950	234.08	1169.4	0.18531
-0.12217	1.6755	33000	0.15	3000	242.46	1169.4	0.17945
-0.12217	1.6755	34000	0	2800	159.67	1365.3	0.26157
-0.12217	1.6755	34000	0	2825	162.51	1375.6	0.26356
-0.12217	1.6755	34000	0	2850	165.36	1379.3	0.24992
-0.12217	1.6755	34000	0	2875	168.15	1388.5	0.24397
-0.12217	1.6755	34000	0	2900	170.78	1399.8	0.25241
-0.12217	1.6755	34000	0	2925	174.22	1401.2	0.22157
-0.12217	1.6755	34000	0	2950	177.62	1400	0.2308
-0.12217	1.6755	34000	0	3000	181.98	1428.4	0.20709
-0.12217	1.6755	34000	0.05	2800	177.89	1319.5	0.26262
-0.12217	1.6755	34000	0.05	2825	181.44	1317.8	0.25718
-0.12217	1.6755	34000	0.05	2850	184.57	1325.2	0.25146
-0.12217	1.6755	34000	0.05	2875	187.69	1331.4	0.25598
-0.12217	1.6755	34000	0.05	2900	190.82	1341.1	0.2505
-0.12217	1.6755	34000	0.05	2925	194.3	1344.8	0.25735
-0.12217	1.6755	34000	0.05	2950	197.46	1355.8	0.25427
-0.12217	1.6755	34000	0.05	3000	204.05	1360.3	0.23227
-0.12217	1.6755	34000	0.1	2800	197.06	1221.1	0.2362
-0.12217	1.6755	34000	0.1	2825	201.3	1221.1	0.23224
-0.12217	1.6755	34000	0.1	2850	204.79	1227.9	0.23687
-0.12217	1.6755	34000	0.1	2875	208.33	1230.7	0.2368
-0.12217	1.6755	34000	0.1	2900	212.26	1233.3	0.22982
-0.12217	1.6755	34000	0.1	2925	215.85	1237.8	0.2298
-0.12217	1.6755	34000	0.1	2950	219.38	1247	0.2258
-0.12217	1.6755	34000	0.1	3000	226.82	1255.6	0.21424
-0.12217	1.6755	34000	0.15	2800	215.87	1088	0.24351
-0.12217	1.6755	34000	0.15	2825	220.17	1088	0.23943
-0.12217	1.6755	34000	0.15	2850	223.67	1092.5	0.22873
-0.12217	1.6755	34000	0.15	2875	227.98	1092.5	0.22496
-0.12217	1.6755	34000	0.15	2900	232.31	1092.5	0.2213
-0.12217	1.6755	34000	0.15	2925	235.83	1098.5	0.22273
-0.12217	1.6755	34000	0.15	2950	240.17	1098.5	0.21916
-0.12217	1.6755	34000	0.15	3000	248.73	1098.5	0.21229
-0.12217	1.6755	35000	0	2800	166.7	1288.9	0.30905
-0.12217	1.6755	35000	0	2825	169.85	1296.5	0.30904
-0.12217	1.6755	35000	0	2850	173	1300.5	0.29975
-0.12217	1.6755	35000	0	2875	176.14	1306.7	0.29931
-0.12217	1.6755	35000	0	2900	179.28	1312.5	0.28715
-0.12217	1.6755	35000	0	2925	182.42	1317.8	0.2833
-0.12217	1.6755	35000	0	2950	185.56	1325.2	0.27719
-0.12217	1.6755	35000	0	3000	192.54	1331.4	0.27796
-0.12217	1.6755	35000	0.05	2800	184.15	1233.8	0.28643
-0.12217	1.6755	35000	0.05	2825	188.03	1240.5	0.2856
-0.12217	1.6755	35000	0.05	2850	190.96	1249.2	0.26632
-0.12217	1.6755	35000	0.05	2875	194.92	1255.8	0.27356
-0.12217	1.6755	35000	0.05	2900	198.71	1256.1	0.25948
-0.12217	1.6755	35000	0.05	2925	202.12	1259.3	0.25665
-0.12217	1.6755	35000	0.05	2950	205.53	1270	0.25335
-0.12217	1.6755	35000	0.05	3000	212.47	1278.5	0.23459
-0.12217	1.6755	35000	0.1	2800	202.82	1130.3	0.27576
-0.12217	1.6755	35000	0.1	2825	206.39	1139	0.28563
-0.12217	1.6755	35000	0.1	2850	209.97	1144.1	0.27671
-0.12217	1.6755	35000	0.1	2875	214.43	1144.1	0.27218
-0.12217	1.6755	35000	0.1	2900	218.01	1150.8	0.26635
-0.12217	1.6755	35000	0.1	2925	221.6	1160.8	0.26636
-0.12217	1.6755	35000	0.1	2950	226.08	1160.8	0.26212
-0.12217	1.6755	35000	0.1	3000	233.98	1163.9	0.25012
-0.12217	1.6755	35000	0.15	2800	219.37	1011.5	0.289
-0.12217	1.6755	35000	0.15	2825	223.84	1011.5	0.28418
-0.12217	1.6755	35000	0.15	2850	227.51	1019.4	0.27788
-0.12217	1.6755	35000	0.15	2875	232	1019.4	0.27333
-0.12217	1.6755	35000	0.15	2900	236.49	1019.4	0.2689
-0.12217	1.6755	35000	0.15	2925	241	1019.4	0.26459
-0.12217	1.6755	35000	0.15	2950	244.7	1021.7	0.25822
-0.12217	1.6755	35000	0.15	3000	253.59	1021.7	0.25017
-0.12217	1.6755	36000	0	2800	171.02	1208.6	0.32519
-0.12217	1.6755	36000	0	2825	174.45	1212.9	0.31368
-0.12217	1.6755	36000	0	2850	177.87	1221.1	0.31482
-0.12217	1.6755	36000	0	2875	181.3	1224.7	0.30562
-0.12217	1.6755	36000	0	2900	184.72	1233.8	0.30322
-0.12217	1.6755	36000	0	2925	188.15	1240	0.29168
-0.12217	1.6755	36000	0	2950	191.58	1249.2	0.29282
-0.12217	1.6755	36000	0	3000	198.37	1259.3	0.28719
-0.12217	1.6755	36000	0.05	2800	188.56	1144.1	0.33559
-0.12217	1.6755	36000	0.05	2825	192.21	1150.8	0.32828
-0.12217	1.6755	36000	0.05	2850	195.86	1160.8	0.32816
-0.12217	1.6755	36000	0.05	2875	199.51	1163.9	0.31794
-0.12217	1.6755	36000	0.05	2900	203.16	1169.4	0.31203
-0.12217	1.6755	36000	0.05	2925	206.82	1176.8	0.30706
-0.12217	1.6755	36000	0.05	2950	210.47	1185.2	0.30178
-0.12217	1.6755	36000	0.05	3000	218.68	1190.6	0.29218
-0.12217	1.6755	36000	0.1	2800	205.79	1051.7	0.3443
-0.12217	1.6755	36000	0.1	2825	209.56	1055.4	0.33578
-0.12217	1.6755	36000	0.1	2850	213.34	1062.7	0.33083
-0.12217	1.6755	36000	0.1	2875	217.99	1062.7	0.32544
-0.12217	1.6755	36000	0.1	2900	221.78	1073.3	0.32174
-0.12217	1.6755	36000	0.1	2925	225.57	1076.3	0.31174
-0.12217	1.6755	36000	0.1	2950	230.25	1076.3	0.30681
-0.12217	1.6755	36000	0.1	3000	238.69	1088	0.29512
-0.12217	1.6755	36000	0.15	2800	221.38	940	0.34144
-0.12217	1.6755	36000	0.15	2825	226.02	940	0.33578
-0.12217	1.6755	36000	0.15	2850	229.85	942.22	0.31264
-0.12217	1.6755	36000	0.15	2875	234.5	942.22	0.30754
-0.12217	1.6755	36000	0.15	2900	239.16	942.22	0.30258
-0.12217	1.6755	36000	0.15	2925	243.01	949.61	0.30386
-0.12217	1.6755	36000	0.15	2950	247.69	949.61	0.29905
-0.12217	1.6755	36000	0.15	3000	257.03	949.61	0.28978
-0.12217	1.6755	37000	0	2800	171.8	1163.9	0.39481
-0.12217	1.6755	37000	0	2825	175.77	1160.8	0.38057
-0.12217	1.6755	37000	0	2850	179.76	1150.8	0.37776
-0.12217	1.6755	37000	0	2875	183.87	1144.1	0.3736
-0.12217	1.6755	37000	0	2900	187.52	1150.8	0.36566
-0.12217	1.6755	37000	0	2925	191.18	1160.8	0.35657
-0.12217	1.6755	37000	0	2950	194.84	1163.9	0.35808
-0.12217	1.6755	37000	0	3000	202.19	1176.8	0.34583
-0.12217	1.6755	37000	0.05	2800	189.92	1098.5	0.40998
-0.12217	1.6755	37000	0.05	2825	194.03	1092.5	0.41594
-0.12217	1.6755	37000	0.05	2850	197.23	1092.5	0.36931
-0.12217	1.6755	37000	0.05	2875	201.48	1088	0.37399
-0.12217	1.6755	37000	0.05	2900	205.33	1092.5	0.35748
-0.12217	1.6755	37000	0.05	2925	209.19	1098.5	0.35987
-0.12217	1.6755	37000	0.05	2950	213.98	1098.5	0.3542
-0.12217	1.6755	37000	0.05	3000	221.74	1114.8	0.34785
-0.12217	1.6755	37000	0.1	2800	206.09	1011.5	0.43925
-0.12217	1.6755	37000	0.1	2825	210.29	1006.7	0.40189
-0.12217	1.6755	37000	0.1	2850	214.52	998.52	0.3861
-0.12217	1.6755	37000	0.1	2875	218.87	987.85	0.3816
-0.12217	1.6755	37000	0.1	2900	223.71	987.85	0.37546
-0.12217	1.6755	37000	0.1	2925	227.66	998.52	0.36778
-0.12217	1.6755	37000	0.1	2950	231.63	1006.7	0.36344
-0.12217	1.6755	37000	0.1	3000	240.48	1011.5	0.34852
-0.12217	1.6755	37000	0.15	2800	221.78	897.78	0.40644
-0.12217	1.6755	37000	0.15	2825	226.05	891.88	0.39847
-0.12217	1.6755	37000	0.15	2850	230.35	883.99	0.38112
-0.12217	1.6755	37000	0.15	2875	234.76	880	0.36318
-0.12217	1.6755	37000	0.15	2900	239.57	880	0.35734
-0.12217	1.6755	37000	0.15	2925	244.4	880	0.35165
-0.12217	1.6755	37000	0.15	2950	248.38	883.99	0.35731
-0.12217	1.6755	37000	0.15	3000	258.07	883.99	0.34629
-0.12217	1.6755	38000	0	2800	171.95	1200	0.47068
-0.12217	1.6755	38000	0	2825	175.97	1190.6	0.45016
-0.12217	1.6755	38000	0	2850	180	1185.2	0.44333
-0.12217	1.6755	38000	0	2875	184.05	1176.8	0.43702
-0.12217	1.6755	38000	0	2900	188.13	1169.4	0.42983
-0.12217	1.6755	38000	0	2925	191.24	1169.4	0.42301
-0.12217	1.6755	38000	0	2950	195.35	1163.9	0.41798
-0.12217	1.6755	38000	0	3000	203.65	1150.8	0.40425
-0.12217	1.6755	38000	0.05	2800	189.99	1130.3	0.48759
-0.12217	1.6755	38000	0.05	2825	194.14	1127.4	0.46325
-0.12217	1.6755	38000	0.05	2850	198.32	1120.2	0.44536
-0.12217	1.6755	38000	0.05	2875	202.51	1114.8	0.44665
-0.12217	1.6755	38000	0.05	2900	206.73	1107.7	0.43768
-0.12217	1.6755	38000	0.05	2925	210.97	1098.5	0.44097
-0.12217	1.6755	38000	0.05	2950	214.28	1098.5	0.43404
-0.12217	1.6755	38000	0.05	3000	222.87	1088	0.4196
-0.12217	1.6755	38000	0.1	2800	207.71	1030.2	0.48925
-0.12217	1.6755	38000	0.1	2825	211.96	1021.7	0.49332
-0.12217	1.6755	38000	0.1	2850	216.23	1019.4	0.48942
-0.12217	1.6755	38000	0.1	2875	220.52	1011.5	0.48789
-0.12217	1.6755	38000	0.1	2900	224.84	1006.7	0.44661
-0.12217	1.6755	38000	0.1	2925	229.18	998.52	0.45457
-0.12217	1.6755	38000	0.1	2950	232.64	998.52	0.44742
-0.12217	1.6755	38000	0.1	3000	241.43	986.67	0.44772
-0.12217	1.6755	38000	0.15	2800	223.91	913.01	0.4767
-0.12217	1.6755	38000	0.15	2825	228.22	905.16	0.47496
-0.12217	1.6755	38000	0.15	2850	232.55	897.78	0.45886
-0.12217	1.6755	38000	0.15	2875	236.9	891.88	0.45003
-0.12217	1.6755	38000	0.15	2900	241.29	883.99	0.44475
-0.12217	1.6755	38000	0.15	2925	245.69	880	0.45087
-0.12217	1.6755	38000	0.15	2950	250.12	867.53	0.45329
-0.12217	1.6755	38000	0.15	3000	259.05	857.04	0.42725
-0.12217	1.6755	39000	0	2800	172.69	1224.7	0.51044
-0.12217	1.6755	39000	0	2825	176.75	1221.1	0.50876
-0.12217	1.6755	39000	0	2850	179.82	1221.1	0.50049
-0.12217	1.6755	39000	0	2875	183.91	1212.9	0.48258
-0.12217	1.6755	39000	0	2900	188.03	1206.7	0.46135
-0.12217	1.6755	39000	0	2925	192.17	1200	0.50523
-0.12217	1.6755	39000	0	2950	195.32	1200	0.49731
-0.12217	1.6755	39000	0	3000	203.7	1185.2	0.46929
-0.12217	1.6755	39000	0.05	2800	190.57	1160.8	0.52569
-0.12217	1.6755	39000	0.05	2825	194.76	1150.8	0.52642
-0.12217	1.6755	39000	0.05	2850	198.97	1144.1	0.52227
-0.12217	1.6755	39000	0.05	2875	203.21	1139	0.50356
-0.12217	1.6755	39000	0.05	2900	207.47	1130.3	0.5318
-0.12217	1.6755	39000	0.05	2925	210.79	1130.3	0.52338
-0.12217	1.6755	39000	0.05	2950	215.09	1127.4	0.49763
-0.12217	1.6755	39000	0.05	3000	223.76	1114.8	0.48057
-0.12217	1.6755	39000	0.1	2800	208.93	1051.7	0.56572
-0.12217	1.6755	39000	0.1	2825	213.22	1046.1	0.56039
-0.12217	1.6755	39000	0.1	2850	217.52	1037	0.56903
-0.12217	1.6755	39000	0.1	2875	220.94	1037	0.55986
-0.12217	1.6755	39000	0.1	2900	225.29	1030.2	0.53361
-0.12217	1.6755	39000	0.1	2925	229.67	1021.7	0.53838
-0.12217	1.6755	39000	0.1	2950	234.07	1019.4	0.53446
-0.12217	1.6755	39000	0.1	3000	242.93	1006.7	0.48836
-0.12217	1.6755	39000	0.15	2800	224.79	930.38	0.54219
-0.12217	1.6755	39000	0.15	2825	229.13	924.54	0.54125
-0.12217	1.6755	39000	0.15	2850	233.49	916.05	0.52746
-0.12217	1.6755	39000	0.15	2875	237.88	913.01	0.52835
-0.12217	1.6755	39000	0.15	2900	242.29	905.16	0.52668
-0.12217	1.6755	39000	0.15	2925	246.73	897.78	0.50908
-0.12217	1.6755	39000	0.15	2950	251.19	891.88	0.49953
-0.12217	1.6755	39000	0.15	3000	260.19	880	0.50096
-0.12217	1.6755	40000	0	2800	173.06	1255	0.58198
-0.12217	1.6755	40000	0	2825	176.13	1255	0.57246
-0.12217	1.6755	40000	0	2850	180.24	1249.2	0.57703
-0.12217	1.6755	40000	0	2875	184.38	1240	0.5566
-0.12217	1.6755	40000	0	2900	187.51	1240	0.54773
-0.12217	1.6755	40000	0	2925	191.69	1233.8	0.55144
-0.12217	1.6755	40000	0	2950	195.9	1224.7	0.53828
-0.12217	1.6755	40000	0	3000	204.36	1212.9	0.51819
-0.12217	1.6755	40000	0.05	2800	191.72	1176.8	0.62094
-0.12217	1.6755	40000	0.05	2825	195.95	1169.4	0.61052
-0.12217	1.6755	40000	0.05	2850	199.22	1169.4	0.60063
-0.12217	1.6755	40000	0.05	2875	203.5	1163.9	0.59328
-0.12217	1.6755	40000	0.05	2900	207.8	1160.8	0.57221
-0.12217	1.6755	40000	0.05	2925	212.12	1150.8	0.57336
-0.12217	1.6755	40000	0.05	2950	216.46	1144.1	0.56919
-0.12217	1.6755	40000	0.05	3000	224.23	1139	0.54072
-0.12217	1.6755	40000	0.1	2800	209.77	1073.3	0.65011
-0.12217	1.6755	40000	0.1	2825	214.08	1062.7	0.63748
-0.12217	1.6755	40000	0.1	2850	218.42	1055.4	0.63136
-0.12217	1.6755	40000	0.1	2875	222.78	1051.7	0.62576
-0.12217	1.6755	40000	0.1	2900	226.25	1051.7	0.61579
-0.12217	1.6755	40000	0.1	2925	230.66	1046.1	0.61035
-0.12217	1.6755	40000	0.1	2950	235.09	1037	0.62015
-0.12217	1.6755	40000	0.1	3000	244.03	1021.7	0.59694
-0.12217	1.6755	40000	0.15	2800	226.17	942.22	0.65392
-0.12217	1.6755	40000	0.15	2825	230.54	940	0.62925
-0.12217	1.6755	40000	0.15	2850	234.93	930.38	0.60953
-0.12217	1.6755	40000	0.15	2875	239.34	924.54	0.60867
-0.12217	1.6755	40000	0.15	2900	243.79	916.05	0.59335
-0.12217	1.6755	40000	0.15	2925	248.25	913.01	0.59456
-0.12217	1.6755	40000	0.15	2950	252.74	905.16	0.59287
-0.12217	1.6755	40000	0.15	3000	261.79	891.88	0.56268
-0.12217	1.7104	30000	0	2800	105.14	1688.1	0.12262
-0.12217	1.7104	30000	0	2825	103.76	1707.3	0.11597
-0.12217	1.7104	30000	0	2850	109.79	1696.4	0.12634
-0.12217	1.7104	30000	0	2875	110.42	1713.3	0.12208
-0.12217	1.7104	30000	0	2900	115.16	1700.1	0.1157
-0.12217	1.7104	30000	0	2925	117.04	1703.7	0.11389
-0.12217	1.7104	30000	0	2950	120.81	1698.5	0.11244
-0.12217	1.7104	30000	0	3000	118.58	1746.3	0.10997
-0.12217	1.7104	30000	0.05	2800	125.81	1667.3	0.12341
-0.12217	1.7104	30000	0.05	2825	129.96	1663.5	0.12132
-0.12217	1.7104	30000	0.05	2850	130.83	1676	0.1167
-0.12217	1.7104	30000	0.05	2875	131.21	1695.9	0.11833
-0.12217	1.7104	30000	0.05	2900	132.77	1700.9	0.11246
-0.12217	1.7104	30000	0.05	2925	135.39	1707.3	0.11373
-0.12217	1.7104	30000	0.05	2950	143.94	1679	0.11608
-0.12217	1.7104	30000	0.05	3000	147.24	1696.7	0.11126
-0.12217	1.7104	30000	0.1	2800	152.71	1577.6	0.1163
-0.12217	1.7104	30000	0.1	2825	158.94	1556.8	0.12073
-0.12217	1.7104	30000	0.1	2850	159.96	1576.7	0.11884
-0.12217	1.7104	30000	0.1	2875	160.57	1596.8	0.11122
-0.12217	1.7104	30000	0.1	2900	164.16	1597.6	0.11102
-0.12217	1.7104	30000	0.1	2925	165.76	1611.1	0.10616
-0.12217	1.7104	30000	0.1	2950	170.36	1603.1	0.1065
-0.12217	1.7104	30000	0.1	3000	177.66	1603.9	0.10507
-0.12217	1.7104	30000	0.15	2800	183.86	1403.6	0.13154
-0.12217	1.7104	30000	0.15	2825	187.65	1402.6	0.12869
-0.12217	1.7104	30000	0.15	2850	191.28	1400	0.12466
-0.12217	1.7104	30000	0.15	2875	195.17	1400	0.12253
-0.12217	1.7104	30000	0.15	2900	199.11	1402.4	0.12078
-0.12217	1.7104	30000	0.15	2925	203.01	1401.2	0.11859
-0.12217	1.7104	30000	0.15	2950	206.92	1400	0.11645
-0.12217	1.7104	30000	0.15	3000	212.69	1421.5	0.12605
-0.12217	1.7104	31000	0	2800	120.72	1615.7	0.14406
-0.12217	1.7104	31000	0	2825	122.72	1619.6	0.14159
-0.12217	1.7104	31000	0	2850	123.8	1633.5	0.14775
-0.12217	1.7104	31000	0	2875	126.72	1636.7	0.14331
-0.12217	1.7104	31000	0	2900	128.67	1642.7	0.14047
-0.12217	1.7104	31000	0	2925	130.54	1648.6	0.13732
-0.12217	1.7104	31000	0	2950	135.55	1637.8	0.13378
-0.12217	1.7104	31000	0	3000	140.54	1644.5	0.12743
-0.12217	1.7104	31000	0.05	2800	141.4	1580.6	0.14786
-0.12217	1.7104	31000	0.05	2825	142.57	1598.6	0.13863
-0.12217	1.7104	31000	0.05	2850	146.01	1596.1	0.13682
-0.12217	1.7104	31000	0.05	2875	148.35	1602.9	0.13391
-0.12217	1.7104	31000	0.05	2900	151.92	1603.6	0.13528
-0.12217	1.7104	31000	0.05	2925	153.16	1618.5	0.12999
-0.12217	1.7104	31000	0.05	2950	155.61	1621.1	0.12835
-0.12217	1.7104	31000	0.05	3000	161.62	1629.8	0.12807
-0.12217	1.7104	31000	0.1	2800	167.34	1474	0.14643
-0.12217	1.7104	31000	0.1	2825	170.92	1478	0.14329
-0.12217	1.7104	31000	0.1	2850	173.84	1481.1	0.14043
-0.12217	1.7104	31000	0.1	2875	177.43	1483.7	0.13856
-0.12217	1.7104	31000	0.1	2900	180.38	1491.1	0.13582
-0.12217	1.7104	31000	0.1	2925	184.01	1490	0.13326
-0.12217	1.7104	31000	0.1	2950	186.9	1498.5	0.13439
-0.12217	1.7104	31000	0.1	3000	193.56	1502.3	0.12778
-0.12217	1.7104	31000	0.15	2800	193.17	1322.4	0.15823
-0.12217	1.7104	31000	0.15	2825	196.45	1329.9	0.1545
-0.12217	1.7104	31000	0.15	2850	200.36	1326.1	0.15216
-0.12217	1.7104	31000	0.15	2875	204.24	1327.9	0.14971
-0.12217	1.7104	31000	0.15	2900	208.17	1326.4	0.14741
-0.12217	1.7104	31000	0.15	2925	212.08	1328.3	0.14188
-0.12217	1.7104	31000	0.15	2950	215.47	1332.9	0.15032
-0.12217	1.7104	31000	0.15	3000	224.07	1329.2	0.13813
-0.12217	1.7104	32000	0	2800	134.87	1536.8	0.1704
-0.12217	1.7104	32000	0	2825	137.92	1533.3	0.16604
-0.12217	1.7104	32000	0	2850	140.22	1542.3	0.16598
-0.12217	1.7104	32000	0	2875	143.25	1542.2	0.162
-0.12217	1.7104	32000	0	2900	145.55	1550.6	0.15967
-0.12217	1.7104	32000	0	2925	147.05	1564.6	0.15927
-0.12217	1.7104	32000	0	2950	150.94	1558.6	0.15294
-0.12217	1.7104	32000	0	3000	155.57	1566.9	0.15054
-0.12217	1.7104	32000	0.05	2800	155.29	1490	0.16957
-0.12217	1.7104	32000	0.05	2825	157.9	1497.2	0.16566
-0.12217	1.7104	32000	0.05	2850	160.49	1499.8	0.16551
-0.12217	1.7104	32000	0.05	2875	164.16	1499.8	0.16274
-0.12217	1.7104	32000	0.05	2900	166.83	1508.5	0.15808
-0.12217	1.7104	32000	0.05	2925	169.4	1515.2	0.15724
-0.12217	1.7104	32000	0.05	2950	172.09	1524.9	0.15281
-0.12217	1.7104	32000	0.05	3000	177.55	1535.1	0.14715
-0.12217	1.7104	32000	0.1	2800	178.37	1388.5	0.18365
-0.12217	1.7104	32000	0.1	2825	181.29	1395.4	0.18063
-0.12217	1.7104	32000	0.1	2850	184.53	1404.1	0.18303
-0.12217	1.7104	32000	0.1	2875	188.11	1400	0.17085
-0.12217	1.7104	32000	0.1	2900	190.66	1417.4	0.17953
-0.12217	1.7104	32000	0.1	2925	193.75	1423.7	0.18031
-0.12217	1.7104	32000	0.1	2950	197.44	1418.3	0.17212
-0.12217	1.7104	32000	0.1	3000	205.07	1424.6	0.1666
-0.12217	1.7104	32000	0.15	2800	200.9	1245.5	0.17867
-0.12217	1.7104	32000	0.15	2825	204.77	1249.1	0.17429
-0.12217	1.7104	32000	0.15	2850	208.73	1248	0.16718
-0.12217	1.7104	32000	0.15	2875	212.21	1255	0.16585
-0.12217	1.7104	32000	0.15	2900	215.84	1255	0.15955
-0.12217	1.7104	32000	0.15	2925	220.16	1253.5	0.15331
-0.12217	1.7104	32000	0.15	2950	224.2	1256.3	0.15118
-0.12217	1.7104	32000	0.15	3000	232.26	1256.6	0.14751
-0.12217	1.7104	33000	0	2800	146.45	1461.6	0.19514
-0.12217	1.7104	33000	0	2825	149.5	1464.9	0.19081
-0.12217	1.7104	33000	0	2850	152.87	1463.2	0.1917
-0.12217	1.7104	33000	0	2875	154.52	1475.5	0.18534
-0.12217	1.7104	33000	0	2900	156.98	1485	0.18212
-0.12217	1.7104	33000	0	2925	159.44	1487.1	0.17882
-0.12217	1.7104	33000	0	2950	163.51	1480.8	0.17807
-0.12217	1.7104	33000	0	3000	169.42	1490	0.17594
-0.12217	1.7104	33000	0.05	2800	166.89	1400	0.21288
-0.12217	1.7104	33000	0.05	2825	168.6	1421.9	0.23109
-0.12217	1.7104	33000	0.05	2850	172.64	1417.3	0.21711
-0.12217	1.7104	33000	0.05	2875	175.52	1423.9	0.21458
-0.12217	1.7104	33000	0.05	2900	177.15	1442.1	0.21485
-0.12217	1.7104	33000	0.05	2925	180	1447.8	0.20775
-0.12217	1.7104	33000	0.05	2950	183.46	1448.5	0.17762
-0.12217	1.7104	33000	0.05	3000	189.16	1461.6	0.17101
-0.12217	1.7104	33000	0.1	2800	187.3	1307.8	0.22336
-0.12217	1.7104	33000	0.1	2825	190.62	1312	0.21837
-0.12217	1.7104	33000	0.1	2850	194.35	1313.7	0.21279
-0.12217	1.7104	33000	0.1	2875	197.24	1317.8	0.21074
-0.12217	1.7104	33000	0.1	2900	201.26	1317.8	0.20728
-0.12217	1.7104	33000	0.1	2925	204.35	1325.2	0.20274
-0.12217	1.7104	33000	0.1	2950	208.46	1327.9	0.19906
-0.12217	1.7104	33000	0.1	3000	215.55	1333.3	0.19171
-0.12217	1.7104	33000	0.15	2800	207.76	1163.9	0.20528
-0.12217	1.7104	33000	0.15	2825	211.87	1163.9	0.20181
-0.12217	1.7104	33000	0.15	2850	215.99	1163.9	0.19844
-0.12217	1.7104	33000	0.15	2875	219.28	1169.4	0.19466
-0.12217	1.7104	33000	0.15	2900	223.42	1169.4	0.19147
-0.12217	1.7104	33000	0.15	2925	227.56	1169.4	0.18835
-0.12217	1.7104	33000	0.15	2950	231.72	1169.4	0.18531
-0.12217	1.7104	33000	0.15	3000	240.08	1169.4	0.17945
-0.12217	1.7104	34000	0	2800	156.58	1376.2	0.25472
-0.12217	1.7104	34000	0	2825	160.39	1375.6	0.26356
-0.12217	1.7104	34000	0	2850	163.23	1379.3	0.24992
-0.12217	1.7104	34000	0	2875	166.02	1388.5	0.24397
-0.12217	1.7104	34000	0	2900	168.48	1403.5	0.24831
-0.12217	1.7104	34000	0	2925	171.86	1401.1	0.22745
-0.12217	1.7104	34000	0	2950	174.16	1413.8	0.24521
-0.12217	1.7104	34000	0	3000	178.75	1435.5	0.20021
-0.12217	1.7104	34000	0.05	2800	175.53	1317.8	0.26157
-0.12217	1.7104	34000	0.05	2825	178.31	1325.2	0.25571
-0.12217	1.7104	34000	0.05	2850	181.42	1333.3	0.24957
-0.12217	1.7104	34000	0.05	2875	185.49	1331.4	0.25598
-0.12217	1.7104	34000	0.05	2900	188.61	1341.1	0.2505
-0.12217	1.7104	34000	0.05	2925	191.84	1348.5	0.2533
-0.12217	1.7104	34000	0.05	2950	195.06	1352.3	0.25153
-0.12217	1.7104	34000	0.05	3000	201.79	1360.3	0.23227
-0.12217	1.7104	34000	0.1	2800	194.84	1221.1	0.2362
-0.12217	1.7104	34000	0.1	2825	198.52	1226.4	0.24281
-0.12217	1.7104	34000	0.1	2850	202.02	1235	0.24307
-0.12217	1.7104	34000	0.1	2875	205.89	1232.6	0.2368
-0.12217	1.7104	34000	0.1	2900	209.39	1237.7	0.23397
-0.12217	1.7104	34000	0.1	2925	212.97	1248.5	0.22754
-0.12217	1.7104	34000	0.1	2950	216.92	1248.8	0.22314
-0.12217	1.7104	34000	0.1	3000	224.11	1254.7	0.2034
-0.12217	1.7104	34000	0.15	2800	213.58	1088	0.24351
-0.12217	1.7104	34000	0.15	2825	217.06	1092.5	0.2326
-0.12217	1.7104	34000	0.15	2850	221.35	1092.5	0.22873
-0.12217	1.7104	34000	0.15	2875	225.65	1092.5	0.22496
-0.12217	1.7104	34000	0.15	2900	229.15	1098.5	0.22639
-0.12217	1.7104	34000	0.15	2925	233.47	1098.5	0.22273
-0.12217	1.7104	34000	0.15	2950	237.8	1098.5	0.21916
-0.12217	1.7104	34000	0.15	3000	246.33	1098.5	0.21229
-0.12217	1.7104	35000	0	2800	163.61	1296.5	0.31428
-0.12217	1.7104	35000	0	2825	166.74	1300.5	0.30478
-0.12217	1.7104	35000	0	2850	169.87	1306.7	0.3043
-0.12217	1.7104	35000	0	2875	173.98	1306.7	0.29931
-0.12217	1.7104	35000	0	2900	177.11	1312.5	0.28715
-0.12217	1.7104	35000	0	2925	180.24	1320.2	0.28075
-0.12217	1.7104	35000	0	2950	183.36	1325.2	0.27719
-0.12217	1.7104	35000	0	3000	189.71	1342.2	0.27899
-0.12217	1.7104	35000	0.05	2800	181.97	1233.8	0.28643
-0.12217	1.7104	35000	0.05	2825	185.61	1240.7	0.28303
-0.12217	1.7104	35000	0.05	2850	188.75	1249.2	0.27061
-0.12217	1.7104	35000	0.05	2875	192.5	1253.4	0.27285
-0.12217	1.7104	35000	0.05	2900	195.53	1259.3	0.25846
-0.12217	1.7104	35000	0.05	2925	198.92	1270	0.25745
-0.12217	1.7104	35000	0.05	2950	203.26	1270	0.25335
-0.12217	1.7104	35000	0.05	3000	209.81	1280.3	0.24197
-0.12217	1.7104	35000	0.1	2800	199.71	1139	0.29047
-0.12217	1.7104	35000	0.1	2825	204.14	1139	0.28563
-0.12217	1.7104	35000	0.1	2850	207.7	1144.1	0.27671
-0.12217	1.7104	35000	0.1	2875	211.27	1150.8	0.27074
-0.12217	1.7104	35000	0.1	2900	215.71	1150.8	0.26635
-0.12217	1.7104	35000	0.1	2925	219.29	1160.8	0.26636
-0.12217	1.7104	35000	0.1	2950	222.87	1163.9	0.25816
-0.12217	1.7104	35000	0.1	3000	230.73	1169.4	0.24949
-0.12217	1.7104	35000	0.15	2800	217.07	1011.5	0.289
-0.12217	1.7104	35000	0.15	2825	221.52	1011.5	0.28418
-0.12217	1.7104	35000	0.15	2850	225.18	1019.4	0.27788
-0.12217	1.7104	35000	0.15	2875	229.65	1019.4	0.27333
-0.12217	1.7104	35000	0.15	2900	234.13	1019.4	0.2689
-0.12217	1.7104	35000	0.15	2925	237.81	1021.7	0.26239
-0.12217	1.7104	35000	0.15	2950	242.31	1021.7	0.25822
-0.12217	1.7104	35000	0.15	3000	251.17	1021.7	0.25017
-0.12217	1.7104	36000	0	2800	167.93	1212.9	0.31897
-0.12217	1.7104	36000	0	2825	171.34	1221.1	0.32008
-0.12217	1.7104	36000	0	2850	174.75	1224.7	0.31068
-0.12217	1.7104	36000	0	2875	178.16	1233.8	0.30819
-0.12217	1.7104	36000	0	2900	182.53	1233.8	0.30322
-0.12217	1.7104	36000	0	2925	185.95	1240	0.29168
-0.12217	1.7104	36000	0	2950	189.37	1249.2	0.29282
-0.12217	1.7104	36000	0	3000	196.13	1259.3	0.28719
-0.12217	1.7104	36000	0.05	2800	185.45	1150.8	0.33382
-0.12217	1.7104	36000	0.05	2825	189.08	1160.8	0.33364
-0.12217	1.7104	36000	0.05	2850	193.63	1160.8	0.32816
-0.12217	1.7104	36000	0.05	2875	197.27	1163.9	0.31794
-0.12217	1.7104	36000	0.05	2900	200.91	1169.4	0.31203
-0.12217	1.7104	36000	0.05	2925	204.55	1176.8	0.30706
-0.12217	1.7104	36000	0.05	2950	208.2	1185.2	0.30178
-0.12217	1.7104	36000	0.05	3000	215.43	1200	0.2851
-0.12217	1.7104	36000	0.1	2800	202.67	1055.4	0.34145
-0.12217	1.7104	36000	0.1	2825	207.3	1055.4	0.33578
-0.12217	1.7104	36000	0.1	2850	211.06	1062.7	0.33083
-0.12217	1.7104	36000	0.1	2875	214.82	1073.3	0.32702
-0.12217	1.7104	36000	0.1	2900	219.47	1073.3	0.32174
-0.12217	1.7104	36000	0.1	2925	223.24	1076.3	0.31174
-0.12217	1.7104	36000	0.1	2950	227.03	1088	0.30456
-0.12217	1.7104	36000	0.1	3000	235.44	1092.5	0.2867
-0.12217	1.7104	36000	0.15	2800	219.08	940	0.34144
-0.12217	1.7104	36000	0.15	2825	222.88	942.22	0.31786
-0.12217	1.7104	36000	0.15	2850	227.51	942.22	0.31264
-0.12217	1.7104	36000	0.15	2875	232.15	942.22	0.30754
-0.12217	1.7104	36000	0.15	2900	235.98	949.61	0.30879
-0.12217	1.7104	36000	0.15	2925	240.63	949.61	0.30386
-0.12217	1.7104	36000	0.15	2950	245.29	949.61	0.29905
-0.12217	1.7104	36000	0.15	3000	253.78	956.54	0.2907
-0.12217	1.7104	37000	0	2800	169.66	1163.9	0.39481
-0.12217	1.7104	37000	0	2825	173.61	1160.8	0.38057
-0.12217	1.7104	37000	0	2850	177.59	1150.8	0.38111
-0.12217	1.7104	37000	0	2875	180.72	1150.8	0.37163
-0.12217	1.7104	37000	0	2900	184.35	1160.8	0.37163
-0.12217	1.7104	37000	0	2925	188	1163.9	0.36381
-0.12217	1.7104	37000	0	2950	192.61	1163.9	0.35808
-0.12217	1.7104	37000	0	3000	199.93	1176.8	0.34583
-0.12217	1.7104	37000	0.05	2800	186.79	1107.7	0.40046
-0.12217	1.7104	37000	0.05	2825	190.89	1098.5	0.40321
-0.12217	1.7104	37000	0.05	2850	195	1092.5	0.36931
-0.12217	1.7104	37000	0.05	2875	199.24	1088	0.37399
-0.12217	1.7104	37000	0.05	2900	203.07	1092.5	0.35748
-0.12217	1.7104	37000	0.05	2925	206.92	1098.5	0.35987
-0.12217	1.7104	37000	0.05	2950	210.76	1107.7	0.35938
-0.12217	1.7104	37000	0.05	3000	219.42	1114.8	0.34785
-0.12217	1.7104	37000	0.1	2800	203.83	1011.5	0.43925
-0.12217	1.7104	37000	0.1	2825	208.02	1006.7	0.40189
-0.12217	1.7104	37000	0.1	2850	212.24	998.52	0.3861
-0.12217	1.7104	37000	0.1	2875	216.57	987.85	0.3816
-0.12217	1.7104	37000	0.1	2900	220.5	998.52	0.37373
-0.12217	1.7104	37000	0.1	2925	225.33	998.52	0.36778
-0.12217	1.7104	37000	0.1	2950	229.28	1006.7	0.36344
-0.12217	1.7104	37000	0.1	3000	238.1	1011.5	0.34852
-0.12217	1.7104	37000	0.15	2800	219.47	897.78	0.40644
-0.12217	1.7104	37000	0.15	2825	223.73	891.88	0.39847
-0.12217	1.7104	37000	0.15	2850	228.02	883.99	0.38112
-0.12217	1.7104	37000	0.15	2875	232.4	880	0.36318
-0.12217	1.7104	37000	0.15	2900	237.2	880	0.35734
-0.12217	1.7104	37000	0.15	2925	241.17	883.99	0.36303
-0.12217	1.7104	37000	0.15	2950	245.98	883.99	0.35731
-0.12217	1.7104	37000	0.15	3000	255.63	883.99	0.34629
-0.12217	1.7104	38000	0	2800	169.81	1200	0.47068
-0.12217	1.7104	38000	0	2825	173.81	1190.6	0.45016
-0.12217	1.7104	38000	0	2850	177.83	1185.2	0.44333
-0.12217	1.7104	38000	0	2875	180.89	1185.2	0.43616
-0.12217	1.7104	38000	0	2900	184.94	1176.8	0.43002
-0.12217	1.7104	38000	0	2925	189.03	1169.4	0.42301
-0.12217	1.7104	38000	0	2950	193.13	1163.9	0.41798
-0.12217	1.7104	38000	0	3000	200.4	1160.8	0.39707
-0.12217	1.7104	38000	0.05	2800	187.79	1130.3	0.48759
-0.12217	1.7104	38000	0.05	2825	191.93	1127.4	0.46325
-0.12217	1.7104	38000	0.05	2850	196.09	1120.2	0.44536
-0.12217	1.7104	38000	0.05	2875	200.27	1114.8	0.44665
-0.12217	1.7104	38000	0.05	2900	203.52	1114.8	0.43949
-0.12217	1.7104	38000	0.05	2925	207.75	1107.7	0.43073
-0.12217	1.7104	38000	0.05	2950	211.99	1098.5	0.43404
-0.12217	1.7104	38000	0.05	3000	220.55	1088	0.4196
-0.12217	1.7104	38000	0.1	2800	205.46	1030.2	0.48925
-0.12217	1.7104	38000	0.1	2825	209.69	1021.7	0.49332
-0.12217	1.7104	38000	0.1	2850	213.94	1019.4	0.48942
-0.12217	1.7104	38000	0.1	2875	217.32	1019.4	0.48151
-0.12217	1.7104	38000	0.1	2900	221.62	1011.5	0.48007
-0.12217	1.7104	38000	0.1	2925	225.94	1006.7	0.43953
-0.12217	1.7104	38000	0.1	2950	230.29	998.52	0.44742
-0.12217	1.7104	38000	0.1	3000	239.05	986.67	0.44772
-0.12217	1.7104	38000	0.15	2800	220.75	916.05	0.46822
-0.12217	1.7104	38000	0.15	2825	225.04	913.01	0.46886
-0.12217	1.7104	38000	0.15	2850	229.35	905.16	0.46721
-0.12217	1.7104	38000	0.15	2875	233.69	897.78	0.45145
-0.12217	1.7104	38000	0.15	2900	238.06	891.88	0.44282
-0.12217	1.7104	38000	0.15	2925	242.45	883.99	0.43769
-0.12217	1.7104	38000	0.15	2950	246.86	880	0.44378
-0.12217	1.7104	38000	0.15	3000	255.75	866.67	0.4156
-0.12217	1.7104	39000	0	2800	170.54	1224.7	0.51044
-0.12217	1.7104	39000	0	2825	173.58	1224.7	0.50207
-0.12217	1.7104	39000	0	2850	177.64	1221.1	0.50049
-0.12217	1.7104	39000	0	2875	181.73	1212.9	0.48258
-0.12217	1.7104	39000	0	2900	185.83	1206.7	0.46135
-0.12217	1.7104	39000	0	2925	188.95	1206.7	0.45405
-0.12217	1.7104	39000	0	2950	193.09	1200	0.49731
-0.12217	1.7104	39000	0	3000	201.44	1185.2	0.46929
-0.12217	1.7104	39000	0.05	2800	188.36	1160.8	0.52569
-0.12217	1.7104	39000	0.05	2825	192.54	1150.8	0.52642
-0.12217	1.7104	39000	0.05	2850	196.74	1144.1	0.52227
-0.12217	1.7104	39000	0.05	2875	200.96	1139	0.50356
-0.12217	1.7104	39000	0.05	2900	204.24	1139	0.49552
-0.12217	1.7104	39000	0.05	2925	208.51	1130.3	0.52338
-0.12217	1.7104	39000	0.05	2950	212.8	1127.4	0.49763
-0.12217	1.7104	39000	0.05	3000	221.44	1114.8	0.48057
-0.12217	1.7104	39000	0.1	2800	205.77	1055.4	0.56161
-0.12217	1.7104	39000	0.1	2825	210.03	1051.7	0.55645
-0.12217	1.7104	39000	0.1	2850	214.32	1046.1	0.55128
-0.12217	1.7104	39000	0.1	2875	218.63	1037	0.55986
-0.12217	1.7104	39000	0.1	2900	222.97	1030.2	0.53361
-0.12217	1.7104	39000	0.1	2925	227.33	1021.7	0.53838
-0.12217	1.7104	39000	0.1	2950	231.71	1019.4	0.53446
-0.12217	1.7104	39000	0.1	3000	240.55	1006.7	0.48836
-0.12217	1.7104	39000	0.15	2800	222.47	930.38	0.54219
-0.12217	1.7104	39000	0.15	2825	226.8	924.54	0.54125
-0.12217	1.7104	39000	0.15	2850	231.14	916.05	0.52746
-0.12217	1.7104	39000	0.15	2875	235.51	913.01	0.52835
-0.12217	1.7104	39000	0.15	2900	239.91	905.16	0.52668
-0.12217	1.7104	39000	0.15	2925	244.33	897.78	0.50908
-0.12217	1.7104	39000	0.15	2950	248.77	891.88	0.49953
-0.12217	1.7104	39000	0.15	3000	257.74	880	0.50096
-0.12217	1.7104	40000	0	2800	169.89	1259.3	0.60352
-0.12217	1.7104	40000	0	2825	173.97	1255	0.57246
-0.12217	1.7104	40000	0	2850	178.07	1249.2	0.57703
-0.12217	1.7104	40000	0	2875	181.17	1249.2	0.56775
-0.12217	1.7104	40000	0	2900	185.31	1240	0.54773
-0.12217	1.7104	40000	0	2925	189.48	1233.8	0.55144
-0.12217	1.7104	40000	0	2950	193.66	1224.7	0.53828
-0.12217	1.7104	40000	0	3000	201.07	1221.1	0.52876
-0.12217	1.7104	40000	0.05	2800	189.51	1176.8	0.62094
-0.12217	1.7104	40000	0.05	2825	192.75	1176.8	0.61079
-0.12217	1.7104	40000	0.05	2850	196.99	1169.4	0.60063
-0.12217	1.7104	40000	0.05	2875	201.25	1163.9	0.59328
-0.12217	1.7104	40000	0.05	2900	205.53	1160.8	0.57221
-0.12217	1.7104	40000	0.05	2925	208.86	1160.8	0.56318
-0.12217	1.7104	40000	0.05	2950	213.18	1150.8	0.56439
-0.12217	1.7104	40000	0.05	3000	221.9	1139	0.54072
-0.12217	1.7104	40000	0.1	2800	207.5	1073.3	0.65011
-0.12217	1.7104	40000	0.1	2825	211.8	1062.7	0.63748
-0.12217	1.7104	40000	0.1	2850	215.21	1062.7	0.62715
-0.12217	1.7104	40000	0.1	2875	219.56	1055.4	0.62122
-0.12217	1.7104	40000	0.1	2900	223.92	1051.7	0.61579
-0.12217	1.7104	40000	0.1	2925	228.32	1046.1	0.61035
-0.12217	1.7104	40000	0.1	2950	232.73	1037	0.62015
-0.12217	1.7104	40000	0.1	3000	241.63	1021.7	0.59694
-0.12217	1.7104	40000	0.15	2800	223.85	942.22	0.65392
-0.12217	1.7104	40000	0.15	2825	228.2	940	0.62925
-0.12217	1.7104	40000	0.15	2850	232.57	930.38	0.60953
-0.12217	1.7104	40000	0.15	2875	236.97	924.54	0.60867
-0.12217	1.7104	40000	0.15	2900	241.4	916.05	0.59335
-0.12217	1.7104	40000	0.15	2925	245.85	913.01	0.59456
-0.12217	1.7104	40000	0.15	2950	250.32	905.16	0.59287
-0.12217	1.7104	40000	0.15	3000	259.34	891.88	0.56268
