 4.71478	243.269		2776.13		0.65       2.687     11457.     1066.8     1.314     330.3    4.00943e+3   
 4.55187	257.548     2791.84     0.64       2.688     12842.     1058.7     1.315     329.7    4.87778e+3  
 4.38037	273.858     2795.04     0.61       2.691     14128.     1034.4     1.317     327.9    5.96673e+3  
 4.20261	292.295     2807.42     0.59       2.693     15601.     1017.9     1.319     326.6    7.27881e+3  
 4.02037	312.993     2753.61     0.57       2.697     16914.     992.9      1.322     324.8    8.81365e+3  
 5.58210	252.834     2320.38	    1.0        2.694     13408.     1477.6     1.280	 350.5    3.06522e+3  
 5.35601	271.654     2336.20     1.0        2.695     15480.     1476.0     1.280     350.4    3.89973e+3    
 5.11583	293.573     2353.63     1.0        2.696     17781.     1475.0     1.280     350.4    4.95984e+3    
 4.86831	318.852     2283.26     1.0        2.665     20469.     1465.6     1.282     351.6    6.24781e+3    
  4.61730	 347.696     2280.88     0.90       2.676	  22114.	 1397.0	    1.287	  345.6	   7.76264e+3  
 5.58210	252.834		2320.38		1.0        2.694     13408.     1477.6     1.280	350.5     3.06522e+3  
 5.35601    271.654	    2336.20     1.0        2.695     15480.     1476.0     1.280    350.4     3.89973e+3  
 5.11583    293.573	    2353.63     1.0        2.696     17781.     1475.0     1.280    350.4     4.95984e+3  
 4.86831    318.852	    2283.26     1.0        2.665     20469.     1465.6     1.282    351.6     6.24781e+3  
 4.61730    347.696	    2280.88     0.9        2.676     22114.     1397.0     1.287    345.6     7.76264e+3 
 6.42687    262.626	    2211.50	    1.0        2.717     13374.     1629.9     1.273	350.5     2.48755e+3  
 6.11801    286.608	    2217.65     1.0        2.707     15938.     1635.4     1.273    350.5     3.30055e+3  
 5.79580    315.118	    1766.21     1.0        2.697     18936.     1641.3     1.273    350.5     4.34341e+3  
 5.46701    348.565	    1783.83     1.0        2.689     22016.     1645.3     1.273    350.5     5.61782e+3  
  5.13886    387.189	 1819.22     1.0        2.692	  24771.	 1643.5	    1.273    350.5	   7.12199e+3 
 6.42687	262.626		2211.50	 	1          2.717     13374.     1629.9     1.273	350.5     2.48755e+3  
 6.11801	286.608	    2217.65		1          2.707     15938.     1635.4     1.273    350.5     3.30055e+3    
 5.79580	315.118	    1766.21		1          2.697     18936.     1641.3     1.273    350.5     4.34341e+3    
 5.46701	348.565	    1783.83		1          2.689     22016.     1645.3     1.273    350.5     5.61782e+3    
 5.13886	387.189	    1819.22		1          2.692     24771.     1643.5     1.273    350.5     7.12199e+3   
 7.23904	272.616	     1371.82	1          2.864     12461.     1732.9     1.269	350.5     2.10614e+3  
 6.83691	302.438	     1371.02	1          2.845     15631.     1744.7     1.269    350.5     2.90438e+3    
 6.42035	338.574	     1370.40	1          2.821     18981.     1758.8     1.268    350.5     3.93585e+3    
 6.00128	381.564	     1376.45	1          2.793     22334.     1773.4     1.268    350.5     5.20152e+3    
  5.59104	 431.587      1445.61	1           2.750	  25420.     1772.1	    1.268	 350.5     6.69883e+3  
 7.23904	272.616		 1371.82	1          2.864     12461.     1732.9     1.269	350.5     2.10614e+3  
 6.83691    302.438      1371.02    1          2.845     15631.     1744.7     1.269    350.5     2.90438e+3   
 6.42035    338.574      1370.40    1          2.821     18981.     1758.8     1.268    350.5     3.93585e+3   
 6.00128    381.564      1376.45    1          2.793     22334.     1773.4     1.268    350.5     5.20152e+3   
 5.59104    431.587      1445.61    1          2.750     25420.     1772.1     1.268    350.5     6.69883e+3 
 8.02107    283.411     1115.38     1          3.073     11733.     1803.0     1.270	350.6     1.84208e+3  
 7.51232    319.866     1081.98     1          3.046     14900.     1820.0     1.266    350.6     2.63046e+3   
 6.99075    364.782     1076.73     1          3.015     18270.     1839.8     1.266    350.6     3.65487e+3   
 6.47522    418.745     1051.93     1          2.978     20412.     1864.3     1.265    350.6     4.91533e+3   
  5.98110    481.954     1025.87    1           2.932     20212.	 1894.3	    1.264	 350.7	   6.40925e+3  
 8.02107	283.411		1115.38		1          3.073     11733.     1803.0     1.270	350.6     1.84208e+3  
 7.51232    319.866     1081.98     1          3.046     14900.     1820.0     1.266    350.6     2.63046e+3    
 6.99075    364.782     1076.73     1          3.015     18270.     1839.8     1.266    350.6     3.65487e+3    
 6.47522    418.745     1051.93     1          2.978     20412.     1864.3     1.265    350.6     4.91533e+3    
 5.98110    481.954     1025.87	    1          2.932     20212.     1894.3     1.264    350.7	  6.40925e+3 
 8.77245    298.002     828.85	    1          3.303     10817.     1875.6     1.265	350.7     1.64961e+3  
 8.14441    342.387     824.35      1          3.272     13966.     1895.7     1.264    350.7     2.43073e+3    
 7.50927    397.893     799.75      1          3.231     16173.     1922.9     1.263    351.8     3.44922e+3    
 6.89391    464.970     760.22      1          3.179     17952.     1958.2     1.262    351.8     4.70566e+3    
  6.31673    543.928     722.41	    1           3.122	  19557.     1966.5     1.261	 355.9     6.19596e+3  
 
 
 
 
 
 
 
 
 
 
 
 
 
 
 
 
 
 
 
 
 
 
 
 
 
 
 
 
 
 
 
 
 
 
 
 
 
 
 
 
 
 
 
 
 
 