time (s) altitude (m) longitude (rad) latitude (rad) velocity (m/s) trajectory angle (rad) heading angle (rad) angle of attack (rad) bank angle (rad) fuel mass (kg) 
0 25889 2.5307 -0.264 1520 -0.0030105 1.0001 0.013369 0.013706 1562
2.3611 25873 2.531 -0.26353 1527.9 -0.0059141 1.0003 0.01423 0.004375 1557.6
7.564 25807 2.5317 -0.26247 1546.8 -0.0099609 1.0005 0.018343 -0.014643 1547.4
14.798 25689 2.5327 -0.26099 1576.5 -0.0098546 1.0004 0.022358 -0.013765 1531.4
22.962 25600 2.5339 -0.25927 1614.7 -0.0026043 1.0003 0.02651 -0.013573 1510.8
30.812 25646 2.535 -0.25759 1656.1 0.010256 1.0002 0.027574 -0.012835 1488.1
37.153 25809 2.5359 -0.25619 1692.2 0.019789 1.0001 0.023116 -0.013991 1468.1
41.023 25952 2.5365 -0.25532 1715.3 0.023403 1.0001 0.020475 -0.0071225 1455.5
41.966 25991 2.5366 -0.25511 1721 0.024121 1.0001 0.02005 -0.0054663 1452.4
43.226 26044 2.5368 -0.25482 1728.7 0.024967 1.0002 0.019519 -0.0083343 1448.2
46.091 26172 2.5373 -0.25417 1746.5 0.026392 1.0002 0.017675 -0.015781 1438.6
50.318 26371 2.5379 -0.25319 1772.9 0.026316 1.0002 0.012237 -0.015449 1424.2
55.565 26602 2.5387 -0.25196 1805.4 0.022978 1.0003 0.012167 -0.016493 1406.5
61.407 26851 2.5396 -0.25056 1842.4 0.025493 1.0002 0.025627 -0.016626 1386
67.371 27183 2.5406 -0.2491 1880.9 0.034198 1 0.024735 -0.017205 1364.2
72.972 27564 2.5415 -0.2477 1914.9 0.03592 1.0004 0.013825 0.023297 1345
77.758 27878 2.5423 -0.24648 1942.1 0.031462 1.0019 0.0059475 0.10217 1329.7
81.341 28077 2.5429 -0.24556 1962.6 0.024913 1.0035 0.00011677 0.16193 1318.9
83.432 28170 2.5433 -0.24502 1975 0.020392 1.0045 1.6434e-05 0.19817 1312.7
83.932 28190 2.5434 -0.24489 1977.8 0.019333 1.0048 0.00092179 0.20579 1311.2
85.192 28235 2.5436 -0.24456 1985.1 0.016846 1.0056 0.0024121 0.22235 1307.5
88.057 28317 2.5441 -0.24381 2001.4 0.012155 1.0079 0.0076207 0.27411 1298.8
92.284 28400 2.5448 -0.24268 2026 0.0079667 1.0129 0.014874 0.34586 1285.4
97.531 28476 2.5457 -0.24126 2058.4 0.0069062 1.0224 0.024057 0.43866 1267.8
103.37 28580 2.5467 -0.23963 2097.6 0.010898 1.0383 0.03292 0.5392 1246.8
109.34 28754 2.5478 -0.23792 2138.5 0.016372 1.0592 0.033337 0.64407 1224.6
114.94 28969 2.5487 -0.23626 2174.7 0.018684 1.0806 0.031726 0.74076 1203.8
119.72 29166 2.5495 -0.23481 2203.8 0.018749 1.1001 0.031909 0.8236 1186.1
123.31 29311 2.55 -0.2337 2224.7 0.017517 1.1153 0.030658 0.88112 1173
125.4 29390 2.5504 -0.23305 2236.6 0.016376 1.1242 0.031706 0.90372 1165.4
125.9 29408 2.5504 -0.23289 2239.4 0.016115 1.1264 0.031108 0.9046 1163.6
127.16 29453 2.5506 -0.23249 2246.4 0.01538 1.1319 0.031385 0.90784 1159
130.02 29546 2.5511 -0.23158 2262.1 0.013688 1.1442 0.030917 0.90883 1148.6
134.25 29665 2.5517 -0.2302 2284.4 0.011159 1.1617 0.030324 0.87549 1133.3
139.5 29789 2.5524 -0.22847 2311.4 0.0097769 1.183 0.033652 0.81442 1114.2
145.34 29924 2.5532 -0.22649 2340.7 0.010255 1.206 0.033039 0.77485 1092.7
151.3 30071 2.554 -0.22444 2369.2 0.010509 1.2283 0.031929 0.78448 1070.9
156.9 30209 2.5547 -0.22247 2394.3 0.010055 1.2492 0.03155 0.81458 1050.5
161.69 30320 2.5553 -0.22075 2414.2 0.0092384 1.2674 0.033092 0.84052 1033.1
165.27 30398 2.5557 -0.21946 2428.6 0.0087728 1.2817 0.034196 0.85465 1020
167.36 30442 2.5559 -0.2187 2436.9 0.0084735 1.29 0.034683 0.85846 1012.3
167.86 30452 2.556 -0.21851 2438.9 0.0084286 1.2921 0.035017 0.85871 1010.5
169.39 30483 2.5561 -0.21795 2444.9 0.0082871 1.2983 0.034936 0.8593 1004.9
172.82 30551 2.5565 -0.21669 2458.5 0.0079562 1.3121 0.03575 0.85598 992.28
177.82 30652 2.557 -0.21482 2478.2 0.0083813 1.3325 0.036365 0.82515 973.79
183.89 30779 2.5575 -0.21252 2501.1 0.0081222 1.3541 0.027509 0.75955 951.88
190.44 30900 2.5581 -0.21 2524.7 0.0067437 1.3734 0.027566 0.71547 928.94
196.83 31009 2.5585 -0.20751 2547.5 0.0068812 1.3928 0.029994 0.73078 906.29
202.44 31109 2.5589 -0.20531 2567.1 0.006873 1.4106 0.030758 0.76581 886.37
206.71 31183 2.5592 -0.20361 2582 0.0068369 1.4248 0.031316 0.78435 871.14
209.23 31228 2.5593 -0.2026 2590.6 0.006647 1.433 0.030806 0.78813 862.2
209.83 31238 2.5594 -0.20236 2592.7 0.0066142 1.4351 0.031009 0.78822 860.05
212.9 31290 2.5595 -0.20113 2603.1 0.0063984 1.4452 0.030853 0.78498 849.17
219.51 31398 2.5599 -0.19844 2625.2 0.0061624 1.4664 0.030519 0.76437 825.73
228.35 31540 2.5602 -0.19481 2653.9 0.005933 1.494 0.030188 0.76958 794.59
237.65 31681 2.5604 -0.19094 2683.1 0.0055021 1.5228 0.029726 0.75583 761.94
245.58 31798 2.5606 -0.18761 2707.2 0.0054508 1.545 0.026528 0.67546 734.43
250.57 31871 2.5606 -0.1855 2721.9 0.005262 1.557 0.023908 0.6372 717.46
251.8 31888 2.5606 -0.18497 2725.5 0.0051378 1.5598 0.023804 0.6314 713.3
254.16 31921 2.5606 -0.18397 2732.3 0.0049496 1.5651 0.023474 0.62207 705.33
259.36 31989 2.5606 -0.18174 2747.2 0.0046377 1.5762 0.022999 0.589 687.83
266.59 32080 2.5606 -0.17863 2767.5 0.00454 1.5907 0.022395 0.5571 663.6
274.76 32181 2.5605 -0.17509 2789.9 0.0042977 1.6059 0.021293 0.53811 636.47
282.61 32272 2.5603 -0.17166 2810.9 0.0040994 1.62 0.021668 0.5289 610.51
288.95 32346 2.5602 -0.16887 2827.5 0.0041397 1.6312 0.02116 0.52248 589.57
292.82 32391 2.5601 -0.16716 2837.4 0.0039978 1.6378 0.020684 0.5208 576.87
293.76 32402 2.56 -0.16674 2839.9 0.0039644 1.6394 0.02069 0.52019 573.78
295.28 32419 2.56 -0.16607 2843.7 0.0039097 1.642 0.020805 0.51901 568.8
298.72 32456 2.5599 -0.16455 2852.4 0.0038097 1.6478 0.02053 0.51232 557.56
303.72 32509 2.5597 -0.16232 2864.9 0.0036541 1.656 0.020601 0.50039 541.24
309.79 32574 2.5594 -0.15961 2879.9 0.0038004 1.6657 0.020495 0.48164 521.42
316.34 32644 2.5591 -0.15667 2895.7 0.0034793 1.6753 0.018216 0.4498 500.26
322.73 32707 2.5588 -0.15379 2910.9 0.0036398 1.6839 0.021626 0.39516 479.64
328.34 32784 2.5585 -0.15125 2923.9 0.0061753 1.6911 0.026106 0.33443 461.19
332.61 32880 2.5583 -0.14931 2933.5 0.009232 1.6961 0.028034 0.30628 447.04
335.12 32956 2.5581 -0.14817 2939 0.011244 1.6991 0.028293 0.3028 438.72
335.73 32976 2.5581 -0.14789 2940.3 0.011701 1.6998 0.028147 0.30294 436.74
337.25 33031 2.558 -0.1472 2943.5 0.012835 1.7015 0.027689 0.30287 431.78
340.68 33171 2.5578 -0.14564 2950.6 0.014628 1.7052 0.023254 0.31693 420.86
345.68 33390 2.5575 -0.14335 2960.4 0.014404 1.7103 0.014701 0.3789 405.84
351.75 33608 2.5571 -0.14057 2971.9 0.0089009 1.7156 0.0034302 0.48342 389.1
358.31 33689 2.5566 -0.13755 2984.4 -0.0007305 1.7209 0.0036893 0.59135 372.04
364.7 33602 2.5562 -0.1346 2997 -0.0075531 1.7294 0.017214 0.70043 354.47
370.3 33450 2.5557 -0.13201 3008.4 -0.0099946 1.7408 0.025576 0.69169 337.67
374.57 33324 2.5554 -0.13003 3017.3 -0.0090614 1.7504 0.034007 0.60236 324
377.09 33263 2.5552 -0.12887 3022.4 -0.0068222 1.7565 0.037735 0.56587 315.5
377.69 33251 2.5551 -0.12859 3023.6 -0.0062033 1.7579 0.039046 0.55277 313.44
378.75 33233 2.555 -0.1281 3025.7 -0.0048671 1.7605 0.040886 0.53437 309.76
381.18 33211 2.5548 -0.12697 3030.4 -0.0010651 1.7664 0.045149 0.49233 301.2
384.79 33238 2.5544 -0.12529 3037 0.0064042 1.7751 0.05139 0.42873 288.09
389.35 33407 2.554 -0.12318 3044.8 0.018312 1.7851 0.059462 0.35024 271.23
394.54 33817 2.5535 -0.12076 3052.4 0.033584 1.7944 0.068333 0.25787 252.17
400.01 34512 2.5529 -0.11822 3059.1 0.049369 1.8011 0.078184 0.16566 233.03
405.39 35442 2.5523 -0.11573 3063.8 0.063395 1.8045 0.08705 0.065764 215.89
410.31 36487 2.5517 -0.11344 3064.9 0.0753 1.8055 0.096685 0.02289 202.02
414.43 37495 2.5513 -0.11153 3063.4 0.084333 1.8061 0.097777 0.031251 191.9
417.48 38306 2.5509 -0.11012 3061.2 0.089394 1.8065 0.091462 0.017261 185.5
419.24 38794 2.5507 -0.10931 3059.8 0.091505 1.8066 0.088993 0.0060721 182.21
419.66 38911 2.5507 -0.10911 3059.5 0.09194 1.8066 0.088046 0 181.47
419.66 38911 2.5507 -0.10911 3059.5 0.09194 1.8066 0.088046 0 181.47
421.63 39486 2.5505 -0.10821 3047.3 0.099453 1.8078 0.081876 0.17874 181.47
426.2 40937 2.5499 -0.10612 3024.6 0.10801 1.8156 0.06264 0.54874 181.46
433.23 43191 2.5491 -0.10294 2999.6 0.1023 1.8324 0.065128 1.2417 181.46
442.55 45736 2.5479 -0.098787 2969.7 0.079512 1.8608 0.10128 1.5707 181.46
453.88 47846 2.5464 -0.093825 2936.7 0.046727 1.8942 0.14145 1.5707 181.46
466.92 48922 2.5443 -0.088254 2897.7 0.009465 1.938 0.16699 1.5707 181.46
481.31 48419 2.5419 -0.082278 2862 -0.033753 1.9829 0.17449 1.5707 181.46
496.67 45977 2.539 -0.076157 2816.7 -0.078753 2.0505 0.17448 1.5707 181.46
512.57 41348 2.5355 -0.070194 2756.5 -0.13067 2.1466 0.17451 1.5706 181.46
528.58 35027 2.5313 -0.065065 2591.7 -0.15383 2.3988 0.17451 1.3701 181.46
544.27 29981 2.5263 -0.061891 2352.6 -0.090562 2.7776 0.10059 1.1637 181.46
559.19 28796 2.5212 -0.060951 2136.1 0.022756 3.1429 0.087967 1.1208 181.46
572.96 30513 2.5168 -0.0616 1973.1 0.086067 3.4255 0.075451 1.2045 181.46
585.19 32470 2.5134 -0.062915 1892.2 0.071654 3.5801 0.072518 1.3766 181.46
595.54 33560 2.5107 -0.06434 1836.1 0.040036 3.6907 0.071635 1.4038 181.46
603.75 33905 2.5088 -0.065628 1806.3 0.0036725 3.759 0.070401 1.5568 181.45
609.57 33798 2.5075 -0.066605 1783.5 -0.022318 3.8121 0.070395 1.3669 181.45
612.86 33634 2.5068 -0.067183 1774.1 -0.034816 3.8381 0.068704 1.57 181.45
613.64 33583 2.5066 -0.067321 1770.9 -0.039625 3.8458 0.068888 1.4143 181.45
614.98 33483 2.5063 -0.067563 1766.2 -0.045017 3.8578 0.070886 1.4396 181.49
618.12 33197 2.5057 -0.068137 1756.7 -0.0586 3.8864 0.068768 1.4799 181.35
622.97 32608 2.5047 -0.069056 1738.9 -0.080157 3.9337 0.069178 1.4572 181.66
629.46 31570 2.5035 -0.070339 1719.4 -0.10373 4.0036 0.068529 1.3538 181.02
637.46 30053 2.5022 -0.072006 1676.9 -0.11616 4.1066 0.068655 1.1847 182.54
646.83 28342 2.501 -0.074091 1693 -0.095548 4.2333 0.070093 0.91337 170.99
657.38 27181 2.4998 -0.076735 1820 -0.02392 4.3742 0.063218 0.80137 134.33
668.92 27708 2.499 -0.080034 1970.7 0.066631 4.5235 0.047153 0.76344 87.316
681.24 30214 2.4984 -0.083916 2116 0.12774 4.6112 0.040245 0.48614 43.691
694.1 34542 2.4981 -0.088187 2185.3 0.18335 4.6626 0.078749 0.44258 11.895
707.27 40126 2.498 -0.092589 2172.5 0.19523 4.6947 0.033443 0.44133 0.00074763
720.5 45141 2.4979 -0.096955 2130.8 0.15552 4.7005 0.019406 0.39539 2.2029
733.55 48818 2.4979 -0.10123 2114.4 0.11054 4.7048 0.020387 0.348 0.71558
746.17 51131 2.4978 -0.10535 2095.9 0.063922 4.7066 0.069732 0.30651 1.633
758.13 52226 2.4978 -0.10924 2089.5 0.023899 4.7104 0.073836 0.27162 0.54922
769.2 52321 2.4978 -0.11284 2082.4 -0.016114 4.7122 0.076146 0.24696 1.3136
779.18 51630 2.4978 -0.11607 2084.1 -0.049667 4.715 0.080519 0.22362 0.61545
787.88 50465 2.4978 -0.11889 2083.4 -0.07923 4.7167 0.081284 0.21077 1.1866
795.15 49095 2.4978 -0.12124 2087.5 -0.10114 4.719 0.085773 0.19558 0.67113
800.83 47800 2.4978 -0.12308 2087.9 -0.1177 4.7205 0.086149 0.1895 1.0865
804.84 46773 2.4979 -0.12437 2090.7 -0.12761 4.7222 0.088986 0.18267 0.7281
807.09 46163 2.4979 -0.1251 2090.4 -0.13315 4.7229 0.088778 0.19108 0.96367
807.62 46014 2.4979 -0.12527 2091 -0.13424 4.7232 0.089061 0.18878 0.85303
810.39 45223 2.4979 -0.12616 2091.7 -0.14006 4.7244 0.089899 0.17819 0.80419
816.79 43279 2.4979 -0.12823 2092.1 -0.15009 4.7277 0.092914 0.16849 0.81047
826.57 40165 2.498 -0.13138 2086.8 -0.15293 4.7346 0.093733 0.16149 0.80212
839.35 36391 2.4981 -0.13547 2063.2 -0.12598 4.7483 0.086657 0.15756 0.77622
854.63 33600 2.4983 -0.1403 2004.8 -0.046749 4.7727 0.075503 0.16631 0.78603
871.82 33762 2.4987 -0.14556 1920.6 0.052439 4.8049 0.069822 0.18605 0.44621
890.28 36645 2.4993 -0.15092 1843.6 0.1025 4.832 0.069528 0.18897 0.076907
909.28 40138 2.5 -0.15623 1788.4 0.092742 4.8479 0.071 0.16713 0.16057
928.09 42580 2.5007 -0.16135 1752.5 0.050448 4.8568 0.073448 0.14125 0.091641
946 43362 2.5015 -0.16616 1731 -0.0010088 4.8629 0.07682 0.12003 0.13581
962.32 42670 2.5021 -0.17049 1718.9 -0.047544 4.868 0.080338 0.10531 0.091873
976.41 41102 2.5027 -0.17421 1710.8 -0.080508 4.8728 0.082379 0.095309 0.12115
987.75 39365 2.5032 -0.17717 1703.3 -0.097799 4.8773 0.082147 0.089753 0.088947
995.88 37972 2.5036 -0.17929 1695.7 -0.10272 4.8812 0.080753 0.08605 0.10651
1000.5 37170 2.5038 -0.18049 1690.1 -0.10226 4.8836 0.0795 0.087804 0.084676
1001.6 36981 2.5038 -0.18077 1688.7 -0.10175 4.8842 0.079275 0.092781 0.088043
1003.8 36609 2.5039 -0.18133 1685.5 -0.10015 4.8856 0.080669 0.086652 0.060811
1008.9 35779 2.5042 -0.18264 1676.8 -0.093827 4.8887 0.077693 0.082901 0.045695
1016.7 34651 2.5045 -0.18464 1660.3 -0.077965 4.894 0.076069 0.083409 0.03144
1027 33593 2.505 -0.18723 1631.4 -0.045324 4.902 0.073399 0.083375 0.0089363
1039.4 33141 2.5057 -0.19031 1589 0.0010766 4.9124 0.070239 0.084071 0.00053134
1053.7 33704 2.5064 -0.19371 1537 0.045879 4.9236 0.065377 0.080946 2.2546e-06
1069.3 35043 2.5072 -0.19731 1487.3 0.061859 4.9328 0.056166 0.07246 0
1085.8 36426 2.508 -0.20099 1445.8 0.048302 4.9394 0.053988 0.060494 0
1102.7 37225 2.5089 -0.20465 1413.8 0.016206 4.9444 0.05348 0.049933 0
1119.5 37192 2.5098 -0.20822 1388.6 -0.019612 4.9485 0.054532 0.041714 0
1135.6 36363 2.5106 -0.21159 1369.4 -0.053374 4.9522 0.053136 0.036432 0
1150.6 35089 2.5114 -0.21467 1349.9 -0.069332 4.956 0.05497 0.033066 0
1164.1 33770 2.5121 -0.21739 1330.6 -0.074668 4.9596 0.05395 0.031684 0
1175.5 32862 2.5127 -0.21966 1297.9 -0.033847 4.964 0.11115 0.030863 0
1184.6 32871 2.5132 -0.22142 1254 0.036505 4.9686 0.11461 0.03117 0
1191.1 33327 2.5135 -0.22262 1222.5 0.075024 4.9715 0.11498 0.030127 0
1194.7 33705 2.5137 -0.22329 1203.7 0.096115 4.9733 0.11418 0.03825 0
1195.6 33807 2.5137 -0.22345 1199.6 0.099418 4.9737 0.11445 0.041152 0
1198 34113 2.5138 -0.22389 1187.6 0.10975 4.9749 0.11461 0.033169 0
1203.7 34907 2.5141 -0.22489 1160.6 0.12665 4.977 0.11206 0.029683 0
1212.4 36217 2.5145 -0.22637 1122.8 0.13457 4.9796 0.11167 0.029949 0
1223.9 37837 2.5151 -0.22825 1079.9 0.11875 4.9823 0.10942 0.026886 0
1237.6 39247 2.5157 -0.23043 1039.5 0.071054 4.9846 0.1097 0.024454 0
1253.3 39824 2.5164 -0.23283 1006.3 -0.0018692 4.9869 0.10909 0.020372 0
1270.3 39066 2.5171 -0.23536 983.22 -0.086819 4.9892 0.11436 0.016881 0
1288 36947 2.5179 -0.23793 963.15 -0.15475 4.9919 0.11919 0.012782 0
1305.9 34049 2.5186 -0.24044 931.63 -0.17649 4.9949 0.12834 0.0096677 0
1323.3 31616 2.5193 -0.24276 862.98 -0.12493 4.998 0.12996 0.0069799 0
1339.7 30297 2.5199 -0.24476 773.83 -0.079993 5.0004 0.092133 0.0056704 0
1354.5 29439 2.5204 -0.24638 692.63 -0.082596 5.0022 0.08886 0.0041306 0
1367.1 28706 2.5208 -0.24762 621.22 -0.095844 5.0037 0.094642 0.0042319 0
1377.3 28085 2.5211 -0.24851 563.73 -0.11128 5.0048 0.11801 0.0019609 0
1384.5 27639 2.5212 -0.2491 520.65 -0.11656 5.0053 0.13475 0.001547 0
1388.6 27390 2.5213 -0.24941 497.96 -0.1224 5.0063 0.14013 0.023959 0
1389.6 27331 2.5214 -0.24948 492.49 -0.12323 5.0069 0.14063 0.028498 0
1392.3 27164 2.5214 -0.24968 477.75 -0.12733 5.008 0.14341 0.011167 0
1398.7 26774 2.5216 -0.25011 445.31 -0.1371 5.0087 0.15251 -0.0022935 0
1408.5 26181 2.5218 -0.25073 400.21 -0.15066 5.0093 0.16424 0.0013849 0
1421.3 25438 2.522 -0.25143 350.28 -0.16057 5.0101 0.17453 -0.0015793 0
1436.6 24612 2.5222 -0.25217 307.48 -0.17271 5.0105 0.17446 -0.0014906 0
1453.8 23706 2.5224 -0.2529 277.19 -0.1914 5.0105 0.17447 -0.0027838 0
1472.2 22740 2.5227 -0.25362 254.74 -0.20379 5.0102 0.17447 -0.0024228 0
1491.2 21787 2.5229 -0.25431 236.7 -0.20615 5.0096 0.17447 -0.0031172 0
1510 20914 2.5231 -0.25493 220.42 -0.203 5.0088 0.17446 -0.0026025 0
1527.9 20141 2.5233 -0.2555 206.7 -0.20601 5.0078 0.17445 -0.0033649 0
1544.3 19458 2.5234 -0.25598 195.9 -0.21333 5.0066 0.17442 -0.0028781 0
1558.4 18877 2.5235 -0.25637 188 -0.22022 5.0055 0.17441 -0.0036024 0
1569.7 18415 2.5236 -0.25668 182.01 -0.22251 5.0041 0.1744 -0.0053924 0
1577.8 18092 2.5237 -0.25689 177.87 -0.22353 5.0014 0.17433 -0.006653 0
1582.4 17910 2.5237 -0.25701 175.53 -0.22488 5.004 0.17138 0.038893 0
1583.5 17868 2.5237 -0.25704 175.03 -0.22614 5.0072 0.17127 0.044809 0
1585.5 17790 2.5238 -0.25709 174.11 -0.22757 5.0116 0.17189 0.030361 0
1590.1 17611 2.5238 -0.2572 171.99 -0.22849 5.0145 0.17404 -0.0052479 0
1597.1 17341 2.5239 -0.25738 168.61 -0.22709 5.0119 0.17438 -0.0054282 0
1606.4 16993 2.5239 -0.2576 164.07 -0.22659 5.0108 0.17434 -0.003491 0
1617.8 16580 2.524 -0.25787 158.74 -0.22883 5.0095 0.17437 -0.0023162 0
1630.8 16114 2.5241 -0.25817 153.2 -0.23444 5.009 0.17433 -0.0025821 0
1645.2 15605 2.5242 -0.25848 147.7 -0.23892 5.0079 0.17434 -0.0018988 0
1660.5 15076 2.5243 -0.25881 142.07 -0.24094 5.0076 0.17425 -0.001897 0
1676.4 14546 2.5244 -0.25913 136.39 -0.24302 5.0069 0.17412 -0.0014134 0
1692.5 14027 2.5245 -0.25944 131.14 -0.24718 5.0069 0.17354 -0.0016127 0
1708.1 13530 2.5246 -0.25973 126.39 -0.24965 5.0063 0.17315 -0.0014746 0
1723.1 13070 2.5247 -0.26 122.1 -0.25201 5.006 0.17191 -0.0019131 0
1736.8 12656 2.5248 -0.26024 118.41 -0.25399 5.005 0.17091 -0.0018879 0
1749.1 12295 2.5248 -0.26045 115.35 -0.25618 5.0041 0.16865 -0.0025112 0
1759.4 11994 2.5249 -0.26062 113.05 -0.25848 5.0022 0.16656 -0.0044959 0
1767.6 11758 2.5249 -0.26076 111.39 -0.26033 4.998 0.1634 -0.0091503 0
1773.4 11591 2.5249 -0.26085 110.41 -0.26298 4.9967 0.16084 0.0095985 0
1776.7 11497 2.525 -0.2609 109.91 -0.26413 5.0048 0.15967 0.04742 0
1777.5 11475 2.525 -0.26091 109.8 -0.26448 5.0085 0.15969 0.048373 0
1780 11404 2.525 -0.26095 109.41 -0.26425 5.0174 0.1603 0.027149 0
1785.7 11244 2.525 -0.26104 108.19 -0.25823 5.019 0.16296 -0.01331 0
1794.4 11012 2.525 -0.26118 105.36 -0.24682 5.0113 0.16487 -0.0035639 0
1805.8 10721 2.5251 -0.26135 101.99 -0.25466 5.0108 0.16517 -0.0032792 0
1819.6 10359 2.5252 -0.26155 100.08 -0.26837 5.0078 0.16564 -0.0012332 0
1835.2 9950.8 2.5252 -0.26177 97.884 -0.26356 5.0082 0.16486 -0.0020656 0
1852.2 9525.1 2.5253 -0.26201 95.1 -0.26387 5.0063 0.16406 -0.00072842 0
1869.9 9089.6 2.5254 -0.26225 92.61 -0.26481 5.0073 0.16371 -0.001445 0
1887.8 8662.1 2.5255 -0.26249 90.14 -0.26497 5.0061 0.16328 -0.00059097 0
1905.3 8255.4 2.5255 -0.26271 87.92 -0.26519 5.007 0.16289 -0.0015997 0
1921.6 7882.4 2.5256 -0.26292 85.89 -0.26532 5.0053 0.16276 -0.00094425 0
1936.4 7553.1 2.5257 -0.2631 84.135 -0.26511 5.0052 0.16277 -0.0021913 0
1949.1 7275.9 2.5257 -0.26325 82.754 -0.26663 5.0028 0.16171 -0.0020216 0
1959.2 7055.4 2.5257 -0.26338 81.986 -0.26885 4.9986 0.15947 -0.0094972 0
1966.4 6897.9 2.5258 -0.26346 81.597 -0.27034 4.9912 0.15707 -0.00059535 0
1970.5 6808.4 2.5258 -0.26351 81.466 -0.27131 5.0009 0.15582 0.04495 0
1971.5 6787.3 2.5258 -0.26352 81.431 -0.27142 5.0071 0.15581 0.048589 0
1973.9 6733.8 2.5258 -0.26355 81.318 -0.27047 5.0192 0.15639 0.028192 0
1979.6 6612.2 2.5258 -0.26362 80.668 -0.26227 5.0218 0.15878 -0.013103 0
1988.4 6435.6 2.5258 -0.26372 78.882 -0.25451 5.0113 0.16073 -0.0034871 0
1999.8 6207.2 2.5259 -0.26385 77.264 -0.2647 5.0109 0.16187 -0.0026968 0
2013.6 5927.6 2.5259 -0.264 76.299 -0.26738 5.0074 0.16225 -0.00089086 0
2029.2 5617.3 2.526 -0.26417 74.837 -0.26475 5.0083 0.16188 -0.0017031 0
2046.2 5287.4 2.526 -0.26435 73.393 -0.26576 5.0061 0.16202 -0.00051695 0
2063.9 4949.4 2.5261 -0.26454 71.921 -0.26512 5.0075 0.16194 -0.0012388 0
2081.8 4615.4 2.5262 -0.26472 70.541 -0.26541 5.0061 0.16205 -0.00040722 0
2099.2 4296.2 2.5262 -0.2649 69.215 -0.26494 5.0073 0.16197 -0.001387 0
2115.6 4001.7 2.5263 -0.26506 68.06 -0.26507 5.0053 0.16226 -0.00073553 0
2130.4 3741 2.5263 -0.26521 66.936 -0.26411 5.0054 0.16275 -0.0020568 0
2143.1 3520.4 2.5264 -0.26533 66.165 -0.26646 5.002 0.16201 -0.002186 0
2153.2 3344.2 2.5264 -0.26543 65.802 -0.26744 4.9959 0.15933 -0.010581 0
2160.4 3218 2.5264 -0.2655 65.773 -0.27056 4.9848 0.15618 -0.0021289 0
2164.5 3145.5 2.5264 -0.26554 65.89 -0.27151 4.9967 0.15446 0.047715 0
2165.5 3128.4 2.5264 -0.26554 65.914 -0.27182 5.005 0.15437 0.052089 0
2167.4 3093.7 2.5264 -0.26556 65.958 -0.27128 5.0187 0.15453 0.036434 0
2172 3014.1 2.5264 -0.26561 65.717 -0.26274 5.027 0.15518 -0.0072959 0
2179 2893.9 2.5265 -0.26567 65.488 -0.26972 5.0164 0.15622 -0.0075317 0
2188.4 2728.7 2.5265 -0.26576 65.852 -0.26894 5.0122 0.15711 -0.003203 0
2199.7 2539.8 2.5265 -0.26587 64.361 -0.25581 5.0087 0.15829 -0.0012233 0
2212.7 2319.2 2.5266 -0.26599 64.395 -0.27444 5.0088 0.15365 -0.0015443 0
2227.1 2073.7 2.5266 -0.26612 64.137 -0.25983 5.0067 0.1515 -0.0008303 0
2242.5 1820.7 2.5266 -0.26627 63.399 -0.26589 5.0075 0.14952 -0.00098388 0
2258.4 1560.2 2.5267 -0.26641 62.56 -0.25731 5.0063 0.15081 -0.00065037 0
2274.4 1305.2 2.5267 -0.26656 61.585 -0.26603 5.0072 0.15033 -0.00089389 0
2290.1 1052.6 2.5268 -0.26669 61.242 -0.26047 5.006 0.14893 -0.00085383 0
2305 816.93 2.5268 -0.26683 60.81 -0.26707 5.0065 0.14535 -0.00068821 0
2318.8 599.94 2.5269 -0.26695 60.203 -0.25252 5.0062 0.14839 -0.00064409 0
2331 417.06 2.5269 -0.26705 59.079 -0.26888 5.0072 0.14484 0.00033797 0
2341.4 247.39 2.5269 -0.26714 60.467 -0.26752 5.01 0.14456 0.00025258 0
2349.6 133.53 2.5269 -0.26721 56.809 -0.2085 5.0066 0.16945 -0.0046858 0
2355.4 65.8 2.527 -0.26726 53.678 -0.23326 5.0181 0.17357 0.044099 0
2358.7 21.659 2.527 -0.26729 53.576 -0.2734 5.066 0.17164 0.13286 0
2359.5 10.242 2.527 -0.26729 53.742 -0.28234 5.0856 0.17115 0.13809 0
