9  0.00  0.073 0.000 0.073 0.000 1.692
9  2.00  0.073 0.086 0.076 0.083 1.223
9  4.00  0.073 0.208 0.087 0.202 0.918
9  6.00  0.072 0.346 0.108 0.336 0.771
9  8.00  0.072 0.496 0.140 0.481 0.675
9 10.00  0.072 0.665 0.186 0.642 0.586
9 12.00  0.071 0.864 0.249 0.830 0.493
9 14.00  0.071 1.085 0.331 1.035 0.412
9 16.00  0.070 1.324 0.432 1.253 0.342
9 18.00  0.070 1.581 0.555 1.483 0.280
9 20.00  0.069 1.855 0.699 1.720 0.226
11  0.00 0.063 0.000 0.063 0.000 1.703
11  2.00 0.063 0.086 0.066 0.083 1.227
11  4.00 0.063 0.208 0.077 0.203 0.919
11  6.00 0.063 0.338 0.098 0.330 0.801
11  8.00 0.063 0.487 0.130 0.474 0.698
11 10.00 0.063 0.665 0.177 0.644 0.588
11 12.00 0.062 0.865 0.241 0.833 0.494
11 14.00 0.062 1.085 0.323 1.038 0.413
11 16.00 0.061 1.325 0.424 1.257 0.343
11 18.00 0.061 1.583 0.547 1.486 0.281
11 20.00 0.060 1.857 0.692 1.724 0.227
13  0.00 0.070 0.000 0.070 0.000 1.563
13  2.00 0.070 0.087 0.073 0.084 1.201
13  4.00 0.070 0.204 0.084 0.199 0.946
13  6.00 0.069 0.333 0.104 0.324 0.824
13  8.00 0.069 0.486 0.136 0.472 0.702
13 10.00 0.069 0.665 0.183 0.643 0.589
13 12.00 0.069 0.865 0.247 0.832 0.494
13 14.00 0.068 1.086 0.329 1.037 0.413
13 16.00 0.068 1.326 0.430 1.256 0.343
13 18.00 0.067 1.583 0.553 1.485 0.282
13 20.00 0.066 1.857 0.698 1.723 0.227
15  0.00 0.068 0.000 0.068 0.000 1.486
15  2.00 0.068 0.088 0.071 0.085 1.188
15  4.00 0.068 0.201 0.082 0.196 0.967
15  6.00 0.068 0.330 0.102 0.321 0.837
15  8.00 0.067 0.486 0.134 0.472 0.702
15 10.00 0.067 0.665 0.182 0.644 0.589
15 12.00 0.067 0.866 0.245 0.833 0.495
15 14.00 0.066 1.086 0.327 1.038 0.414
15 16.00 0.066 1.326 0.429 1.257 0.344
15 18.00 0.065 1.584 0.551 1.486 0.282
15 20.00 0.065 1.858 0.696 1.724 0.227
17  0.00 0.066 0.000 0.066 0.000 1.408
17  2.00 0.066 0.089 0.069 0.086 1.169
17  4.00 0.066 0.199 0.080 0.194 0.982
17  6.00 0.066 0.330 0.100 0.321 0.839
17  8.00 0.066 0.486 0.133 0.473 0.702
17 10.00 0.066 0.666 0.180 0.644 0.590
17 12.00 0.065 0.866 0.244 0.833 0.495
17 14.00 0.065 1.087 0.326 1.039 0.414
17 16.00 0.064 1.326 0.427 1.257 0.344
17 18.00 0.064 1.584 0.550 1.487 0.282
17 20.00 0.063 1.858 0.695 1.724 0.228