time (s) altitude (m) velocity (m/s) mass (kg) dynamic pressure (Pa)trajectory angle (rad) Lift (N)Drag (N)heading angle (rad) latitude (rad) angle of attack (rad) 
513.17 35755 2737.2 3300 27369 0.10778 29207 9787.8 1.8153 -0.10041 0.26114
514.18 36055 2745.9 3285.1 26296 0.10975 29390 10019 1.8153 -0.099997 0.26957
515.98 36605 2761.2 3258.5 24436 0.11332 29074 10147 1.8154 -0.099252 0.28149
517.5 37089 2774.4 3235.9 22915 0.11627 27849 9821.2 1.8154 -0.098618 0.28552
517.92 37225 2778 3229.7 22506 0.11704 27680 9817.9 1.8154 -0.098442 0.28783
518.93 37555 2786.9 3214.7 21543 0.1189 27475 9911.7 1.8154 -0.09802 0.29503
520.73 38159 2802.5 3188.1 19889 0.12226 27021 10019 1.8154 -0.097266 0.3082
522.25 38687 2816 3165.6 18552 0.12499 25354 9423.2 1.8155 -0.096623 0.30946
522.67 38835 2819.8 3159.4 18196 0.12568 24886 9252.2 1.8155 -0.096445 0.30963
524.69 39559 2838.5 3129.5 16556 0.12876 22854 8528.2 1.8155 -0.095588 0.31163
528.28 40900 2873.6 3076.3 13935 0.1331 19058 7082.8 1.8156 -0.094048 0.30959
531.33 42081 2905.3 3031.2 12006 0.13564 16190 5978.6 1.8157 -0.092728 0.30654
532.17 42413 2914.4 3018.7 11519 0.13618 15490 5713 1.8157 -0.092361 0.30595
534.19 43217 2936.6 2988.8 10426 0.13723 14028 5173 1.8157 -0.091477 0.30604
537.78 44678 2977.7 2935.6 8723.4 0.13854 12040 4484.9 1.8158 -0.089885 0.31153
540.83 45943 3013.7 2890.5 7495.5 0.13921 10456 3910.5 1.8159 -0.088518 0.31386
541.67 46296 3023.9 2878.1 7188.2 0.13931 10002 3736.4 1.8159 -0.088137 0.3133
543.69 47147 3048.7 2848.2 6512.4 0.13947 9178.3 3451.8 1.816 -0.087221 0.31605
547.28 48681 3094.2 2795 5526.8 0.13941 7727.3 2888.1 1.816 -0.085569 0.3143
550.33 49999 3134.2 2749.9 4801.6 0.13904 6677.3 2486.9 1.8161 -0.084149 0.31308
551.17 50365 3145.4 2737.4 4617.7 0.13889 6424.8 2392.6 1.8161 -0.083754 0.31318
553.19 51247 3172.7 2707.5 4214.2 0.13851 5886.8 2194 1.8162 -0.0828 0.31403
556.78 52828 3222.7 2654.3 3612.5 0.13765 4973.6 1838.1 1.8162 -0.081082 0.31077
559.83 54181 3266.4 2609.2 3159.5 0.13674 4260.5 1557.1 1.8163 -0.079603 0.30623
560.67 54557 3278.7 2596.8 3043.1 0.13646 4077.8 1485.2 1.8163 -0.079191 0.30487
562.69 55458 3308.6 2566.9 2778.7 0.13576 3728.7 1357 1.8164 -0.078197 0.30512
566.28 57073 3363 2513.7 2355.5 0.13445 3095.8 1113 1.8164 -0.076405 0.30068
569.33 58451 3410.6 2468.6 2040.5 0.13321 2582 908.93 1.8165 -0.074861 0.29286
570.17 58833 3424 2456.1 1960.1 0.13284 2457.1 860.24 1.8165 -0.074431 0.29097
572.19 59749 3456.5 2426.2 1778.5 0.13194 2211.3 769.52 1.8166 -0.073394 0.2893
575.78 61387 3515.8 2373.1 1490.5 0.13032 1799.8 617.98 1.8166 -0.071521 0.28368
578.83 62782 3567.5 2327.9 1278.4 0.1289 1512.3 514.48 1.8167 -0.069907 0.27982
579.67 63169 3582 2315.5 1224.6 0.12851 1437.3 487.62 1.8167 -0.069457 0.27831
581.69 64096 3617.2 2285.6 1103.6 0.12759 1282.5 434.21 1.8167 -0.068372 0.27641
585.28 65754 3681.4 2232.4 913.31 0.12593 1011.8 337.57 1.8168 -0.066412 0.26739
588.33 67166 3737.5 2187.3 774.73 0.12445 812.37 266.02 1.8169 -0.064722 0.25755
589.17 67556 3753.2 2174.8 739.84 0.12404 764.27 248.96 1.8169 -0.064251 0.25496
591.19 68494 3791.4 2144.9 661.67 0.12306 674.46 218.93 1.8169 -0.063113 0.25271
594.78 70169 3861.3 2091.8 540.08 0.12117 463.81 143.19 1.817 -0.061059 0.22459
597.83 71592 3922.8 2046.6 452 0.11904 271.13 78.329 1.817 -0.059286 0.17553
598.67 71984 3940.1 2034.2 429.83 0.1183 231.9 67.156 1.817 -0.058791 0.1626
600.69 72919 3982.4 2004.3 380.93 0.11635 150.43 45.09 1.8171 -0.057597 0.13011
604.29 74567 4060.1 1951.1 307.32 0.11204 52.316 23.696 1.8171 -0.055437 0.067108
607.33 75935 4128.2 1906 256.64 0.10751 8.2005 17.038 1.8172 -0.053571 0.014809
608.18 76306 4147.3 1893.5 244.32 0.10613 -1.0962e-15 15.903 1.8172 -0.05305 0
608.18 76306 4147.3 1893.5 244.32 0.10613 -1.0962e-15 15.903 1.8172 -0.05305 0
609.18 76746 4146.3 1893.5 227.83 0.10445 -1.0222e-15 14.824 1.8172 -0.05243 0
610.18 77175 4145.3 1893.5 212.75 0.10276 1.2613e-15 13.837 1.8172 -0.05181 0
611.18 77596 4144.4 1893.5 198.84 0.10107 -4.7791e-16 12.927 1.8172 -0.05119 0
612.18 78011 4143.5 1893.5 185.99 0.099379 -8.3446e-16 12.087 1.8172 -0.05057 0
613.18 78418 4142.5 1893.5 174.13 0.097689 1.3951e-15 11.312 1.8173 -0.04995 0
614.18 78819 4141.6 1893.5 163.16 0.095999 -2.6145e-17 10.595 1.8173 -0.04933 0
615.18 79212 4140.8 1893.5 153.03 0.094307 1.1279e-15 9.9334 1.8173 -0.04871 0
616.18 79599 4139.9 1893.5 143.65 0.092615 1.0588e-15 9.3212 1.8173 -0.04809 0
617.18 79978 4139 1893.5 134.97 0.090923 1.5139e-16 8.7547 1.8173 -0.04747 0
618.18 80350 4138.2 1893.5 126.93 0.089229 5.8984e-16 8.2304 1.8173 -0.046851 0
619.18 80716 4137.4 1893.5 119.49 0.087535 8.8072e-16 7.7448 1.8173 -0.046231 0
620.18 81074 4136.6 1893.5 112.58 0.085841 1.1095e-15 7.2948 1.8173 -0.045612 0
621.18 81425 4135.8 1893.5 106.18 0.084146 -3.2327e-16 6.8775 1.8174 -0.044992 0
622.18 81769 4135 1893.5 100.24 0.08245 8.4326e-16 6.4905 1.8174 -0.044373 0
623.18 82106 4134.3 1893.5 94.726 0.080754 -2.5044e-16 6.1313 1.8174 -0.043754 0
624.18 82436 4133.6 1893.5 89.603 0.079057 -1.687e-16 5.7978 1.8174 -0.043134 0
625.18 82759 4132.8 1893.5 84.842 0.07736 2.8209e-16 5.4879 1.8174 -0.042515 0
626.18 83075 4132.1 1893.5 80.416 0.075662 7.0548e-16 5.1999 1.8174 -0.041896 0
627.18 83384 4131.5 1893.5 76.299 0.073964 7.6411e-17 4.9321 1.8174 -0.041277 0
628.18 83685 4130.8 1893.5 72.467 0.072265 -4.3544e-18 4.6829 1.8174 -0.040658 0
629.18 83980 4130.1 1893.5 68.9 0.070566 -8.9055e-17 4.4511 1.8174 -0.040039 0
630.18 84268 4129.5 1893.5 65.578 0.068866 0 4.2351 1.8174 -0.03942 0
631.18 84548 4128.9 1893.5 62.483 0.067166 0 4.034 1.8175 -0.038801 0
632.18 84822 4128.3 1893.5 59.594 0.065465 0 3.8464 1.8175 -0.038183 0
633.18 85089 4127.7 1762.6 0 0.063764 0 0 1.8175 -0.037564 0
634.18 85348 4127.1 1762.6 0 0.062062 0 0 1.8175 -0.036945 0
635.18 85601 4126.6 1762.6 0 0.06036 0 0 1.8175 -0.036326 0
636.18 85846 4126.1 1762.6 0 0.058658 0 0 1.8175 -0.035708 0
637.18 86084 4125.5 1762.6 0 0.056955 0 0 1.8175 -0.035089 0
638.18 86316 4125 1762.6 0 0.055252 0 0 1.8175 -0.034471 0
639.18 86540 4124.5 1762.6 0 0.053548 0 0 1.8175 -0.033852 0
640.18 86757 4124.1 1762.6 0 0.051844 0 0 1.8175 -0.033234 0
641.18 86967 4123.6 1762.6 0 0.05014 0 0 1.8175 -0.032615 0
642.18 87170 4123.2 1762.6 0 0.048436 0 0 1.8175 -0.031997 0
643.18 87367 4122.8 1762.6 0 0.046731 0 0 1.8175 -0.031379 0
644.18 87556 4122.4 1762.6 0 0.045026 0 0 1.8176 -0.03076 0
645.18 87738 4122 1762.6 0 0.04332 0 0 1.8176 -0.030142 0
646.18 87913 4121.6 1762.6 0 0.041614 0 0 1.8176 -0.029524 0
647.18 88081 4121.3 1762.6 0 0.039908 0 0 1.8176 -0.028905 0
648.18 88242 4120.9 1762.6 0 0.038202 0 0 1.8176 -0.028287 0
649.18 88395 4120.6 1762.6 0 0.036495 0 0 1.8176 -0.027669 0
650.18 88542 4120.3 1762.6 0 0.034788 0 0 1.8176 -0.027051 0
651.18 88682 4120 1762.6 0 0.033081 0 0 1.8176 -0.026433 0
652.18 88815 4119.7 1762.6 0 0.031374 0 0 1.8176 -0.025814 0
653.18 88940 4119.5 1762.6 0 0.029667 0 0 1.8176 -0.025196 0
654.18 89059 4119.2 1762.6 0 0.027959 0 0 1.8176 -0.024578 0
655.18 89171 4119 1762.6 0 0.026251 0 0 1.8176 -0.02396 0
656.18 89275 4118.8 1762.6 0 0.024543 0 0 1.8176 -0.023342 0
657.18 89373 4118.6 1762.6 0 0.022835 0 0 1.8176 -0.022724 0
658.18 89463 4118.4 1762.6 0 0.021127 0 0 1.8176 -0.022106 0
659.18 89547 4118.3 1762.6 0 0.019419 0 0 1.8176 -0.021488 0
660.18 89623 4118.1 1762.6 0 0.01771 0 0 1.8176 -0.02087 0
661.18 89693 4118 1762.6 0 0.016001 0 0 1.8176 -0.020252 0
662.18 89755 4117.9 1762.6 0 0.014293 0 0 1.8176 -0.019634 0
663.18 89811 4117.8 1762.6 0 0.012584 0 0 1.8176 -0.019016 0
664.18 89859 4117.7 1762.6 0 0.010875 0 0 1.8176 -0.018398 0
665.18 89900 4117.6 1762.6 0 0.0091663 0 0 1.8176 -0.01778 0
666.18 89934 4117.6 1762.6 0 0.0074574 0 0 1.8176 -0.017162 0
667.18 89962 4117.6 1762.6 0 0.0057484 0 0 1.8176 -0.016544 0
668.18 89982 4117.6 1762.6 0 0.0040394 0 0 1.8176 -0.015926 0
669.18 89995 4117.6 1762.6 0 0.0023304 0 0 1.8176 -0.015308 0
670.18 90001 4117.6 1762.6 0 0.00062147 0 0 1.8176 -0.01469 0
671.18 90000 4117.6 1762.6 0 0 0 0 1.8176 -0.014072 0
