time (s) altitude (m) velocity (m/s) mass (kg)trajectory angle (rad) angle of attack (rad) heading angle (rad) latitude (rad)
0 90 30 29881 1.5691 0 0.25257 -0.21852
0.24692 97.589 31.472 29838 1.569 -0.00028971 0.28906 -0.21852
0.68671 112.01 34.105 29761 1.5688 -0.00078622 0.34695 -0.21852
1.0598 125.15 36.351 29696 1.5685 -0.0011744 0.38843 -0.21852
1.1629 128.93 36.972 29678 1.5684 -0.0012758 0.3987 -0.21852
1.4098 138.24 38.467 29634 1.5682 -0.0015125 0.42135 -0.21852
1.8496 155.75 41.139 29558 1.5677 -0.0018903 0.45561 -0.21852
2.2227 171.52 43.418 29492 1.5672 -0.0021597 0.47954 -0.21852
2.3257 176.03 44.05 29474 1.567 -0.0022281 0.48545 -0.21852
2.5726 187.09 45.566 29431 1.5667 -0.0023821 0.49855 -0.21852
3.0124 207.73 48.277 29354 1.566 -0.0026094 0.51866 -0.21852
3.3856 226.17 50.589 29289 1.5654 -0.0027497 0.53311 -0.21852
3.4886 231.42 51.229 29271 1.5652 -0.0027826 0.53674 -0.21852
3.7355 244.25 52.766 29228 1.5648 -0.0028517 0.5449 -0.21852
4.1753 268.06 55.516 29151 1.564 -0.0029302 0.55778 -0.21852
4.5484 289.21 57.859 29086 1.5633 -0.002948 0.56734 -0.21852
4.6514 295.21 58.508 29068 1.5631 -0.0029477 0.56979 -0.21852
4.8984 309.85 60.067 29024 1.5626 -0.0029377 0.57536 -0.21852
5.3381 336.87 62.853 28948 1.5618 -0.0028809 0.58439 -0.21852
5.7113 360.77 65.227 28882 1.5611 -0.0027906 0.59128 -0.21852
5.8143 367.52 65.885 28864 1.5609 -0.0027614 0.59307 -0.21852
6.0612 383.98 67.463 28821 1.5605 -0.0026835 0.5972 -0.21852
6.501 414.27 70.285 28744 1.5596 -0.0025133 0.60402 -0.21852
6.8741 440.94 72.69 28679 1.559 -0.0023361 0.60935 -0.21852
6.9772 448.47 73.356 28661 1.5588 -0.002284 0.61075 -0.21852
7.2241 466.78 74.954 28618 1.5584 -0.0021535 0.61402 -0.21852
7.6639 500.36 77.809 28541 1.5576 -0.0018989 0.61949 -0.21852
8.037 529.85 80.242 28476 1.557 -0.0016607 0.62384 -0.21852
8.14 538.15 80.915 28458 1.5569 -0.001593 0.62499 -0.21852
8.3869 558.33 82.531 28414 1.5565 -0.001427 0.6277 -0.21852
8.8267 595.25 85.418 28338 1.5558 -0.0011193 0.6323 -0.21852
9.1999 627.58 87.876 28272 1.5553 -0.00084753 0.63601 -0.21852
9.3029 636.66 88.556 28254 1.5552 -0.00077191 0.63701 -0.21852
9.5498 658.73 90.188 28211 1.5549 -0.00058898 0.63935 -0.21852
9.9896 699.03 93.103 28134 1.5544 -0.00026133 0.64339 -0.21852
10.363 734.23 95.585 28069 1.554 1.6018e-05 0.64668 -0.21852
10.466 744.11 96.271 28051 1.5539 9.1991e-05 0.64758 -0.21852
10.744 771.1 98.131 28002 1.5537 0.00029627 0.64995 -0.21852
11.238 820.47 101.45 27916 1.5535 0.00064957 0.65409 -0.21852
11.658 863.65 104.28 27843 1.5534 0.00093448 0.65754 -0.21852
11.774 875.77 105.07 27822 1.5534 0.001011 0.65848 -0.21852
12.052 905.22 106.95 27774 1.5534 0.0011919 0.66073 -0.21852
12.546 958.95 110.31 27687 1.5534 0.0014928 0.66471 -0.21852
12.966 1005.9 113.17 27614 1.5535 0.0017207 0.66808 -0.21852
13.082 1019 113.97 27594 1.5536 0.0017801 0.66901 -0.21852
13.36 1050.9 115.87 27545 1.5537 0.001918 0.67124 -0.21852
13.855 1109.1 119.27 27459 1.554 0.0021321 0.67524 -0.21852
14.274 1159.8 122.16 27385 1.5544 0.0022756 0.67869 -0.21851
14.39 1174 122.96 27365 1.5545 0.0023108 0.67965 -0.21851
14.668 1208.4 124.88 27316 1.5548 0.0023893 0.68197 -0.21851
15.163 1271 128.32 27230 1.5553 0.0024911 0.68619 -0.21851
15.583 1325.5 131.24 27157 1.5559 0.002533 0.68989 -0.21851
15.699 1340.7 132.05 27136 1.556 0.0025397 0.69093 -0.21851
15.976 1377.7 133.99 27088 1.5564 0.0025495 0.69346 -0.21851
16.471 1444.8 137.46 27001 1.5572 0.0025265 0.69814 -0.21851
16.891 1503.1 140.42 26928 1.5579 0.0024599 0.70231 -0.21851
17.007 1519.5 141.24 26908 1.5581 0.0024366 0.70349 -0.21851
17.285 1559 143.2 26859 1.5585 0.0023734 0.70641 -0.21851
17.779 1630.7 146.71 26773 1.5594 0.0022203 0.71187 -0.21851
18.199 1692.9 149.69 26699 1.5602 0.0020446 0.71683 -0.21851
18.315 1710.3 150.52 26679 1.5604 0.0019915 0.71826 -0.21851
18.593 1752.4 152.5 26631 1.5609 0.0018573 0.7218 -0.21851
19.088 1828.7 156.05 26544 1.5618 0.0015823 0.72855 -0.21851
19.507 1894.8 159.06 26471 1.5625 0.0013096 0.73481 -0.21851
19.623 1913.3 159.9 26451 1.5627 0.0012306 0.73664 -0.21851
19.901 1958 161.9 26402 1.5632 0.0010357 0.7412 -0.21851
20.396 2039 165.48 26316 1.564 0.00066182 0.75007 -0.21851
20.816 2109.1 168.53 26242 1.5647 0.00031759 0.75846 -0.21851
20.931 2128.7 169.38 26222 1.5648 0.0002205 0.76094 -0.21851
21.186 2172.1 171.23 26178 1.5652 4.0841e-06 0.76664 -0.21851
21.736 2267.4 175.26 26081 1.566 -0.00047813 0.78038 -0.21851
22.471 2398.1 180.67 25953 1.5669 -0.001139 0.80255 -0.21851
23.244 2540.1 186.4 25818 1.5677 -0.0018067 0.83199 -0.21851
23.903 2664.5 191.32 25703 1.5683 -0.0023211 0.86322 -0.21851
24.318 2744.4 194.42 25631 1.5685 -0.0026166 0.88621 -0.21851
24.42 2764.3 195.19 25613 1.5686 -0.0026877 0.89229 -0.21851
24.675 2814.3 197.1 25568 1.5687 -0.0028622 0.90819 -0.21851
25.225 2923.9 201.23 25472 1.5689 -0.0032153 0.94585 -0.21851
25.96 3073.8 206.78 25344 1.5691 -0.003627 1.0019 -0.21851
26.733 3235.9 212.63 25209 1.569 -0.0040287 1.0641 -0.21851
27.392 3377.7 217.62 25094 1.5689 -0.0043783 1.1152 -0.21851
27.806 3468.5 220.77 25021 1.5687 -0.0046004 1.1447 -0.21851
27.909 3491.1 221.54 25003 1.5686 -0.0046547 1.1516 -0.21851
28.163 3547.8 223.48 24959 1.5685 -0.0047892 1.1681 -0.21851
28.714 3672 227.66 24863 1.5681 -0.0050624 1.2 -0.21851
29.448 3841.2 233.23 24735 1.5674 -0.0053293 1.2352 -0.21851
30.222 4023.9 239.11 24600 1.5666 -0.0053903 1.2647 -0.21851
30.881 4183.1 244.12 24485 1.5658 -0.0052121 1.2855 -0.21851
31.295 4284.9 247.27 24412 1.5654 -0.0049963 1.2971 -0.21851
31.397 4310.2 248.05 24394 1.5653 -0.0049341 1.2998 -0.21851
31.593 4359.1 249.55 24360 1.5651 -0.0048103 1.3049 -0.21851
32.026 4467.7 252.85 24285 1.5648 -0.0044934 1.3157 -0.21851
32.627 4621.1 257.45 24180 1.5646 -0.0039242 1.33 -0.21851
33.306 4797.6 262.67 24061 1.5646 -0.0031435 1.3458 -0.21851
33.959 4970.7 267.71 23947 1.565 -0.0024162 1.3615 -0.21851
34.486 5112.9 271.79 23855 1.5655 -0.0019679 1.3753 -0.21851
34.807 5200.7 274.29 23799 1.5659 -0.0017633 1.3845 -0.21851
34.886 5222.2 274.9 23785 1.566 -0.0017213 1.3869 -0.21851
35.082 5276.3 276.42 23751 1.5663 -0.0016263 1.393 -0.21851
35.515 5396.6 279.77 23676 1.5669 -0.0014836 1.4079 -0.21851
36.116 5566.2 284.42 23571 1.5677 -0.0014428 1.4329 -0.21851
36.795 5761 289.62 23452 1.5685 -0.0016108 1.4696 -0.21851
37.447 5951.6 294.56 23338 1.569 -0.001993 1.5155 -0.21851
37.974 6107.9 298.5 23246 1.5691 -0.0024538 1.5581 -0.21851
38.296 6204.3 300.88 23190 1.569 -0.0028059 1.5839 -0.21851
38.374 6228 301.46 23177 1.5689 -0.0028986 1.5899 -0.21851
38.571 6287.3 302.91 23142 1.5688 -0.0031456 1.6042 -0.21851
39.003 6419 306.06 23067 1.5683 -0.0037579 1.6315 -0.21851
39.604 6604.3 310.39 22962 1.5671 -0.0047647 1.6597 -0.21851
40.283 6816.6 315.22 22843 1.5651 -0.0061179 1.6806 -0.21851
40.936 7023.8 319.81 22730 1.5625 -0.0076364 1.6939 -0.21851
41.463 7193.4 323.49 22638 1.5597 -0.0090185 1.7015 -0.21851
41.784 7297.8 325.74 22581 1.5578 -0.0099301 1.7053 -0.21851
41.863 7323.3 326.28 22568 1.5573 -0.01016 1.7061 -0.21851
42.245 7448.6 328.95 22501 1.5547 -0.011326 1.7097 -0.21851
43.07 7722.3 334.71 22357 1.5481 -0.014091 1.7157 -0.21851
44.172 8095.3 342.48 22165 1.537 -0.018315 1.7212 -0.21851
45.332 8497.1 350.82 21962 1.5223 -0.023417 1.7251 -0.21851
46.321 8846.9 358.04 21790 1.5072 -0.028296 1.7276 -0.2185
46.942 9070.3 362.62 21681 1.4962 -0.031613 1.7289 -0.2185
47.096 9125.8 363.76 21655 1.4933 -0.032462 1.7292 -0.2185
47.651 9328.3 367.87 21558 1.4821 -0.035637 1.7301 -0.2185
48.641 9694.1 375.16 21385 1.4594 -0.041625 1.7315 -0.21849
49.48 10009 381.27 21238 1.4369 -0.046784 1.7325 -0.21849
49.712 10097 382.95 21198 1.4302 -0.048161 1.7327 -0.21848
50.268 10309 386.93 21101 1.413 -0.051351 1.7332 -0.21848
51.257 10689 393.94 20928 1.3793 -0.056651 1.734 -0.21847
52.097 11015 399.85 20782 1.3476 -0.060763 1.7346 -0.21846
52.329 11106 401.49 20741 1.3384 -0.061836 1.7348 -0.21845
53.069 11396 406.8 20612 1.3081 -0.065086 1.7352 -0.21844
54.389 11916 416.66 20382 1.251 -0.070195 1.7358 -0.21842
55.508 12360 425.58 20187 1.2008 -0.073847 1.7363 -0.21839
55.817 12482 428.15 20133 1.1868 -0.074745 1.7364 -0.21839
56.558 12776 434.53 20003 1.1532 -0.076702 1.7367 -0.21837
57.877 13300 446.72 19773 1.0935 -0.07951 1.7371 -0.21833
58.997 13744 457.94 19578 1.0438 -0.08121 1.7374 -0.21829
59.306 13866 461.19 19524 1.0303 -0.081569 1.7375 -0.21828
59.676 14013 465.17 19459 1.0143 -0.081939 1.7376 -0.21827
60.336 14273 472.5 19344 0.98613 -0.082423 1.7377 -0.21824
60.896 14493 478.96 19246 0.9627 -0.082679 1.7379 -0.21822
61.05 14554 480.78 19219 0.95631 -0.082738 1.7379 -0.21821
61.42 14699 485.22 19154 0.94113 -0.082893 1.738 -0.21819
62.08 14957 493.37 19039 0.9146 -0.083278 1.7381 -0.21816
62.64 15176 500.54 18942 0.89258 -0.083753 1.7382 -0.21814
62.794 15236 502.56 18915 0.88659 -0.083904 1.7383 -0.21813
63.072 15344 506.24 18866 0.8759 -0.084189 1.7383 -0.21812
63.567 15536 512.95 18780 0.85714 -0.084742 1.7384 -0.21809
63.987 15699 518.79 18706 0.8415 -0.085244 1.7385 -0.21807
64.103 15744 520.42 18686 0.83723 -0.085381 1.7385 -0.21806
64.38 15851 524.39 18638 0.82708 -0.085709 1.7386 -0.21805
64.875 16042 531.6 18551 0.80929 -0.086239 1.7387 -0.21802
65.295 16203 537.87 18478 0.7945 -0.086601 1.7387 -0.218
65.411 16248 539.63 18458 0.79046 -0.086687 1.7388 -0.21799
65.689 16354 543.88 18409 0.78088 -0.086875 1.7388 -0.21797
66.183 16543 551.61 18323 0.76412 -0.087118 1.7389 -0.21794
66.603 16703 558.31 18249 0.75022 -0.087224 1.7389 -0.21792
66.719 16747 560.19 18229 0.74644 -0.087243 1.739 -0.21791
66.997 16853 564.73 18181 0.73747 -0.087266 1.739 -0.21789
67.492 17040 572.97 18094 0.72181 -0.087265 1.7391 -0.21786
67.911 17199 580.12 18021 0.70886 -0.087256 1.7391 -0.21783
68.027 17243 582.11 18001 0.70534 -0.087261 1.7392 -0.21782
68.583 17452 591.84 17904 0.68877 -0.087266 1.7392 -0.21778
69.572 17823 609.76 17731 0.66052 -0.087266 1.7394 -0.21771
70.412 18137 625.57 17584 0.63776 -0.087266 1.7395 -0.21765
70.644 18223 630.04 17543 0.63166 -0.087266 1.7395 -0.21763
71.199 18429 640.9 17446 0.61737 -0.087266 1.7396 -0.21759
72.189 18796 660.84 17273 0.59298 -0.087266 1.7397 -0.2175
73.028 19105 678.33 17127 0.5733 -0.087266 1.7398 -0.21743
73.26 19190 683.26 17086 0.56801 -0.087266 1.7398 -0.21741
73.538 19292 689.21 17038 0.56177 -0.087266 1.7399 -0.21739
74.033 19474 699.96 16951 0.55086 -0.087266 1.7399 -0.21734
74.452 19628 709.21 16878 0.54182 -0.087266 1.74 -0.2173
74.568 19670 711.79 16858 0.53936 -0.087266 1.74 -0.21729
74.846 19771 718.01 16809 0.53351 -0.087266 1.74 -0.21727
75.341 19952 729.23 16723 0.52328 -0.087266 1.7401 -0.21722
75.761 20105 738.88 16649 0.51479 -0.087266 1.7401 -0.21718
75.877 20147 741.57 16629 0.51247 -0.087266 1.7401 -0.21717
76.432 20349 754.58 16532 0.50152 -0.087266 1.7402 -0.21711
77.422 20707 778.28 16359 0.48261 -0.087266 1.7403 -0.21701
78.261 21010 798.92 16212 0.4671 -0.087266 1.7404 -0.21692
78.493 21093 804.7 16171 0.4629 -0.087266 1.7404 -0.21689
79.049 21292 818.7 16074 0.45295 -0.087266 1.7404 -0.21683
80.038 21646 844.13 15901 0.43559 -0.087266 1.7405 -0.21671
80.878 21944 866.2 15754 0.42117 -0.087266 1.7406 -0.21661
81.109 22026 872.38 15714 0.41724 -0.087266 1.7406 -0.21658
81.665 22222 887.3 15617 0.40786 -0.087266 1.7407 -0.21651
82.654 22569 914.36 15444 0.39133 -0.087266 1.7408 -0.21639
83.494 22860 937.77 15297 0.37742 -0.087266 1.7408 -0.21628
83.726 22940 944.3 15256 0.3736 -0.087266 1.7408 -0.21625
84.467 23194 965.4 15127 0.36138 -0.087266 1.7409 -0.21614
85.786 23640 1003.8 14896 0.33962 -0.087266 1.741 -0.21596
86.905 24011 1037.1 14700 0.32107 -0.087266 1.7411 -0.21579
87.214 24111 1046.4 14646 0.31592 -0.087266 1.7411 -0.21574
87.585 24231 1057.6 14581 0.30973 -0.087266 1.7411 -0.21568
88.244 24442 1077.8 14466 0.29865 -0.087266 1.7412 -0.21558
88.804 24618 1095.1 14368 0.28919 -0.087266 1.7412 -0.21549
88.959 24667 1099.9 14341 0.28657 -0.087266 1.7412 -0.21547
89.329 24781 1111.5 14276 0.28027 -0.087266 1.7412 -0.21541
89.989 24982 1132.3 14160 0.26897 -0.087266 1.7413 -0.2153
90.548 25148 1150.1 14062 0.25931 -0.087266 1.7413 -0.2152
90.703 25194 1155.1 14035 0.25663 -0.087266 1.7413 -0.21517
91.073 25302 1167 13970 0.25019 -0.087266 1.7414 -0.21511
91.733 25490 1188.4 13855 0.23865 -0.087266 1.7414 -0.21499
92.293 25645 1206.7 13757 0.22878 -0.087266 1.7414 -0.21489
92.447 25687 1211.8 13730 0.22605 -0.087266 1.7414 -0.21486
92.818 25787 1224.1 13665 0.21947 -0.087266 1.7415 -0.2148
93.477 25959 1246.1 13549 0.2077 -0.087266 1.7415 -0.21467
94.037 26101 1265 13451 0.19766 -0.087266 1.7415 -0.21457
94.192 26139 1270.2 13424 0.19488 -0.087266 1.7415 -0.21454
94.469 26207 1279.7 13376 0.18987 -0.087266 1.7415 -0.21449
94.964 26324 1296.6 13289 0.18093 -0.087266 1.7416 -0.21439
95.384 26421 1311.1 13216 0.17333 -0.087266 1.7416 -0.21431
95.5 26447 1315.2 13195 0.17123 -0.087266 1.7416 -0.21428
95.778 26508 1324.8 13147 0.1662 -0.087266 1.7416 -0.21423
96.272 26615 1342.2 13060 0.15722 -0.087266 1.7416 -0.21413
96.692 26701 1357 12986 0.14962 -0.087266 1.7416 -0.21404
96.808 26724 1361.1 12966 0.14752 -0.087266 1.7417 -0.21402
96.947 26752 1366 12942 0.145 -0.087266 1.7417 -0.21399
97.194 26800 1374.9 12899 0.14053 -0.087266 1.7417 -0.21394
97.404 26840 1382.4 12862 0.13675 -0.087266 1.7417 -0.21389
97.462 26851 1384.5 12852 0.1357 -0.087266 1.7417 -0.21388
97.601 26877 1389.5 12827 0.1332 -0.087266 1.7417 -0.21385
97.848 26922 1398.4 12784 0.12875 -0.087266 1.7417 -0.2138
98.058 26959 1406 12747 0.12499 -0.087266 1.7417 -0.21375
98.116 26969 1408.2 12737 0.12395 -0.087266 1.7417 -0.21374
98.255 26993 1414.3 12713 0.12147 -0.087266 1.7417 -0.21371
98.502 27035 1411.1 12669 0.11706 -0.087266 1.7417 -0.21366
98.712 27069 1403.7 12633 0.11331 -0.087266 1.7417 -0.21361
98.77 27078 1408.3 12622 0.11228 -0.087266 1.7417 -0.2136
98.909 27100 1414.6 12598 0.1098 -0.087266 1.7417 -0.21357
99.157 27137 1410.6 12555 0.1054 -0.087266 1.7417 -0.21351
99.366 27168 1402 12518 0.10166 -0.087266 1.7418 -0.21347
99.424 27176 1406.8 12508 0.10062 -0.087266 1.7418 -0.21346
99.563 27196 1413.4 12484 0.098147 -0.087266 1.7418 -0.21343
99.811 27229 1407.1 12440 0.093743 -0.087266 1.7418 -0.21337
100.02 27256 1395.6 12403 0.089996 -0.087266 1.7418 -0.21333
100.08 27263 1401 12393 0.08896 -0.087266 1.7418 -0.21332
100.22 27280 1407.4 12369 0.086483 -0.087266 1.7418 -0.21329
100.46 27310 1404 12326 0.082073 -0.087266 1.7418 -0.21323
100.67 27333 1396.1 12289 0.078323 -0.087266 1.7418 -0.21319
100.73 27339 1400.9 12279 0.077287 -0.087266 1.7418 -0.21317
100.87 27354 1407.7 12254 0.074809 -0.087266 1.7418 -0.21314
101.12 27379 1401.5 12211 0.070394 -0.087266 1.7418 -0.21309
101.33 27400 1390.1 12174 0.066637 -0.087266 1.7418 -0.21305
101.39 27405 1395.6 12164 0.065598 -0.087266 1.7418 -0.21303
101.53 27417 1401.3 12140 0.063112 -0.087266 1.7418 -0.213
101.77 27438 1407.2 12096 0.058689 -0.087266 1.7418 -0.21295
101.98 27455 1410.8 12060 0.054937 -0.087266 1.7418 -0.21291
102.04 27460 1413.9 12050 0.053902 -0.087266 1.7418 -0.21289
102.18 27470 1419.4 12025 0.051423 -0.087266 1.7418 -0.21286
102.43 27487 1429.2 11982 0.047019 -0.087266 1.7419 -0.21281
102.64 27501 1437.5 11945 0.043295 -0.087266 1.7419 -0.21276
102.69 27505 1439.8 11935 0.042269 -0.087266 1.7419 -0.21275
102.83 27513 1445.4 11911 0.039814 -0.087266 1.7419 -0.21272
103.08 27526 1455.3 11867 0.035459 -0.087266 1.7419 -0.21266
103.29 27537 1463.8 11831 0.031783 -0.087266 1.7419 -0.21262
103.35 27539 1466.1 11820 0.030772 -0.087266 1.7419 -0.2126
103.49 27545 1471.8 11796 0.028355 -0.087266 1.7419 -0.21257
103.74 27555 1481.9 11753 0.024076 -0.087266 1.7419 -0.21252
103.95 27562 1490.4 11716 0.020475 -0.087266 1.7419 -0.21247
104 27564 1492.8 11706 0.019486 -0.087266 1.7419 -0.21245
104.14 27653 1498.5 11681 0.017145 -0.087266 1.7419 -0.21242
104.39 27259 1508.7 11638 0.012916 -0.087266 1.7419 -0.21236
104.6 30000 1517.5 11601 0.0095393 -0.087266 1.7419 -0.21232
104.66 32549 1520 11591 0.0087648 -0.087266 1.7419 -0.2123
