time (s) altitude (m) velocity (m/s) mass (kg) dynamic pressure (Pa)trajectory angle (rad) Lift (N)Drag (N)heading angle (rad) latitude (rad) angle of attack (rad) 
521.04 38885 2926.1 3300 19447 0.10595 27130 10140 1.8102 -0.020133 0.31385
521.54 39040 2930.3 3292.6 19059 0.10679 26580 9932 1.8102 -0.019913 0.31378
522.43 39319 2938 3279.5 18380 0.10822 25627 9574.3 1.8102 -0.019521 0.31373
523.18 39560 2944.6 3268.3 17816 0.10936 24853 9286.4 1.8102 -0.019187 0.31383
523.39 39627 2946.5 3265.3 17663 0.10967 24626 9199.5 1.8103 -0.019095 0.31372
523.88 39788 2950.9 3257.9 17299 0.11038 24126 9013.2 1.8103 -0.018874 0.31378
524.77 40079 2959 3244.7 16664 0.11159 23241 8681.9 1.8103 -0.018479 0.31378
525.53 40328 2965.9 3233.6 16140 0.11256 22520 8413.4 1.8103 -0.018143 0.31388
525.73 40398 2967.8 3230.5 15997 0.11282 22321 8338.8 1.8103 -0.01805 0.31387
526.23 40565 2972.5 3223.1 15659 0.11342 21850 8162.3 1.8103 -0.017827 0.31387
527.12 40865 2980.8 3210 15072 0.11443 21022 7851 1.8103 -0.017429 0.31379
527.87 41123 2988 3198.8 14587 0.11523 20356 7603.3 1.8103 -0.017091 0.31389
528.08 41194 2990.1 3195.8 14456 0.11544 20171 7533.7 1.8103 -0.016997 0.31387
528.58 41366 2994.9 3188.4 14145 0.11594 19739 7372.3 1.8103 -0.016773 0.31389
529.47 41675 3003.6 3175.2 13605 0.11676 18991 7092.9 1.8104 -0.016372 0.31395
530.22 41940 3011.1 3164.1 13160 0.11742 18376 6863.8 1.8104 -0.016032 0.31402
530.43 42014 3013.2 3161 13040 0.11759 18205 6798.9 1.8104 -0.015937 0.31398
530.93 42190 3018.2 3153.6 12755 0.11799 17811 6652.2 1.8104 -0.015711 0.31403
531.81 42507 3027.3 3140.5 12262 0.11865 17134 6400.7 1.8104 -0.015308 0.31418
532.57 42778 3035 3129.3 11856 0.11917 16575 6193 1.8104 -0.014964 0.31427
532.77 42853 3037.2 3126.3 11747 0.11931 16419 6133.9 1.8104 -0.01487 0.31424
533.27 43033 3042.4 3118.9 11487 0.11962 16066 6003.6 1.8104 -0.014642 0.31436
534.16 43357 3051.7 3105.7 11038 0.12014 15449 5774.7 1.8104 -0.014235 0.3145
534.91 43633 3059.8 3094.6 10671 0.12054 14918 5572 1.8104 -0.013889 0.31427
535.12 43710 3062 3091.5 10571 0.12065 14775 5517.6 1.8105 -0.013793 0.31421
536.12 44078 3072.8 3076.8 10106 0.12111 14185 5310.6 1.8105 -0.013334 0.31511
537.89 44742 3092.2 3050.5 9324.9 0.12184 13309 5032.6 1.8105 -0.012511 0.31871
539.4 45310 3109 3028.2 8707.6 0.12237 12587 4794.3 1.8105 -0.011809 0.32148
539.82 45469 3113.7 3022 8544.3 0.12251 12350 4703.5 1.8105 -0.011615 0.32146
540.31 45658 3119.4 3014.6 8352.5 0.12266 12117 4624.8 1.8105 -0.011382 0.32228
541.2 45998 3129.5 3001.5 8021.1 0.1229 11723 4493.1 1.8106 -0.010965 0.32391
541.96 46288 3138.1 2990.3 7750 0.12309 11334 4345.2 1.8106 -0.01061 0.32405
542.16 46368 3140.5 2987.3 7676.8 0.12314 11229 4305.3 1.8106 -0.010512 0.32409
542.66 46560 3146.3 2979.9 7504 0.12325 11016 4232.4 1.8106 -0.010277 0.32491
543.55 46905 3156.7 2966.7 7205.7 0.12342 10649 4106.5 1.8106 -0.0098568 0.3264
544.3 47198 3165.5 2955.6 6976.1 0.12356 10311 3975.3 1.8106 -0.0094992 0.32641
544.51 47279 3168 2952.5 6915.7 0.12359 10225 3942.8 1.8106 -0.0094003 0.32648
545.51 47669 3179.9 2937.8 6632.7 0.12373 9859 3812.1 1.8106 -0.0089252 0.32768
547.28 48369 3201.3 2911.5 6154.1 0.12392 9170.9 3549.2 1.8107 -0.0080746 0.32824
548.79 48967 3219.8 2889.2 5772.8 0.12401 8566.1 3305.5 1.8107 -0.0073486 0.32726
549.2 49133 3224.9 2883 5671.4 0.12402 8403.1 3239.5 1.8107 -0.0071474 0.32692
549.86 49395 3233.1 2873.3 5514.7 0.12403 8182.6 3156.3 1.8107 -0.0068293 0.32723
551.16 49915 3249.5 2854.1 5216.2 0.12402 7763.8 2998.8 1.8107 -0.0061974 0.32792
552.6 50496 3267.8 2832.8 4902.7 0.12397 7275.9 2804.3 1.8108 -0.0054931 0.32724
553.63 50913 3281.1 2817.5 4688.9 0.1239 6913.8 2653.9 1.8108 -0.0049861 0.32578
553.9 51022 3284.6 2813.5 4635.6 0.12388 6826.6 2618.3 1.8108 -0.004854 0.32549
554.56 51289 3293.2 2803.8 4518.2 0.12381 6659.2 2554.4 1.8108 -0.0045302 0.32567
555.85 51818 3310.3 2784.6 4292.2 0.12367 6319.4 2420.9 1.8108 -0.0038867 0.3254
557.29 52407 3329.5 2763.3 4052.3 0.12348 5913.6 2251.9 1.8108 -0.0031693 0.3234
558.33 52831 3343.5 2748 3887.4 0.12331 5623.1 2128.8 1.8109 -0.0026528 0.32143
558.59 52941 3347.1 2744 3845.4 0.12326 5554.3 2100.6 1.8109 -0.0025183 0.3211
559.52 53322 3359.8 2730.3 3703.4 0.12308 5347.3 2020.8 1.8109 -0.0020528 0.321
561.45 54122 3386.6 2701.7 3420.5 0.12269 4891.1 1835.4 1.8109 -0.001074 0.31884
563.87 55126 3420.7 2665.9 3092.3 0.1221 4342.1 1608.5 1.811 0.00016043 0.31486
566.12 56067 3453.3 2632.6 2810.6 0.12148 3924.6 1447.3 1.811 0.001322 0.31361
567.61 56690 3475 2610.6 2636.9 0.12106 3681.8 1356.4 1.811 0.0020938 0.31357
567.98 56846 3480.5 2605 2594.6 0.12095 3619.3 1332.4 1.811 0.0022888 0.31334
569.29 57398 3500.1 2585.6 2450.6 0.12057 3418.2 1257.2 1.8111 0.0029757 0.3133
571.89 58494 3539.3 2547.2 2185.4 0.11982 3039.5 1117.6 1.8111 0.0043468 0.31268
574.77 59716 3583.8 2504.5 1919.8 0.11898 2664.3 980 1.8111 0.005885 0.31222
576.83 60595 3616.2 2474 1746.6 0.11839 2427 894.05 1.8112 0.0069986 0.3125
577.37 60824 3624.7 2466 1703.9 0.11824 2360.1 868.47 1.8112 0.0072897 0.31182
579.36 61679 3656.8 2436.5 1552.3 0.11766 2119.8 775.95 1.8112 0.008378 0.30874
582.91 63208 3715.2 2384 1310.6 0.11657 1709.7 614.08 1.8113 0.01034 0.29914
585.93 64513 3766.3 2339.4 1131.2 0.11556 1416.8 499.83 1.8113 0.012029 0.29094
586.76 64874 3780.6 2327 1085.6 0.11527 1334.7 466.74 1.8113 0.0125 0.28732
588.75 65743 3815.4 2297.5 982.48 0.11455 1185.4 411.03 1.8114 0.013635 0.2837
592.3 67295 3878.7 2245 819.49 0.1133 965.17 331.29 1.8114 0.015682 0.2792
595.32 68620 3934 2200.4 699.84 0.11225 790.78 267.63 1.8115 0.017446 0.27121
596.15 68986 3949.5 2188 669.56 0.11195 740.62 248.66 1.8115 0.017937 0.26723
597.46 69566 3974.2 2168.6 624.08 0.11147 681.93 227.83 1.8115 0.018716 0.26497
600.06 70716 4023.9 2130.2 541.82 0.11049 540.89 174.14 1.8116 0.020272 0.24918
602.94 71995 4080.7 2087.5 460.24 0.10909 359.16 107.38 1.8116 0.022021 0.21054
605 72911 4122.6 2057 408.74 0.10771 239.51 68.846 1.8116 0.023289 0.17265
605.54 73148 4133.7 2049.1 396.3 0.1073 216.11 62.275 1.8116 0.02362 0.16386
607.53 74028 4175.4 2019.5 353.23 0.10555 138 41.241 1.8117 0.024861 0.12907
611.08 75577 4251.8 1967 287.98 0.10165 48.713 22.003 1.8117 0.027103 0.067095
614.09 76861 4318.8 1922.4 242.72 0.097543 7.6711 15.939 1.8118 0.029038 0.014516
614.92 77209 4337.7 1910.1 231.66 0.09628 0 14.918 1.8118 0.029577 0
614.92 77209 4337.7 1910.1 231.66 0.09628 0 14.918 1.8118 0.029577 0
615.92 77626 4336.8 1910.1 216.68 0.094722 0 13.947 1.8118 0.030227 0
616.92 78033 4335.9 1910.1 202.94 0.093164 0 13.058 1.8118 0.030878 0
617.92 78433 4335 1910.1 190.24 0.091606 0 12.235 1.8118 0.031528 0
618.92 78826 4334.2 1910.1 178.48 0.090047 0 11.474 1.8118 0.032178 0
619.92 79213 4333.4 1910.1 167.59 0.088487 0 10.77 1.8119 0.032827 0
620.92 79592 4332.6 1910.1 157.5 0.086927 0 10.118 1.8119 0.033477 0
621.92 79965 4331.8 1910.1 148.15 0.085366 0 9.5135 1.8119 0.034127 0
622.92 80331 4331 1910.1 139.48 0.083805 0 8.9533 1.8119 0.034777 0
623.92 80690 4330.2 1910.1 131.44 0.082243 0 8.4338 1.8119 0.035426 0
624.92 81042 4329.5 1910.1 123.97 0.080681 0 7.9518 1.8119 0.036076 0
625.92 81388 4328.7 1910.1 117.04 0.079118 0 7.5042 1.8119 0.036725 0
626.92 81727 4328 1910.1 110.6 0.077555 0 7.0885 1.8119 0.037375 0
627.92 82058 4327.3 1910.1 104.61 0.075991 0 6.7022 1.812 0.038024 0
628.92 82384 4326.6 1910.1 99.036 0.074427 0 6.3431 1.812 0.038673 0
629.92 82702 4326 1910.1 93.852 0.072863 0 6.009 1.812 0.039322 0
630.92 83013 4325.3 1910.1 89.027 0.071298 0 5.6981 1.812 0.039972 0
631.92 83318 4324.7 1910.1 84.533 0.069732 0 5.4087 1.812 0.040621 0
632.92 83616 4324 1910.1 80.347 0.068167 0 5.1391 1.812 0.04127 0
633.92 83907 4323.4 1910.1 76.444 0.0666 0 4.8879 1.812 0.041919 0
634.92 84191 4322.8 1910.1 72.805 0.065034 0 4.6537 1.812 0.042568 0
635.92 84469 4322.2 1910.1 69.41 0.063467 0 4.4353 1.812 0.043216 0
636.92 84740 4321.7 1910.1 66.243 0.061899 0 4.2316 1.812 0.043865 0
637.92 85004 4321.1 1779.2 0 0.060332 0 0 1.8121 0.044514 0
638.92 85261 4320.6 1779.2 0 0.058763 0 0 1.8121 0.045163 0
639.92 85511 4320.1 1779.2 0 0.057195 0 0 1.8121 0.045811 0
640.92 85755 4319.6 1779.2 0 0.055626 0 0 1.8121 0.04646 0
641.92 85992 4319.1 1779.2 0 0.054057 0 0 1.8121 0.047109 0
642.92 86221 4318.6 1779.2 0 0.052488 0 0 1.8121 0.047757 0
643.92 86445 4318.1 1779.2 0 0.050918 0 0 1.8121 0.048406 0
644.92 86661 4317.7 1779.2 0 0.049348 0 0 1.8121 0.049054 0
645.92 86871 4317.3 1779.2 0 0.047778 0 0 1.8121 0.049703 0
646.92 87073 4316.8 1779.2 0 0.046207 0 0 1.8121 0.050351 0
647.92 87269 4316.4 1779.2 0 0.044636 0 0 1.8121 0.050999 0
648.92 87459 4316.1 1779.2 0 0.043065 0 0 1.8121 0.051648 0
649.92 87641 4315.7 1779.2 0 0.041494 0 0 1.8121 0.052296 0
650.92 87817 4315.3 1779.2 0 0.039922 0 0 1.8122 0.052944 0
651.92 87985 4315 1779.2 0 0.03835 0 0 1.8122 0.053592 0
652.92 88148 4314.7 1779.2 0 0.036778 0 0 1.8122 0.054241 0
653.92 88303 4314.4 1779.2 0 0.035206 0 0 1.8122 0.054889 0
654.92 88451 4314.1 1779.2 0 0.033634 0 0 1.8122 0.055537 0
655.92 88593 4313.8 1779.2 0 0.032061 0 0 1.8122 0.056185 0
656.92 88728 4313.5 1779.2 0 0.030488 0 0 1.8122 0.056833 0
657.92 88856 4313.3 1779.2 0 0.028915 0 0 1.8122 0.057481 0
658.92 88977 4313 1779.2 0 0.027342 0 0 1.8122 0.058129 0
659.92 89092 4312.8 1779.2 0 0.025769 0 0 1.8122 0.058777 0
660.92 89199 4312.6 1779.2 0 0.024195 0 0 1.8122 0.059425 0
661.92 89300 4312.4 1779.2 0 0.022622 0 0 1.8122 0.060073 0
662.92 89395 4312.3 1779.2 0 0.021048 0 0 1.8122 0.060721 0
663.92 89482 4312.1 1779.2 0 0.019474 0 0 1.8122 0.061369 0
664.92 89563 4311.9 1779.2 0 0.017901 0 0 1.8122 0.062017 0
665.92 89636 4311.8 1779.2 0 0.016327 0 0 1.8122 0.062665 0
666.92 89703 4311.7 1779.2 0 0.014752 0 0 1.8122 0.063313 0
667.92 89764 4311.6 1779.2 0 0.013178 0 0 1.8122 0.063961 0
668.92 89817 4311.5 1779.2 0 0.011604 0 0 1.8122 0.064609 0
669.92 89864 4311.5 1779.2 0 0.01003 0 0 1.8122 0.065257 0
670.92 89903 4311.4 1779.2 0 0.0084557 0 0 1.8122 0.065905 0
671.92 89936 4311.4 1779.2 0 0.0068813 0 0 1.8122 0.066553 0
672.92 89963 4311.3 1779.2 0 0.005307 0 0 1.8122 0.067201 0
673.92 89982 4311.3 1779.2 0 0.0037327 0 0 1.8122 0.067849 0
674.92 89995 4311.3 1779.2 0 0.0021583 0 0 1.8123 0.068497 0
675.92 90001 4311.4 1779.2 0 0.00058402 0 0 1.8123 0.069145 0
676.92 90000 4311.4 1779.2 0 0 0 0 1.8123 0.069793 0
