time (s) altitude (m) velocity (m/s) mass (kg)trajectory angle (rad) angle of attack (rad) heading angle (rad) latitude (rad)
0 90 30 29388 1.5691 0 1.667 -0.2123 2.3868
0.1753 95.311 30.592 29363 1.5689 -0.00051791 1.6785 -0.2123 2.3868
0.56158 107.38 31.902 29307 1.5685 -0.0016517 1.7002 -0.2123 2.3868
1.0987 125.01 33.738 29230 1.5675 -0.0031812 1.7221 -0.2123 2.3868
1.7048 146.09 35.831 29143 1.5657 -0.0047964 1.7383 -0.2123 2.3868
2.2876 167.56 37.864 29059 1.5634 -0.0062128 1.7486 -0.2123 2.3868
2.7584 185.78 39.521 28991 1.5611 -0.0072556 1.7546 -0.2123 2.3868
3.0457 197.28 40.539 28949 1.5595 -0.0078533 1.7576 -0.2123 2.3868
3.1157 200.12 40.788 28939 1.5591 -0.007996 1.7583 -0.2123 2.3868
3.291 207.33 41.412 28914 1.558 -0.0083499 1.7598 -0.2123 2.3868
3.6773 223.59 42.794 28859 1.5555 -0.0090952 1.7628 -0.2123 2.3868
4.2144 247.09 44.731 28781 1.5515 -0.010025 1.7663 -0.2123 2.3868
4.8205 274.86 46.937 28694 1.5463 -0.010913 1.7693 -0.2123 2.3868
5.4033 302.83 49.08 28610 1.5406 -0.011605 1.7717 -0.2123 2.3868
5.8741 326.34 50.827 28542 1.5357 -0.01205 1.7734 -0.2123 2.3868
6.1614 341.08 51.899 28501 1.5324 -0.012277 1.7742 -0.2123 2.3868
6.2314 344.72 52.162 28491 1.5316 -0.012329 1.7744 -0.2123 2.3868
6.4067 353.92 52.819 28465 1.5295 -0.012456 1.7749 -0.2123 2.3868
6.793 374.58 54.276 28410 1.5248 -0.012698 1.776 -0.2123 2.3868
7.3301 404.24 56.317 28333 1.5177 -0.012923 1.7772 -0.2123 2.3868
7.9362 439.02 58.642 28245 1.5092 -0.013017 1.7784 -0.2123 2.3868
8.519 473.78 60.902 28161 1.5004 -0.012946 1.7795 -0.2123 2.3868
8.9898 502.81 62.744 28094 1.4929 -0.012775 1.7802 -0.2123 2.3868
9.2771 520.94 63.876 28052 1.4882 -0.012628 1.7806 -0.2123 2.3868
9.3471 525.41 64.152 28042 1.487 -0.012589 1.7807 -0.2123 2.3868
9.5224 536.67 64.847 28017 1.484 -0.012489 1.781 -0.2123 2.3868
9.9087 561.91 66.384 27961 1.4773 -0.012233 1.7815 -0.2123 2.3868
10.446 597.97 68.541 27884 1.4676 -0.011772 1.7822 -0.2123 2.3868
11.052 640.01 71.003 27797 1.4563 -0.011092 1.7828 -0.2123 2.3868
11.635 681.78 73.398 27713 1.4449 -0.010276 1.7834 -0.2123 2.3868
12.106 716.5 75.353 27645 1.4355 -0.0095105 1.7839 -0.2123 2.3868
12.393 738.11 76.555 27604 1.4296 -0.0090056 1.7841 -0.2123 2.3868
12.463 743.43 76.849 27594 1.4282 -0.0088802 1.7842 -0.2123 2.3868
12.697 761.32 77.833 27560 1.4233 -0.0084555 1.7844 -0.2123 2.3868
13.212 801.49 80.018 27486 1.4124 -0.007454 1.7848 -0.21229 2.3868
13.928 859.09 83.094 27383 1.3969 -0.0058655 1.7853 -0.21229 2.3868
14.736 926.51 86.617 27266 1.3791 -0.0037872 1.7859 -0.21229 2.3868
15.513 993.78 90.055 27154 1.3616 -0.0015068 1.7864 -0.21229 2.3868
16.141 1049.9 92.87 27064 1.3475 0.00050846 1.7868 -0.21229 2.3868
16.524 1084.8 94.608 27009 1.3389 0.001794 1.787 -0.21229 2.3868
16.617 1093.4 95.034 26996 1.3368 0.0021105 1.787 -0.21229 2.3868
16.851 1115.2 96.105 26962 1.3316 0.0029067 1.7872 -0.21228 2.3868
17.366 1163.8 98.482 26888 1.3202 0.0046935 1.7874 -0.21228 2.3868
18.082 1233.1 101.83 26785 1.3045 0.0072589 1.7878 -0.21228 2.3868
18.89 1313.8 105.67 26668 1.2872 0.010226 1.7882 -0.21228 2.3868
19.667 1393.8 109.43 26557 1.271 0.013087 1.7885 -0.21227 2.3868
20.295 1460.3 112.5 26466 1.2584 0.015363 1.7888 -0.21227 2.3868
20.678 1501.6 114.4 26411 1.2509 0.016733 1.7889 -0.21227 2.3868
20.771 1511.7 114.86 26398 1.2491 0.017065 1.789 -0.21227 2.3868
21.005 1537.3 116.03 26364 1.2446 0.017894 1.7891 -0.21227 2.3868
21.52 1594.4 118.62 26290 1.2349 0.019692 1.7893 -0.21226 2.3868
22.236 1675.7 122.26 26187 1.2221 0.022078 1.7895 -0.21226 2.3868
23.044 1769.9 126.43 26071 1.2083 0.024543 1.7898 -0.21225 2.3868
23.821 1863 130.5 25959 1.196 0.026643 1.7901 -0.21225 2.3868
24.449 1940 133.82 25868 1.1866 0.02815 1.7903 -0.21224 2.3868
24.832 1987.9 135.87 25813 1.1811 0.029003 1.7905 -0.21224 2.3868
24.926 1999.6 136.37 25800 1.1798 0.029206 1.7905 -0.21224 2.3868
26.667 2225.7 145.85 25549 1.1575 0.032341 1.7911 -0.21222 2.3868
30.115 2712.7 165.34 25053 1.1237 0.03488 1.7921 -0.21219 2.3868
33.938 3317.6 188.12 24503 1.1 0.034851 1.7933 -0.21214 2.3868
36.677 3796.3 205.25 24110 1.0919 0.034874 1.794 -0.21211 2.3868
37.388 3927.4 209.81 24007 1.0912 0.034826 1.7942 -0.2121 2.3868
38.616 4160.3 217.77 23831 1.0912 0.034879 1.7946 -0.21208 2.3868
41.184 4676.2 234.89 23462 1.0963 0.034605 1.7953 -0.21204 2.3868
44.393 5380.8 257.1 23000 1.113 0.034899 1.7962 -0.21198 2.3868
47.383 6103.9 278.85 22571 1.1389 0.033851 1.7972 -0.21193 2.3867
49.355 6618.2 293.06 22287 1.157 0.030468 1.7978 -0.21189 2.3867
49.851 6752.2 296.36 22216 1.1605 0.029482 1.798 -0.21188 2.3867
50.202 6847.9 298.66 22165 1.1629 0.028641 1.7981 -0.21188 2.3867
50.974 7061.7 303.55 22054 1.1671 0.026578 1.7983 -0.21186 2.3867
52.049 7365 309.98 21900 1.1709 0.023215 1.7987 -0.21184 2.3867
53.261 7715.1 316.82 21726 1.1716 0.018741 1.7991 -0.21182 2.3867
54.426 8058.6 323.07 21558 1.1685 0.01375 1.7995 -0.2118 2.3867
55.368 8340.3 327.97 21423 1.1631 0.0092441 1.7999 -0.21178 2.3867
55.943 8513.9 330.93 21340 1.1584 0.0063141 1.8001 -0.21177 2.3867
56.083 8556.4 331.65 21320 1.1571 0.0055904 1.8001 -0.21177 2.3867
56.433 8663.1 333.44 21270 1.1536 0.0037702 1.8002 -0.21176 2.3867
57.206 8899.6 337.45 21159 1.1447 -0.00021513 1.8005 -0.21174 2.3867
58.28 9231.3 343.15 21005 1.1294 -0.0053953 1.8008 -0.21172 2.3867
59.492 9609.2 349.82 20830 1.1087 -0.010563 1.8012 -0.21169 2.3867
60.658 9975.6 356.62 20663 1.0863 -0.014868 1.8015 -0.21166 2.3867
61.599 10274 362.35 20528 1.0666 -0.017847 1.8018 -0.21164 2.3867
62.174 10456 365.97 20445 1.054 -0.019464 1.8019 -0.21162 2.3867
62.314 10501 366.86 20425 1.0509 -0.019829 1.802 -0.21162 2.3867
63.225 10791 372.8 20294 1.0301 -0.021996 1.8022 -0.21159 2.3867
65.19 11421 386.39 20012 0.98286 -0.025343 1.8027 -0.21153 2.3866
67.814 12267 406.47 19634 0.91814 -0.026712 1.8032 -0.21144 2.3866
70.577 13161 430.2 19237 0.85261 -0.025051 1.8038 -0.21133 2.3866
72.931 13925 452.65 18899 0.80086 -0.023868 1.8042 -0.21122 2.3866
74.412 14406 467.83 18686 0.7699 -0.024368 1.8044 -0.21115 2.3866
74.777 14525 471.71 18633 0.76238 -0.024609 1.8045 -0.21113 2.3865
74.917 14571 473.21 18613 0.75951 -0.024724 1.8045 -0.21112 2.3865
75.226 14672 476.54 18569 0.7532 -0.024991 1.8046 -0.21111 2.3865
75.656 14812 481.24 18507 0.74447 -0.025417 1.8046 -0.21108 2.3865
76.141 14970 486.63 18437 0.73468 -0.02599 1.8047 -0.21106 2.3865
76.607 15122 491.9 18370 0.7253 -0.026641 1.8048 -0.21103 2.3865
76.984 15245 496.22 18316 0.71775 -0.027235 1.8048 -0.21101 2.3865
77.213 15320 498.88 18283 0.71315 -0.027622 1.8048 -0.211 2.3865
77.269 15338 499.53 18275 0.71203 -0.027718 1.8049 -0.21099 2.3865
77.41 15384 501.17 18255 0.70923 -0.02796 1.8049 -0.21098 2.3865
77.719 15485 504.81 18210 0.70306 -0.028513 1.8049 -0.21097 2.3865
78.148 15625 509.93 18149 0.69449 -0.029348 1.805 -0.21094 2.3865
78.633 15783 515.8 18079 0.68484 -0.03039 1.805 -0.21091 2.3865
79.1 15935 521.53 18012 0.67555 -0.031494 1.8051 -0.21088 2.3865
79.476 16058 526.23 17958 0.66803 -0.032456 1.8052 -0.21086 2.3865
79.706 16133 529.12 17925 0.66344 -0.033067 1.8052 -0.21085 2.3865
79.762 16151 529.83 17917 0.66232 -0.033217 1.8052 -0.21084 2.3865
79.902 16197 531.61 17896 0.65952 -0.033596 1.8052 -0.21083 2.3865
80.211 16298 535.57 17852 0.65334 -0.034447 1.8053 -0.21081 2.3865
80.641 16437 541.13 17790 0.64473 -0.03569 1.8053 -0.21078 2.3865
81.126 16595 547.51 17720 0.63498 -0.037182 1.8054 -0.21075 2.3865
81.592 16746 553.74 17653 0.62559 -0.038702 1.8054 -0.21072 2.3864
81.969 16868 558.85 17599 0.61797 -0.039978 1.8055 -0.2107 2.3864
82.199 16943 562 17566 0.61331 -0.040772 1.8055 -0.21068 2.3864
82.255 16961 562.77 17558 0.61218 -0.040966 1.8055 -0.21068 2.3864
82.395 17006 564.71 17538 0.60933 -0.041453 1.8055 -0.21067 2.3864
82.704 17106 569.02 17493 0.60306 -0.042535 1.8056 -0.21064 2.3864
83.134 17244 575.08 17432 0.59431 -0.044064 1.8056 -0.21061 2.3864
83.618 17400 582.04 17362 0.58444 -0.04582 1.8057 -0.21058 2.3864
84.085 17550 588.85 17295 0.57493 -0.047525 1.8057 -0.21054 2.3864
84.461 17670 594.44 17241 0.56726 -0.048905 1.8058 -0.21051 2.3864
84.691 17744 597.89 17207 0.56258 -0.049745 1.8058 -0.2105 2.3864
84.747 17762 598.74 17199 0.56144 -0.04995 1.8058 -0.21049 2.3864
84.887 17806 600.86 17179 0.55859 -0.050462 1.8058 -0.21048 2.3864
85.196 17905 605.58 17135 0.55232 -0.051585 1.8059 -0.21046 2.3864
85.626 18041 612.24 17073 0.54363 -0.053128 1.8059 -0.21042 2.3864
86.111 18194 619.89 17003 0.53387 -0.054826 1.8059 -0.21038 2.3864
86.577 18341 627.38 16936 0.52455 -0.0564 1.806 -0.21035 2.3864
86.954 18459 633.53 16882 0.51708 -0.057627 1.806 -0.21031 2.3863
87.184 18531 637.32 16849 0.51255 -0.05836 1.8061 -0.21029 2.3863
87.24 18548 638.25 16841 0.51145 -0.058537 1.8061 -0.21029 2.3863
87.38 18592 640.59 16821 0.5087 -0.05898 1.8061 -0.21028 2.3863
87.689 18689 645.79 16776 0.50268 -0.059941 1.8061 -0.21025 2.3863
88.119 18822 653.11 16714 0.49438 -0.061223 1.8062 -0.21021 2.3863
88.604 18972 661.52 16644 0.48514 -0.062578 1.8062 -0.21017 2.3863
89.07 19115 669.74 16577 0.47638 -0.06378 1.8062 -0.21013 2.3863
89.446 19231 676.49 16523 0.4694 -0.064684 1.8063 -0.2101 2.3863
89.676 19301 680.65 16490 0.46519 -0.065212 1.8063 -0.21007 2.3863
89.732 19318 681.67 16482 0.46416 -0.065339 1.8063 -0.21007 2.3863
89.873 19361 684.23 16462 0.46161 -0.065655 1.8063 -0.21006 2.3863
90.182 19455 689.91 16417 0.45603 -0.066333 1.8063 -0.21003 2.3863
90.611 19585 697.91 16355 0.44838 -0.067211 1.8064 -0.20999 2.3863
91.096 19732 707.08 16286 0.43988 -0.068104 1.8064 -0.20994 2.3863
91.562 19872 716.03 16219 0.43184 -0.068864 1.8065 -0.20989 2.3862
91.939 19984 723.36 16164 0.42545 -0.069411 1.8065 -0.20986 2.3862
92.169 20053 727.87 16131 0.4216 -0.069722 1.8065 -0.20983 2.3862
92.225 20070 728.97 16123 0.42066 -0.069796 1.8065 -0.20983 2.3862
92.365 20111 731.75 16103 0.41833 -0.06998 1.8065 -0.20981 2.3862
92.674 20203 737.9 16059 0.41323 -0.070367 1.8066 -0.20978 2.3862
93.104 20330 746.55 15997 0.40623 -0.070847 1.8066 -0.20974 2.3862
93.589 20473 756.43 15927 0.39845 -0.071301 1.8066 -0.20969 2.3862
94.055 20609 766.06 15860 0.3911 -0.07165 1.8067 -0.20964 2.3862
94.432 20719 773.93 15805 0.38524 -0.071876 1.8067 -0.20959 2.3862
94.661 20786 778.77 15772 0.38171 -0.071995 1.8067 -0.20957 2.3862
94.717 20802 779.96 15764 0.38085 -0.072022 1.8067 -0.20956 2.3862
94.858 20843 782.93 15744 0.37871 -0.07209 1.8067 -0.20955 2.3862
95.167 20932 789.52 15700 0.37402 -0.072225 1.8068 -0.20951 2.3862
95.596 21056 798.76 15638 0.36758 -0.072365 1.8068 -0.20947 2.3861
96.081 21194 809.31 15568 0.36041 -0.072451 1.8068 -0.20941 2.3861
96.547 21327 819.57 15501 0.35362 -0.072463 1.8069 -0.20936 2.3861
96.924 21434 827.94 15447 0.34819 -0.072426 1.8069 -0.20931 2.3861
97.154 21499 833.09 15413 0.34491 -0.072386 1.8069 -0.20928 2.3861
97.21 21514 834.35 15405 0.34411 -0.072375 1.8069 -0.20928 2.3861
97.35 21554 837.5 15385 0.34212 -0.072347 1.8069 -0.20926 2.3861
97.659 21640 844.49 15341 0.33775 -0.072271 1.8069 -0.20922 2.3861
98.089 21760 854.29 15279 0.33174 -0.072122 1.807 -0.20917 2.3861
98.574 21895 865.45 15209 0.32502 -0.071885 1.807 -0.20911 2.3861
99.04 22023 876.29 15142 0.31862 -0.071584 1.807 -0.20905 2.386
99.417 22126 885.13 15088 0.3135 -0.07129 1.8071 -0.209 2.386
99.646 22189 890.55 15054 0.31039 -0.071093 1.8071 -0.20897 2.386
99.703 22204 891.87 15046 0.30963 -0.071044 1.8071 -0.20897 2.386
99.878 22252 896.03 15021 0.30727 -0.070887 1.8071 -0.20894 2.386
100.26 22356 905.24 14965 0.30209 -0.070512 1.8071 -0.20889 2.386
100.8 22500 918.15 14888 0.29494 -0.069899 1.8072 -0.20882 2.386
101.41 22661 932.87 14801 0.28694 -0.069062 1.8072 -0.20874 2.386
101.99 22814 947.17 14717 0.2793 -0.068106 1.8072 -0.20866 2.3859
102.46 22936 958.82 14649 0.27316 -0.067226 1.8073 -0.2086 2.3859
102.75 23010 965.97 14608 0.26944 -0.066647 1.8073 -0.20855 2.3859
102.82 23028 967.72 14598 0.26853 -0.066504 1.8073 -0.20854 2.3859
102.99 23073 972.1 14572 0.26626 -0.06614 1.8073 -0.20852 2.3859
103.38 23172 981.81 14517 0.26128 -0.065306 1.8073 -0.20846 2.3859
103.92 23307 995.39 14439 0.25438 -0.06404 1.8073 -0.20839 2.3859
104.52 23458 1010.8 14352 0.24664 -0.062455 1.8074 -0.2083 2.3859
105.11 23601 1025.8 14268 0.23924 -0.060774 1.8074 -0.20821 2.3858
105.58 23714 1038 14200 0.23329 -0.059312 1.8074 -0.20814 2.3858
105.86 23783 1045.5 14159 0.22969 -0.058386 1.8075 -0.20809 2.3858
105.93 23800 1047.3 14149 0.22881 -0.058158 1.8075 -0.20808 2.3858
106.11 23841 1051.9 14123 0.22662 -0.057585 1.8075 -0.20805 2.3858
106.5 23932 1062 14068 0.22181 -0.0563 1.8075 -0.20799 2.3858
107.03 24056 1076.2 13990 0.21517 -0.054448 1.8075 -0.20791 2.3858
107.64 24194 1092.3 13903 0.20777 -0.052274 1.8075 -0.20781 2.3857
108.22 24324 1107.9 13819 0.20075 -0.050127 1.8076 -0.20772 2.3857
108.69 24427 1120.7 13751 0.19515 -0.048376 1.8076 -0.20764 2.3857
108.98 24490 1128.5 13710 0.19177 -0.047307 1.8076 -0.20759 2.3857
109.05 24505 1130.4 13700 0.19095 -0.047046 1.8076 -0.20758 2.3857
109.22 24542 1135.2 13674 0.18891 -0.046395 1.8076 -0.20755 2.3857
109.61 24624 1145.8 13619 0.18445 -0.044966 1.8076 -0.20748 2.3857
110.15 24736 1160.7 13541 0.17833 -0.043013 1.8077 -0.20739 2.3856
110.75 24859 1177.6 13454 0.17157 -0.040892 1.8077 -0.20728 2.3856
111.34 24975 1194.1 13370 0.16519 -0.038959 1.8077 -0.20718 2.3856
111.81 25066 1207.5 13302 0.16014 -0.037477 1.8077 -0.20709 2.3856
112.1 25121 1215.8 13260 0.15709 -0.0366 1.8077 -0.20704 2.3855
112.17 25135 1217.8 13250 0.15635 -0.036388 1.8078 -0.20703 2.3855
113.08 25304 1244.3 13119 0.14693 -0.033742 1.8078 -0.20686 2.3855
115.04 25646 1302.9 12836 0.12752 -0.029515 1.8079 -0.20648 2.3854
117.67 26051 1384.1 12457 0.10329 -0.025423 1.808 -0.20595 2.3853
120.43 26412 1472.7 12059 0.081018 -0.018267 1.808 -0.20535 2.3851
122.78 26673 1550.3 11719 0.066973 -0.0088994 1.8081 -0.20482 2.385
124.26 26822 1600.3 11506 0.060901 -0.0018481 1.8081 -0.20446 2.3849
124.63 26857 1612.9 11453 0.059652 5.77e-05 1.8081 -0.20437 2.3849
