time (s) altitude (m) longitude (rad) latitude (rad) velocity (m/s) trajectory angle (rad) heading angle (rad) angle of attack (rad) bank angle (rad) fuel mass (kg) Third Stage (flag)
124.63 26857 2.3849 -0.20437 1612.9 0.059652 1.8081 5.77e-05 1.0138e-05 1562 1
125.73 26961 2.3848 -0.2041 1615 0.0569 1.8082 0.0038014 1.8128e-05 1559.8 1
128.17 27175 2.3847 -0.2035 1619.9 0.052342 1.8082 0.011049 3.8253e-05 1555 1
131.55 27450 2.3845 -0.20267 1627 0.04782 1.8083 0.014675 5.3198e-05 1548.3 1
135.37 27733 2.3842 -0.20173 1635 0.043051 1.8084 0.016762 6.1574e-05 1540.7 1
139.05 27980 2.384 -0.20081 1642.7 0.039501 1.8085 0.022302 5.9682e-05 1533.5 1
142.02 28169 2.3838 -0.20007 1649.1 0.037864 1.8085 0.026101 4.4556e-05 1527.6 1
143.83 28281 2.3837 -0.19962 1653.1 0.037206 1.8086 0.028224 2.4032e-05 1524 1
144.27 28308 2.3837 -0.19951 1654.1 0.0371 1.8086 0.028367 2.2202e-05 1523.2 1
145.37 28376 2.3836 -0.19923 1656.5 0.036791 1.8086 0.028792 3.3843e-05 1521 1
147.81 28523 2.3835 -0.19862 1661.9 0.036196 1.8087 0.030259 6.3654e-05 1516.1 1
151.19 28725 2.3832 -0.19776 1669.4 0.035484 1.8087 0.031471 8.5077e-05 1509.4 1
155.02 28949 2.383 -0.19679 1677.8 0.034554 1.8088 0.032352 9.5286e-05 1501.9 1
158.69 29159 2.3828 -0.19585 1686 0.033479 1.8089 0.033041 8.8783e-05 1494.8 1
161.66 29325 2.3826 -0.19509 1692.7 0.032436 1.8089 0.033447 6.2963e-05 1489 1
163.47 29423 2.3825 -0.19462 1696.7 0.031726 1.809 0.033725 3.3015e-05 1485.6 1
163.91 29447 2.3824 -0.19451 1697.7 0.031545 1.809 0.033767 3.0356e-05 1484.7 1
165.01 29505 2.3824 -0.19423 1700.2 0.031068 1.809 0.033759 4.5542e-05 1482.6 1
167.45 29632 2.3822 -0.1936 1705.7 0.029915 1.8091 0.033928 8.359e-05 1477.9 1
170.83 29800 2.382 -0.19272 1713.4 0.028137 1.8091 0.034258 0.00010705 1471.5 1
174.66 29977 2.3818 -0.19172 1722.2 0.025931 1.8092 0.034674 0.00011354 1464.3 1
178.33 30135 2.3815 -0.19076 1730.8 0.023672 1.8093 0.035127 0.00010029 1457.3 1
181.3 30252 2.3813 -0.18998 1737.8 0.021754 1.8093 0.035275 6.9531e-05 1451.7 1
183.11 30318 2.3812 -0.1895 1742.2 0.020536 1.8094 0.035439 3.7981e-05 1448.3 1
183.55 30334 2.3812 -0.18938 1743.2 0.020239 1.8094 0.035458 3.6543e-05 1447.5 1
185.21 30391 2.3811 -0.18894 1747.2 0.019092 1.8094 0.035371 7.0078e-05 1444.3 1
188.86 30505 2.3808 -0.18797 1756.2 0.016474 1.8095 0.035654 0.00013543 1437.4 1
193.94 30636 2.3805 -0.18662 1769.1 0.012998 1.8095 0.036824 0.00016453 1427.6 1
199.67 30750 2.3801 -0.18507 1784 0.0093765 1.8096 0.037314 0.00017204 1416.5 1
205.18 30826 2.3797 -0.18357 1798.5 0.0060749 1.8097 0.037721 0.00014747 1405.8 1
209.63 30865 2.3794 -0.18235 1810.5 0.0036815 1.8098 0.038084 0.00010225 1397 1
212.35 30880 2.3792 -0.18161 1818 0.0023447 1.8098 0.038251 4.4751e-05 1391.7 1
213.01 30883 2.3792 -0.18142 1819.8 0.0020394 1.8098 0.038304 3.734e-05 1390.4 1
214.67 30888 2.3791 -0.18096 1824.4 0.0012936 1.8098 0.038289 6.6478e-05 1387.1 1
218.32 30891 2.3788 -0.17995 1834.7 -0.00023048 1.8099 0.038253 0.00012171 1379.7 1
223.4 30880 2.3785 -0.17853 1849.4 -0.0020701 1.81 0.038024 0.0001425 1369.4 1
229.13 30849 2.3781 -0.17691 1866.4 -0.0037561 1.81 0.037605 0.00014183 1357.5 1
234.64 30803 2.3777 -0.17535 1883.3 -0.0049568 1.8101 0.037157 0.00011706 1345.8 1
239.09 30759 2.3774 -0.17407 1897.4 -0.0055749 1.8102 0.036897 8.1075e-05 1336.1 1
241.81 30729 2.3772 -0.17329 1906.2 -0.0057659 1.8102 0.036799 4.2541e-05 1330.2 1
242.47 30722 2.3771 -0.17309 1908.3 -0.0057898 1.8102 0.036786 4.5932e-05 1328.7 1
248.28 30658 2.3767 -0.1714 1927.6 -0.005454 1.8103 0.0373 0.00018726 1315.5 1
260.42 30569 2.3758 -0.16782 1970 -0.001439 1.8104 0.038108 0.0002876 1286.7 1
275.59 30645 2.3747 -0.16322 2024.9 0.0063945 1.8106 0.03591 0.0003314 1248.8 1
289.73 30909 2.3736 -0.15882 2075.5 0.011065 1.8108 0.032243 0.00035207 1213.2 1
299.05 31135 2.3729 -0.15586 2107.9 0.01198 1.8109 0.031118 0.00018812 1190 1
301.39 31195 2.3727 -0.15511 2116 0.012084 1.811 0.030963 8.5657e-05 1184.2 1
307.2 31343 2.3722 -0.15324 2135.4 0.01196 1.811 0.030628 0.00032596 1170 1
319.34 31655 2.3712 -0.14927 2173.4 0.011831 1.8112 0.031937 0.00056369 1140.4 1
334.51 32023 2.37 -0.14422 2216.3 0.0095775 1.8114 0.028812 0.00060811 1104.2 1
348.65 32235 2.3688 -0.13943 2252.7 0.0033528 1.8115 0.026924 0.00045182 1071.4 1
357.97 32259 2.368 -0.13623 2275.8 -0.00067885 1.8116 0.02731 0.00017821 1049.8 1
360.31 32254 2.3678 -0.13541 2281.5 -0.0015995 1.8116 0.026216 3.473e-05 1044.2 1
361.14 32251 2.3677 -0.13513 2283.6 -0.0019572 1.8116 0.02657 4.3081e-05 1042.3 1
362.97 32241 2.3676 -0.13449 2288 -0.0027465 1.8117 0.025456 6.9539e-05 1038 1
365.51 32222 2.3674 -0.13361 2294.2 -0.0040329 1.8117 0.025288 8.8375e-05 1032 1
368.37 32192 2.3671 -0.13261 2301.3 -0.0047443 1.8117 0.030999 9.0336e-05 1025 1
371.13 32162 2.3669 -0.13165 2308.1 -0.0045894 1.8117 0.031678 8.0368e-05 1018.2 1
373.36 32139 2.3667 -0.13087 2313.6 -0.0044295 1.8117 0.032197 5.5525e-05 1012.6 1
374.71 32126 2.3666 -0.13039 2317 -0.0041895 1.8117 0.032326 3.2609e-05 1009.1 1
375.04 32122 2.3665 -0.13028 2317.8 -0.0041495 1.8117 0.032299 3.1001e-05 1008.3 1
375.87 32115 2.3665 -0.12999 2319.9 -0.0040075 1.8117 0.032325 4.1443e-05 1006.2 1
377.7 32098 2.3663 -0.12934 2324.4 -0.0036886 1.8118 0.031803 7.1479e-05 1001.5 1
380.24 32077 2.3661 -0.12845 2330.7 -0.0033575 1.8118 0.030713 9.2202e-05 994.99 1
383.1 32056 2.3658 -0.12743 2337.7 -0.0029982 1.8118 0.030974 9.7248e-05 987.6 1
385.86 32039 2.3656 -0.12645 2344.5 -0.0024333 1.8118 0.031457 8.658e-05 980.42 1
388.09 32027 2.3654 -0.12566 2349.9 -0.0019287 1.8118 0.030906 5.9955e-05 974.57 1
389.44 32021 2.3653 -0.12518 2353.2 -0.0016547 1.8118 0.030528 3.5255e-05 971 1
389.78 32020 2.3652 -0.12506 2354 -0.0015902 1.8118 0.030751 3.3657e-05 970.12 1
390.6 32017 2.3652 -0.12476 2356 -0.0014192 1.8118 0.030332 4.5299e-05 967.94 1
392.43 32012 2.365 -0.12411 2360.3 -0.001052 1.8119 0.030898 7.9413e-05 963.11 1
394.97 32008 2.3648 -0.1232 2366.4 -0.00021741 1.8119 0.031531 0.00010556 956.31 1
397.84 32008 2.3645 -0.12217 2372.9 7.9726e-05 1.8119 0.025021 0.00011464 948.72 1
400.59 32007 2.3643 -0.12118 2378.9 -0.00051669 1.8119 0.024491 0.00010225 941.55 1
402.82 32003 2.3641 -0.12037 2383.8 -0.00071983 1.8119 0.025588 6.9868e-05 935.68 1
404.17 32001 2.364 -0.11988 2386.8 -0.00082598 1.8119 0.025833 4.0769e-05 932.09 1
404.51 32000 2.3639 -0.11976 2387.5 -0.00082319 1.8119 0.025646 3.8836e-05 931.21 1
405.33 31998 2.3638 -0.11946 2389.3 -0.00084908 1.8119 0.026046 5.1858e-05 929.01 1
407.16 31995 2.3637 -0.1188 2393.3 -0.00086235 1.812 0.025705 8.8959e-05 924.13 1
409.7 31989 2.3635 -0.11788 2398.7 -0.0010507 1.812 0.024542 0.0001136 917.36 1
412.57 31981 2.3632 -0.11683 2404.6 -0.0013196 1.812 0.024234 0.00011789 909.7 1
415.32 31971 2.3629 -0.11583 2410.3 -0.0016663 1.812 0.024157 0.00010333 902.32 1
417.55 31962 2.3627 -0.11501 2414.7 -0.0013323 1.812 0.031364 7.2375e-05 896.22 1
418.91 31959 2.3626 -0.11452 2417.4 -0.00055116 1.812 0.031671 4.4819e-05 892.39 1
419.24 31958 2.3626 -0.11439 2418 -0.00041847 1.812 0.031652 4.3795e-05 891.46 1
420.34 31958 2.3625 -0.11399 2420.2 0.0001395 1.812 0.031539 6.955e-05 888.35 1
422.78 31962 2.3623 -0.11309 2424.9 0.0013858 1.8121 0.031646 0.00013333 881.48 1
426.16 31981 2.362 -0.11185 2431.4 0.0032311 1.8121 0.032018 0.00017556 871.88 1
429.98 32021 2.3616 -0.11044 2438.7 0.0053818 1.8121 0.032183 0.00019399 861.03 1
433.66 32078 2.3613 -0.10908 2445.6 0.0074705 1.8121 0.032558 0.00017947 850.62 1
436.62 32139 2.361 -0.10797 2451.1 0.0092137 1.8122 0.032912 0.00012795 842.24 1
438.44 32182 2.3608 -0.1073 2454.3 0.010271 1.8122 0.03305 6.7539e-05 837.15 1
438.88 32193 2.3608 -0.10714 2455.1 0.010529 1.8122 0.032605 6.2383e-05 835.91 1
439.98 32223 2.3607 -0.10672 2457.1 0.011143 1.8122 0.033434 9.4032e-05 832.82 1
442.42 32294 2.3605 -0.10582 2461.4 0.012656 1.8122 0.033027 0.00017182 826.02 1
445.8 32403 2.3602 -0.10455 2467.1 0.013218 1.8122 0.023683 0.00021551 816.93 1
449.62 32523 2.3598 -0.10312 2473.1 0.012052 1.8122 0.022769 0.00023097 807.12 1
453.3 32628 2.3595 -0.10174 2478.8 0.010929 1.8123 0.021787 0.0002094 797.8 1
456.26 32703 2.3592 -0.10062 2483.4 0.0095187 1.8123 0.02091 0.00014668 790.43 1
458.08 32744 2.359 -0.099943 2486.1 0.0086994 1.8123 0.020852 7.6845e-05 785.95 1
458.52 32754 2.359 -0.099776 2486.8 0.0084554 1.8123 0.02061 7.0642e-05 784.87 1
459.62 32776 2.3589 -0.099359 2488.5 0.0078851 1.8123 0.020621 0.00010776 782.16 1
462.06 32820 2.3586 -0.09844 2492.2 0.0066323 1.8123 0.020949 0.00019678 776.22 1
465.44 32869 2.3583 -0.097159 2497.3 0.0049561 1.8124 0.021388 0.00025936 767.97 1
469.26 32907 2.358 -0.095711 2503.1 0.0030683 1.8124 0.021112 0.00028877 758.7 1
472.94 32927 2.3576 -0.094315 2508.6 0.0011647 1.8124 0.020595 0.00026537 749.81 1
475.91 32929 2.3573 -0.093185 2513.1 -0.0004652 1.8124 0.019784 0.00019732 742.64 1
477.72 32925 2.3572 -0.092495 2515.9 -0.0015264 1.8124 0.019223 0.00013933 738.27 1
478.16 32923 2.3571 -0.092327 2516.5 -0.0017895 1.8124 0.019167 0.00015459 737.2 1
483.96 32865 2.3566 -0.090108 2525.3 -0.0066003 1.8125 0.012745 0.00071956 723.35 1
496.1 32474 2.3554 -0.085443 2544.8 -0.017946 1.8125 0.014342 0.0011356 693.62 1
511.27 31719 2.354 -0.079558 2573.4 -0.017575 1.8126 0.024633 0.0011609 650.06 1
525.41 31322 2.3526 -0.07401 2601.7 -0.0028723 1.8127 0.025696 0.00090952 602.9 1
534.73 31381 2.3517 -0.07032 2619 0.0071182 1.8127 0.023126 0.00041582 570.91 1
537.08 31430 2.3515 -0.069388 2623.2 0.009339 1.8128 0.014862 9.0264e-05 562.94 1
538.18 31457 2.3513 -0.068948 2625 0.0094619 1.8128 0.013228 0.00012336 559.37 1
540.62 31516 2.3511 -0.067978 2628.9 0.0087804 1.8128 0.0070239 0.0002083 551.71 1
544.01 31582 2.3508 -0.066627 2634.3 0.0055259 1.8128 3.1877e-05 0.00025663 541.52 1
547.83 31611 2.3504 -0.0651 2640.4 0.0002778 1.8128 3.9167e-05 0.00026949 530.35 1
551.5 31597 2.35 -0.063627 2646.5 -0.0025313 1.8128 0.011457 0.00024985 519.18 1
554.47 31579 2.3497 -0.062435 2651.6 -0.0016925 1.8128 0.018854 0.00017917 509.57 1
556.28 31573 2.3496 -0.061706 2654.7 -0.00054406 1.8128 0.020056 9.5399e-05 503.56 1
556.72 31573 2.3495 -0.061529 2655.5 -0.00021793 1.8128 0.020046 8.7766e-05 502.09 1
557.82 31573 2.3494 -0.061084 2657.3 0.00054726 1.8128 0.019621 0.00013113 498.41 1
560.26 31582 2.3492 -0.060102 2661.5 0.0020039 1.8128 0.017829 0.00023877 490.33 1
563.65 31606 2.3488 -0.058734 2667 0.0032305 1.8129 0.014175 0.00030155 479.25 1
567.47 31640 2.3484 -0.057187 2673.1 0.0031037 1.8129 0.010241 0.00032069 467.03 1
571.14 31667 2.3481 -0.055696 2678.9 0.0026454 1.8129 0.012716 0.00029519 455.35 1
574.11 31691 2.3478 -0.05449 2683.6 0.0034534 1.8129 0.016992 0.00021219 445.72 1
575.92 31710 2.3476 -0.053753 2686.4 0.0043943 1.8129 0.017994 0.00011251 439.76 1
576.36 31715 2.3475 -0.053573 2687.1 0.004643 1.8129 0.018013 0.00010373 438.31 1
577.47 31730 2.3474 -0.053122 2688.9 0.0052323 1.8129 0.017443 0.00015705 434.68 1
579.9 31767 2.3472 -0.052129 2692.6 0.0060618 1.8129 0.013197 0.00028424 426.78 1
583.29 31819 2.3468 -0.050746 2697.6 0.0047445 1.8129 0.0032591 0.00036461 416.29 1
587.11 31848 2.3465 -0.049181 2703.1 0.00074644 1.8129 0.0021 0.00039615 404.92 1
590.78 31843 2.3461 -0.047674 2708.7 -0.0010326 1.813 0.012657 0.0003689 393.61 1
593.75 31839 2.3458 -0.046454 2713.2 0.00022365 1.813 0.019115 0.00028056 383.97 1
595.56 31843 2.3456 -0.045709 2716 0.0017278 1.813 0.022441 0.00019064 377.95 1
596 31846 2.3456 -0.045527 2716.7 0.0022059 1.813 0.023068 0.00020498 376.46 1
600.31 31903 2.3451 -0.043752 2723.1 0.0068939 1.813 0.020009 0.00075895 361.96 1
609.6 32065 2.3442 -0.039906 2735.9 0.003435 1.813 1.5346e-05 0.0011536 333.44 1
622 32017 2.3429 -0.034744 2753.4 -0.0033154 1.8131 0.016648 0.0017341 295.8 1
635.07 32098 2.3415 -0.029273 2771.4 0.008924 1.8132 0.016761 0.0017478 252.31 1
646.2 32379 2.3404 -0.024586 2784.8 0.0046239 1.8133 1.7384e-05 0.00094812 218.64 1
653.2 32372 2.3396 -0.021627 2793.4 -0.003309 1.8133 5.5628e-05 0.00050042 198.77 1
654.92 32360 2.3395 -0.020895 2795.6 -0.0052211 1.8133 0.0090266 0.00022315 193.8 1
659.23 32289 2.339 -0.019069 2801.1 -0.0051082 1.8133 0.015287 0.0010481 180.52 1
668.52 32280 2.338 -0.015115 2812.7 0.0034653 1.8134 0.017878 0.0016499 150.08 1
680.93 32346 2.3367 -0.0098116 2827.5 -0.0017335 1.8134 0.00062782 0.0016695 112.48 1
693.99 32404 2.3353 -0.0041982 2840.9 0.014055 1.8136 0.052457 0.0034527 69.015 1
705.12 33700 2.3341 0.00059034 2838.9 0.072742 1.814 0.079229 0.0034562 26.934 1
712.12 35501 2.3334 0.0035818 2825.5 0.10472 1.8142 0.11099 0.0019147 5.7741 1
713.84 36016 2.3332 0.0043162 2820.7 0.11494 1.8143 0.11417 0 0.76583 1
713.84 36016 2.3332 0.0043162 2820.7 0.11494 1.8143 0.11417 0 0.76583 0
714.31 36171 2.3332 0.0045144 2814.4 0.11976 1.8144 0.11333 0.025825 0.76218 0
715.34 36531 2.3331 0.0049489 2801.2 0.1296 1.8152 0.11047 0.10688 0.76103 0
716.77 37072 2.3329 0.0055488 2784.3 0.14137 1.8179 0.10667 0.21572 0.75831 0
718.39 37728 2.3327 0.0062198 2767.3 0.152 1.8224 0.1022 0.34369 0.75703 0
719.94 38395 2.3326 0.0068596 2752.7 0.15968 1.8278 0.098222 0.45974 0.75469 0
721.2 38951 2.3324 0.0073729 2742.1 0.16425 1.8326 0.095116 0.55104 0.7534 0
721.97 39297 2.3323 0.0076846 2736.1 0.16639 1.8355 0.093826 0.5943 0.75126 0
722.15 39381 2.3323 0.0077604 2734.7 0.16685 1.8363 0.093657 0.60196 0.75059 0
722.62 39594 2.3323 0.00795 2731.2 0.16792 1.8381 0.093186 0.62005 0.74833 0
723.65 40066 2.3322 0.0083664 2723.8 0.16979 1.842 0.091229 0.68536 0.74729 0
725.08 40728 2.332 0.0089426 2714.4 0.17126 1.8474 0.088252 0.77484 0.74538 0
726.7 41475 2.3318 0.0095893 2704.8 0.17153 1.8533 0.084915 0.87427 0.74424 0
728.25 42190 2.3316 0.010208 2696.4 0.17065 1.8587 0.082232 0.95311 0.7425 0
729.51 42762 2.3315 0.010706 2690.2 0.16934 1.8627 0.080598 1.0024 0.7413 0
730.27 43108 2.3314 0.011009 2686.6 0.16833 1.865 0.080051 1.0187 0.73972 0
730.46 43192 2.3314 0.011083 2685.7 0.16807 1.8656 0.079983 1.021 0.73924 0
730.93 43402 2.3313 0.011267 2683.6 0.16739 1.8669 0.079792 1.0276 0.73682 0
731.96 43860 2.3312 0.011673 2679.1 0.16576 1.8698 0.078941 1.0539 0.73613 0
733.39 44487 2.331 0.012236 2673.3 0.16317 1.8735 0.077563 1.0888 0.73413 0
735.01 45181 2.3308 0.012869 2667.1 0.15988 1.8773 0.076022 1.116 0.73313 0
736.56 45834 2.3306 0.013477 2661.6 0.15646 1.8806 0.074805 1.1244 0.73127 0
737.82 46349 2.3305 0.013966 2657.5 0.15357 1.8831 0.074079 1.1228 0.73011 0
738.58 46659 2.3304 0.014264 2655 0.15177 1.8845 0.073835 1.1204 0.72835 0
738.77 46733 2.3303 0.014337 2654.5 0.15132 1.8848 0.073806 1.1204 0.72782 0
739.24 46920 2.3303 0.014518 2653 0.1502 1.8857 0.073718 1.1209 0.72442 0
740.27 47325 2.3302 0.014918 2649.9 0.14769 1.8874 0.073322 1.1225 0.72395 0
741.7 47876 2.33 0.015474 2645.8 0.14411 1.8897 0.07267 1.1209 0.72136 0
743.31 48481 2.3298 0.016099 2641.5 0.13998 1.892 0.071936 1.1102 0.72032 0
744.87 49045 2.3296 0.016699 2637.5 0.13594 1.8941 0.071361 1.0927 0.71787 0
746.12 49488 2.3294 0.017184 2634.4 0.13264 1.8956 0.071024 1.078 0.71647 0
746.89 49753 2.3293 0.017479 2632.6 0.1306 1.8965 0.070912 1.0721 0.71404 0
747.08 49817 2.3293 0.017551 2632.2 0.13011 1.8967 0.070899 1.0716 0.71333 0
747.54 49976 2.3292 0.017731 2631.1 0.12886 1.8972 0.070856 1.0708 0.70987 0
748.57 50320 2.3291 0.018127 2628.8 0.12608 1.8983 0.070667 1.0673 0.70857 0
750.01 50786 2.3289 0.018677 2625.7 0.12218 1.8998 0.07036 1.0596 0.70563 0
751.62 51294 2.3287 0.019297 2622.4 0.11772 1.9013 0.070027 1.0459 0.70389 0
753.18 51763 2.3285 0.019893 2619.4 0.1134 1.9027 0.069782 1.0298 0.7011 0
754.43 52130 2.3283 0.020374 2617.1 0.10988 1.9038 0.069647 1.0179 0.69909 0
755.2 52347 2.3282 0.020667 2615.7 0.10773 1.9044 0.069605 1.0135 0.69722 0
755.38 52400 2.3282 0.020738 2615.3 0.1072 1.9045 0.0696 1.0131 0.69702 0
755.97 52562 2.3281 0.020962 2614.3 0.10554 1.905 0.069573 1.0124 0.69399 0
757.26 52910 2.3279 0.021454 2612.1 0.10188 1.9059 0.069458 1.0093 0.69267 0
759.05 53373 2.3277 0.022137 2609.2 0.096732 1.9072 0.0693 1.0015 0.68972 0
761.07 53867 2.3274 0.022908 2606.1 0.09088 1.9086 0.069177 0.98555 0.68801 0
763.01 54312 2.3272 0.023648 2603.3 0.085216 1.9097 0.06914 0.96574 0.68543 0
764.58 54650 2.327 0.024245 2601.1 0.080618 1.9107 0.069151 0.95033 0.68389 0
765.54 54847 2.3268 0.024609 2599.9 0.077803 1.9112 0.069166 0.9444 0.68247 0
765.77 54894 2.3268 0.024698 2599.6 0.077115 1.9113 0.069167 0.94385 0.68234 0
766.35 55010 2.3267 0.02492 2598.9 0.07539 1.9116 0.069169 0.943 0.67998 0
767.64 55255 2.3265 0.025409 2597.3 0.071578 1.9123 0.069186 0.93939 0.67979 0
769.43 55575 2.3263 0.026089 2595.2 0.066252 1.9132 0.06925 0.93199 0.67743 0
771.45 55907 2.326 0.026855 2593 0.060215 1.9142 0.069383 0.91901 0.67657 0
773.39 56195 2.3258 0.027591 2591 0.054388 1.9151 0.069554 0.9039 0.67457 0
774.96 56406 2.3256 0.028186 2589.6 0.049669 1.9158 0.069692 0.89245 0.67396 0
775.92 56526 2.3254 0.028548 2588.7 0.046783 1.9162 0.06975 0.88813 0.67227 0
776.15 56554 2.3254 0.028637 2588.5 0.046079 1.9163 0.069757 0.88773 0.67164 0
776.74 56622 2.3253 0.028858 2588 0.044314 1.9165 0.069775 0.88716 0.66922 0
778.03 56763 2.3251 0.029345 2586.9 0.04042 1.9171 0.069866 0.88482 0.66903 0
779.82 56938 2.3249 0.030022 2585.5 0.034993 1.9178 0.070056 0.88006 0.66726 0
781.84 57105 2.3246 0.030785 2584.1 0.028856 1.9186 0.070337 0.87145 0.66662 0
783.78 57235 2.3243 0.031519 2582.8 0.022946 1.9194 0.07063 0.86118 0.66497 0
785.35 57318 2.3241 0.032111 2581.9 0.018169 1.92 0.070843 0.8533 0.66437 0
786.31 57359 2.324 0.032473 2581.4 0.015252 1.9203 0.070927 0.85034 0.66238 0
786.54 57368 2.324 0.032561 2581.3 0.01454 1.9204 0.070937 0.85008 0.66143 0
787.12 57389 2.3239 0.032781 2581 0.012758 1.9206 0.070965 0.8498 0.65866 0
788.41 57425 2.3237 0.033266 2580.4 0.0088326 1.9211 0.071107 0.84878 0.65788 0
790.2 57453 2.3235 0.033941 2579.6 0.0033714 1.9217 0.071385 0.84654 0.65608 0
792.22 57454 2.3232 0.034702 2578.8 -0.00279 1.9225 0.071771 0.84161 0.65512 0
794.16 57426 2.3229 0.035433 2578.1 -0.0087096 1.9232 0.072153 0.83509 0.65331 0
795.73 57381 2.3227 0.036024 2577.7 -0.013485 1.9238 0.072423 0.82988 0.6522 0
796.69 57344 2.3226 0.036384 2577.5 -0.016396 1.9241 0.072528 0.82792 0.64984 0
796.92 57334 2.3225 0.036472 2577.4 -0.017106 1.9242 0.072541 0.82777 0.64878 0
797.51 57307 2.3225 0.036692 2577.3 -0.018882 1.9244 0.072579 0.82774 0.64575 0
798.8 57237 2.3223 0.037176 2577 -0.022791 1.9249 0.072767 0.82786 0.64448 0
800.59 57120 2.322 0.037849 2576.8 -0.028216 1.9256 0.073129 0.82773 0.64227 0
802.61 56957 2.3217 0.038607 2576.5 -0.034322 1.9263 0.073621 0.82573 0.64091 0
804.55 56771 2.3215 0.039337 2576.4 -0.040172 1.9271 0.074097 0.82208 0.63871 0
806.12 56599 2.3212 0.039926 2576.4 -0.044879 1.9277 0.07443 0.81886 0.63716 0
807.08 56485 2.3211 0.040285 2576.4 -0.047744 1.9281 0.074559 0.81765 0.63453 0
807.31 56456 2.3211 0.040372 2576.4 -0.048441 1.9282 0.074575 0.81758 0.63345 0
807.89 56382 2.321 0.040592 2576.4 -0.050186 1.9285 0.074625 0.81777 0.6302 0
809.18 56209 2.3208 0.041074 2576.5 -0.054018 1.929 0.074869 0.81894 0.62868 0
810.97 55947 2.3206 0.041745 2576.6 -0.059325 1.9298 0.075338 0.82075 0.62608 0
812.99 55623 2.3203 0.042502 2576.8 -0.065276 1.9307 0.075968 0.8213 0.62441 0
814.93 55283 2.32 0.043229 2577.1 -0.070956 1.9316 0.076571 0.82003 0.62188 0
816.5 54987 2.3198 0.043816 2577.3 -0.075508 1.9324 0.076991 0.81843 0.62006 0
817.46 54797 2.3197 0.044174 2577.5 -0.078269 1.9329 0.077155 0.81781 0.61727 0
817.69 54750 2.3196 0.044262 2577.5 -0.078941 1.933 0.077175 0.81781 0.61619 0
818.28 54630 2.3195 0.04448 2577.6 -0.080619 1.9333 0.077241 0.81824 0.61268 0
819.57 54357 2.3194 0.044961 2577.9 -0.084297 1.934 0.077565 0.82053 0.61108 0
821.36 53956 2.3191 0.04563 2578.3 -0.089368 1.935 0.078184 0.82438 0.60818 0
823.38 53477 2.3188 0.046384 2578.7 -0.095022 1.9363 0.079009 0.8275 0.60636 0
825.32 52988 2.3185 0.047109 2579.1 -0.10038 1.9375 0.079794 0.82849 0.60357 0
826.89 52574 2.3183 0.047694 2579.5 -0.10465 1.9386 0.080341 0.82836 0.60161 0
827.85 52313 2.3182 0.048051 2579.7 -0.10722 1.9393 0.080554 0.82829 0.5987 0
828.08 52248 2.3181 0.048138 2579.8 -0.10785 1.9395 0.08058 0.82837 0.59763 0
828.66 52085 2.3181 0.048355 2579.9 -0.10941 1.9399 0.080669 0.82908 0.59383 0
829.95 51716 2.3179 0.048834 2580.2 -0.11281 1.9409 0.081105 0.83272 0.59227 0
831.74 51185 2.3176 0.0495 2580.5 -0.11746 1.9424 0.081933 0.83905 0.58911 0
833.76 50561 2.3173 0.050251 2580.9 -0.12259 1.9443 0.083024 0.84516 0.58726 0
835.7 49936 2.317 0.050972 2581.1 -0.12738 1.9462 0.084056 0.84868 0.58427 0
837.27 49414 2.3168 0.051554 2581.2 -0.13114 1.9479 0.084772 0.85014 0.58226 0
838.23 49088 2.3167 0.051909 2581.3 -0.13337 1.949 0.085051 0.85067 0.57926 0
838.46 49008 2.3166 0.051995 2581.3 -0.13391 1.9493 0.085087 0.85084 0.57821 0
839.05 48805 2.3165 0.052211 2581.3 -0.13525 1.95 0.085206 0.85192 0.5741 0
840.34 48352 2.3163 0.052688 2581.2 -0.13814 1.9516 0.085786 0.85737 0.57264 0
842.13 47707 2.3161 0.053349 2581 -0.14201 1.9541 0.086877 0.86694 0.56928 0
844.15 46959 2.3158 0.054094 2580.5 -0.14616 1.9572 0.088297 0.87673 0.56746 0
846.09 46219 2.3155 0.054809 2579.7 -0.14989 1.9606 0.089625 0.8831 0.56433 0
847.66 45609 2.3152 0.055385 2578.8 -0.15267 1.9636 0.090541 0.88622 0.56232 0
848.62 45232 2.3151 0.055737 2578.1 -0.15425 1.9656 0.090898 0.88736 0.55925 0
848.85 45139 2.3151 0.055822 2578 -0.15463 1.9661 0.090943 0.88762 0.55823 0
849.43 44906 2.315 0.056036 2577.5 -0.15554 1.9674 0.091097 0.88916 0.55387 0
850.72 44389 2.3148 0.056507 2576.3 -0.15743 1.9705 0.091841 0.89685 0.5525 0
852.51 43661 2.3145 0.05716 2574.2 -0.15978 1.9752 0.093215 0.9103 0.54902 0
854.53 42828 2.3142 0.057894 2571.2 -0.16198 1.9812 0.094969 0.92422 0.54723 0
856.47 42019 2.3139 0.058597 2567.4 -0.16357 1.9879 0.096578 0.93341 0.54401 0
858.04 41362 2.3136 0.059163 2563.8 -0.16441 1.994 0.097672 0.93795 0.54201 0
859 40960 2.3135 0.059507 2561.3 -0.16471 1.9981 0.098095 0.93956 0.53889 0
859.23 40862 2.3134 0.059591 2560.6 -0.16476 1.9991 0.098149 0.93993 0.53789 0
859.82 40616 2.3133 0.0598 2558.9 -0.16484 2.0017 0.098333 0.94199 0.53333 0
861.11 40076 2.3131 0.060259 2554.8 -0.16479 2.0079 0.099211 0.9522 0.53203 0
862.9 39328 2.3128 0.060895 2548.2 -0.1642 2.0176 0.10079 0.96982 0.52845 0
864.92 38491 2.3125 0.061606 2539.2 -0.16275 2.0302 0.10274 0.98767 0.5267 0
866.86 37699 2.3121 0.062283 2528.9 -0.16043 2.0442 0.10447 0.99893 0.52342 0
868.43 37071 2.3118 0.062825 2519.2 -0.1578 2.0569 0.10561 1.004 0.52144 0
869.39 36695 2.3117 0.063152 2512.7 -0.15583 2.0653 0.10603 1.0058 0.51828 0
869.62 36604 2.3116 0.063232 2511.1 -0.15531 2.0675 0.10609 1.0062 0.51728 0
870.2 36378 2.3115 0.06343 2506.8 -0.15393 2.0729 0.10627 1.0087 0.51263 0
871.49 35889 2.3113 0.063864 2496.8 -0.15056 2.0858 0.10716 1.0212 0.51136 0
873.28 35232 2.3109 0.06446 2481.1 -0.14516 2.1056 0.10868 1.042 0.50774 0
875.3 34527 2.3105 0.065118 2461 -0.13807 2.1309 0.11046 1.0617 0.506 0
877.24 33890 2.3101 0.065737 2439.2 -0.13011 2.1584 0.1119 1.072 0.50269 0
878.81 33409 2.3098 0.066225 2419.7 -0.12275 2.1827 0.11276 1.075 0.50073 0
879.77 33132 2.3096 0.066516 2407.1 -0.11783 2.1985 0.11305 1.0755 0.49756 0
880 33066 2.3095 0.066587 2403.9 -0.11658 2.2024 0.11309 1.0759 0.49656 0
880.59 32905 2.3094 0.066761 2395.8 -0.11339 2.2124 0.11323 1.0785 0.49195 0
881.88 32569 2.3091 0.06714 2377.4 -0.10609 2.2355 0.11387 1.0909 0.49067 0
883.67 32143 2.3087 0.067651 2350.1 -0.095527 2.2699 0.11488 1.1097 0.48706 0
885.69 31722 2.3082 0.068202 2317.3 -0.083103 2.3116 0.11588 1.1231 0.48532 0
887.63 31379 2.3077 0.068706 2284.3 -0.070512 2.354 0.11648 1.1239 0.48202 0
889.2 31146 2.3073 0.069093 2256.8 -0.059733 2.3895 0.11669 1.1185 0.48006 0
890.16 31025 2.3071 0.069319 2239.8 -0.052899 2.4115 0.11673 1.1155 0.4769 0
890.39 30998 2.307 0.069373 2235.6 -0.05121 2.4169 0.11674 1.1154 0.47591 0
890.97 30934 2.3069 0.069507 2225.1 -0.046976 2.4304 0.11678 1.1169 0.47132 0
892.26 30813 2.3065 0.069792 2202 -0.037686 2.4607 0.11695 1.1239 0.47002 0
894.05 30691 2.306 0.070167 2169.8 -0.025038 2.5033 0.11711 1.1317 0.46642 0
896.07 30612 2.3055 0.070558 2133.8 -0.011044 2.5515 0.11698 1.1293 0.46467 0
898.01 30594 2.3049 0.070903 2099.8 0.0024248 2.5973 0.11653 1.1153 0.46137 0
899.58 30620 2.3045 0.07116 2073.2 0.013429 2.6333 0.11607 1.1003 0.45939 0
900.54 30654 2.3042 0.071307 2057.3 0.020142 2.6548 0.11587 1.0939 0.45621 0
900.77 30664 2.3042 0.071342 2053.5 0.021766 2.66 0.11585 1.0935 0.4552 0
901.36 30692 2.304 0.071428 2044 0.025778 2.6729 0.1158 1.0937 0.45058 0
902.65 30771 2.3036 0.071607 2023.4 0.034322 2.7009 0.11554 1.0948 0.44924 0
904.44 30914 2.3031 0.071837 1995.9 0.045456 2.7386 0.11495 1.0934 0.44559 0
906.46 31120 2.3025 0.07207 1966.5 0.057118 2.7792 0.11396 1.0825 0.44377 0
908.4 31356 2.302 0.072269 1939.9 0.067647 2.8159 0.11284 1.064 0.44039 0
909.97 31573 2.3015 0.072414 1919.6 0.07572 2.8437 0.11199 1.048 0.43833 0
910.93 31716 2.3013 0.072496 1907.8 0.080417 2.8599 0.11165 1.0415 0.43502 0
911.16 31752 2.3012 0.072515 1904.9 0.081528 2.8638 0.11161 1.041 0.43396 0
911.74 31844 2.301 0.072561 1897.9 0.084232 2.8733 0.11151 1.0408 0.42921 0
913.03 32056 2.3006 0.072658 1882.9 0.0898 2.8938 0.11103 1.0403 0.42774 0
914.82 32368 2.3001 0.072779 1863.1 0.096609 2.9208 0.11009 1.0375 0.42392 0
916.84 32742 2.2996 0.072898 1842.4 0.10311 2.949 0.10877 1.0273 0.42194 0
918.78 33118 2.299 0.072997 1823.9 0.10838 2.974 0.10746 1.0118 0.41835 0
920.35 33432 2.2986 0.073067 1809.9 0.11201 2.9926 0.10653 0.99858 0.41607 0
921.31 33627 2.2983 0.073105 1801.7 0.11396 3.0033 0.10617 0.99337 0.41249 0
921.54 33675 2.2983 0.073114 1799.8 0.1144 3.0059 0.10613 0.99295 0.41131 0
922.13 33795 2.2981 0.073135 1795 0.11543 3.0122 0.10602 0.99278 0.40628 0
923.42 34063 2.2977 0.073179 1784.7 0.11737 3.0256 0.1055 0.99246 0.40454 0
925.21 34439 2.2972 0.073232 1771.2 0.11931 3.0432 0.10453 0.99033 0.40037 0
927.23 34866 2.2967 0.073281 1757 0.12057 3.0615 0.10323 0.9821 0.39807 0
929.17 35276 2.2962 0.073319 1744.3 0.12099 3.0777 0.10199 0.96925 0.39409 0
930.74 35605 2.2957 0.073343 1734.6 0.12085 3.0898 0.10113 0.95822 0.39147 0
931.7 35805 2.2955 0.073355 1729 0.12055 3.0968 0.1008 0.95386 0.38743 0
931.93 35854 2.2954 0.073358 1727.7 0.12046 3.0984 0.10076 0.9535 0.38606 0
932.51 35975 2.2953 0.073365 1724.3 0.12017 3.1026 0.10064 0.95332 0.38059 0
933.8 36239 2.2949 0.073376 1717.2 0.11932 3.1113 0.1001 0.95283 0.37838 0
935.59 36602 2.2944 0.073388 1707.8 0.11762 3.1228 0.09908 0.9505 0.37368 0
937.61 37002 2.2939 0.073395 1697.8 0.11508 3.1349 0.097746 0.9427 0.37085 0
939.55 37375 2.2934 0.073395 1688.9 0.11212 3.1457 0.096497 0.93091 0.36625 0
941.12 37668 2.293 0.073392 1682 0.10939 3.1538 0.095646 0.92092 0.36303 0
942.08 37842 2.2927 0.073388 1678 0.1076 3.1585 0.095326 0.91697 0.35822 0
942.31 37884 2.2927 0.073387 1677 0.10715 3.1596 0.095288 0.91663 0.35649 0
942.9 37988 2.2925 0.073384 1674.7 0.10598 3.1624 0.095174 0.91634 0.35047 0
944.19 38213 2.2922 0.073376 1669.5 0.10328 3.1684 0.094642 0.91521 0.3473 0
945.98 38515 2.2917 0.073362 1662.8 0.099214 3.1763 0.093677 0.91187 0.3417 0
948 38839 2.2912 0.073341 1655.5 0.094243 3.1847 0.092444 0.90345 0.33781 0
949.94 39133 2.2907 0.073318 1649 0.08914 3.1923 0.091322 0.89176 0.33209 0
951.51 39358 2.2903 0.073296 1644 0.084824 3.1981 0.090572 0.88209 0.32771 0
952.47 39489 2.2901 0.073282 1641 0.082108 3.2015 0.090294 0.87825 0.32143 0
952.7 39520 2.29 0.073278 1640.3 0.081435 3.2023 0.090261 0.8779 0.31899 0
953.28 39597 2.2899 0.073269 1638.6 0.079734 3.2043 0.090161 0.87738 0.31178 0
954.57 39761 2.2895 0.073248 1634.8 0.075917 3.2087 0.08969 0.87506 0.3067 0
956.36 39975 2.2891 0.073216 1629.8 0.070433 3.2146 0.088847 0.86947 0.30102 0
958.38 40196 2.2886 0.073177 1624.4 0.064037 3.2209 0.087788 0.85853 0.29795 0
960.32 40388 2.2881 0.073137 1619.5 0.057722 3.2266 0.086841 0.84475 0.29656 0
961.89 40528 2.2877 0.073102 1615.8 0.052522 3.2311 0.086219 0.83361 0.29297 0
962.85 40607 2.2874 0.07308 1613.6 0.049301 3.2337 0.085991 0.82909 0.28361 0
963.08 40625 2.2874 0.073075 1613 0.048509 3.2344 0.085964 0.82861 0.2803 0
963.47 40655 2.2873 0.073066 1612.2 0.047182 3.2354 0.085926 0.82813 0.27292 0
964.33 40719 2.2871 0.073045 1610.3 0.04425 3.2377 0.085747 0.82603 0.26565 0
965.53 40800 2.2868 0.073016 1607.7 0.040138 3.2409 0.085426 0.8222 0.25808 0
966.87 40882 2.2864 0.072982 1604.9 0.035457 3.2444 0.085026 0.81672 0.25445 0
968.17 40951 2.2861 0.072948 1602.3 0.030921 3.2477 0.08467 0.81114 0.2551 0
969.21 41000 2.2858 0.07292 1600.2 0.02723 3.2504 0.084437 0.80717 0.25476 0
969.85 41026 2.2857 0.072903 1599 0.024968 3.252 0.084352 0.80571 0.25497 0
970.01 41032 2.2856 0.072898 1598.7 0.024415 3.2524 0.084342 0.80556 0.25489 0
970.4 41047 2.2855 0.072887 1598 0.023029 3.2533 0.08431 0.80527 0.25489 0
971.26 41077 2.2853 0.072863 1596.4 0.019965 3.2555 0.084158 0.80399 0.25489 0
972.45 41111 2.285 0.072829 1594.2 0.015681 3.2584 0.083885 0.80153 0.25489 0
973.8 41139 2.2847 0.07279 1591.9 0.010822 3.2617 0.083545 0.79776 0.25489 0
975.09 41157 2.2844 0.072751 1589.7 0.0061308 3.2648 0.083245 0.7937 0.25489 0
976.14 41164 2.2841 0.072718 1587.9 0.0023316 3.2673 0.083051 0.79072 0.25489 0
976.78 41165 2.284 0.072698 1586.9 1.0451e-05 3.2688 0.08298 0.7896 0.25489 0
976.93 41165 2.2839 0.072694 1586.7 -0.00055582 3.2692 0.082971 0.78949 0.25489 0
977.32 41164 2.2838 0.072681 1586.1 -0.0019737 3.2701 0.082944 0.78928 0.25489 0
978.18 41160 2.2836 0.072654 1584.7 -0.0051012 3.2721 0.082814 0.78837 0.25489 0
979.37 41146 2.2833 0.072615 1582.9 -0.0094548 3.2749 0.082583 0.78655 0.25489 0
980.72 41121 2.283 0.07257 1580.9 -0.01437 3.2781 0.082296 0.78358 0.25489 0
982.01 41086 2.2827 0.072526 1579.1 -0.01909 3.2812 0.082046 0.78026 0.25489 0
983.06 41052 2.2824 0.07249 1577.6 -0.022896 3.2836 0.081885 0.77776 0.25489 0
983.7 41028 2.2823 0.072468 1576.7 -0.025214 3.2852 0.081827 0.77681 0.25489 0
983.85 41021 2.2822 0.072462 1576.5 -0.025778 3.2855 0.08182 0.77672 0.25489 0
984.24 41005 2.2821 0.072448 1576 -0.02719 3.2864 0.081797 0.77654 0.25489 0
985.1 40966 2.2819 0.072418 1574.9 -0.030296 3.2885 0.081689 0.77574 0.25489 0
986.3 40905 2.2816 0.072374 1573.3 -0.034602 3.2913 0.081499 0.77412 0.25489 0
987.64 40827 2.2813 0.072325 1571.6 -0.039436 3.2946 0.081267 0.77144 0.25489 0
988.94 40742 2.281 0.072276 1570 -0.044054 3.2977 0.081066 0.76841 0.25489 0
989.98 40667 2.2807 0.072236 1568.7 -0.047757 3.3002 0.080937 0.76613 0.25489 0
990.62 40618 2.2806 0.072211 1568 -0.050003 3.3018 0.080891 0.76526 0.25489 0
990.78 40606 2.2806 0.072205 1567.8 -0.050549 3.3022 0.080885 0.76517 0.25489 0
991.17 40575 2.2805 0.07219 1567.3 -0.051913 3.3031 0.080866 0.76499 0.25489 0
992.03 40503 2.2803 0.072156 1566.3 -0.054906 3.3053 0.080777 0.76418 0.25489 0
993.22 40396 2.28 0.072108 1564.9 -0.059033 3.3083 0.080615 0.76254 0.25489 0
994.57 40267 2.2796 0.072053 1563.4 -0.063638 3.3117 0.080416 0.7599 0.25489 0
995.86 40134 2.2793 0.071999 1561.9 -0.068004 3.315 0.080242 0.75697 0.25489 0
996.91 40020 2.2791 0.071955 1560.8 -0.071483 3.3177 0.08013 0.75478 0.25489 0
997.55 39948 2.2789 0.071927 1560 -0.073582 3.3194 0.080091 0.75394 0.25489 0
997.7 39930 2.2789 0.071921 1559.9 -0.074092 3.3198 0.080086 0.75385 0.25489 0
998.09 39885 2.2788 0.071904 1559.4 -0.075362 3.3209 0.080069 0.75366 0.25489 0
998.95 39782 2.2786 0.071866 1558.5 -0.078136 3.3232 0.079992 0.75277 0.25489 0
1000.1 39634 2.2783 0.071814 1557.2 -0.081937 3.3264 0.079865 0.75097 0.25489 0
1001.5 39458 2.278 0.071753 1555.7 -0.086137 3.3302 0.079724 0.74819 0.25489 0
1002.8 39281 2.2777 0.071694 1554.2 -0.090076 3.3339 0.079622 0.7452 0.25489 0
1003.8 39132 2.2774 0.071645 1553.1 -0.093183 3.3369 0.07957 0.74299 0.25489 0
1004.5 39039 2.2773 0.071615 1552.3 -0.095042 3.3388 0.079554 0.74214 0.25489 0
1004.6 39016 2.2772 0.071608 1552.2 -0.095492 3.3392 0.079552 0.74205 0.25489 0
1005 38958 2.2771 0.071589 1551.7 -0.096609 3.3404 0.079545 0.74182 0.25489 0
1005.9 38828 2.2769 0.071548 1550.7 -0.099035 3.343 0.079509 0.74076 0.25489 0
1007.1 38642 2.2767 0.07149 1549.3 -0.10232 3.3467 0.079454 0.73866 0.25489 0
1008.4 38425 2.2763 0.071424 1547.7 -0.10589 3.351 0.079418 0.73557 0.25489 0
1009.7 38210 2.276 0.071359 1546.1 -0.10917 3.3552 0.079409 0.73239 0.25489 0
1010.8 38032 2.2758 0.071305 1544.8 -0.11172 3.3587 0.079412 0.7301 0.25489 0
1011.4 37921 2.2756 0.071272 1543.9 -0.11322 3.3609 0.079417 0.72922 0.25489 0
1011.5 37894 2.2756 0.071264 1543.7 -0.11357 3.3614 0.079417 0.72912 0.25489 0
1011.9 37826 2.2755 0.071243 1543.2 -0.11446 3.3627 0.079418 0.72886 0.25489 0
1012.8 37673 2.2753 0.071198 1542.1 -0.11637 3.3658 0.079427 0.72759 0.25489 0
1014 37457 2.275 0.071134 1540.4 -0.1189 3.3701 0.079453 0.72518 0.25489 0
1015.3 37208 2.2747 0.07106 1538.4 -0.12155 3.3751 0.079495 0.72183 0.25489 0
1016.6 36965 2.2744 0.070988 1536.5 -0.12389 3.3801 0.079542 0.71857 0.25489 0
1017.7 36765 2.2742 0.070929 1534.8 -0.12563 3.3842 0.079574 0.7163 0.25489 0
1018.3 36641 2.274 0.070892 1533.7 -0.12661 3.3868 0.079586 0.71545 0.25489 0
1018.5 36611 2.274 0.070883 1533.5 -0.12685 3.3874 0.079587 0.71535 0.25489 0
1018.9 36536 2.2739 0.070861 1532.8 -0.12742 3.389 0.079589 0.71506 0.25489 0
1019.7 36368 2.2737 0.070811 1531.3 -0.1286 3.3927 0.079593 0.7137 0.25489 0
1020.9 36132 2.2734 0.07074 1529.2 -0.13006 3.3978 0.079599 0.71116 0.25489 0
1022.3 35864 2.2731 0.070658 1526.6 -0.13146 3.4038 0.079635 0.70782 0.25489 0
1023.6 35604 2.2728 0.070578 1524 -0.13252 3.4098 0.0797 0.70471 0.25489 0
1024.6 35392 2.2726 0.070512 1521.7 -0.13318 3.4148 0.07976 0.70263 0.25489 0
1025.2 35263 2.2725 0.070471 1520.3 -0.13348 3.418 0.079784 0.70186 0.25489 0
1025.4 35232 2.2724 0.070461 1520 -0.13355 3.4187 0.079787 0.70176 0.25489 0
1025.8 35153 2.2723 0.070436 1519.1 -0.13369 3.4207 0.079793 0.70148 0.25489 0
1026.6 34979 2.2721 0.07038 1517.1 -0.13391 3.4251 0.079833 0.70013 0.25489 0
1027.8 34737 2.2719 0.070301 1514.2 -0.13398 3.4313 0.079928 0.69771 0.25489 0
1029.2 34466 2.2716 0.07021 1510.7 -0.13372 3.4387 0.080046 0.69476 0.25489 0
1030.5 34205 2.2713 0.07012 1507.1 -0.13312 3.446 0.080136 0.69226 0.25489 0
1031.5 33997 2.271 0.070047 1504 -0.13238 3.4521 0.08019 0.69073 0.25489 0
1032.2 33870 2.2709 0.070001 1502.1 -0.13182 3.4559 0.080205 0.6902 0.25489 0
1032.3 33840 2.2709 0.06999 1501.6 -0.13166 3.4569 0.080207 0.69013 0.25489 0
1032.7 33763 2.2708 0.069962 1500.4 -0.13127 3.4592 0.080209 0.68992 0.25489 0
1033.6 33595 2.2706 0.069899 1497.7 -0.13027 3.4646 0.080214 0.68896 0.25489 0
1034.8 33365 2.2703 0.06981 1493.7 -0.12862 3.4722 0.080206 0.68741 0.25489 0
1036.1 33109 2.27 0.069708 1489 -0.12638 3.4812 0.080178 0.68583 0.25489 0
1037.4 32869 2.2697 0.069607 1484.2 -0.12384 3.4901 0.080133 0.68483 0.25489 0
1038.4 32679 2.2695 0.069524 1480.1 -0.12152 3.4975 0.08009 0.6844 0.25489 0
1039.1 32565 2.2694 0.069473 1477.6 -0.11998 3.5021 0.080069 0.6843 0.25489 0
1039.2 32538 2.2694 0.06946 1476.9 -0.11959 3.5033 0.080067 0.68429 0.25489 0
1039.6 32469 2.2693 0.069429 1475.3 -0.1186 3.5061 0.080054 0.68424 0.25489 0
1040.5 32321 2.2691 0.069358 1471.7 -0.11628 3.5126 0.079989 0.68406 0.25489 0
1041.7 32121 2.2688 0.069258 1466.5 -0.1128 3.5218 0.079849 0.68402 0.25489 0
1043 31903 2.2685 0.069143 1460.4 -0.10851 3.5325 0.079647 0.68446 0.25489 0
1044.3 31703 2.2683 0.06903 1454.2 -0.10404 3.5431 0.079441 0.68535 0.25489 0
1045.4 31548 2.2681 0.068937 1449.1 -0.1002 3.5519 0.07929 0.68619 0.25489 0
1046 31456 2.2679 0.068879 1445.9 -0.097759 3.5574 0.079228 0.68656 0.25489 0
1046.2 31434 2.2679 0.068865 1445.1 -0.097152 3.5587 0.07922 0.68661 0.25489 0
1050.3 30913 2.2671 0.06848 1423.2 -0.080405 3.5957 0.076219 0.71347 0.25489 0
1058.8 30142 2.2654 0.067591 1374.4 -0.051 3.6835 0.064504 0.87315 0.25489 0
1069.5 29494 2.2636 0.066317 1314.9 -0.045199 3.8124 0.052758 1.1211 0.25489 0
1079.5 28826 2.2621 0.064971 1260.6 -0.059064 3.949 0.051585 1.1368 0.25489 0
1086.1 28340 2.2612 0.064011 1220.9 -0.056734 4.0465 0.056057 0.99634 0.25489 0
1087.7 28230 2.2611 0.063762 1209.9 -0.052708 4.0716 0.056935 0.96781 0.25489 0
1088.5 28182 2.261 0.063644 1204.6 -0.050671 4.0835 0.057021 0.96593 0.25489 0
1090.2 28082 2.2608 0.063382 1192.8 -0.045905 4.1101 0.057425 0.95875 0.25489 0
1092.6 27963 2.2605 0.063013 1175.7 -0.038554 4.1476 0.058236 0.94599 0.25489 0
1095.3 27856 2.2603 0.062594 1155.5 -0.029076 4.1905 0.059487 0.92426 0.25489 0
1097.9 27785 2.2601 0.062187 1135.1 -0.018592 4.232 0.060846 0.89835 0.25489 0
1100 27752 2.2599 0.061858 1118 -0.0092077 4.2654 0.061862 0.87785 0.25489 0
1101.2 27744 2.2598 0.061657 1107.2 -0.0032137 4.2856 0.06226 0.86987 0.25489 0
1101.6 27743 2.2598 0.061608 1104.6 -0.0017472 4.2906 0.062304 0.86907 0.25489 0
1102.3 27743 2.2597 0.061485 1098 0.0019037 4.3029 0.06242 0.86759 0.25489 0
1104 27754 2.2596 0.061215 1083.2 0.0098886 4.3299 0.062971 0.86091 0.25489 0
1106.4 27794 2.2595 0.060841 1062.2 0.020927 4.367 0.064028 0.84721 0.25489 0
1109.1 27870 2.2593 0.060422 1038.1 0.033335 4.408 0.065492 0.82549 0.25489 0
1111.7 27975 2.2592 0.060024 1014.4 0.045123 4.446 0.066907 0.80239 0.25489 0
1113.8 28080 2.2591 0.059706 995.11 0.054293 4.4756 0.067865 0.78598 0.25489 0
1115.1 28152 2.2591 0.059514 983.34 0.059578 4.4932 0.068213 0.77996 0.25489 0
1115.4 28170 2.2591 0.059467 980.47 0.060811 4.4974 0.068251 0.77933 0.25489 0
1116.2 28218 2.2591 0.059351 973.3 0.063781 4.5079 0.068348 0.77789 0.25489 0
1117.9 28328 2.259 0.059097 957.57 0.069784 4.5304 0.068775 0.77174 0.25489 0
1120.3 28495 2.2589 0.05875 935.87 0.076916 4.5605 0.069476 0.7618 0.25489 0
1123 28694 2.2589 0.058366 911.73 0.083174 4.5928 0.070276 0.75032 0.25489 0
1125.6 28893 2.2589 0.058005 888.97 0.087253 4.622 0.07089 0.74151 0.25489 0
1127.7 29056 2.2588 0.057719 870.99 0.089026 4.6443 0.071215 0.73685 0.25489 0
1128.9 29154 2.2588 0.057548 860.21 0.0894 4.6574 0.0713 0.73564 0.25489 0
1129.2 29178 2.2588 0.057506 857.61 0.089405 4.6606 0.071306 0.73555 0.25489 0
