time (s) altitude (m) velocity (m/s) mass (kg) dynamic pressure (Pa)trajectory angle (rad) Lift (N)Drag (N)heading angle (rad) latitude (rad) angle of attack (rad) 
635.23 44999 2665.3 3300 6682.5 0.18915 8309.4 2979.2 1.8294 -0.019354 0.29033
636.76 45767 2681.1 3277.3 6078 0.1881 7557.9 2709.4 1.8294 -0.018748 0.29033
639.49 47136 2710 3236.9 5153.2 0.18603 6511.7 2350.8 1.8295 -0.017659 0.2935
641.8 48296 2735.2 3202.6 4534 0.18413 5794.5 2101.2 1.8296 -0.016726 0.29574
642.44 48616 2742.2 3193.2 4376.9 0.18359 5582.3 2022.2 1.8296 -0.016467 0.29532
643.97 49383 2759.3 3170.5 4022.7 0.18226 5156.8 1871.6 1.8296 -0.015843 0.29632
646.7 50746 2790.3 3130.1 3463.1 0.17978 4454.4 1618 1.8297 -0.014721 0.29696
649.02 51900 2817.2 3095.8 3078.8 0.17759 3934.1 1423.6 1.8298 -0.01376 0.29557
649.66 52218 2824.7 3086.3 2982 0.17698 3798.2 1372.1 1.8298 -0.013492 0.2949
651.19 52980 2842.9 3063.6 2761.4 0.17548 3509.3 1265.6 1.8298 -0.012849 0.29439
653.92 54332 2876 3023.2 2405.5 0.17275 3020.9 1082.2 1.8299 -0.011693 0.29194
656.24 55474 2904.6 2988.9 2137.5 0.17037 2648.9 941.92 1.83 -0.010701 0.28925
656.88 55789 2912.7 2979.5 2068.5 0.16971 2550.4 904.21 1.83 -0.010425 0.28824
658.41 56542 2932 2956.8 1911.6 0.16811 2344.1 827.89 1.83 -0.0097613 0.28715
661.14 57877 2967.2 2916.4 1659.3 0.16523 1995.9 696.68 1.8301 -0.0085676 0.28339
663.45 59005 2997.6 2882.1 1470 0.16275 1741.1 601.72 1.8301 -0.0075433 0.28042
664.09 59315 3006.2 2872.6 1421.4 0.16206 1676.5 577.78 1.8301 -0.0072587 0.27962
665.62 60057 3026.7 2849.9 1311 0.16042 1539.8 529.01 1.8302 -0.0065729 0.27878
668.35 61373 3063.9 2809.5 1134 0.15752 1326.1 453.78 1.8302 -0.0053397 0.27787
670.67 62483 3096.1 2775.3 1001.6 0.15509 1159.9 394.68 1.8303 -0.0042812 0.27593
671.31 62789 3105.1 2765.8 967.68 0.15442 1111.8 377.01 1.8303 -0.003987 0.2744
672.84 63519 3126.8 2743.1 890.7 0.15281 1009.5 340.11 1.8303 -0.0032782 0.27178
675.57 64814 3166.2 2702.7 767.63 0.14994 836.19 276.68 1.8304 -0.0020032 0.26439
677.89 65906 3200.3 2668.4 675.93 0.14747 712.57 232.04 1.8304 -0.00090855 0.2585
678.53 66207 3209.9 2659 652.49 0.14679 680.11 220.25 1.8305 -0.00060423 0.2565
680.06 66925 3232.9 2636.3 599.4 0.14515 611.16 195.67 1.8305 0.00012896 0.25269
682.79 68196 3274.6 2595.9 514.79 0.14222 502.13 156.95 1.8306 0.0014482 0.24527
685.1 69268 3310.7 2561.6 451.98 0.13974 433.25 134.74 1.8306 0.0025811 0.24232
685.74 69562 3320.8 2552.1 435.96 0.13907 413.4 128.27 1.8306 0.0028961 0.24047
687.27 70266 3345.2 2529.4 399.72 0.13745 370.92 114.59 1.8306 0.0036551 0.23684
690 71512 3389.3 2489 341.5 0.13455 298.86 91.054 1.8307 0.005021 0.2274
692.32 72561 3427.6 2454.7 297.99 0.13207 247.92 74.567 1.8307 0.0061943 0.21968
692.96 72850 3438.2 2445.3 286.98 0.13138 234.3 70.106 1.8307 0.0065206 0.2169
694.49 73538 3464.1 2422.6 262.19 0.12973 205.8 60.901 1.8308 0.0073069 0.21126
697.22 74755 3511 2382.2 223.21 0.12662 138.11 39.525 1.8308 0.0087223 0.17913
699.54 75776 3551.9 2347.9 194.8 0.12359 81.667 23.843 1.8309 0.0099386 0.13593
700.18 76055 3563.3 2338.4 187.65 0.12267 71.148 21.392 1.8309 0.010277 0.12579
701.71 76719 3591.1 2315.7 171.62 0.12034 47.775 16.066 1.8309 0.011092 0.099207
704.44 77882 3641.5 2275.3 146.65 0.11574 18.37 10.757 1.8309 0.012561 0.051534
706.75 78844 3685.3 2241.1 128.67 0.11138 3.0899 8.6701 1.831 0.013824 0.011169
707.39 79105 3697.6 2231.6 124.17 0.1101 -7.163e-16 8.2466 1.831 0.014175 0
707.39 79105 3697.6 2231.6 124.17 0.1101 -7.163e-16 8.2466 1.831 0.014175 0
708.39 79511 3696.5 2231.6 116.18 0.10806 8.9358e-16 7.7132 1.831 0.014726 0
709.39 79906 3695.5 2231.6 108.88 0.10603 -6.2805e-16 7.2259 1.831 0.015277 0
710.39 80293 3694.6 2231.6 102.13 0.10399 2.6185e-16 6.7762 1.831 0.015827 0
711.39 80673 3693.6 2231.6 95.905 0.10195 -1.3523e-15 6.3609 1.8311 0.016377 0
712.39 81045 3692.7 2231.6 90.149 0.099913 -8.0892e-16 5.9772 1.8311 0.016928 0
713.39 81409 3691.8 2231.6 84.824 0.097874 -3.262e-16 5.6225 1.8311 0.017478 0
714.39 81766 3690.9 2231.6 79.899 0.095834 3.5847e-16 5.2944 1.8311 0.018028 0
715.39 82116 3690 2231.6 75.339 0.093793 -6.7603e-16 4.9907 1.8311 0.018578 0
716.39 82457 3689.1 2231.6 71.115 0.091751 3.1906e-16 4.7095 1.8311 0.019128 0
717.39 82792 3688.3 2231.6 67.2 0.089708 -6.03e-16 4.449 1.8311 0.019679 0
718.39 83118 3687.5 2231.6 63.571 0.087664 -2.4447e-16 4.2075 1.8312 0.020228 0
719.39 83437 3686.7 2231.6 60.204 0.08562 -5.4022e-16 3.9836 1.8312 0.020778 0
720.39 83749 3685.9 2231.6 57.08 0.083574 7.3169e-17 3.7758 1.8312 0.021328 0
721.39 84053 3685.2 2231.6 54.178 0.081528 5.2088e-16 3.5829 1.8312 0.021878 0
722.39 84349 3684.4 2231.6 51.483 0.079481 6.5995e-17 3.4038 1.8312 0.022428 0
723.39 84638 3683.7 2231.6 48.978 0.077434 -5.9645e-16 3.2373 1.8312 0.022978 0
724.39 84919 3683 2231.6 46.618 0.075385 -3.2867e-16 3.0807 1.8312 0.023527 0
725.39 85193 3682.3 2100.7 0 0.073336 -0 0 1.8312 0.024077 0
726.39 85459 3681.7 2100.7 0 0.071287 -0 0 1.8312 0.024627 0
727.39 85717 3681 2100.7 0 0.069236 0 0 1.8313 0.025176 0
728.39 85968 3680.4 2100.7 0 0.067185 0 0 1.8313 0.025726 0
729.39 86211 3679.8 2100.7 0 0.065134 -0 0 1.8313 0.026275 0
730.39 86447 3679.3 2100.7 0 0.063081 -0 0 1.8313 0.026825 0
731.39 86675 3678.7 2100.7 0 0.061028 -0 0 1.8313 0.027374 0
732.39 86896 3678.2 2100.7 0 0.058975 -0 0 1.8313 0.027924 0
733.39 87109 3677.6 2100.7 0 0.056921 -0 0 1.8313 0.028473 0
734.39 87314 3677.1 2100.7 0 0.054867 -0 0 1.8313 0.029022 0
735.39 87512 3676.7 2100.7 0 0.052812 -0 0 1.8313 0.029572 0
736.39 87702 3676.2 2100.7 0 0.050756 -0 0 1.8313 0.030121 0
737.39 87885 3675.8 2100.7 0 0.0487 0 0 1.8313 0.03067 0
738.39 88060 3675.3 2100.7 0 0.046644 -0 0 1.8313 0.031219 0
739.39 88228 3674.9 2100.7 0 0.044587 -0 0 1.8313 0.031769 0
740.39 88388 3674.6 2100.7 0 0.04253 -0 0 1.8314 0.032318 0
741.39 88540 3674.2 2100.7 0 0.040473 0 0 1.8314 0.032867 0
742.39 88685 3673.8 2100.7 0 0.038415 -0 0 1.8314 0.033416 0
743.39 88822 3673.5 2100.7 0 0.036356 -0 0 1.8314 0.033965 0
744.39 88952 3673.2 2100.7 0 0.034298 -0 0 1.8314 0.034514 0
745.39 89074 3672.9 2100.7 0 0.032239 0 0 1.8314 0.035063 0
746.39 89189 3672.7 2100.7 0 0.03018 -0 0 1.8314 0.035612 0
747.39 89296 3672.4 2100.7 0 0.02812 -0 0 1.8314 0.036162 0
748.39 89395 3672.2 2100.7 0 0.026061 0 0 1.8314 0.036711 0
749.39 89487 3672 2100.7 0 0.024001 -0 0 1.8314 0.03726 0
750.39 89572 3671.8 2100.7 0 0.02194 -0 0 1.8314 0.037809 0
751.39 89648 3671.7 2100.7 0 0.01988 0 0 1.8314 0.038358 0
752.39 89718 3671.5 2100.7 0 0.01782 0 0 1.8314 0.038907 0
753.39 89779 3671.4 2100.7 0 0.015759 -0 0 1.8314 0.039456 0
754.39 89833 3671.3 2100.7 0 0.013698 -0 0 1.8314 0.040005 0
755.39 89880 3671.2 2100.7 0 0.011637 -0 0 1.8314 0.040554 0
756.39 89919 3671.1 2100.7 0 0.0095765 0 0 1.8314 0.041103 0
757.39 89950 3671.1 2100.7 0 0.0075155 0 0 1.8314 0.041652 0
758.39 89974 3671 2100.7 0 0.0054544 0 0 1.8314 0.042201 0
759.39 89990 3671 2100.7 0 0.0033934 0 0 1.8314 0.04275 0
760.39 89999 3671 2100.7 0 0.0013323 0 0 1.8314 0.043299 0
761.39 90000 3671.1 2100.7 0 0 0 0 1.8314 0.043848 0
