time (s) altitude (m) velocity (m/s) mass (kg) dynamic pressure (Pa)trajectory angle (rad) Lift (N)Drag (N)heading angle (rad) latitude (rad) angle of attack (rad) 
598.8 37134 2944.8 3300 25641 0.11133 29097 9905 1.8118 -0.023517 0.27225
600.72 37772 2961.3 3271.7 23539 0.11479 27759 9577.8 1.8119 -0.022665 0.27962
604.13 38962 2991.9 3221.2 20100 0.12013 24283 8479.9 1.8119 -0.021138 0.28418
607.02 40021 3019.2 3178.3 17498 0.12381 22063 7865 1.812 -0.01983 0.29253
607.82 40320 3026.9 3166.5 16830 0.12475 21543 7733.6 1.812 -0.019467 0.29556
609.74 41050 3045.6 3138.1 15316 0.12683 20016 7252.4 1.812 -0.018594 0.29981
613.15 42388 3080.3 3087.7 12914 0.12982 17157 6259.4 1.8121 -0.017025 0.30322
616.04 43556 3111.2 3044.8 11154 0.13164 14876 5434.7 1.8122 -0.015681 0.30404
616.84 43883 3119.9 3033 10710 0.13203 14306 5229.7 1.8122 -0.015307 0.30437
618.76 44675 3141.3 3004.6 9713.5 0.13283 13099 4807.3 1.8122 -0.014408 0.30636
622.17 46108 3180.5 2954.1 8160.5 0.13378 11146 4111.9 1.8123 -0.012791 0.30909
625.06 47344 3215.1 2911.3 7064.5 0.13417 9675.8 3571.9 1.8123 -0.011404 0.30968
625.86 47688 3224.8 2899.5 6805.2 0.13422 9286 3421.4 1.8123 -0.011018 0.30886
627.77 48518 3248.5 2871.1 6219.1 0.13424 8500.4 3132.1 1.8124 -0.010089 0.3092
631.18 50009 3291.9 2820.6 5290.5 0.13399 7186.3 2637.3 1.8125 -0.0084176 0.30782
634.08 51287 3330 2777.8 4620.6 0.13351 6207.9 2264.2 1.8125 -0.006982 0.30543
634.88 51641 3340.7 2766 4462.3 0.13335 5954.3 2163.8 1.8125 -0.0065828 0.30397
636.79 52494 3366.7 2737.6 4101.2 0.13288 5445.7 1972.1 1.8126 -0.0056207 0.3029
640.2 54020 3414.1 2687.1 3519 0.13189 4569 1633.3 1.8126 -0.0038886 0.29816
643.1 55323 3455.6 2644.3 3081.7 0.13088 3918.6 1383.5 1.8127 -0.0023998 0.29386
643.89 55683 3467.3 2632.5 2969.5 0.13057 3744.8 1315.8 1.8127 -0.0019856 0.29218
645.81 56548 3495.6 2604.1 2714.8 0.12981 3396 1186.5 1.8127 -0.00098711 0.29053
649.22 58094 3547.1 2553.6 2307.8 0.12836 2798.9 962.4 1.8128 0.00081147 0.28449
652.11 59410 3592 2510.8 2005.2 0.12703 2382.9 811.72 1.8128 0.0023583 0.28065
652.91 59774 3604.6 2499 1928.1 0.12666 2283.2 776.69 1.8129 0.0027888 0.28
654.83 60646 3635.2 2470.6 1753.5 0.12576 2070.9 704.28 1.8129 0.0038268 0.27952
658.24 62203 3690.7 2420.1 1476.5 0.12421 1745.3 595.28 1.813 0.0056975 0.27973
661.13 63528 3738.9 2377.3 1272 0.12294 1481 503.24 1.813 0.007307 0.27683
661.93 63895 3752.5 2365.4 1220.1 0.12258 1401.8 474.35 1.813 0.0077551 0.27426
663.85 64774 3785.3 2337.1 1103.1 0.12172 1243.5 418.52 1.8131 0.0088356 0.27067
667.26 66344 3845 2286.6 918.83 0.12013 976.81 322.51 1.8131 0.010784 0.26002
670.15 67678 3897.2 2243.8 784.21 0.11871 786.84 254.47 1.8132 0.012461 0.25008
670.95 68047 3911.8 2231.9 750.25 0.11831 738.03 236.65 1.8132 0.012928 0.2468
672.86 68932 3947.2 2203.6 674.04 0.11737 669.49 215.41 1.8132 0.014054 0.24838
676.27 70509 4011.8 2153.1 555 0.11565 473.8 145.74 1.8133 0.016086 0.22368
679.17 71848 4068.6 2110.3 467.83 0.11369 266.1 76.691 1.8133 0.017836 0.16894
679.97 72216 4084.6 2098.4 445.96 0.11299 229.39 66.36 1.8133 0.018323 0.15717
681.88 73095 4123.6 2070.1 397.59 0.11117 147.12 44.737 1.8134 0.0195 0.12394
685.29 74642 4195 2019.6 324.28 0.1072 52.448 24.62 1.8134 0.021623 0.064394
688.19 75926 4257.4 1976.8 273.34 0.10311 8.2826 18.011 1.8135 0.023454 0.013952
688.98 76275 4274.9 1964.9 260.89 0.10186 2.226e-15 16.871 1.8135 0.023965 0
688.98 76275 4274.9 1964.9 260.89 0.10186 2.226e-15 16.871 1.8135 0.023965 0
689.98 76709 4273.9 1964.9 243.47 0.10026 5.5593e-16 15.739 1.8135 0.024605 0
690.98 77134 4273 1964.9 227.52 0.098664 5.742e-16 14.702 1.8135 0.025245 0
691.98 77551 4272.1 1964.9 212.8 0.097063 0 13.745 1.8135 0.025885 0
692.98 77962 4271.2 1964.9 199.19 0.095462 0 12.861 1.8135 0.026525 0
693.98 78366 4270.3 1964.9 186.62 0.09386 0 12.044 1.8135 0.027165 0
694.98 78762 4269.5 1964.9 174.98 0.092258 0 11.289 1.8135 0.027805 0
695.98 79152 4268.6 1964.9 164.22 0.090655 0 10.59 1.8136 0.028445 0
696.98 79535 4267.8 1964.9 154.25 0.089052 0 9.9433 1.8136 0.029085 0
697.98 79911 4267 1964.9 145.02 0.087448 0 9.3445 1.8136 0.029724 0
698.98 80281 4266.2 1964.9 136.46 0.085843 0 8.7898 1.8136 0.030364 0
699.98 80643 4265.4 1964.9 128.53 0.084238 0 8.2756 1.8136 0.031003 0
700.98 80998 4264.6 1964.9 121.16 0.082632 0 7.7987 1.8136 0.031643 0
701.98 81347 4263.9 1964.9 114.33 0.081026 0 7.3562 1.8136 0.032282 0
702.98 81688 4263.1 1964.9 107.99 0.079419 0 6.9454 1.8136 0.032921 0
703.98 82023 4262.4 1964.9 102.09 0.077812 0 6.5639 1.8137 0.033561 0
704.98 82351 4261.7 1964.9 96.609 0.076204 0 6.2094 1.8137 0.0342 0
705.98 82672 4261 1964.9 91.512 0.074596 0 5.8797 1.8137 0.034839 0
706.98 82986 4260.3 1964.9 86.769 0.072988 0 5.5731 1.8137 0.035478 0
707.98 83293 4259.7 1964.9 82.355 0.071379 0 5.2878 1.8137 0.036117 0
708.98 83594 4259 1964.9 78.244 0.069769 0 5.0222 1.8137 0.036756 0
709.98 83887 4258.4 1964.9 74.414 0.068159 0 4.7748 1.8137 0.037395 0
710.98 84174 4257.8 1964.9 70.844 0.066549 0 4.5443 1.8137 0.038034 0
711.98 84454 4257.2 1964.9 67.515 0.064938 0 4.3295 1.8137 0.038672 0
712.98 84726 4256.6 1964.9 64.411 0.063327 0 4.1292 1.8138 0.039311 0
713.98 84992 4256.1 1964.9 61.423 0.061715 0 3.9371 1.8138 0.03995 0
714.98 85251 4255.5 1834 0 0.060103 0 0 1.8138 0.040588 0
715.98 85504 4255 1834 0 0.058491 0 0 1.8138 0.041227 0
716.98 85749 4254.5 1834 0 0.056879 0 0 1.8138 0.041866 0
717.98 85987 4254 1834 0 0.055266 0 0 1.8138 0.042504 0
718.98 86219 4253.5 1834 0 0.053652 0 0 1.8138 0.043143 0
719.98 86444 4253 1834 0 0.052038 0 0 1.8138 0.043781 0
720.98 86661 4252.5 1834 0 0.050424 0 0 1.8138 0.044419 0
721.98 86872 4252.1 1834 0 0.04881 0 0 1.8138 0.045058 0
722.98 87076 4251.7 1834 0 0.047196 0 0 1.8138 0.045696 0
723.98 87273 4251.3 1834 0 0.045581 0 0 1.8138 0.046334 0
724.98 87464 4250.9 1834 0 0.043966 0 0 1.8139 0.046973 0
725.98 87647 4250.5 1834 0 0.04235 0 0 1.8139 0.047611 0
726.98 87824 4250.1 1834 0 0.040734 0 0 1.8139 0.048249 0
727.98 87993 4249.8 1834 0 0.039119 0 0 1.8139 0.048887 0
728.98 88156 4249.5 1834 0 0.037502 0 0 1.8139 0.049525 0
729.98 88312 4249.1 1834 0 0.035886 0 0 1.8139 0.050163 0
730.98 88461 4248.8 1834 0 0.034269 0 0 1.8139 0.050801 0
731.98 88603 4248.6 1834 0 0.032653 0 0 1.8139 0.051439 0
732.98 88738 4248.3 1834 0 0.031036 0 0 1.8139 0.052077 0
733.98 88867 4248 1834 0 0.029418 0 0 1.8139 0.052715 0
734.98 88988 4247.8 1834 0 0.027801 0 0 1.8139 0.053353 0
735.98 89103 4247.6 1834 0 0.026184 0 0 1.8139 0.053991 0
736.98 89211 4247.4 1834 0 0.024566 0 0 1.8139 0.054629 0
737.98 89311 4247.2 1834 0 0.022948 0 0 1.8139 0.055267 0
738.98 89405 4247 1834 0 0.02133 0 0 1.8139 0.055905 0
739.98 89493 4246.8 1834 0 0.019712 0 0 1.8139 0.056543 0
740.98 89573 4246.7 1834 0 0.018094 0 0 1.8139 0.057181 0
741.98 89646 4246.6 1834 0 0.016476 0 0 1.8139 0.057819 0
742.98 89713 4246.4 1834 0 0.014858 0 0 1.8139 0.058457 0
743.98 89772 4246.3 1834 0 0.013239 0 0 1.8139 0.059095 0
744.98 89825 4246.3 1834 0 0.011621 0 0 1.8139 0.059732 0
745.98 89871 4246.2 1834 0 0.010002 0 0 1.814 0.06037 0
746.98 89910 4246.1 1834 0 0.0083838 0 0 1.814 0.061008 0
747.98 89942 4246.1 1834 0 0.0067652 0 0 1.814 0.061646 0
748.98 89968 4246.1 1834 0 0.0051466 0 0 1.814 0.062284 0
749.98 89986 4246.1 1834 0 0.003528 0 0 1.814 0.062922 0
750.98 89998 4246.1 1834 0 0.0019094 0 0 1.814 0.063559 0
751.98 90002 4246.1 1834 0 0.0002908 0 0 1.814 0.064197 0
752.98 90000 4246.1 1834 0 0 0 0 1.814 0.064835 0
