9  0.00   0.075 0.029 0.075 0.029 -2.374
9  2.00   0.077 0.120 0.081 0.117  0.396
9  4.00   0.079 0.252 0.096 0.246  0.537
9  6.00   0.081 0.405 0.123 0.394  0.511
9  8.00   0.084 0.572 0.162 0.554  0.460
9  10.00  0.086 0.762 0.217 0.735  0.390
9  12.00  0.089 0.986 0.292 0.946  0.311
9  14.00  0.092 1.234 0.388 1.175  0.238
9  16.00  0.095 1.504 0.506 1.420  0.172
9  18.00  0.098 1.795 0.648 1.677  0.114
9  20.00  0.101 2.104 0.814 1.942  0.062
11 0.00   0.065 0.027 0.065 0.027 -2.377
11 2.00   0.067 0.118 0.071 0.116  0.442
11 4.00   0.069 0.251 0.086 0.246  0.558
11 6.00   0.071 0.395 0.112 0.385  0.547
11 8.00   0.073 0.561 0.151 0.545  0.486
11 10.00  0.076 0.760 0.207 0.735  0.398
11 12.00  0.079 0.986 0.282 0.948  0.313
11 14.00  0.082 1.233 0.378 1.177  0.241
11 16.00  0.084 1.496 0.493 1.415  0.188
11 18.00  0.085 1.775 0.629 1.662  0.144
11 20.00  0.086 2.074 0.790 1.920  0.099
13 0.00   0.072 0.026 0.072 0.026 -2.380
13 2.00   0.074 0.118 0.078 0.116  0.463
13 4.00   0.076 0.246 0.093 0.240  0.585
13 6.00   0.077 0.381 0.116 0.371  0.625
13 8.00   0.079 0.549 0.154 0.532  0.546
13 10.00  0.082 0.752 0.211 0.726  0.429
13 12.00  0.085 0.975 0.285 0.936  0.345
13 14.00  0.086 1.218 0.378 1.160  0.277
13 16.00  0.088 1.481 0.493 1.400  0.216
13 18.00  0.090 1.767 0.632 1.652  0.157
13 20.00  0.092 2.071 0.795 1.914  0.104
15 0.00   0.069 0.022 0.069 0.022 -2.381
15 2.00   0.071 0.114 0.075 0.112  0.577
15 4.00   0.072 0.236 0.089 0.231  0.687
15 6.00   0.075 0.378 0.114 0.368  0.638
15 8.00   0.077 0.553 0.154 0.537  0.525
15 10.00  0.080 0.751 0.209 0.726  0.435
15 12.00  0.081 0.971 0.282 0.933  0.358
15 14.00  0.083 1.214 0.375 1.158  0.286
15 16.00  0.085 1.479 0.490 1.398  0.221
15 18.00  0.087 1.764 0.628 1.650  0.162
15 20.00  0.089 2.067 0.791 1.912  0.109
17 0.00   0.067 0.022 0.067 0.022 -2.382
17 2.00   0.069 0.115 0.073 0.113  0.572
17 4.00   0.071 0.234 0.087 0.229  0.697
17 6.00   0.073 0.379 0.112 0.370  0.623
17 8.00   0.075 0.552 0.151 0.536  0.533
17 10.00  0.077 0.748 0.206 0.724  0.445
17 12.00  0.079 0.969 0.279 0.931  0.365
17 14.00  0.081 1.211 0.372 1.156  0.292
17 16.00  0.083 1.476 0.487 1.396  0.227
17 18.00  0.085 1.761 0.625 1.648  0.167
17 20.00  0.087 2.065 0.788 1.910  0.113