time (s) altitude (m) velocity (m/s) mass (kg) dynamic pressure (Pa)trajectory angle (rad) Lift (N)Drag (N)heading angle (rad) latitude (rad) angle of attack (rad) 
498.32 35323 2685.5 3300 28166 0.10575 30343 10220 1.8167 -0.10643 0.26292
499.33 35613 2694 3285 27098 0.10787 30175 10287 1.8167 -0.10602 0.26897
501.14 36147 2709.3 3258.3 25238 0.11165 29874 10413 1.8168 -0.10529 0.28059
502.67 36617 2722.3 3235.6 23708 0.11489 29670 10623 1.8168 -0.10466 0.29132
503.09 36750 2725.8 3229.4 23294 0.11579 29608 10677 1.8168 -0.10449 0.29442
504.1 37072 2734.4 3214.4 22315 0.11794 29214 10673 1.8168 -0.10408 0.30044
505.91 37664 2749.8 3187.7 20631 0.12166 28052 10413 1.8169 -0.10333 0.30844
507.44 38182 2763.1 3165 19265 0.12465 26781 10031 1.8169 -0.1027 0.31325
507.86 38328 2766.8 3158.7 18899 0.12544 26396 9906.1 1.8169 -0.10252 0.31428
509.89 39041 2785.1 3128.8 17214 0.12889 23968 8981.5 1.817 -0.10168 0.31358
513.5 40367 2819.8 3075.3 14507 0.13379 20204 7570.2 1.817 -0.10016 0.31363
516.56 41538 2851 3030 12502 0.13686 17391 6511.5 1.8171 -0.098862 0.31333
517.4 41869 2859.9 3017.5 11995 0.13754 16646 6226.4 1.8171 -0.0985 0.31281
519.43 42670 2881.7 2987.5 10854 0.13896 15206 5712.6 1.8172 -0.097629 0.31486
523.04 44131 2922.2 2934.1 9072.5 0.14076 12726 4783.5 1.8173 -0.096062 0.31511
526.1 45398 2958.1 2888.8 7787.7 0.14161 10836 4053.6 1.8173 -0.094715 0.31333
526.94 45751 2968.3 2876.2 7466.3 0.14174 10415 3899.7 1.8173 -0.09434 0.31388
528.97 46605 2993 2846.2 6749.2 0.14194 9399.6 3516.2 1.8174 -0.093437 0.31353
532.58 48144 3038.7 2792.8 5704 0.14186 7888.7 2939.1 1.8175 -0.091809 0.31196
535.64 49467 3078.7 2747.5 4955.1 0.1415 6946.8 2601.9 1.8175 -0.090409 0.31489
536.48 49834 3089.9 2735 4765.1 0.14138 6720.2 2525.4 1.8176 -0.090019 0.31615
538.51 50719 3117.2 2705 4337.1 0.14104 6105.2 2289.9 1.8176 -0.089079 0.31573
542.12 52309 3167.2 2651.6 3709.5 0.14023 5154.4 1916.1 1.8177 -0.087384 0.31285
545.18 53669 3210.9 2606.2 3245.7 0.1394 4553.9 1697.8 1.8178 -0.085925 0.31491
546.03 54047 3223.2 2593.7 3126.3 0.13918 4387.8 1635.3 1.8178 -0.085518 0.31496
548.05 54955 3252.9 2563.7 2854.9 0.1386 3986.5 1479.5 1.8178 -0.084538 0.31382
551.66 56584 3307.3 2510.3 2419.8 0.13744 3269.8 1193.1 1.8179 -0.08277 0.3066
554.72 57975 3354.9 2465 2095.5 0.13628 2741.2 983.01 1.818 -0.081246 0.29969
555.57 58361 3368.3 2452.5 2012.8 0.13594 2604.1 928.24 1.818 -0.080821 0.2974
557.59 59287 3400.8 2422.5 1825.6 0.13509 2325 820.92 1.818 -0.079797 0.29414
561.2 60944 3460.2 2369.1 1528.8 0.13347 1853.5 636.7 1.8181 -0.077947 0.2844
564.26 62357 3512.2 2323.7 1310.4 0.132 1547.5 525.05 1.8182 -0.076353 0.27947
565.11 62748 3526.7 2311.2 1255 0.1316 1482 503.09 1.8182 -0.075909 0.27946
567.13 63687 3562 2281.2 1130.4 0.13066 1332.9 452.83 1.8182 -0.074836 0.27923
570.74 65366 3626.4 2227.8 934.39 0.129 1054 353.4 1.8183 -0.072899 0.27074
573.8 66797 3682.7 2182.5 791.7 0.12753 842.66 277.04 1.8183 -0.071227 0.26015
574.65 67193 3698.5 2170 755.78 0.12711 791.84 258.9 1.8183 -0.070761 0.25738
575.98 67819 3723.7 2150.2 701.98 0.12643 717.5 232.51 1.8184 -0.070022 0.25313
578.62 69060 3774.5 2111.2 605.15 0.12508 584.92 185.6 1.8184 -0.068544 0.24388
581.55 70440 3832.4 2067.8 511.6 0.1234 414.68 125.93 1.8185 -0.066882 0.21595
583.64 71428 3875 2036.8 452.06 0.12185 268.38 77.51 1.8185 -0.065675 0.17431
584.19 71685 3886.3 2028.7 437.46 0.12137 243.87 70.604 1.8185 -0.065359 0.16649
586.22 72636 3928.8 1998.7 387.11 0.11938 154.5 46.25 1.8186 -0.064177 0.13116
589.82 74311 4006.9 1945.3 311.43 0.11496 54.067 24.164 1.8186 -0.062038 0.068177
592.89 75702 4075.4 1900 259.44 0.11032 8.2342 17.272 1.8187 -0.060189 0.014754
593.73 76080 4094.7 1887.5 246.82 0.1089 4.7458e-16 16.112 1.8187 -0.059673 0
593.73 76080 4094.7 1887.5 246.82 0.1089 4.7458e-16 16.112 1.8187 -0.059673 0
594.73 76525 4093.7 1887.5 229.98 0.10718 2.3585e-15 15.007 1.8187 -0.059061 0
595.73 76959 4092.7 1887.5 214.59 0.10545 -1.3754e-15 13.998 1.8187 -0.058449 0
596.73 77386 4091.7 1887.5 200.41 0.10373 -1.2845e-15 13.067 1.8187 -0.057837 0
597.73 77807 4090.8 1887.5 187.32 0.102 -1.2006e-15 12.209 1.8187 -0.057225 0
598.73 78220 4089.8 1887.5 175.24 0.10027 1.404e-15 11.417 1.8187 -0.056614 0
599.73 78625 4088.9 1887.5 164.08 0.098544 3.155e-16 10.686 1.8188 -0.056002 0
600.73 79024 4088 1887.5 153.77 0.096815 1.577e-15 10.011 1.8188 -0.05539 0
601.73 79416 4087.1 1887.5 144.24 0.095085 2.7736e-16 9.3873 1.8188 -0.054779 0
602.73 79800 4086.2 1887.5 135.43 0.093355 1.085e-15 8.8103 1.8188 -0.054168 0
603.73 80178 4085.4 1887.5 127.27 0.091624 4.8944e-16 8.2766 1.8188 -0.053556 0
604.73 80548 4084.5 1887.5 119.72 0.089892 -2.8774e-16 7.7826 1.8188 -0.052945 0
605.73 80911 4083.7 1887.5 112.72 0.08816 1.9868e-16 7.325 1.8188 -0.052334 0
606.73 81267 4082.9 1887.5 106.23 0.086427 1.0724e-15 6.9011 1.8188 -0.051723 0
607.73 81616 4082.1 1887.5 100.22 0.084693 -4.4963e-16 6.508 1.8189 -0.051111 0
608.73 81957 4081.3 1887.5 94.634 0.082959 1.668e-16 6.1435 1.8189 -0.0505 0
609.73 82292 4080.6 1887.5 89.453 0.081224 -4.0134e-16 5.8052 1.8189 -0.049889 0
610.73 82620 4079.9 1887.5 84.64 0.079489 -1.3562e-16 5.4911 1.8189 -0.049279 0
611.73 82940 4079.1 1887.5 80.168 0.077753 7.0651e-16 5.1992 1.8189 -0.048668 0
612.73 83253 4078.4 1887.5 76.011 0.076016 5.6026e-16 4.9281 1.8189 -0.048057 0
613.73 83560 4077.7 1887.5 72.144 0.074279 -4.046e-17 4.6759 1.8189 -0.047446 0
614.73 83859 4077.1 1887.5 68.546 0.072542 7.4688e-16 4.4413 1.8189 -0.046835 0
615.73 84151 4076.4 1887.5 65.197 0.070804 4.8055e-16 4.2231 1.8189 -0.046225 0
616.73 84435 4075.8 1887.5 62.077 0.069065 -1.8899e-16 4.0198 1.8189 -0.045614 0
617.73 84713 4075.2 1887.5 59.172 0.067326 -1.8963e-17 3.8306 1.819 -0.045004 0
618.73 84984 4074.6 1887.5 56.387 0.065587 3.7947e-16 3.6498 1.819 -0.044393 0
619.73 85247 4074 1756.6 0 0.063847 0 0 1.819 -0.043783 0
620.73 85504 4073.4 1756.6 0 0.062107 0 0 1.819 -0.043172 0
621.73 85753 4072.9 1756.6 0 0.060366 -0 0 1.819 -0.042562 0
622.73 85995 4072.3 1756.6 0 0.058625 0 0 1.819 -0.041952 0
623.73 86230 4071.8 1756.6 0 0.056883 0 0 1.819 -0.041341 0
624.73 86458 4071.3 1756.6 0 0.055141 -0 0 1.819 -0.040731 0
625.73 86679 4070.8 1756.6 0 0.053398 0 0 1.819 -0.040121 0
626.73 86892 4070.4 1756.6 0 0.051656 0 0 1.819 -0.039511 0
627.73 87099 4069.9 1756.6 0 0.049913 0 0 1.819 -0.0389 0
628.73 87299 4069.5 1756.6 0 0.048169 -0 0 1.819 -0.03829 0
629.73 87491 4069.1 1756.6 0 0.046425 -0 0 1.819 -0.03768 0
630.73 87676 4068.7 1756.6 0 0.044681 0 0 1.8191 -0.03707 0
631.73 87854 4068.3 1756.6 0 0.042937 0 0 1.8191 -0.03646 0
632.73 88026 4067.9 1756.6 0 0.041192 -0 0 1.8191 -0.03585 0
633.73 88189 4067.5 1756.6 0 0.039447 0 0 1.8191 -0.03524 0
634.73 88346 4067.2 1756.6 0 0.037702 0 0 1.8191 -0.03463 0
635.73 88496 4066.9 1756.6 0 0.035956 0 0 1.8191 -0.03402 0
636.73 88639 4066.6 1756.6 0 0.03421 0 0 1.8191 -0.033411 0
637.73 88774 4066.3 1756.6 0 0.032464 0 0 1.8191 -0.032801 0
638.73 88903 4066 1756.6 0 0.030718 0 0 1.8191 -0.032191 0
639.73 89024 4065.8 1756.6 0 0.028972 -0 0 1.8191 -0.031581 0
640.73 89138 4065.6 1756.6 0 0.027225 0 0 1.8191 -0.030971 0
641.73 89245 4065.3 1756.6 0 0.025478 0 0 1.8191 -0.030361 0
642.73 89345 4065.1 1756.6 0 0.023731 0 0 1.8191 -0.029752 0
643.73 89438 4065 1756.6 0 0.021984 0 0 1.8191 -0.029142 0
644.73 89524 4064.8 1756.6 0 0.020237 0 0 1.8191 -0.028532 0
645.73 89603 4064.6 1756.6 0 0.01849 -0 0 1.8191 -0.027922 0
646.73 89674 4064.5 1756.6 0 0.016742 -0 0 1.8191 -0.027313 0
647.73 89739 4064.4 1756.6 0 0.014995 0 0 1.8191 -0.026703 0
648.73 89796 4064.3 1756.6 0 0.013247 0 0 1.8191 -0.026093 0
649.73 89847 4064.2 1756.6 0 0.011499 0 0 1.8191 -0.025483 0
650.73 89890 4064.1 1756.6 0 0.0097513 0 0 1.8191 -0.024874 0
651.73 89926 4064.1 1756.6 0 0.0080035 0 0 1.8191 -0.024264 0
652.73 89955 4064.1 1756.6 0 0.0062556 0 0 1.8191 -0.023654 0
653.73 89977 4064 1756.6 0 0.0045077 0 0 1.8191 -0.023045 0
654.73 89991 4064 1756.6 0 0.0027598 0 0 1.8191 -0.022435 0
655.73 89999 4064.1 1756.6 0 0.0010119 -0 0 1.8191 -0.021825 0
656.73 90000 4064.1 1756.6 0 0 -0 0 1.8191 -0.021215 0
