time (s) altitude (m) velocity (m/s) mass (kg)trajectory angle (rad) angle of attack (rad) heading angle (rad) latitude (rad)
0 90 30 26545 1.5691 0 0.78291 -0.2123 2.3868
0.73106 113.22 33.517 26440 1.5684 -0.0018625 0.87544 -0.2123 2.3868
2.0331 160.98 39.87 26252 1.5654 -0.0049233 0.96431 -0.2123 2.3868
3.1379 208.04 45.349 26093 1.5609 -0.0071571 0.99471 -0.2123 2.3868
3.4429 222.11 46.876 26049 1.5594 -0.007723 1.0011 -0.2123 2.3868
4.1739 257.72 50.561 25944 1.5551 -0.00901 1.0119 -0.2123 2.3868
5.476 327.85 57.21 25756 1.5457 -0.010938 1.0244 -0.2123 2.3868
6.5807 394.18 62.938 25597 1.5359 -0.012169 1.0312 -0.2123 2.3868
6.8857 413.61 64.533 25553 1.5329 -0.012465 1.0327 -0.2123 2.3868
7.6168 462.15 68.383 25448 1.5253 -0.013102 1.0359 -0.2123 2.3868
8.9189 555.57 75.332 25261 1.51 -0.013904 1.0402 -0.2123 2.3868
10.024 641.89 81.322 25102 1.4955 -0.014227 1.0429 -0.2123 2.3868
10.329 666.87 82.991 25058 1.4912 -0.014281 1.0436 -0.2123 2.3868
11.425 760.83 89.049 24900 1.4751 -0.014337 1.0457 -0.2123 2.3868
13.378 944.31 100.06 24619 1.4436 -0.013696 1.0486 -0.2123 2.3868
15.035 1116.3 109.64 24380 1.4146 -0.0124 1.0505 -0.21229 2.3868
15.493 1166.4 112.32 24314 1.4063 -0.011978 1.0509 -0.21229 2.3868
16.589 1291.2 118.82 24156 1.386 -0.010859 1.0519 -0.21229 2.3868
18.543 1529.7 130.63 23875 1.3489 -0.0084647 1.0534 -0.21228 2.3868
20.2 1748.3 140.88 23637 1.3171 -0.006078 1.0545 -0.21227 2.3868
20.657 1811.2 143.74 23571 1.3084 -0.0054056 1.0548 -0.21227 2.3868
21.754 1966.7 150.68 23413 1.2878 -0.0037607 1.0554 -0.21227 2.3868
23.707 2259.4 163.27 23132 1.2525 -0.00083875 1.0564 -0.21225 2.3869
25.364 2523.7 174.2 22894 1.2245 0.0015457 1.0571 -0.21224 2.3869
25.821 2599.2 177.25 22828 1.2171 0.0021756 1.0573 -0.21224 2.3869
26.918 2784.7 184.63 22670 1.2 0.0036605 1.0578 -0.21223 2.3869
28.871 3130.9 198 22390 1.1721 0.0060269 1.0585 -0.21221 2.3869
30.528 3440.7 209.56 22151 1.151 0.0076744 1.0591 -0.21219 2.3869
30.986 3528.8 212.79 22085 1.1456 0.0080837 1.0593 -0.21218 2.3869
32.082 3744.6 220.61 21928 1.1334 0.0090052 1.0597 -0.21217 2.3869
34.035 4145.5 234.76 21647 1.1142 0.010257 1.0603 -0.21214 2.3869
35.693 4502.5 247.01 21409 1.1003 0.010863 1.0608 -0.21212 2.3869
36.15 4603.8 250.43 21343 1.0968 0.010982 1.061 -0.21211 2.3869
37.247 4851.7 258.7 21185 1.0889 0.011194 1.0613 -0.2121 2.3869
39.2 5310.8 273.64 20904 1.0766 0.011173 1.0619 -0.21206 2.387
40.857 5718.3 286.51 20666 1.0673 0.010709 1.0623 -0.21203 2.387
41.314 5833.7 290.08 20601 1.0649 0.010537 1.0625 -0.21202 2.387
42.411 6115.4 298.31 20443 1.0581 0.010062 1.0628 -0.212 2.387
44.364 6633 312.16 20162 1.0435 0.0088907 1.0633 -0.21196 2.387
46.021 7086 323.16 19924 1.0282 0.0075556 1.0638 -0.21192 2.387
46.479 7213 326.1 19858 1.0234 0.0071597 1.0639 -0.21191 2.387
47.575 7520.4 332.98 19701 1.0109 0.0061683 1.0642 -0.21189 2.3871
49.528 8077 345.07 19420 0.98582 0.0042302 1.0646 -0.21184 2.3871
51.186 8557.4 355.75 19182 0.96279 0.0024328 1.065 -0.21179 2.3871
51.643 8691.2 358.85 19116 0.95631 0.0019318 1.0651 -0.21178 2.3871
52.374 8906.3 363.94 19011 0.94592 0.0011242 1.0653 -0.21176 2.3871
53.676 9292.3 372.52 18824 0.92513 -0.00031251 1.0656 -0.21172 2.3872
54.781 9621.6 379.28 18665 0.90498 -0.0015208 1.0658 -0.21169 2.3872
55.086 9712.5 381.32 18621 0.89954 -0.0018512 1.0659 -0.21168 2.3872
55.817 9931 386.15 18516 0.886 -0.0026402 1.066 -0.21165 2.3872
57.119 10321 395.17 18329 0.86143 -0.0040133 1.0663 -0.21161 2.3872
58.224 10652 403.25 18171 0.84025 -0.0051363 1.0665 -0.21157 2.3872
58.529 10744 405.55 18127 0.83438 -0.0054409 1.0665 -0.21156 2.3873
59.26 10964 411.21 18022 0.82028 -0.0061641 1.0667 -0.21153 2.3873
60.562 11356 421.83 17834 0.79514 -0.0074049 1.0669 -0.21148 2.3873
61.667 11689 431.43 17676 0.7739 -0.0084013 1.0671 -0.21143 2.3873
61.972 11781 434.17 17632 0.76807 -0.0086702 1.0671 -0.21142 2.3873
62.703 12001 440.92 17527 0.75416 -0.0093063 1.0673 -0.21139 2.3873
64.005 12395 453.54 17340 0.72973 -0.010388 1.0675 -0.21133 2.3874
65.109 12729 464.83 17181 0.70943 -0.011248 1.0677 -0.21127 2.3874
65.414 12821 468.05 17137 0.70392 -0.011479 1.0677 -0.21126 2.3874
66.146 13043 475.93 17032 0.69086 -0.012025 1.0678 -0.21122 2.3874
67.448 13438 490.56 16845 0.66823 -0.01295 1.068 -0.21116 2.3875
68.552 13774 503.6 16686 0.64975 -0.013681 1.0682 -0.2111 2.3875
68.857 13867 507.29 16642 0.64477 -0.013878 1.0682 -0.21108 2.3875
69.588 14090 516.33 16537 0.63307 -0.014342 1.0683 -0.21104 2.3875
70.89 14489 533.06 16350 0.61307 -0.015127 1.0685 -0.21096 2.3876
71.995 14828 547.88 16191 0.59698 -0.015749 1.0686 -0.21089 2.3876
72.3 14922 552.08 16147 0.59269 -0.015917 1.0687 -0.21088 2.3876
72.761 15065 558.51 16081 0.58632 -0.016168 1.0687 -0.21085 2.3876
73.791 15384 573.25 15933 0.57261 -0.016714 1.0689 -0.21078 2.3877
75.263 15843 595.2 15721 0.55426 -0.017447 1.069 -0.21068 2.3877
76.998 16389 622.47 15471 0.53442 -0.018238 1.0692 -0.21056 2.3878
78.787 16961 652.18 15214 0.51581 -0.018975 1.0695 -0.21042 2.3879
80.415 17488 680.62 14980 0.50034 -0.01959 1.0696 -0.21029 2.388
81.686 17906 703.78 14797 0.48911 -0.020041 1.0698 -0.21018 2.388
82.445 18158 718.03 14688 0.48271 -0.020302 1.0699 -0.21012 2.3881
82.629 18219 721.52 14661 0.48119 -0.020365 1.0699 -0.2101 2.3881
83.383 18472 736.06 14553 0.47507 -0.02062 1.07 -0.21003 2.3881
85.012 19026 768.52 14318 0.46243 -0.021152 1.0702 -0.20988 2.3882
87.187 19781 814.17 14005 0.44644 -0.021808 1.0704 -0.20967 2.3883
89.477 20596 865.21 13676 0.43021 -0.022444 1.0706 -0.20943 2.3884
91.428 21308 911.18 13395 0.41647 -0.022953 1.0708 -0.20922 2.3886
92.655 21763 941.26 13218 0.40774 -0.023263 1.071 -0.20907 2.3886
92.957 21876 948.83 13174 0.40557 -0.023339 1.071 -0.20904 2.3887
94.401 22420 985.71 12967 0.39507 -0.023699 1.0711 -0.20886 2.3888
97.258 23517 1062.6 12555 0.37344 -0.024388 1.0714 -0.20849 2.389
100.43 24755 1153.9 12098 0.34793 -0.025129 1.0717 -0.20804 2.3892
102.7 25650 1223.2 11771 0.32873 -0.025658 1.0719 -0.20769 2.3894
103.29 25883 1241.8 11686 0.32365 -0.025795 1.072 -0.20759 2.3895
