time (s) altitude (m) longitude (rad) latitude (rad) velocity (m/s) trajectory angle (rad) heading angle (rad) angle of attack (rad) bank angle (rad) fuel mass (kg) 
103.29 32562 2.3895 -0.20759 2856 0.023999 1.4531 0.0065401 0.30127 1562
108.92 32893 2.3898 -0.20509 2859.2 0.01672 1.4561 0.0015889 0.28985 1545.9
118.96 33155 2.3903 -0.20064 2865.7 0.0021644 1.4606 0.0066175 0.24777 1518.8
127.47 33136 2.3907 -0.19684 2871.9 -0.001501 1.4659 0.033425 0.22243 1494.1
129.82 33131 2.3908 -0.1958 2873.6 0.00074083 1.468 0.03506 0.22067 1486.4
135.46 33165 2.3911 -0.19328 2877.5 0.0028062 1.4723 0.025196 0.2113 1469
145.5 33219 2.3915 -0.18878 2884.6 0.00031252 1.4782 0.018143 0.19984 1439.5
154.01 33208 2.3919 -0.18496 2890.6 -0.00022877 1.4834 0.031132 0.2071 1414.2
156.36 33210 2.392 -0.1839 2892.2 0.0014731 1.4853 0.031409 0.20788 1406.7
162 33249 2.3922 -0.18136 2895.9 0.0027001 1.4891 0.023009 0.20409 1389.6
172.03 33295 2.3925 -0.17683 2902.7 6.936e-05 1.4949 0.018563 0.20284 1360.3
180.55 33283 2.3928 -0.17298 2908.3 -3.4799e-05 1.5002 0.030521 0.2114 1334.9
182.9 33287 2.3929 -0.17191 2909.8 0.0015703 1.5021 0.030622 0.21271 1327.5
188.54 33327 2.3931 -0.16936 2913.4 0.0026646 1.506 0.022156 0.20907 1310.5
198.57 33369 2.3934 -0.1648 2919.8 -9.4789e-05 1.5117 0.018169 0.20751 1281.4
207.09 33355 2.3936 -0.16092 2925.2 -7.8011e-05 1.5172 0.030272 0.21536 1256.2
209.44 33358 2.3936 -0.15984 2926.6 0.001567 1.5191 0.03023 0.21661 1248.8
215.08 33398 2.3938 -0.15727 2929.9 0.0026613 1.5229 0.02157 0.21291 1231.9
225.11 33439 2.394 -0.15268 2936 -0.00019059 1.5287 0.017624 0.211 1202.9
233.63 33422 2.3941 -0.14877 2941.1 -0.00014542 1.5342 0.029956 0.21852 1177.8
235.98 33426 2.3942 -0.14769 2942.4 0.001543 1.5361 0.029838 0.21973 1170.4
241.61 33465 2.3943 -0.14511 2945.6 0.0026443 1.54 0.021013 0.21612 1153.6
251.65 33505 2.3944 -0.14049 2951.3 -0.00028155 1.5457 0.017105 0.21431 1124.8
260.17 33486 2.3945 -0.13656 2956.1 -0.0002047 1.5512 0.02963 0.22176 1099.8
262.52 33489 2.3945 -0.13548 2957.4 0.0015251 1.5532 0.029448 0.22297 1092.4
268.15 33529 2.3945 -0.13287 2960.4 0.0026315 1.5571 0.020456 0.2195 1075.6
278.19 33568 2.3946 -0.12823 2965.8 -0.00036992 1.5629 0.016602 0.21795 1047
286.7 33546 2.3946 -0.12428 2970.4 -0.00025613 1.5684 0.029312 0.22541 1022.1
289.06 33549 2.3946 -0.12319 2971.6 0.0015152 1.5704 0.029057 0.22663 1014.8
294.69 33589 2.3946 -0.12058 2974.4 0.0026217 1.5744 0.019894 0.22331 998.08
304.73 33626 2.3946 -0.11591 2979.5 -0.00045644 1.5801 0.016125 0.22204 969.57
313.24 33602 2.3945 -0.11195 2983.9 -0.00029756 1.5858 0.029001 0.22952 944.76
315.59 33605 2.3945 -0.11085 2985 0.0015142 1.5877 0.028652 0.23074 937.49
321.23 33645 2.3945 -0.10822 2987.6 0.0026124 1.5917 0.019328 0.22757 920.85
331.27 33681 2.3943 -0.10354 2992.5 -0.00053926 1.5976 0.015679 0.22655 892.48
339.78 33655 2.3942 -0.09956 2996.6 -0.00033322 1.6033 0.028656 0.23404 867.77
342.13 33658 2.3942 -0.09846 2997.7 0.0015092 1.6053 0.028219 0.23527 860.52
347.77 33698 2.3941 -0.095824 3000.2 0.0025968 1.6093 0.018789 0.23221 843.96
357.8 33733 2.3939 -0.091123 3004.8 -0.00060814 1.6152 0.015266 0.2314 815.71
366.32 33706 2.3937 -0.087129 3008.7 -0.0003666 1.621 0.028235 0.23888 791.09
368.67 33709 2.3937 -0.086026 3009.7 0.0014894 1.6231 0.027774 0.2401 783.88
374.31 33748 2.3935 -0.083381 3012 0.0025735 1.6272 0.018304 0.23714 767.38
384.34 33782 2.3932 -0.078666 3016.5 -0.00066015 1.6331 0.01487 0.23648 739.25
392.86 33753 2.393 -0.074662 3020.2 -0.00039809 1.639 0.027766 0.24393 714.73
395.21 33756 2.3929 -0.073555 3021.1 0.0014621 1.6411 0.027312 0.24513 707.54
400.84 33796 2.3927 -0.070903 3023.3 0.0025441 1.6452 0.017849 0.24226 691.11
410.88 33829 2.3923 -0.066177 3027.5 -0.00070086 1.6513 0.014494 0.24169 663.09
419.4 33799 2.392 -0.062163 3031 -0.00042435 1.6572 0.027267 0.24906 638.66
421.75 33801 2.3919 -0.061055 3031.9 0.0014332 1.6594 0.02682 0.25025 631.5
427.38 33840 2.3917 -0.058397 3034 0.002507 1.6636 0.017405 0.24744 615.14
437.42 33872 2.3912 -0.053662 3037.9 -0.00073263 1.6697 0.014152 0.24687 587.22
445.94 33841 2.3908 -0.049642 3041.3 -0.00044466 1.6758 0.02671 0.25406 562.88
448.29 33844 2.3907 -0.048531 3042.1 0.001396 1.6779 0.026294 0.25521 555.75
453.92 33882 2.3904 -0.04587 3044.1 0.0024649 1.6822 0.017004 0.25241 539.45
463.96 33914 2.3898 -0.041128 3047.9 -0.00074774 1.6884 0.013813 0.25156 511.63
472.47 33882 2.3893 -0.037103 3051.1 -0.00046615 1.6946 0.026104 0.25833 487.38
474.83 33885 2.3892 -0.035992 3051.8 0.0013498 1.6967 0.025882 0.25942 480.29
480.46 33923 2.3889 -0.033328 3053.7 0.0024521 1.7011 0.016639 0.25671 464.04
490.5 33953 2.3882 -0.028583 3057.3 -0.00083034 1.7074 0.013237 0.25675 436.33
499.01 33919 2.3877 -0.024556 3060.4 -0.0005925 1.7136 0.025846 0.26505 412.18
501.36 33920 2.3875 -0.023444 3061.1 0.0012867 1.7159 0.025738 0.26665 405.1
507 33959 2.3871 -0.020779 3062.8 0.0025854 1.7204 0.016755 0.26627 388.86
517.04 33994 2.3864 -0.016033 3066.2 -0.00075048 1.727 0.012271 0.27669 361.25
525.55 33955 2.3857 -0.012007 3069.2 -0.001206 1.7336 0.02441 0.29478 337.31
527.9 33950 2.3855 -0.010895 3069.8 0.00047573 1.7361 0.025475 0.29836 330.28
531.66 33965 2.3852 -0.0091193 3070.9 0.0016171 1.7396 0.018226 0.30043 319.4
538.35 33985 2.3847 -0.0059571 3073.1 -3.6358e-05 1.7447 0.012347 0.30876 300.8
544.03 33975 2.3842 -0.0032747 3075 -0.00047891 1.7495 0.023941 0.31546 284.83
545.59 33974 2.3841 -0.0025343 3075.4 0.00063209 1.7512 0.025129 0.31639 280.16
549.35 33990 2.3837 -0.00076008 3076.4 0.0017161 1.7549 0.017955 0.31639 269.3
556.04 34011 2.3832 0.0023988 3078.6 -3.1684e-05 1.7603 0.011932 0.31791 250.76
561.72 34000 2.3826 0.0050783 3080.4 -0.0006475 1.7651 0.023047 0.31962 234.87
563.29 33999 2.3825 0.0058178 3080.8 0.00038389 1.7668 0.023912 0.31951 230.22
567.04 34010 2.3821 0.0075898 3081.8 0.0011923 1.7704 0.016773 0.31702 219.45
573.73 34019 2.3815 0.010745 3084 -0.00053258 1.7757 0.012592 0.31053 200.93
579.41 34004 2.3809 0.01342 3085.7 -0.00054653 1.7805 0.023773 0.3057 184.92
580.98 34004 2.3808 0.014159 3086.1 0.00061275 1.7822 0.025093 0.30384 180.26
584.74 34022 2.3804 0.015928 3087 0.0022882 1.7859 0.020319 0.297 169.33
591.43 34075 2.3797 0.019077 3088.8 0.002285 1.7912 0.013251 0.27619 150.56
597.1 34100 2.3791 0.021748 3090.5 0.00038369 1.7948 0.011254 0.25832 135.12
598.67 34100 2.3789 0.022486 3090.9 -0.00017293 1.7958 0.0089674 0.25269 130.87
602.43 34084 2.3785 0.024253 3092.3 -0.0027746 1.7977 0.0046265 0.2358 120.93
609.12 33960 2.3778 0.027401 3095.1 -0.0094211 1.8001 0.00056804 0.17877 103.49
614.8 33743 2.3771 0.030073 3097.9 -0.015206 1.8015 0.0020027 0.12649 88.359
616.36 33665 2.377 0.030811 3098.7 -0.016501 1.8018 0.017888 0.11201 84.028
620.12 33497 2.3766 0.03258 3100 -0.011483 1.8033 0.037718 0.077414 71.911
626.81 33483 2.3758 0.03573 3096.7 0.014067 1.8049 0.075088 0.0096041 46.982
632.49 34067 2.3752 0.038391 3076.7 0.056085 1.805 0.13104 0.0028755 23.237
634.06 34374 2.375 0.039121 3065.9 0.072098 1.8051 0.14243 0 16.378
634.06 34374 2.375 0.039121 3065.9 0.072098 1.8051 0.14243 0 16.378
637.54 35458 2.3746 0.040715 2992.7 0.13037 1.8143 0.1332 0.27318 16.154
643.76 38416 2.3739 0.043435 2901.2 0.18503 1.8545 0.11517 0.80391 16.12
649.03 41285 2.3732 0.045652 2855.1 0.19031 1.8883 0.1053 1.1724 15.947
650.49 42063 2.373 0.046255 2844.9 0.18934 1.8957 0.10344 1.2415 15.903
653.97 43896 2.3725 0.047687 2824.9 0.1831 1.9107 0.10026 1.351 15.677
660.19 46950 2.3716 0.050204 2797.7 0.16792 1.9293 0.091027 1.3735 15.597
665.46 49308 2.3708 0.052317 2780.9 0.15453 1.9391 0.085486 1.2069 15.405
666.92 49924 2.3705 0.052897 2776.9 0.15093 1.9412 0.084564 1.2 15.356
670.4 51336 2.37 0.054285 2768.3 0.14186 1.9455 0.082757 1.2007 15.163
676.62 53620 2.369 0.056745 2754.9 0.12512 1.9515 0.078092 1.1407 15.052
681.89 55325 2.3682 0.058824 2745.7 0.11055 1.9551 0.076057 1.0534 14.882
683.34 55758 2.368 0.059397 2743.4 0.10649 1.956 0.07575 1.044 14.834
688.58 57176 2.3671 0.061453 2736.1 0.091629 1.9586 0.074545 1.0544 14.666
697.9 59163 2.3656 0.065103 2725.6 0.064534 1.9624 0.072788 1.0028 14.564
705.81 60301 2.3643 0.068191 2719.5 0.041233 1.9648 0.073455 0.90203 14.41
707.99 60527 2.364 0.069042 2718.1 0.034787 1.9654 0.073581 0.88947 14.362
713.22 60911 2.3631 0.071081 2715.6 0.019261 1.9667 0.07397 0.88966 14.237
722.54 61048 2.3616 0.074708 2712.9 -0.0084033 1.969 0.076395 0.85561 14.124
730.45 60618 2.3603 0.07778 2712.5 -0.031733 1.9709 0.079116 0.79905 13.986
732.63 60411 2.3599 0.078627 2712.7 -0.038125 1.9715 0.079643 0.7892 13.935
736.12 60002 2.3594 0.079981 2713.3 -0.048303 1.9724 0.080264 0.78565 13.833
742.34 59037 2.3583 0.08239 2714.8 -0.066176 1.9741 0.082575 0.76923 13.714
747.61 57984 2.3575 0.084431 2716.6 -0.081039 1.9758 0.084418 0.75329 13.583
749.06 57656 2.3572 0.084995 2717.3 -0.085088 1.9763 0.084765 0.75078 13.531
752.55 56805 2.3566 0.086344 2718.8 -0.094662 1.9776 0.085759 0.74904 13.411
758.76 55068 2.3556 0.088745 2721.5 -0.11106 1.9805 0.089219 0.73874 13.282
764.04 53383 2.3547 0.090778 2723.7 -0.12417 1.9836 0.091767 0.72758 13.124
765.49 52885 2.3544 0.091339 2724.3 -0.12763 1.9846 0.092249 0.72586 13.071
768.98 51637 2.3539 0.092682 2725.5 -0.13561 1.9872 0.093731 0.72395 12.897
775.19 49239 2.3528 0.095067 2726.2 -0.14808 1.9933 0.098426 0.7173 12.729
780.47 47057 2.3519 0.097082 2724.9 -0.15637 2.0005 0.10139 0.71305 12.495
781.92 46436 2.3516 0.097636 2724 -0.15819 2.0028 0.10191 0.7128 12.417
785.41 44923 2.351 0.098961 2720.9 -0.16147 2.0095 0.1036 0.71494 12.167
791.62 42196 2.3499 0.1013 2708.6 -0.16191 2.0265 0.10793 0.72912 12.006
796.9 39939 2.3489 0.10326 2689.6 -0.15544 2.0478 0.10956 0.74708 11.783
798.35 39339 2.3486 0.10379 2682.7 -0.15233 2.0551 0.10977 0.7515 11.694
801.84 37967 2.3479 0.10506 2662.6 -0.14224 2.0756 0.11056 0.7719 11.38
808.05 35849 2.3466 0.10725 2611.3 -0.11495 2.1261 0.11095 0.84321 11.322
813.33 34484 2.3455 0.10902 2554.3 -0.084821 2.1835 0.10911 0.89454 11.099
814.78 34187 2.3451 0.10949 2536.8 -0.075712 2.2014 0.10875 0.90412 11.044
818.27 33622 2.3443 0.11057 2492.7 -0.053248 2.2476 0.108 0.94843 10.649
824.48 33094 2.3427 0.11236 2409 -0.01694 2.3398 0.10442 1.0488 10.621
829.75 33040 2.3413 0.1137 2340.4 0.006935 2.4203 0.10111 1.075 10.347
831.21 33072 2.3409 0.11405 2322.3 0.013059 2.4418 0.10062 1.0812 10.291
836.44 33332 2.3394 0.1152 2260.8 0.028662 2.5179 0.098506 1.1615 9.8623
845.76 34038 2.3366 0.11691 2167.1 0.036831 2.6402 0.09081 1.2264 9.8194
853.67 34653 2.3343 0.11808 2104.7 0.036023 2.7239 0.085219 1.1108 9.503
855.85 34819 2.3336 0.11836 2089.2 0.03715 2.7438 0.084443 1.0975 9.4286
861.09 35218 2.332 0.11898 2055.5 0.035919 2.7889 0.083095 1.1224 8.9492
870.41 35830 2.3292 0.11989 2002.6 0.027926 2.8607 0.079846 1.0981 8.8638
878.32 36205 2.3268 0.12051 1964.6 0.020144 2.9123 0.078822 0.99031 8.479
880.5 36288 2.3262 0.12066 1954.8 0.018614 2.9253 0.078776 0.97532 8.3696
885.73 36453 2.3246 0.12098 1932.6 0.013656 2.9555 0.079269 0.9816 7.9037
895.05 36612 2.3218 0.12142 1894.3 0.0042263 3.008 0.081892 0.93763 7.7352
902.96 36627 2.3195 0.12168 1863.6 -0.0017743 3.0501 0.084598 0.84913 7.3069
905.14 36618 2.3189 0.12173 1855.2 -0.0027693 3.0612 0.085163 0.83466 7.1546
910.38 36579 2.3173 0.12183 1835.4 -0.0050899 3.0877 0.087337 0.81461 6.6459
919.7 36487 2.3147 0.12191 1798.3 -0.0050883 3.1351 0.094208 0.72807 6.3761
927.6 36443 2.3125 0.12188 1766 -0.0005888 3.1736 0.098284 0.65607 5.8231
929.79 36445 2.3119 0.12186 1757.2 0.0010148 3.1838 0.098926 0.64524 5.5958
933.28 36460 2.3109 0.12181 1743.3 0.0035351 3.1996 0.099971 0.62633 5.0279
939.49 36530 2.3092 0.12169 1718 0.0091205 3.227 0.10281 0.58043 4.3733
944.76 36636 2.3078 0.12155 1697 0.013978 3.2489 0.10407 0.56568 3.667
946.22 36673 2.3074 0.12151 1691.3 0.015148 3.2549 0.10427 0.56314 3.4819
949.71 36770 2.3065 0.1214 1678.3 0.017428 3.2685 0.10499 0.54666 2.7377
955.92 36972 2.3049 0.12117 1655.5 0.020947 3.2915 0.10617 0.52354 1.5232
961.19 37166 2.3035 0.12096 1636.4 0.023087 3.3105 0.10581 0.53614 0.85841
962.65 37222 2.3032 0.12089 1631.3 0.02328 3.3157 0.10574 0.53774 0.67172
966.13 37356 2.3023 0.12074 1619.2 0.023645 3.328 0.10563 0.53111 0.3426
972.35 37595 2.3007 0.12043 1597.4 0.02365 3.3496 0.1043 0.53225 0.30121
977.62 37786 2.2995 0.12015 1580.5 0.021042 3.367 0.10254 0.55305 0.025162
979.08 37833 2.2991 0.12006 1575.9 0.020047 3.3719 0.10227 0.55581 0.00018425
982.56 37936 2.2983 0.11986 1565.1 0.017454 3.3833 0.10162 0.55307 0.00013493
988.78 38077 2.2968 0.11949 1546.9 0.011371 3.4033 0.098887 0.56723 0.00011125
994.05 38143 2.2956 0.11915 1532.4 0.0045235 3.4203 0.096469 0.59808 0.00011154
995.51 38150 2.2952 0.11905 1528.5 0.0023495 3.425 0.096043 0.60306 0.00010974
998.99 38148 2.2944 0.11882 1519.5 -0.0030645 3.4364 0.09499 0.61093 0.00010593
1005.2 38069 2.293 0.11837 1504.2 -0.013895 3.4569 0.091219 0.64595 9.1637e-05
1010.5 37918 2.2918 0.11798 1492 -0.024309 3.475 0.088424 0.67652 8.044e-05
1011.9 37862 2.2915 0.11787 1488.7 -0.027298 3.4801 0.087952 0.68115 7.8407e-05
1015.4 37702 2.2908 0.1176 1481 -0.034485 3.4926 0.08683 0.69242 7.2104e-05
1021.6 37326 2.2894 0.11709 1467.5 -0.047528 3.5158 0.083691 0.72263 4.9746e-05
1026.9 36916 2.2883 0.11664 1456.2 -0.058548 3.5369 0.081933 0.73748 3.3624e-05
1028.4 36789 2.288 0.11651 1453.1 -0.061451 3.5429 0.081614 0.74055 3.1124e-05
1033.6 36286 2.2869 0.11604 1441.6 -0.071455 3.5659 0.080056 0.76855 2.7228e-05
1042.9 35216 2.285 0.11514 1420.3 -0.088744 3.6128 0.074274 0.84339 1.9298e-05
1050.8 34152 2.2835 0.11432 1400.6 -0.10215 3.6598 0.070249 0.87382 1.6828e-05
1053 33835 2.2831 0.11408 1394.7 -0.10514 3.6741 0.069604 0.87818 1.5841e-05
1058.2 33051 2.2821 0.11349 1379.5 -0.11136 3.7117 0.067874 0.92365 1.2472e-05
1067.6 31577 2.2805 0.11236 1347.9 -0.11983 3.7933 0.064616 0.98248 2.4957e-06
1075.5 30316 2.2792 0.11131 1314.4 -0.11833 3.8778 0.064537 0.93267 0
1077.7 29982 2.2789 0.11101 1303.6 -0.11469 3.9034 0.064542 0.92099 0
1081.1 29481 2.2784 0.11052 1285 -0.10751 3.9472 0.064548 0.92562 0
1087.4 28704 2.2776 0.1096 1246.9 -0.088841 4.0337 0.065469 0.91073 0
1092.6 28201 2.277 0.10879 1209.3 -0.065513 4.1139 0.066945 0.87193 0
1094.1 28094 2.2768 0.10856 1198.1 -0.057648 4.1367 0.067209 0.86559 0
1097.6 27896 2.2765 0.10801 1169.8 -0.038074 4.1927 0.067756 0.86067 0
1103.8 27760 2.276 0.10701 1115.3 0.00010955 4.2942 0.070151 0.82409 0
1109.1 27860 2.2756 0.10618 1065.9 0.03459 4.3778 0.072244 0.78271 0
1110.5 27921 2.2756 0.10595 1052 0.043947 4.4 0.072567 0.77668 0
1114 28118 2.2754 0.10541 1018.7 0.064483 4.4514 0.073193 0.76729 0
1120.2 28610 2.2752 0.10447 960.08 0.093734 4.5352 0.075041 0.73966 0
1125.5 29115 2.2751 0.10371 912.36 0.10953 4.5976 0.076006 0.7254 0
1126.9 29262 2.2751 0.1035 899.67 0.11207 4.6135 0.076107 0.72393 0
