time (s) altitude (m) velocity (m/s) mass (kg) dynamic pressure (Pa)trajectory angle (rad) Lift (N)Drag (N)heading angle (rad) latitude (rad) angle of attack (rad) 
634.06 34374 3065.9 3300 42581 0.072098 19583 5658.7 1.8051 0.039121 0.14445
635.01 34586 3076 3285.9 41460 0.072596 20263 5844.6 1.8051 0.039565 0.15114
637.01 35036 3096.9 3256.3 39166 0.074073 23102 6602.3 1.8051 0.040498 0.17347
639.5 35623 3121.6 3219.4 36330 0.077618 29315 8797 1.8052 0.041672 0.21536
641.83 36204 3143.6 3185 33686 0.082101 29443 9044.4 1.8052 0.042774 0.22738
643.36 36606 3158.4 3162.3 31965 0.084903 29092 9034.5 1.8052 0.043504 0.23384
643.74 36710 3162 3156.6 31535 0.085653 29287 9143.5 1.8052 0.043689 0.23717
644.77 36992 3171.9 3141.4 30396 0.087628 29355 9256 1.8052 0.044181 0.24381
646.6 37512 3189.4 3114.2 28398 0.091196 29153 9439.1 1.8052 0.045062 0.254
648.16 37972 3204.3 3091.2 26740 0.094234 28806 9512.3 1.8053 0.045813 0.26244
648.59 38102 3208.4 3084.9 26289 0.095072 28704 9528.2 1.8053 0.046021 0.26486
649.62 38419 3218.3 3069.6 25221 0.097116 28819 9730.8 1.8053 0.04652 0.27331
651.45 39003 3236.1 3042.5 23373 0.10057 26230 8794.6 1.8053 0.047412 0.26991
653 39515 3252.2 3019.5 21875 0.10295 22923 7478.1 1.8053 0.048174 0.25753
653.43 39659 3256.7 3013.2 21475 0.1035 22517 7346.8 1.8053 0.048384 0.25764
655.49 40362 3279.2 2982.7 19632 0.10594 20944 6879.3 1.8053 0.049398 0.26067
659.15 41667 3319.2 2928.5 16634 0.11054 22053 7975.2 1.8054 0.051221 0.30255
662.26 42835 3352.4 2882.4 14349 0.11527 21929 8557.7 1.8054 0.052784 0.33385
663.12 43168 3361.7 2869.7 13759 0.11655 20874 8112 1.8055 0.053218 0.33215
664.47 43703 3376.6 2849.7 12867 0.11843 19839 7778 1.8055 0.053904 0.33591
667.15 44793 3406.9 2810 11238 0.12187 17906 7142 1.8055 0.055273 0.34376
670.12 46048 3442 2766 9636.3 0.12505 14852 5818.2 1.8056 0.056803 0.3358
672.25 46973 3468.4 2734.5 8617.7 0.12672 12836 4931.4 1.8056 0.057909 0.32789
672.81 47216 3475.4 2726.3 8389.2 0.1271 12430 4760.4 1.8056 0.058197 0.3267
673.83 47672 3488.5 2711.1 7980.5 0.12774 11749 4480.9 1.8056 0.058736 0.32524
675.67 48493 3512.5 2684 7294.1 0.1287 10425 3903.4 1.8057 0.059699 0.31868
677.22 49198 3533.4 2661 6752.2 0.12931 9392.4 3459.2 1.8057 0.060522 0.31277
677.65 49394 3539.2 2654.6 6609 0.12945 9145 3359.7 1.8057 0.06075 0.31161
678.68 49866 3553.3 2639.4 6276.6 0.12974 8601.4 3145.1 1.8057 0.061297 0.30949
680.51 50714 3579 2612.3 5721.3 0.13012 7587.5 2730.6 1.8058 0.062278 0.30246
682.06 51439 3601.2 2589.3 5309.2 0.13028 6865.6 2438.6 1.8058 0.063116 0.29721
682.49 51640 3607.4 2582.9 5204 0.13031 6688.6 2367.8 1.8058 0.063348 0.29595
684.55 52610 3637.6 2552.4 4722.7 0.13032 5813.7 2014.3 1.8058 0.064467 0.28737
688.21 54354 3693.6 2498.2 3956.9 0.12965 4201.6 1368.8 1.8059 0.066483 0.25965
691.32 55844 3743.4 2452.2 3393.8 0.12842 3254.7 1018.3 1.8059 0.068217 0.24244
692.18 56256 3757.4 2439.5 3251.4 0.12802 3058.1 952.67 1.806 0.0687 0.23914
694.24 57245 3791.6 2409 2931.2 0.12695 2554.7 780.7 1.806 0.069865 0.22679
697.9 59003 3854.7 2354.8 2431.3 0.12452 1718.3 502.11 1.8061 0.071967 0.19624
701.01 60489 3910.2 2308.8 2070.4 0.12208 1408.4 411.35 1.8061 0.073778 0.19112
701.87 60897 3925.7 2296.1 1979.9 0.12144 1347.6 394.16 1.8061 0.074282 0.1912
703.93 61874 3963.3 2265.6 1777.6 0.11991 1216 357.12 1.8062 0.0755 0.19189
707.59 63607 4031.4 2211.4 1463.3 0.11736 1057.2 313.79 1.8062 0.077698 0.19938
710.7 65073 4090.5 2165.3 1237.1 0.11545 944.51 281.83 1.8063 0.079592 0.20735
711.56 65478 4107 2152.6 1180.4 0.11497 901.69 268.97 1.8063 0.08012 0.20743
713.61 66446 4147.1 2122.2 1053.8 0.11386 840.62 253.32 1.8063 0.081394 0.21364
717.28 68174 4219.9 2067.9 857.53 0.11216 698.33 211.46 1.8064 0.083694 0.21663
720.39 69644 4283.5 2021.9 716.94 0.11063 455.91 132.13 1.8064 0.085677 0.18254
721.24 70049 4301.5 2009.2 681.96 0.11009 382.61 109.91 1.8065 0.086229 0.16726
723.3 71020 4345.3 1978.8 604.4 0.10857 246.19 72.527 1.8065 0.087564 0.1332
726.96 72734 4425.7 1924.5 483.97 0.10502 84.062 37.021 1.8065 0.089974 0.068805
730.07 74161 4496.4 1878.5 401.34 0.10115 13.207 26.216 1.8066 0.092055 0.015115
730.93 74549 4516.2 1865.8 381.3 0.099949 0 24.401 1.8066 0.092636 0
730.93 74549 4516.2 1865.8 381.3 0.099949 0 24.401 1.8066 0.092636 0
731.93 75000 4515.3 1865.8 355.38 0.098506 0 22.732 1.8066 0.093314 0
732.93 75441 4514.4 1865.8 331.63 0.097062 0 21.203 1.8066 0.093991 0
733.93 75875 4513.5 1865.8 309.7 0.095618 0 19.792 1.8067 0.094669 0
734.93 76302 4512.6 1865.8 289.44 0.094173 0 18.49 1.8067 0.095346 0
735.93 76723 4511.7 1865.8 270.72 0.092727 0 17.286 1.8067 0.096024 0
736.93 77138 4510.9 1865.8 253.4 0.091282 0 16.173 1.8067 0.096701 0
737.93 77546 4510 1865.8 237.37 0.089835 0 15.143 1.8067 0.097379 0
738.93 77947 4509.2 1865.8 222.54 0.088388 0 14.191 1.8067 0.098056 0
739.93 78342 4508.4 1865.8 208.8 0.086941 0 13.309 1.8067 0.098733 0
740.93 78730 4507.6 1865.8 196.06 0.085493 0 12.492 1.8068 0.09941 0
741.93 79112 4506.8 1865.8 184.26 0.084045 0 11.735 1.8068 0.10009 0
742.93 79487 4506 1865.8 173.32 0.082596 0 11.034 1.8068 0.10076 0
743.93 79855 4505.3 1865.8 163.16 0.081147 0 10.383 1.8068 0.10144 0
744.93 80217 4504.5 1865.8 153.73 0.079698 0 9.7786 1.8068 0.10212 0
745.93 80572 4503.8 1865.8 144.97 0.078248 0 9.2177 1.8068 0.10279 0
746.93 80921 4503.1 1865.8 136.82 0.076797 0 8.6967 1.8068 0.10347 0
747.93 81263 4502.4 1865.8 129.26 0.075346 0 8.2124 1.8069 0.10415 0
748.93 81599 4501.7 1865.8 122.21 0.073895 0 7.7621 1.8069 0.10482 0
749.93 81928 4501 1865.8 115.66 0.072444 0 7.3432 1.8069 0.1055 0
750.93 82251 4500.4 1865.8 109.56 0.070992 0 6.9534 1.8069 0.10618 0
751.93 82567 4499.7 1865.8 103.88 0.069539 0 6.5903 1.8069 0.10685 0
752.93 82876 4499.1 1865.8 98.585 0.068087 0 6.2521 1.8069 0.10753 0
753.93 83179 4498.5 1865.8 93.649 0.066633 0 5.937 1.8069 0.10821 0
754.93 83475 4497.9 1865.8 89.044 0.06518 0 5.6431 1.8069 0.10888 0
755.93 83765 4497.3 1865.8 84.748 0.063726 0 5.369 1.807 0.10956 0
756.93 84048 4496.8 1865.8 80.738 0.062272 0 5.1132 1.807 0.11023 0
757.93 84324 4496.2 1865.8 76.993 0.060818 0 4.8744 1.807 0.11091 0
758.93 84594 4495.7 1865.8 73.495 0.059363 0 4.6515 1.807 0.11159 0
759.93 84858 4495.1 1865.8 70.21 0.057908 0 4.4423 1.807 0.11226 0
760.93 85115 4494.6 1734.9 0 0.056452 0 0 1.807 0.11294 0
761.93 85365 4494.1 1734.9 0 0.054997 0 0 1.807 0.11361 0
762.93 85609 4493.6 1734.9 0 0.053541 0 0 1.807 0.11429 0
763.93 85846 4493.2 1734.9 0 0.052084 0 0 1.807 0.11496 0
764.93 86077 4492.7 1734.9 0 0.050628 0 0 1.807 0.11564 0
765.93 86301 4492.3 1734.9 0 0.049171 0 0 1.8071 0.11632 0
766.93 86518 4491.8 1734.9 0 0.047714 0 0 1.8071 0.11699 0
767.93 86729 4491.4 1734.9 0 0.046257 0 0 1.8071 0.11767 0
768.93 86934 4491 1734.9 0 0.044799 0 0 1.8071 0.11834 0
769.93 87131 4490.6 1734.9 0 0.043341 0 0 1.8071 0.11902 0
770.93 87323 4490.3 1734.9 0 0.041884 0 0 1.8071 0.11969 0
771.93 87507 4489.9 1734.9 0 0.040425 0 0 1.8071 0.12037 0
772.93 87686 4489.5 1734.9 0 0.038967 0 0 1.8071 0.12104 0
773.93 87857 4489.2 1734.9 0 0.037508 0 0 1.8071 0.12172 0
774.93 88022 4488.9 1734.9 0 0.03605 0 0 1.8071 0.12239 0
775.93 88181 4488.6 1734.9 0 0.034591 0 0 1.8071 0.12307 0
776.93 88333 4488.3 1734.9 0 0.033131 0 0 1.8071 0.12374 0
777.93 88478 4488 1734.9 0 0.031672 0 0 1.8071 0.12442 0
778.93 88617 4487.8 1734.9 0 0.030213 0 0 1.8072 0.12509 0
779.93 88749 4487.5 1734.9 0 0.028753 0 0 1.8072 0.12577 0
780.93 88875 4487.3 1734.9 0 0.027293 0 0 1.8072 0.12644 0
781.93 88994 4487.1 1734.9 0 0.025834 0 0 1.8072 0.12712 0
782.93 89107 4486.9 1734.9 0 0.024374 0 0 1.8072 0.12779 0
783.93 89213 4486.7 1734.9 0 0.022913 0 0 1.8072 0.12847 0
784.93 89312 4486.5 1734.9 0 0.021453 0 0 1.8072 0.12914 0
785.93 89405 4486.3 1734.9 0 0.019993 0 0 1.8072 0.12982 0
786.93 89492 4486.2 1734.9 0 0.018532 0 0 1.8072 0.13049 0
787.93 89572 4486 1734.9 0 0.017072 0 0 1.8072 0.13117 0
788.93 89645 4485.9 1734.9 0 0.015611 0 0 1.8072 0.13184 0
789.93 89712 4485.8 1734.9 0 0.014151 0 0 1.8072 0.13252 0
790.93 89772 4485.7 1734.9 0 0.01269 0 0 1.8072 0.13319 0
791.93 89826 4485.6 1734.9 0 0.011229 0 0 1.8072 0.13387 0
792.93 89873 4485.6 1734.9 0 0.0097685 0 0 1.8072 0.13454 0
793.93 89913 4485.5 1734.9 0 0.0083077 0 0 1.8072 0.13522 0
794.93 89947 4485.5 1734.9 0 0.0068469 0 0 1.8072 0.13589 0
795.93 89975 4485.5 1734.9 0 0.005386 0 0 1.8072 0.13657 0
796.93 89995 4485.4 1734.9 0 0.0039251 0 0 1.8072 0.13724 0
797.93 90010 4485.4 1734.9 0 0.0024643 0 0 1.8072 0.13792 0
798.93 90018 4485.5 1734.9 0 0.0010034 0 0 1.8073 0.13859 0
799.93 90019 4485.5 1734.9 0 0 0 0 1.8073 0.13927 0
