time (s) altitude (m) longitude (rad) latitude (rad) velocity (m/s) trajectory angle (rad) heading angle (rad) angle of attack (rad) bank angle (rad) fuel mass (kg) Third Stage (flag)
124.64 25218 2.3849 -0.20424 1618.3 0.01836 1.7983 0.00022535 7.9097e-06 1562 1
127.19 25288 2.3848 -0.2036 1627.1 0.016092 1.7983 0.0098003 2.5212e-05 1555.2 1
131.74 25410 2.3845 -0.20247 1644.8 0.017204 1.7984 0.01354 4.3707e-05 1542.4 1
135.6 25523 2.3843 -0.2015 1660 0.017804 1.7985 0.010503 2.4769e-05 1531.2 1
136.66 25554 2.3842 -0.20123 1664.3 0.017611 1.7985 0.014834 1.8421e-05 1528.1 1
139.22 25631 2.3841 -0.20058 1674.9 0.018519 1.7985 0.012495 4.1014e-05 1520.5 1
143.77 25775 2.3838 -0.19942 1694.1 0.018928 1.7986 0.011672 6.0392e-05 1506.7 1
147.62 25900 2.3836 -0.19841 1710.9 0.019191 1.7987 0.011744 3.4168e-05 1494.7 1
148.69 25936 2.3835 -0.19814 1715.6 0.019238 1.7987 0.011423 2.4915e-05 1491.3 1
151.24 26020 2.3833 -0.19747 1727 0.019285 1.7988 0.011576 5.4574e-05 1483.2 1
155.79 26173 2.383 -0.19626 1747.9 0.019384 1.7989 0.011501 7.9661e-05 1468.3 1
159.65 26304 2.3828 -0.19523 1766.1 0.01922 1.7989 0.010824 4.425e-05 1455.5 1
160.72 26340 2.3827 -0.19495 1771.2 0.019082 1.7989 0.010976 3.2273e-05 1451.9 1
163.27 26426 2.3826 -0.19425 1783.2 0.018929 1.799 0.011392 6.913e-05 1443.2 1
167.82 26581 2.3823 -0.19301 1804.5 0.01889 1.7991 0.011464 0.0001014 1427.8 1
171.68 26711 2.382 -0.19195 1822.4 0.018152 1.7991 0.0087319 5.5233e-05 1414.8 1
172.74 26746 2.382 -0.19165 1827.2 0.017579 1.7992 0.0085693 3.5167e-05 1411.3 1
174.45 26799 2.3818 -0.19118 1835 0.016692 1.7992 0.0081378 5.7644e-05 1405.7 1
177.48 26890 2.3816 -0.19033 1849 0.015875 1.7992 0.012611 7.8327e-05 1395.5 1
180.05 26968 2.3815 -0.1896 1861.2 0.017257 1.7993 0.018953 4.7257e-05 1386.6 1
180.76 26991 2.3814 -0.1894 1864.6 0.01805 1.7993 0.018765 3.9291e-05 1384.1 1
182.46 27051 2.3813 -0.18891 1872.7 0.019407 1.7993 0.01561 6.5207e-05 1378.1 1
185.5 27161 2.3811 -0.18805 1886.6 0.018488 1.7994 0.0040071 8.4694e-05 1368 1
188.07 27243 2.3809 -0.18731 1898.2 0.015099 1.7994 0.0034085 4.9678e-05 1359.7 1
188.78 27263 2.3809 -0.1871 1901.5 0.014422 1.7994 0.0063986 4.2343e-05 1357.4 1
190.48 27308 2.3808 -0.18661 1909.3 0.013499 1.7995 0.010446 7.7658e-05 1351.8 1
193.51 27389 2.3806 -0.18572 1923.6 0.014856 1.7995 0.019795 0.00011408 1341.3 1
196.09 27469 2.3804 -0.18497 1936 0.017614 1.7995 0.017777 7.137e-05 1332.2 1
196.8 27494 2.3803 -0.18476 1939.3 0.017973 1.7996 0.014849 6.3337e-05 1329.8 1
199.35 27584 2.3801 -0.184 1951.1 0.017955 1.7996 0.0093461 0.00012192 1321.1 1
203.9 27728 2.3798 -0.18264 1971.7 0.013877 1.7997 0.0039358 0.00016862 1306.3 1
207.76 27825 2.3795 -0.18148 1989.7 0.012341 1.7997 0.01902 0.00012537 1293.4 1
208.82 27851 2.3795 -0.18116 1994.9 0.013866 1.7997 0.021359 9.5639e-05 1289.6 1
211.38 27931 2.3793 -0.18038 2007.2 0.016822 1.7998 0.019563 0.00017562 1280.5 1
215.93 28088 2.379 -0.17898 2028.4 0.016283 1.7999 0.0036104 0.00019527 1265.2 1
219.78 28200 2.3787 -0.17779 2046 0.011703 1.7999 0.008356 0.00011144 1252.8 1
220.85 28223 2.3786 -0.17745 2050.9 0.011648 1.7999 0.012332 8.0562e-05 1249.3 1
222.55 28265 2.3785 -0.17692 2059 0.012347 1.8 0.01901 0.00013656 1243.4 1
225.59 28351 2.3782 -0.17597 2073.6 0.015239 1.8 0.019443 0.00017503 1232.7 1
228.16 28436 2.378 -0.17515 2085.6 0.015799 1.8 0.0078391 8.7923e-05 1223.9 1
228.87 28459 2.378 -0.17493 2088.8 0.015146 1.8 0.0062586 7.2481e-05 1221.6 1
230.57 28510 2.3779 -0.17439 2096.6 0.013417 1.8001 0.0036391 0.00012157 1216.1 1
233.6 28586 2.3776 -0.17342 2110.4 0.010874 1.8001 0.0099742 0.00017148 1206.3 1
236.18 28645 2.3774 -0.17259 2122.1 0.011401 1.8001 0.019497 0.00010862 1197.5 1
236.89 28663 2.3774 -0.17236 2125.5 0.012056 1.8002 0.021801 9.0343e-05 1195 1
238.59 28710 2.3773 -0.17181 2133.5 0.013876 1.8002 0.020828 0.00014179 1189 1
241.62 28805 2.377 -0.17082 2146.8 0.014499 1.8002 0.0080525 0.00016277 1178.6 1
244.19 28879 2.3768 -0.16998 2157.4 0.011912 1.8003 0.0036696 8.8143e-05 1170.4 1
244.9 28896 2.3768 -0.16974 2160.4 0.011211 1.8003 0.0037305 7.7316e-05 1168.1 1
246.61 28934 2.3766 -0.16918 2167.3 0.0095129 1.8003 0.0063397 0.00013902 1162.6 1
249.64 28993 2.3764 -0.16818 2179.6 0.0089279 1.8003 0.017155 0.00020707 1152.5 1
252.21 29048 2.3762 -0.16733 2190.3 0.010915 1.8004 0.02107 0.00012865 1143.5 1
252.92 29066 2.3761 -0.16709 2193.3 0.011498 1.8004 0.019668 0.00010478 1141 1
254.62 29111 2.376 -0.16652 2200.1 0.012584 1.8004 0.017073 0.00015866 1135.1 1
257.66 29194 2.3758 -0.1655 2211.6 0.011661 1.8004 0.0042814 0.00017142 1125 1
260.23 29252 2.3756 -0.16463 2221 0.0084047 1.8005 0.0032636 8.9934e-05 1116.9 1
260.94 29265 2.3755 -0.16439 2223.6 0.0077299 1.8005 0.0067001 8.171e-05 1114.6 1
262.64 29292 2.3754 -0.16382 2229.8 0.0069753 1.8005 0.012623 0.00016248 1109 1
265.67 29342 2.3751 -0.16279 2241 0.008347 1.8005 0.021671 0.00025099 1098.6 1
268.25 29398 2.3749 -0.16191 2250.8 0.010799 1.8006 0.020747 0.00014684 1089.5 1
268.96 29415 2.3749 -0.16166 2253.3 0.011261 1.8006 0.017426 0.00012436 1087 1
271.51 29480 2.3746 -0.16079 2262 0.010738 1.8006 0.0073478 0.00021858 1078.5 1
276.06 29570 2.3743 -0.15922 2276.5 0.006493 1.8006 0.0065058 0.00029725 1064 1
279.92 29620 2.374 -0.15788 2289.2 0.0060738 1.8007 0.021329 0.00022472 1051.1 1
280.98 29636 2.3739 -0.15751 2292.9 0.0072915 1.8007 0.021935 0.00016918 1047.3 1
283.54 29687 2.3737 -0.15661 2301.5 0.0095329 1.8007 0.020142 0.00030133 1038.4 1
288.09 29787 2.3733 -0.15502 2315.5 0.0086868 1.8008 0.0042954 0.00030033 1023.3 1
291.95 29848 2.373 -0.15365 2326.4 0.0045815 1.8008 0.0091951 0.00015818 1011.1 1
293.01 29858 2.3729 -0.15328 2329.4 0.0044924 1.8008 0.013144 0.00012089 1007.5 1
294.71 29876 2.3727 -0.15267 2334.4 0.0048981 1.8009 0.018643 0.0002108 1001.7 1
297.75 29917 2.3725 -0.15159 2343.5 0.0067183 1.8009 0.019327 0.00027708 991.28 1
300.32 29961 2.3722 -0.15068 2350.8 0.0076544 1.8009 0.015396 0.00013764 982.51 1
301.03 29974 2.3722 -0.15042 2352.7 0.007712 1.8009 0.016775 0.00011179 980.12 1
302.73 30006 2.372 -0.14981 2357.4 0.0082053 1.8009 0.01561 0.00016578 974.34 1
305.76 30062 2.3718 -0.14872 2365.3 0.0069222 1.801 0.0044707 0.00018375 964.44 1
308.34 30096 2.3716 -0.1478 2371.6 0.0041894 1.801 0.0069636 0.00010535 956.33 1
309.05 30103 2.3715 -0.14754 2373.3 0.0038507 1.801 0.0097224 9.4582e-05 954.02 1
310.75 30118 2.3714 -0.14692 2377.7 0.0037102 1.801 0.01629 0.00017753 948.37 1
313.78 30149 2.3711 -0.14583 2385.7 0.0050399 1.801 0.019102 0.00024498 938.01 1
316.35 30183 2.3709 -0.14489 2392.3 0.006041 1.8011 0.016425 0.00013758 929.24 1
317.06 30194 2.3708 -0.14463 2394.1 0.0061687 1.8011 0.018896 0.00012616 926.85 1
319.62 30236 2.3706 -0.1437 2400.5 0.0072916 1.8011 0.01672 0.00023857 918.13 1
324.17 30309 2.3702 -0.14204 2411 0.0055779 1.8011 0.0052705 0.00026293 903.29 1
328.03 30349 2.3699 -0.14062 2419.5 0.0029473 1.8012 0.015342 0.00015674 890.93 1
329.09 30356 2.3698 -0.14023 2422.1 0.0035466 1.8012 0.018186 0.00012288 887.28 1
331.64 30380 2.3695 -0.13929 2428 0.0041959 1.8012 0.015851 0.00024524 878.67 1
336.19 30429 2.3692 -0.1376 2438.3 0.0046373 1.8013 0.015093 0.00031345 863.45 1
340.05 30474 2.3688 -0.13617 2446.8 0.0049575 1.8013 0.01495 0.00014034 850.55 1
341.12 30487 2.3687 -0.13577 2449.1 0.0050106 1.8013 0.014778 8.7762e-05 847 1
342.82 30508 2.3686 -0.13514 2452.8 0.0051026 1.8013 0.014822 0.00013495 841.33 1
345.85 30547 2.3683 -0.13401 2459.2 0.0052806 1.8013 0.014809 0.00016626 831.23 1
348.43 30581 2.3681 -0.13304 2464.6 0.0054198 1.8014 0.014688 8.8975e-05 822.68 1
349.14 30590 2.368 -0.13278 2466.1 0.0054521 1.8014 0.014888 7.3007e-05 820.32 1
350.84 30614 2.3679 -0.13214 2469.6 0.0055226 1.8014 0.013384 0.00011463 814.68 1
353.87 30651 2.3676 -0.131 2475.6 0.0041019 1.8014 0.0061237 0.00014091 804.91 1
356.44 30672 2.3674 -0.13003 2480.7 0.0025359 1.8014 0.013412 8.2708e-05 796.7 1
357.15 30676 2.3673 -0.12976 2482.2 0.0027097 1.8014 0.015367 7.0519e-05 794.32 1
358.86 30688 2.3671 -0.12912 2485.7 0.0029825 1.8014 0.015954 0.00012182 788.65 1
361.89 30713 2.3669 -0.12797 2491.9 0.0036961 1.8015 0.016719 0.00016155 778.51 1
364.46 30739 2.3666 -0.12699 2497.2 0.0044683 1.8015 0.017173 9.6542e-05 769.87 1
365.17 30747 2.3666 -0.12672 2498.6 0.0047019 1.8015 0.018624 8.9681e-05 767.49 1
367.72 30782 2.3663 -0.12575 2503.8 0.0057869 1.8015 0.01638 0.00017533 758.87 1
372.27 30842 2.3659 -0.12402 2512.7 0.0043118 1.8016 0.005744 0.00020736 744.18 1
376.13 30874 2.3656 -0.12254 2520.1 0.0023713 1.8016 0.017098 0.00013664 731.86 1
377.2 30880 2.3655 -0.12213 2522.3 0.0032184 1.8016 0.019981 0.00010941 728.21 1
379.75 30906 2.3653 -0.12115 2527.6 0.00469 1.8016 0.017787 0.00020365 719.56 1
384.3 30958 2.3648 -0.1194 2536.3 0.0038278 1.8016 0.0065241 0.00023319 704.8 1
388.16 30987 2.3645 -0.11791 2543.6 0.0021297 1.8017 0.017038 0.0001462 692.47 1
389.22 30992 2.3644 -0.1175 2545.8 0.0029829 1.8017 0.020018 0.00011666 688.83 1
391.78 31018 2.3642 -0.11651 2550.9 0.0045236 1.8017 0.017806 0.00021512 680.19 1
396.33 31069 2.3637 -0.11474 2559.4 0.00376 1.8017 0.0064058 0.0002433 665.46 1
400.19 31098 2.3634 -0.11324 2566.5 0.0020829 1.8018 0.016728 0.00015161 653.16 1
401.25 31103 2.3633 -0.11282 2568.6 0.002926 1.8018 0.019759 0.00012115 649.53 1
403.8 31128 2.363 -0.11182 2573.5 0.0044517 1.8018 0.017517 0.00022366 640.92 1
408.35 31179 2.3626 -0.11004 2581.8 0.0037585 1.8018 0.0065856 0.00025585 626.23 1
412.21 31209 2.3623 -0.10852 2588.7 0.0023373 1.8018 0.017422 0.00016054 613.92 1
413.28 31215 2.3622 -0.1081 2590.8 0.0032764 1.8018 0.020333 0.00012752 610.29 1
415.83 31244 2.3619 -0.1071 2595.5 0.0050681 1.8019 0.018381 0.00023891 601.66 1
420.38 31303 2.3615 -0.1053 2603.5 0.0041808 1.8019 0.0039619 0.00027161 587.07 1
424.24 31330 2.3611 -0.10377 2610.1 0.0010339 1.8019 0.010515 0.00015764 575.15 1
425.3 31332 2.361 -0.10335 2612 0.0012345 1.8019 0.01417 0.00012507 571.66 1
427.86 31343 2.3608 -0.10233 2616.6 0.0022282 1.8019 0.018288 0.00025812 563.21 1
432.41 31382 2.3604 -0.10052 2624.6 0.0042151 1.802 0.014615 0.00033393 548.13 1
436.27 31426 2.36 -0.098978 2631.1 0.0040546 1.802 0.010277 0.00017091 535.69 1
437.33 31437 2.3599 -0.098552 2632.9 0.0038152 1.802 0.012124 0.0001259 532.29 1
439.89 31462 2.3597 -0.097528 2637.2 0.0033735 1.802 0.0095875 0.00024781 524.14 1
444.43 31493 2.3592 -0.095702 2644.7 0.00205 1.802 0.010593 0.00033434 509.73 1
448.29 31515 2.3589 -0.094149 2651.2 0.0027211 1.8021 0.019082 0.00019344 497.19 1
449.36 31524 2.3588 -0.093719 2653 0.0036018 1.8021 0.018813 0.00014072 493.6 1
451.91 31554 2.3585 -0.092688 2657.2 0.0047068 1.8021 0.013944 0.00026956 485.19 1
456.46 31603 2.3581 -0.090849 2664.5 0.0029322 1.8021 0.0040094 0.00034788 470.92 1
460.32 31621 2.3577 -0.089284 2670.6 0.00085566 1.8021 0.013788 0.00019029 458.92 1
461.38 31623 2.3576 -0.088851 2672.4 0.0014384 1.8021 0.017052 0.00012325 455.41 1
463.09 31632 2.3574 -0.088159 2675.1 0.0022263 1.8021 0.016436 0.00019409 449.81 1
466.12 31654 2.3572 -0.086925 2680 0.0031016 1.8022 0.013376 0.00024512 439.93 1
468.69 31676 2.3569 -0.085876 2684 0.0032499 1.8022 0.012083 0.00013776 431.67 1
469.4 31682 2.3568 -0.085586 2685.1 0.0032733 1.8022 0.012118 0.00011453 429.39 1
471.11 31697 2.3567 -0.084891 2687.8 0.0031951 1.8022 0.010697 0.00019114 423.96 1
474.14 31721 2.3564 -0.083651 2692.4 0.0027131 1.8022 0.010159 0.00025276 414.36 1
476.71 31739 2.3561 -0.082597 2696.4 0.002599 1.8022 0.013076 0.00014554 406.16 1
477.42 31744 2.3561 -0.082306 2697.5 0.0027414 1.8022 0.013091 0.0001212 403.87 1
479.12 31757 2.3559 -0.081607 2700.1 0.002841 1.8022 0.011568 0.00020121 398.42 1
482.16 31780 2.3556 -0.080361 2704.6 0.0025808 1.8022 0.010495 0.00026384 388.81 1
484.73 31797 2.3554 -0.079303 2708.5 0.0025599 1.8022 0.013299 0.00015144 380.61 1
485.44 31802 2.3553 -0.07901 2709.6 0.0027316 1.8023 0.013241 0.00012618 378.32 1
487.14 31815 2.3551 -0.078309 2712.1 0.0028182 1.8023 0.010992 0.00020831 372.89 1
490.17 31837 2.3548 -0.077058 2716.5 0.0023559 1.8023 0.009677 0.00027356 363.33 1
492.75 31853 2.3546 -0.075995 2720.3 0.0023334 1.8023 0.014163 0.00015946 355.15 1
493.46 31857 2.3545 -0.075701 2721.4 0.0026035 1.8023 0.014094 0.00013286 352.85 1
495.16 31870 2.3543 -0.074996 2723.9 0.0028137 1.8023 0.011281 0.00021815 347.4 1
498.19 31892 2.354 -0.07374 2728.2 0.0023207 1.8023 0.0090111 0.0002848 337.87 1
500.76 31907 2.3538 -0.072672 2731.9 0.0022187 1.8023 0.01425 0.00016681 329.73 1
501.47 31911 2.3537 -0.072377 2732.9 0.0025273 1.8023 0.014387 0.00013935 327.42 1
503.18 31924 2.3535 -0.07167 2735.4 0.0028533 1.8023 0.011957 0.00022907 321.97 1
506.21 31947 2.3533 -0.070408 2739.6 0.0025054 1.8023 0.0087212 0.00029662 312.43 1
508.78 31963 2.353 -0.069336 2743.2 0.002142 1.8024 0.011988 0.00017095 304.35 1
509.49 31967 2.3529 -0.069039 2744.2 0.0022854 1.8024 0.012264 0.00014315 302.08 1
511.19 31978 2.3528 -0.068329 2746.6 0.0023692 1.8024 0.010921 0.00023779 296.68 1
514.23 31997 2.3525 -0.067062 2750.8 0.0021127 1.8024 0.0098543 0.00031159 287.14 1
516.8 32012 2.3522 -0.065986 2754.3 0.0020676 1.8024 0.012445 0.00017906 279.03 1
517.51 32016 2.3521 -0.065688 2755.3 0.0022226 1.8024 0.012586 0.00014958 276.76 1
519.21 32027 2.352 -0.064975 2757.6 0.002385 1.8024 0.011178 0.00024886 271.35 1
522.24 32046 2.3517 -0.063703 2761.7 0.0021827 1.8024 0.009582 0.00032671 261.83 1
524.82 32061 2.3514 -0.062622 2765.2 0.0020421 1.8024 0.011644 0.00018752 253.75 1
525.53 32065 2.3513 -0.062324 2766.1 0.0021497 1.8024 0.011744 0.00015643 251.49 1
527.23 32075 2.3512 -0.061608 2768.4 0.0021673 1.8024 0.010037 0.00025911 246.13 1
530.26 32092 2.3509 -0.060331 2772.4 0.001784 1.8024 0.0095203 0.00034104 236.66 1
532.83 32105 2.3506 -0.059246 2775.7 0.0019697 1.8024 0.014299 0.0001987 228.53 1
533.55 32109 2.3505 -0.058946 2776.7 0.0023053 1.8025 0.014648 0.0001657 226.24 1
535.25 32121 2.3504 -0.058227 2778.9 0.0027993 1.8025 0.012451 0.00027166 220.81 1
538.28 32145 2.3501 -0.056946 2782.8 0.0028343 1.8025 0.0095103 0.00035344 211.29 1
540.85 32165 2.3498 -0.055857 2786 0.0027916 1.8025 0.012437 0.00020642 203.23 1
541.56 32171 2.3497 -0.055556 2786.9 0.0029977 1.8025 0.012056 0.0001721 200.98 1
543.27 32185 2.3496 -0.054835 2789.1 0.0029176 1.8025 0.0078992 0.00027837 195.67 1
546.3 32204 2.3493 -0.053548 2792.8 0.0013337 1.8025 0.0037802 0.00036079 186.47 1
548.87 32209 2.349 -0.052456 2796.1 0.00036786 1.8025 0.011877 0.00021713 178.6 1
549.58 32210 2.3489 -0.052154 2797 0.00064713 1.8025 0.013062 0.00018242 176.34 1
551.28 32214 2.3488 -0.05143 2799.1 0.0010101 1.8025 0.012073 0.00030163 170.95 1
554.32 32225 2.3485 -0.050139 2802.8 0.001557 1.8025 0.012682 0.00039645 161.38 1
556.89 32239 2.3482 -0.049042 2806 0.0025885 1.8025 0.016533 0.00023243 153.16 1
557.6 32245 2.3481 -0.048739 2806.9 0.0030834 1.8025 0.015824 0.00019328 150.86 1
559.3 32261 2.348 -0.048012 2808.9 0.0037938 1.8025 0.012313 0.000307 145.43 1
562.33 32292 2.3477 -0.046717 2812.5 0.0028838 1.8026 0.0023179 0.00038112 136.15 1
564.91 32305 2.3474 -0.045617 2815.6 0.00075838 1.8026 0.0037997 0.00022302 128.52 1
565.62 32306 2.3473 -0.045313 2816.4 0.00044985 1.8026 0.0066002 0.00019025 126.37 1
567.32 32307 2.3471 -0.044584 2818.4 6.3006e-05 1.8026 0.0091834 0.0003302 121.15 1
570.35 32310 2.3468 -0.043284 2822 0.00089465 1.8026 0.016108 0.00045958 111.57 1
572.92 32322 2.3466 -0.04218 2825.1 0.0026991 1.8026 0.01656 0.00026845 103.26 1
573.63 32328 2.3465 -0.041875 2825.9 0.0031056 1.8026 0.014844 0.00021959 100.98 1
575.34 32345 2.3463 -0.041143 2827.8 0.0037267 1.8026 0.011493 0.00033669 95.584 1
578.37 32374 2.346 -0.039839 2831.3 0.0026582 1.8026 0.0014302 0.00039227 86.372 1
580.94 32386 2.3458 -0.038732 2834.2 0.00037721 1.8026 0.0029452 0.00022822 78.805 1
581.65 32386 2.3457 -0.038426 2835 3.3125e-05 1.8026 0.0059709 0.00020194 76.667 1
583.35 32385 2.3455 -0.037692 2837 -0.00015587 1.8026 0.011217 0.00038211 71.431 1
586.39 32390 2.3452 -0.036384 2840.4 0.001501 1.8026 0.018013 0.00055584 61.753 1
588.96 32408 2.3449 -0.035272 2843.3 0.0033638 1.8026 0.013808 0.00029439 53.465 1
589.67 32415 2.3449 -0.034965 2844 0.0035379 1.8026 0.011129 0.00023148 51.239 1
591.37 32432 2.3447 -0.034229 2845.9 0.0033473 1.8026 0.0057429 0.00033649 46.014 1
594.4 32453 2.3444 -0.032917 2849.2 0.0013002 1.8026 0.0012189 0.00039742 37.015 1
596.98 32456 2.3441 -0.031802 2852.1 -0.00015049 1.8027 0.0085338 0.00026737 29.334 1
597.69 32456 2.3441 -0.031494 2852.8 -5.234e-05 1.8027 0.010762 0.00024255 27.127 1
599.39 32456 2.3439 -0.030756 2854.7 0.00017856 1.8027 0.011902 0.00042247 21.836 1
602.42 32466 2.3436 -0.02944 2857.9 0.0026936 1.8027 0.024712 0.00061426 12.046 1
605 32502 2.3433 -0.028322 2860.6 0.0076834 1.8027 0.032253 0.00023939 3.2653 1
605.71 32520 2.3432 -0.028013 2861.2 0.0092402 1.8027 0.035279 0 0.81858 1
605.71 32520 2.3432 -0.028013 2861.2 0.0092402 1.8027 0.035279 0 0.81858 0
606.22 32536 2.3432 -0.027788 2855.5 0.012371 1.8028 0.03606 0.03126 0.81639 0
607.14 32576 2.3431 -0.027389 2845.1 0.0181 1.8033 0.038256 0.10373 0.81574 0
607.93 32622 2.343 -0.027052 2836.2 0.023094 1.8043 0.039685 0.15796 0.81395 0
608.14 32636 2.343 -0.026959 2833.7 0.024474 1.8046 0.039998 0.17243 0.81349 0
608.66 32674 2.3429 -0.026736 2827.8 0.027782 1.8056 0.04065 0.20149 0.81093 0
609.58 32754 2.3428 -0.026342 2817.3 0.03367 1.8077 0.042564 0.272 0.81017 0
610.36 32834 2.3428 -0.026008 2808.4 0.038634 1.8099 0.043822 0.32377 0.80809 0
610.58 32858 2.3427 -0.025916 2805.9 0.039985 1.8106 0.044087 0.3374 0.80757 0
611.1 32918 2.3427 -0.025697 2800.1 0.043188 1.8124 0.044661 0.36446 0.80458 0
612.02 33036 2.3426 -0.025307 2789.6 0.048751 1.8159 0.046384 0.43273 0.80374 0
612.8 33147 2.3425 -0.024978 2780.9 0.053302 1.8193 0.047526 0.48178 0.80136 0
613.01 33180 2.3425 -0.024887 2778.5 0.054523 1.8203 0.047762 0.49441 0.80079 0
613.53 33260 2.3424 -0.02467 2772.8 0.057388 1.8228 0.048284 0.51924 0.79742 0
614.45 33413 2.3423 -0.024286 2762.7 0.062249 1.8276 0.049866 0.58463 0.7965 0
615.23 33551 2.3422 -0.023961 2754.2 0.066104 1.832 0.050915 0.63013 0.79386 0
615.45 33590 2.3422 -0.023871 2751.9 0.067124 1.8332 0.051128 0.64135 0.79323 0
615.97 33688 2.3422 -0.023657 2746.4 0.069492 1.8363 0.051604 0.66349 0.78957 0
616.89 33868 2.342 -0.023278 2736.7 0.07341 1.842 0.053056 0.72463 0.78856 0
617.67 34028 2.342 -0.022958 2728.7 0.076411 1.847 0.054013 0.76504 0.7857 0
617.89 34073 2.3419 -0.02287 2726.5 0.077194 1.8485 0.054201 0.77408 0.78501 0
618.4 34183 2.3419 -0.022659 2721.3 0.078992 1.8519 0.054628 0.79274 0.78112 0
619.33 34384 2.3418 -0.022285 2712.2 0.081885 1.8581 0.055937 0.84622 0.78003 0
620.11 34560 2.3417 -0.021969 2704.6 0.084018 1.8636 0.056789 0.87913 0.77699 0
620.32 34609 2.3416 -0.021883 2702.5 0.084566 1.8651 0.05695 0.88544 0.77627 0
620.84 34728 2.3416 -0.021675 2697.7 0.085811 1.8687 0.057322 0.89963 0.77217 0
621.76 34943 2.3415 -0.021306 2689.1 0.087759 1.8752 0.058469 0.94042 0.77103 0
622.54 35128 2.3414 -0.020995 2682.1 0.089142 1.8807 0.059204 0.96349 0.76784 0
622.76 35180 2.3413 -0.020909 2680.1 0.089492 1.8822 0.059338 0.96742 0.76708 0
623.28 35304 2.3413 -0.020705 2675.6 0.090275 1.8858 0.059652 0.97706 0.76281 0
624.2 35528 2.3412 -0.020341 2667.7 0.091463 1.8922 0.060624 1.0039 0.76162 0
624.98 35719 2.3411 -0.020034 2661.1 0.092271 1.8976 0.06124 1.0176 0.75831 0
625.2 35772 2.341 -0.01995 2659.3 0.092471 1.8991 0.061348 1.0198 0.75753 0
625.71 35899 2.341 -0.019748 2655.1 0.092904 1.9026 0.061606 1.0258 0.75309 0
626.63 36126 2.3408 -0.019389 2647.8 0.093526 1.9087 0.062406 1.0413 0.75188 0
627.42 36320 2.3407 -0.019086 2641.7 0.09391 1.9138 0.062909 1.0481 0.74846 0
627.63 36373 2.3407 -0.019003 2640 0.093999 1.9152 0.062996 1.0492 0.74767 0
628.15 36502 2.3406 -0.018803 2636.2 0.094176 1.9185 0.063203 1.0526 0.7431 0
629.07 36730 2.3405 -0.018449 2629.4 0.094381 1.9243 0.063847 1.0602 0.74187 0
629.85 36924 2.3404 -0.01815 2623.8 0.094451 1.9291 0.06425 1.0622 0.73836 0
630.07 36977 2.3403 -0.018068 2622.2 0.094457 1.9304 0.064318 1.0626 0.73755 0
630.59 37105 2.3403 -0.017871 2618.7 0.094442 1.9335 0.064482 1.0641 0.73288 0
631.51 37332 2.3401 -0.017521 2612.4 0.094331 1.9389 0.064993 1.0664 0.73163 0
632.29 37524 2.34 -0.017226 2607.2 0.094159 1.9433 0.065312 1.0653 0.72806 0
632.5 37577 2.34 -0.017145 2605.8 0.094101 1.9445 0.065365 1.0651 0.72723 0
633.02 37703 2.3399 -0.01695 2602.5 0.093937 1.9474 0.065494 1.0654 0.72251 0
633.94 37928 2.3398 -0.016604 2596.8 0.093579 1.9523 0.065896 1.064 0.72124 0
634.72 38117 2.3397 -0.016312 2592 0.093214 1.9564 0.066147 1.0609 0.71762 0
634.94 38169 2.3396 -0.016232 2590.7 0.093104 1.9575 0.066188 1.0605 0.71678 0
635.46 38293 2.3395 -0.016039 2587.7 0.09282 1.9602 0.066289 1.0599 0.71202 0
636.38 38513 2.3394 -0.015697 2582.3 0.092259 1.9647 0.066604 1.0561 0.71073 0
637.16 38699 2.3393 -0.015408 2577.9 0.091734 1.9685 0.066802 1.0517 0.70709 0
637.38 38749 2.3393 -0.015328 2576.7 0.091581 1.9695 0.066835 1.051 0.70625 0
637.89 38871 2.3392 -0.015138 2573.9 0.091196 1.9719 0.066914 1.0499 0.70149 0
638.82 39086 2.339 -0.014799 2569 0.090463 1.9761 0.067162 1.0445 0.70018 0
639.6 39267 2.3389 -0.014513 2564.9 0.0898 1.9795 0.067318 1.0393 0.69652 0
639.81 39316 2.3389 -0.014434 2563.8 0.089609 1.9805 0.067344 1.0385 0.69567 0
640.33 39435 2.3388 -0.014245 2561.2 0.089137 1.9827 0.067406 1.037 0.69093 0
641.25 39643 2.3386 -0.01391 2556.7 0.088254 1.9865 0.067604 1.0307 0.6896 0
642.03 39819 2.3385 -0.013626 2552.9 0.087469 1.9897 0.067729 1.0251 0.68596 0
642.25 39867 2.3385 -0.013548 2551.9 0.087245 1.9906 0.06775 1.0242 0.6851 0
642.77 39981 2.3384 -0.013361 2549.5 0.086695 1.9926 0.0678 1.0225 0.68039 0
643.69 40183 2.3382 -0.013028 2545.2 0.085678 1.9961 0.067959 1.0157 0.67905 0
644.47 40353 2.3381 -0.012747 2541.8 0.084782 1.999 0.068062 1.0099 0.67541 0
644.69 40399 2.3381 -0.012669 2540.8 0.084529 1.9998 0.068079 1.0089 0.67455 0
645.2 40510 2.338 -0.012484 2538.6 0.083909 2.0017 0.06812 1.0072 0.66989 0
646.12 40704 2.3378 -0.012154 2534.6 0.08277 2.0049 0.068252 1.0002 0.66854 0
646.91 40867 2.3377 -0.011875 2531.4 0.081774 2.0076 0.068339 0.9944 0.66492 0
647.12 40911 2.3377 -0.011798 2530.5 0.081493 2.0083 0.068353 0.99346 0.66406 0
647.64 41017 2.3376 -0.011614 2528.4 0.080809 2.01 0.068388 0.99168 0.65945 0
648.56 41204 2.3374 -0.011286 2524.8 0.079559 2.013 0.068501 0.98474 0.65809 0
649.34 41360 2.3373 -0.011009 2521.7 0.07847 2.0155 0.068576 0.9791 0.6545 0
649.56 41402 2.3373 -0.010933 2520.9 0.078165 2.0162 0.068588 0.97818 0.65364 0
650.08 41503 2.3372 -0.01075 2519 0.07742 2.0177 0.068619 0.97644 0.64908 0
651 41681 2.337 -0.010425 2515.6 0.076068 2.0205 0.068719 0.96973 0.64771 0
651.78 41830 2.3369 -0.01015 2512.7 0.074894 2.0228 0.068786 0.96433 0.64416 0
651.99 41870 2.3369 -0.010074 2512 0.074566 2.0234 0.068798 0.96346 0.6433 0
652.51 41966 2.3368 -0.0098928 2510.2 0.073767 2.0249 0.068825 0.96179 0.63879 0
653.43 42135 2.3366 -0.0095699 2507 0.07232 2.0274 0.068917 0.95542 0.63742 0
654.21 42275 2.3365 -0.0092967 2504.3 0.071068 2.0296 0.06898 0.95034 0.6339 0
654.43 42314 2.3364 -0.0092213 2503.6 0.070718 2.0301 0.068991 0.94952 0.63304 0
654.95 42404 2.3363 -0.0090409 2501.9 0.069869 2.0315 0.069017 0.94796 0.6286 0
655.87 42564 2.3362 -0.0087201 2498.9 0.068335 2.0339 0.069104 0.94201 0.62722 0
656.65 42696 2.3361 -0.0084485 2496.4 0.06701 2.0359 0.069165 0.93728 0.62373 0
656.87 42732 2.336 -0.0083736 2495.8 0.06664 2.0364 0.069175 0.93652 0.62287 0
657.38 42817 2.3359 -0.0081942 2494.2 0.065745 2.0377 0.069201 0.93508 0.61849 0
658.31 42966 2.3358 -0.0078753 2491.4 0.064131 2.0399 0.069286 0.92961 0.61711 0
659.09 43089 2.3356 -0.0076053 2489 0.06274 2.0418 0.069347 0.92525 0.61366 0
659.3 43123 2.3356 -0.0075308 2488.4 0.062352 2.0423 0.069357 0.92455 0.6128 0
659.82 43203 2.3355 -0.0073525 2486.9 0.061415 2.0435 0.069382 0.92325 0.60847 0
660.74 43341 2.3353 -0.0070354 2484.2 0.059727 2.0456 0.069469 0.91827 0.60709 0
661.52 43456 2.3352 -0.0067668 2482.1 0.058276 2.0473 0.06953 0.91429 0.60367 0
661.74 43487 2.3352 -0.0066927 2481.5 0.057872 2.0478 0.06954 0.91366 0.60281 0
662.26 43560 2.3351 -0.0065154 2480 0.056896 2.0489 0.069566 0.9125 0.59854 0
663.18 43688 2.3349 -0.0061999 2477.5 0.055141 2.0509 0.069655 0.90803 0.59716 0
663.96 43794 2.3348 -0.0059327 2475.5 0.053634 2.0526 0.069717 0.90443 0.59377 0
664.18 43822 2.3347 -0.0058591 2474.9 0.053216 2.053 0.069728 0.90386 0.59291 0
664.69 43889 2.3346 -0.0056826 2473.6 0.052205 2.0541 0.069755 0.90284 0.5887 0
665.61 44006 2.3345 -0.0053687 2471.2 0.05039 2.056 0.069847 0.89888 0.58731 0
666.4 44102 2.3343 -0.0051029 2469.3 0.048834 2.0575 0.069913 0.89564 0.58395 0
666.61 44128 2.3343 -0.0050296 2468.7 0.048401 2.058 0.069924 0.89513 0.5831 0
667.13 44189 2.3342 -0.0048539 2467.5 0.047359 2.059 0.069952 0.89426 0.57893 0
668.05 44295 2.334 -0.0045416 2465.3 0.04549 2.0608 0.070049 0.89078 0.57755 0
668.83 44381 2.3339 -0.004277 2463.4 0.043889 2.0623 0.070118 0.8879 0.57421 0
669.05 44404 2.3338 -0.004204 2462.9 0.043445 2.0627 0.07013 0.88744 0.57336 0
669.57 44458 2.3338 -0.0040292 2461.7 0.042375 2.0637 0.07016 0.8867 0.56925 0
670.49 44552 2.3336 -0.0037183 2459.6 0.040458 2.0654 0.070263 0.88369 0.56786 0
671.27 44628 2.3334 -0.0034549 2457.8 0.038818 2.0668 0.070335 0.88114 0.56455 0
671.48 44649 2.3334 -0.0033823 2457.4 0.038363 2.0672 0.070348 0.88074 0.5637 0
672 44697 2.3333 -0.0032083 2456.2 0.037268 2.0682 0.07038 0.88013 0.55963 0
672.92 44779 2.3331 -0.0028988 2454.2 0.035309 2.0698 0.070489 0.87756 0.55824 0
673.71 44845 2.333 -0.0026365 2452.6 0.033635 2.0712 0.070566 0.87532 0.55496 0
673.92 44863 2.333 -0.0025642 2452.1 0.033171 2.0716 0.07058 0.87497 0.55411 0
674.44 44904 2.3329 -0.002391 2451 0.032054 2.0725 0.070614 0.87448 0.55008 0
675.36 44974 2.3327 -0.0020828 2449.1 0.030059 2.0741 0.070731 0.8723 0.54869 0
676.14 45030 2.3326 -0.0018217 2447.5 0.028356 2.0755 0.070813 0.87034 0.54543 0
676.36 45045 2.3325 -0.0017496 2447.1 0.027884 2.0758 0.070827 0.87003 0.54459 0
676.87 45080 2.3324 -0.0015771 2446.1 0.026749 2.0767 0.070864 0.86965 0.54059 0
677.8 45138 2.3322 -0.0012702 2444.3 0.024723 2.0783 0.07099 0.86783 0.5392 0
678.58 45183 2.3321 -0.0010102 2442.7 0.022995 2.0796 0.071078 0.86611 0.53596 0
678.79 45195 2.3321 -0.00093848 2442.3 0.022517 2.08 0.071093 0.86585 0.53512 0
679.31 45223 2.332 -0.00076667 2441.3 0.021368 2.0808 0.071133 0.86556 0.53116 0
680.23 45269 2.3318 -0.00046102 2439.6 0.019317 2.0824 0.071268 0.86405 0.52976 0
681.01 45304 2.3316 -0.00020206 2438.2 0.01757 2.0837 0.071362 0.86252 0.52654 0
681.23 45313 2.3316 -0.00013063 2437.8 0.017086 2.084 0.071379 0.86229 0.5257 0
681.75 45334 2.3315 4.0497e-05 2436.8 0.015925 2.0849 0.071422 0.86208 0.52177 0
682.67 45367 2.3313 0.00034492 2435.2 0.013855 2.0864 0.071567 0.86081 0.52037 0
683.45 45392 2.3312 0.00060284 2433.8 0.012093 2.0877 0.071669 0.85943 0.51717 0
683.67 45398 2.3312 0.00067399 2433.4 0.011607 2.088 0.071687 0.85923 0.51632 0
684.18 45412 2.3311 0.00084444 2432.5 0.010437 2.0888 0.071733 0.85906 0.51243 0
685.1 45433 2.3309 0.0011477 2430.9 0.0083534 2.0903 0.071891 0.85794 0.51102 0
685.89 45447 2.3307 0.0014046 2429.6 0.0065825 2.0916 0.072001 0.85666 0.50784 0
686.1 45450 2.3307 0.0014754 2429.2 0.0060933 2.0919 0.07202 0.85646 0.50699 0
686.62 45457 2.3306 0.0016452 2428.3 0.0049187 2.0928 0.072071 0.85632 0.50312 0
687.54 45466 2.3304 0.0019472 2426.8 0.0028282 2.0943 0.072242 0.85524 0.5017 0
688.32 45470 2.3303 0.0022031 2425.5 0.0010533 2.0955 0.072361 0.85395 0.49853 0
688.54 45470 2.3302 0.0022737 2425.1 0.00056331 2.0959 0.072382 0.85376 0.49768 0
689.06 45470 2.3301 0.0024428 2424.3 -0.00061266 2.0967 0.072437 0.85359 0.49383 0
689.98 45466 2.33 0.0027437 2422.8 -0.0027036 2.0982 0.072623 0.8524 0.49242 0
690.76 45460 2.3298 0.0029986 2421.6 -0.0044767 2.0994 0.072753 0.85101 0.48926 0
690.97 45457 2.3298 0.0030689 2421.2 -0.0049659 2.0998 0.072776 0.85079 0.4884 0
691.49 45450 2.3297 0.0032374 2420.4 -0.0061393 2.1006 0.072836 0.85054 0.48458 0
692.41 45434 2.3295 0.003537 2419 -0.0082234 2.1021 0.073039 0.84904 0.48315 0
693.2 45417 2.3293 0.0037909 2417.8 -0.0099884 2.1034 0.073181 0.84739 0.48 0
693.41 45412 2.3293 0.003861 2417.4 -0.010475 2.1037 0.073205 0.84712 0.47914 0
693.8 45401 2.3292 0.0039868 2416.8 -0.01135 2.1044 0.073242 0.84694 0.47555 0
694.49 45381 2.3291 0.0042108 2415.8 -0.012905 2.1055 0.073366 0.84618 0.474 0
695.08 45362 2.329 0.0044006 2414.9 -0.014222 2.1064 0.073451 0.84553 0.47092 0
695.24 45356 2.329 0.004453 2414.6 -0.014585 2.1067 0.073466 0.84545 0.47001 0
695.63 45342 2.3289 0.0045785 2414.1 -0.015456 2.1073 0.073505 0.84546 0.46648 0
696.32 45315 2.3287 0.0048018 2413 -0.017002 2.1085 0.073636 0.84532 0.46489 0
696.9 45290 2.3286 0.004991 2412.1 -0.018312 2.1094 0.073727 0.84508 0.46183 0
697.07 45283 2.3286 0.0050433 2411.9 -0.018673 2.1097 0.073743 0.84507 0.46091 0
697.45 45265 2.3285 0.0051684 2411.3 -0.019538 2.1103 0.073785 0.84525 0.45739 0
698.14 45231 2.3284 0.005391 2410.3 -0.021075 2.1115 0.073925 0.84569 0.45579 0
698.73 45201 2.3283 0.0055797 2409.4 -0.022375 2.1125 0.074022 0.84582 0.45273 0
698.89 45192 2.3283 0.0056317 2409.2 -0.022734 2.1128 0.074039 0.84586 0.45181 0
699.28 45170 2.3282 0.0057565 2408.6 -0.023594 2.1134 0.074083 0.84622 0.44828 0
699.97 45130 2.328 0.0059784 2407.6 -0.025118 2.1146 0.074233 0.84719 0.44668 0
700.56 45093 2.3279 0.0061665 2406.7 -0.026409 2.1156 0.074337 0.84767 0.4436 0
700.72 45083 2.3279 0.0062184 2406.5 -0.026765 2.1158 0.074355 0.84778 0.44268 0
701.11 45058 2.3278 0.0063428 2405.9 -0.027617 2.1165 0.074403 0.84829 0.43914 0
701.8 45010 2.3277 0.0065641 2404.9 -0.029128 2.1177 0.074563 0.84979 0.43754 0
702.39 44968 2.3276 0.0067516 2404.1 -0.030407 2.1187 0.074674 0.85063 0.43445 0
702.55 44957 2.3275 0.0068033 2403.8 -0.03076 2.119 0.074693 0.85079 0.43353 0
702.94 44927 2.3275 0.0069273 2403.3 -0.031604 2.1197 0.074744 0.85148 0.42998 0
703.63 44874 2.3273 0.0071479 2402.3 -0.0331 2.1209 0.074916 0.85352 0.42836 0
704.21 44826 2.3272 0.0073348 2401.4 -0.034366 2.122 0.075035 0.85473 0.42527 0
704.37 44813 2.3272 0.0073864 2401.2 -0.034715 2.1222 0.075055 0.85496 0.42433 0
704.76 44780 2.3271 0.0075099 2400.6 -0.03555 2.1229 0.07511 0.85582 0.42077 0
705.45 44720 2.327 0.0077298 2399.6 -0.03703 2.1242 0.075294 0.85846 0.41914 0
706.04 44667 2.3269 0.0079161 2398.7 -0.038281 2.1253 0.075421 0.86007 0.41603 0
706.2 44652 2.3268 0.0079675 2398.5 -0.038626 2.1256 0.075443 0.86037 0.41509 0
706.59 44616 2.3267 0.0080907 2397.9 -0.039451 2.1263 0.075502 0.86144 0.41151 0
707.28 44549 2.3266 0.0083098 2396.9 -0.040912 2.1276 0.075699 0.86475 0.40987 0
707.87 44491 2.3265 0.0084955 2396 -0.042148 2.1287 0.075834 0.86683 0.40674 0
708.03 44474 2.3265 0.0085467 2395.8 -0.042488 2.129 0.075858 0.86722 0.4058 0
708.42 44435 2.3264 0.0086695 2395.2 -0.043302 2.1298 0.075921 0.86852 0.40218 0
709.11 44362 2.3263 0.0088879 2394.2 -0.044744 2.1311 0.076131 0.87263 0.40053 0
709.69 44298 2.3261 0.0090729 2393.3 -0.045963 2.1323 0.076276 0.87527 0.39738 0
709.86 44280 2.3261 0.009124 2393.1 -0.046299 2.1326 0.076301 0.87576 0.39644 0
710.44 44215 2.326 0.0093074 2392.2 -0.047502 2.1338 0.076452 0.87913 0.39246 0
711.47 44095 2.3258 0.0096335 2390.6 -0.04963 2.1359 0.076951 0.88881 0.39098 0
712.35 43989 2.3256 0.0099097 2389.3 -0.051424 2.1377 0.077294 0.89412 0.38769 0
712.6 43959 2.3256 0.0099859 2388.9 -0.051916 2.1383 0.077356 0.89508 0.38681 0
713.18 43886 2.3254 0.010168 2388 -0.053092 2.1395 0.077518 0.89812 0.38273 0
714.22 43752 2.3252 0.010493 2386.4 -0.055168 2.1418 0.078052 0.9068 0.38126 0
715.09 43634 2.3251 0.010767 2385 -0.056913 2.1438 0.078419 0.91152 0.37793 0
715.34 43601 2.325 0.010843 2384.6 -0.057392 2.1443 0.078484 0.91239 0.37705 0
716.11 43494 2.3249 0.011085 2383.3 -0.058911 2.1461 0.078787 0.9173 0.37277 0
717.5 43295 2.3246 0.011514 2381 -0.061579 2.1495 0.079768 0.9293 0.37137 0
718.67 43121 2.3243 0.011877 2379 -0.0638 2.1524 0.080437 0.9336 0.36795 0
718.99 43071 2.3243 0.011977 2378.4 -0.064403 2.1532 0.08056 0.93434 0.36709 0
719.77 42951 2.3241 0.012217 2377 -0.065837 2.1553 0.080878 0.93728 0.36272 0
721.15 42731 2.3238 0.012642 2374.5 -0.068326 2.159 0.081905 0.94282 0.36133 0
722.32 42538 2.3236 0.013002 2372.3 -0.070367 2.1623 0.082602 0.94275 0.35785 0
722.65 42484 2.3235 0.013101 2371.6 -0.070917 2.1632 0.08273 0.94276 0.35698 0
723.42 42352 2.3234 0.013338 2370.1 -0.072216 2.1654 0.083062 0.9438 0.35255 0
724.8 42113 2.3231 0.013759 2367.3 -0.074436 2.1696 0.08413 0.9432 0.35114 0
725.98 41904 2.3228 0.014115 2364.8 -0.076213 2.1732 0.084851 0.93901 0.34762 0
726.3 41845 2.3228 0.014213 2364.1 -0.076685 2.1743 0.084984 0.93827 0.34674 0
727.08 41704 2.3226 0.014448 2362.4 -0.07779 2.1768 0.085329 0.93723 0.34223 0
728.46 41447 2.3223 0.014864 2359.2 -0.079626 2.1814 0.086436 0.93008 0.34081 0
729.63 41225 2.3221 0.015216 2356.4 -0.081033 2.1854 0.087181 0.92168 0.33723 0
729.96 41163 2.322 0.015313 2355.6 -0.081396 2.1866 0.087318 0.92015 0.33633 0
730.73 41014 2.3218 0.015544 2353.6 -0.082231 2.1894 0.087674 0.91688 0.33173 0
732.11 40745 2.3215 0.015955 2350 -0.083537 2.1945 0.088818 0.90311 0.33029 0
733.29 40514 2.3213 0.016302 2346.8 -0.084441 2.1989 0.089582 0.89075 0.32664 0
733.61 40450 2.3212 0.016397 2345.8 -0.084658 2.2002 0.089721 0.88847 0.32574 0
734.39 40295 2.321 0.016626 2343.6 -0.08513 2.2033 0.090086 0.88319 0.32102 0
735.77 40019 2.3208 0.01703 2339.4 -0.085736 2.2089 0.091252 0.86379 0.31957 0
736.94 39784 2.3205 0.017372 2335.6 -0.085985 2.2138 0.092022 0.84845 0.31584 0
737.26 39719 2.3204 0.017466 2334.5 -0.086015 2.2152 0.09216 0.84565 0.31492 0
738.04 39564 2.3203 0.017691 2331.9 -0.086025 2.2185 0.092526 0.839 0.31008 0
739.42 39287 2.32 0.018089 2327 -0.085753 2.2246 0.093687 0.81613 0.3086 0
740.59 39054 2.3197 0.018424 2322.7 -0.085204 2.23 0.09444 0.79949 0.30478 0
740.92 38991 2.3196 0.018517 2321.4 -0.085007 2.2314 0.094573 0.79654 0.30384 0
741.69 38838 2.3195 0.018737 2318.4 -0.084463 2.2351 0.094929 0.78941 0.29887 0
743.08 38570 2.3191 0.019128 2312.7 -0.083162 2.2417 0.096045 0.76595 0.29735 0
744.25 38347 2.3189 0.019457 2307.7 -0.081704 2.2474 0.096756 0.75 0.29342 0
744.57 38286 2.3188 0.019548 2306.2 -0.081252 2.249 0.09688 0.74725 0.29245 0
745.35 38142 2.3186 0.019764 2302.7 -0.080089 2.2529 0.097214 0.74053 0.28732 0
746.73 37892 2.3183 0.020147 2296.2 -0.077669 2.2599 0.098254 0.71926 0.28577 0
747.9 37686 2.3181 0.020469 2290.4 -0.075249 2.266 0.098906 0.70567 0.28172 0
748.23 37631 2.318 0.020557 2288.8 -0.074531 2.2677 0.099019 0.70339 0.28072 0
749.39 37436 2.3177 0.020874 2282.7 -0.071771 2.2739 0.099682 0.69101 0.27537 0
751.46 37111 2.3172 0.021432 2271.3 -0.065962 2.2851 0.1016 0.65494 0.27378 0
753.22 36859 2.3168 0.021899 2261 -0.060136 2.2947 0.10264 0.6348 0.26956 0
753.71 36794 2.3167 0.022027 2258 -0.058421 2.2974 0.10282 0.63147 0.26852 0
754.87 36647 2.3164 0.022331 2250.8 -0.054131 2.304 0.10327 0.62299 0.26295 0
756.95 36414 2.3159 0.022867 2237.5 -0.045807 2.3157 0.10449 0.59977 0.26129 0
758.7 36249 2.3155 0.023315 2225.6 -0.038122 2.3257 0.1051 0.58825 0.25687 0
759.19 36209 2.3154 0.023438 2222.3 -0.035938 2.3285 0.1052 0.58623 0.25578 0
761.52 36052 2.3149 0.024018 2206 -0.025041 2.3418 0.10602 0.56772 0.2499 0
765.66 35917 2.3139 0.025023 2176 -0.0044448 2.3653 0.10685 0.54301 0.24813 0
769.18 35949 2.313 0.025847 2150.4 0.012803 2.3848 0.10574 0.55647 0.24341 0
770.15 35981 2.3128 0.02607 2143.4 0.017242 2.3902 0.10553 0.55834 0.24223 0
772.48 36092 2.3122 0.026596 2127 0.027527 2.403 0.10482 0.56249 0.23589 0
776.63 36405 2.3112 0.027504 2098.9 0.043331 2.4249 0.10167 0.59098 0.23397 0
780.15 36763 2.3103 0.028249 2076.9 0.053518 2.4428 0.098803 0.62305 0.22887 0
781.12 36873 2.3101 0.02845 2071.1 0.055813 2.4476 0.098273 0.62841 0.2276 0
782.67 37057 2.3097 0.028768 2062.1 0.059112 2.4551 0.097669 0.63378 0.22076 0
785.43 37406 2.309 0.029324 2046.9 0.063758 2.468 0.095625 0.65226 0.2187 0
787.78 37718 2.3084 0.029786 2034.8 0.06643 2.4783 0.09418 0.66544 0.21324 0
788.43 37806 2.3082 0.029912 2031.6 0.066993 2.4811 0.093928 0.66764 0.21188 0
789.2 37912 2.3081 0.030062 2027.8 0.067575 2.4843 0.093776 0.66888 0.20462 0
790.58 38102 2.3077 0.030327 2021.2 0.068388 2.49 0.093285 0.67278 0.20241 0
791.76 38264 2.3074 0.03055 2015.8 0.068846 2.4947 0.092964 0.67524 0.1966 0
792.08 38309 2.3073 0.030611 2014.3 0.068938 2.496 0.092911 0.67563 0.19515 0
792.86 38417 2.3071 0.030757 2010.8 0.0691 2.499 0.092787 0.67646 0.18741 0
794.24 38609 2.3068 0.031015 2004.7 0.069196 2.5042 0.092393 0.67903 0.18502 0
795.41 38771 2.3065 0.031232 1999.7 0.069075 2.5085 0.092141 0.68059 0.17879 0
795.73 38815 2.3064 0.031291 1998.4 0.069013 2.5097 0.0921 0.68083 0.17723 0
797.29 39028 2.306 0.031575 1992 0.068537 2.5152 0.091723 0.6828 0.16876 0
800.05 39400 2.3053 0.032073 1981.3 0.066965 2.5245 0.090502 0.68881 0.16617 0
802.4 39706 2.3047 0.032488 1972.7 0.064931 2.5319 0.089709 0.6924 0.15933 0
803.04 39789 2.3046 0.032602 1970.4 0.064273 2.5339 0.08958 0.69296 0.15761 0
804.21 39934 2.3043 0.032805 1966.4 0.06299 2.5374 0.089416 0.69364 0.14823 0
806.28 40185 2.3038 0.033163 1959.5 0.06042 2.5435 0.088901 0.69559 0.14535 0
808.04 40389 2.3033 0.033464 1953.9 0.057956 2.5484 0.088579 0.69664 0.13771 0
808.52 40444 2.3032 0.033546 1952.4 0.057236 2.5497 0.088527 0.6968 0.13577 0
809.69 40572 2.3029 0.033743 1948.8 0.055439 2.5529 0.088414 0.69715 0.12514 0
811.76 40788 2.3024 0.03409 1942.7 0.052023 2.5584 0.088066 0.69805 0.12177 0
813.52 40960 2.3019 0.034382 1937.7 0.04891 2.5628 0.087857 0.69846 0.11293 0
814.01 41006 2.3018 0.034462 1936.4 0.04802 2.5641 0.087824 0.69852 0.11061 0
815.17 41112 2.3015 0.034653 1933.2 0.045831 2.5669 0.087756 0.69864 0.097727 0
817.24 41287 2.301 0.034991 1927.8 0.041778 2.5719 0.087552 0.69891 0.09352 0
819 41422 2.3005 0.035275 1923.3 0.038179 2.5761 0.087436 0.69897 0.082334 0
819.49 41458 2.3004 0.035353 1922.1 0.037163 2.5772 0.087418 0.69898 0.07926 0
820.65 41538 2.3001 0.035539 1919.3 0.034683 2.5799 0.08739 0.69899 0.061525 0
822.73 41667 2.2996 0.035867 1914.4 0.030164 2.5846 0.087317 0.69898 0.054643 0
824.48 41762 2.2992 0.036144 1910.5 0.026211 2.5885 0.087291 0.69893 0.033388 0
824.97 41785 2.299 0.036219 1909.4 0.025102 2.5895 0.087289 0.69893 0.024536 0
