time (s) altitude (m) velocity (m/s) mass (kg) dynamic pressure (Pa)trajectory angle (rad) Lift (N)Drag (N)heading angle (rad) latitude (rad) angle of attack (rad) 
605.71 32520 2861.2 3300 49783 0.0092402 17619 5496.3 1.8027 -0.028013 0.117
606.83 32550 2873.9 3283.4 49985 0.0093556 17743 5522.6 1.8027 -0.027523 0.11731
609.18 32615 2900.6 3248.6 50393 0.0097184 18001 5576 1.8027 -0.026493 0.11796
612.11 32701 2934.3 3205.2 50865 0.010407 18341 5645.5 1.8027 -0.025192 0.11893
614.85 32788 2966.1 3164.7 51249 0.011293 18684 5713.9 1.8027 -0.023966 0.12005
616.65 32850 2987.2 3138 51464 0.012012 18926 5761.1 1.8027 -0.02315 0.12092
617.1 32867 2992.5 3131.3 51512 0.01221 18985 5772.6 1.8027 -0.022944 0.12115
618.31 32912 3006.8 3113.3 51629 0.012775 19166 5807.6 1.8027 -0.022392 0.12188
620.47 32999 3032.4 3081.4 51788 0.013913 19507 5872.3 1.8027 -0.021403 0.12335
622.3 33079 3054.2 3054.4 51866 0.015022 19855 5936.1 1.8027 -0.020558 0.12502
622.8 33103 3060.3 3046.9 51877 0.015354 19952 5953.6 1.8027 -0.020323 0.1255
624.01 33161 3074.8 3029 51885 0.016196 20223 6003.3 1.8027 -0.019759 0.12689
626.17 33275 3100.8 2997.1 51824 0.017872 20750 6099.6 1.8027 -0.018748 0.12974
628 33381 3123 2970 51688 0.019488 21281 6197.3 1.8027 -0.017883 0.13276
628.5 33412 3129.2 2962.5 51635 0.019969 21462 6231.6 1.8027 -0.017644 0.1338
629.62 33484 3142.9 2945.9 51493 0.021096 21824 6297.9 1.8027 -0.017108 0.13597
631.97 33650 3171.6 2911.1 51076 0.023736 22726 6489.1 1.8028 -0.015982 0.14134
634.91 33890 3207.6 2867.7 50299 0.027558 23809 6773.3 1.8028 -0.01456 0.14799
637.64 34151 3241 2827.2 49279 0.031869 26321 7430.6 1.8028 -0.013221 0.16125
639.45 34348 3262.6 2800.5 48414 0.035517 29707 8384.6 1.8028 -0.012331 0.17811
639.9 34402 3268 2793.8 48166 0.036588 29740 8399.3 1.8028 -0.012106 0.17886
641.11 34552 3282.3 2775.8 47455 0.039382 29759 8418 1.8028 -0.011504 0.18074
643.27 34850 3308 2743.9 46009 0.044421 29742 8444 1.8028 -0.010426 0.18449
645.09 35132 3329.9 2716.9 44611 0.048755 29721 8470.2 1.8028 -0.0095048 0.18831
645.6 35215 3336 2709.4 44200 0.049962 29698 8472.9 1.8028 -0.0092495 0.18942
646.81 35423 3350.7 2691.5 43172 0.052871 29705 8501.2 1.8028 -0.0086357 0.19255
648.96 35825 3376.9 2659.6 41205 0.058119 29679 8544.9 1.8029 -0.0075361 0.19879
650.79 36199 3399.4 2632.5 39417 0.062637 29652 8585.1 1.8029 -0.0065968 0.205
651.3 36308 3405.6 2625 38907 0.063895 29626 8591 1.8029 -0.0063364 0.20678
652.51 36578 3420.6 2607.1 37659 0.066929 29616 8649.4 1.8029 -0.0057104 0.21146
654.66 37093 3447.4 2575.2 35358 0.072408 29551 8811.1 1.8029 -0.0045891 0.2203
656.49 37565 3470.2 2548.1 33348 0.077132 29484 8952.4 1.8029 -0.0036313 0.22897
657 37702 3476.5 2540.6 32787 0.078449 29330 8938.5 1.8029 -0.0033658 0.23084
657.6 37868 3484 2531.7 32112 0.08003 29441 9038.5 1.8029 -0.003047 0.23483
658.68 38174 3497.5 2515.7 30904 0.082878 29407 9125.3 1.803 -0.0024777 0.24106
659.59 38443 3509 2502.2 29876 0.085302 29127 9109.4 1.803 -0.0019931 0.24518
659.85 38519 3512.2 2498.5 29593 0.085968 28871 9033 1.803 -0.001859 0.2453
660.45 38704 3519.9 2489.5 28914 0.087535 28328 8882.1 1.803 -0.0015372 0.24598
661.53 39041 3533.8 2473.5 27713 0.090235 27218 8546.5 1.803 -0.0009625 0.24639
662.44 39336 3545.7 2460 26703 0.092417 26110 8182.9 1.803 -0.0004732 0.24566
662.7 39419 3549.1 2456.3 26427 0.092998 25809 8084.7 1.803 -0.00033785 0.24547
663.26 39606 3556.6 2448 25815 0.094268 25270 7925.5 1.803 -3.631e-05 0.24585
664.43 40005 3572.4 2430.6 24556 0.096816 24019 7532.8 1.803 0.00059601 0.24573
665.9 40521 3592.7 2408.9 23024 0.099739 22141 6902.5 1.803 0.0013901 0.24288
667.27 41018 3612.2 2388.6 21646 0.1022 20783 6478.9 1.8031 0.002134 0.24261
668.17 41353 3625.2 2375.3 20766 0.10374 20131 6293 1.8031 0.0026265 0.24428
668.4 41438 3628.5 2371.9 20547 0.10412 19911 6223.8 1.8031 0.0027507 0.24421
668.96 41651 3636.7 2363.6 20014 0.10504 19418 6073.4 1.8031 0.0030586 0.24442
670.13 42104 3654.1 2346.2 18929 0.10685 18378 5751.5 1.8031 0.0037044 0.24453
671.6 42683 3676.3 2324.5 17632 0.10895 17089 5346.4 1.8031 0.0045157 0.24424
672.97 43236 3697.4 2304.2 16484 0.11072 15958 4993 1.8032 0.005276 0.24405
673.87 43607 3711.5 2290.9 15759 0.1118 15208 4755.3 1.8032 0.0057796 0.2435
674.09 43701 3715.1 2287.5 15581 0.11206 15030 4699.6 1.8032 0.0059066 0.24343
674.51 43874 3721.7 2281.4 15258 0.11253 14728 4606.6 1.8032 0.0061399 0.24355
675.41 44252 3736.1 2268.1 14579 0.1135 14126 4423.8 1.8032 0.0066451 0.24421
676.61 44764 3755.6 2250.3 13711 0.11472 13276 4158 1.8032 0.0073224 0.24408
677.87 45312 3776.4 2231.6 12845 0.11588 12404 3883.8 1.8032 0.0080392 0.24363
678.95 45785 3794.4 2215.6 12145 0.1168 11763 3687.1 1.8033 0.0086531 0.24415
679.63 46085 3805.9 2205.6 11722 0.11734 11340 3553.8 1.8033 0.0090404 0.24394
679.79 46160 3808.7 2203.2 11619 0.11747 11237 3521.5 1.8033 0.0091362 0.24389
680.21 46346 3815.8 2197 11367 0.11778 10977 3439.1 1.8033 0.0093752 0.24363
681.11 46751 3831.3 2183.7 10840 0.11842 10406 3256.1 1.8033 0.0098927 0.24261
682.31 47297 3852.2 2165.9 10202 0.1192 9746.8 3047.7 1.8033 0.010587 0.24179
683.57 47880 3874.6 2147.2 9589.3 0.11994 9162.2 2867.2 1.8033 0.011321 0.24181
684.65 48381 3893.9 2131.3 9090.9 0.12053 8731 2737.9 1.8033 0.011951 0.24271
685.33 48699 3906.1 2121.3 8788.3 0.12089 8456.8 2654.4 1.8034 0.012348 0.24304
685.49 48778 3909.1 2118.8 8714.9 0.12097 8386.9 2632.8 1.8034 0.012446 0.24306
686.1 49064 3920.2 2109.8 8453.2 0.12127 8158 2563.8 1.8034 0.012803 0.24355
687.17 49577 3940 2093.9 8003.1 0.12179 7770.6 2448.3 1.8034 0.01344 0.24459
688.09 50017 3957 2080.3 7636.7 0.12221 7417.8 2339 1.8034 0.013983 0.24466
688.34 50139 3961.7 2076.6 7538.1 0.12232 7321.1 2308.7 1.8034 0.014133 0.24464
688.95 50432 3973.1 2067.6 7306 0.12257 7102.6 2241.7 1.8034 0.014494 0.2448
690.02 50958 3993.5 2051.7 6906.7 0.123 6713.9 2120.5 1.8034 0.01514 0.24479
690.94 51407 4011 2038.1 6610.7 0.12335 6404.3 2021.6 1.8035 0.01569 0.24424
691.19 51532 4015.9 2034.4 6531.3 0.12344 6324.9 1996.9 1.8035 0.015842 0.24417
692.4 52133 4039.4 2016.5 6159.6 0.12385 5946.7 1878.4 1.8035 0.016575 0.24365
694.56 53217 4082 1984.6 5535.4 0.12449 5247.1 1653.6 1.8035 0.01789 0.24053
696.39 54150 4119 1957.5 5043.1 0.12493 4704.9 1479.9 1.8036 0.019017 0.23786
696.89 54410 4129.3 1950 4913 0.12503 4562.2 1434.1 1.8036 0.01933 0.23708
698.01 54990 4152.5 1933.4 4632.8 0.12524 4226.9 1324.5 1.8036 0.020029 0.23419
700.36 56217 4202 1898.6 4085.9 0.12556 3605.3 1121.3 1.8036 0.021502 0.22882
703.3 57774 4265.6 1855.2 3473.5 0.12577 2950.1 906.81 1.8037 0.023368 0.22289
706.03 59249 4326.6 1814.7 2969.4 0.12583 2424.6 735.91 1.8037 0.025132 0.21702
707.83 60232 4367.9 1788 2669.9 0.12577 2038.8 607.08 1.8038 0.026309 0.20738
708.29 60481 4378.5 1781.3 2598.4 0.12573 1851.3 546.37 1.8038 0.026607 0.19742
709.41 61099 4404.9 1764.7 2428.4 0.12551 1507.5 436.1 1.8038 0.027347 0.1796
711.76 62398 4461.4 1729.9 2103.2 0.12456 897 261.88 1.8038 0.028909 0.13796
714.69 64025 4534.7 1686.5 1750.9 0.12252 411.84 151.15 1.8039 0.03089 0.087343
717.43 65537 4605.2 1646 1472.1 0.11981 130.18 100.8 1.8039 0.032765 0.039189
719.23 66526 4652.9 1619.3 1312.1 0.11762 22.956 85.126 1.804 0.034018 0.0080356
719.69 66773 4665.1 1612.5 1274.6 0.11702 0 81.78 1.804 0.034335 0
719.69 66773 4665.1 1612.5 1274.6 0.11702 0 81.78 1.804 0.034335 0
720.69 67318 4663.9 1612.5 1181.1 0.11566 0 75.728 1.804 0.035036 0
721.69 67853 4662.8 1612.5 1095.4 0.11431 0 70.184 1.804 0.035736 0
722.69 68381 4661.7 1612.5 1016.4 0.11295 0 65.071 1.804 0.036435 0
723.69 68904 4660.6 1612.5 943.42 0.11159 0 60.357 1.804 0.037135 0
724.69 69419 4659.6 1612.5 876.08 0.11024 0 56.009 1.8041 0.037835 0
725.69 69929 4658.5 1612.5 813.9 0.10888 0 51.997 1.8041 0.038534 0
726.69 70432 4657.5 1612.5 756.48 0.10752 0 48.294 1.8041 0.039234 0
727.69 70929 4656.5 1612.5 703.45 0.10616 0 44.877 1.8041 0.039933 0
728.69 71419 4655.4 1612.5 653.43 0.1048 0 41.664 1.8041 0.040633 0
729.69 71903 4654.5 1612.5 607.21 0.10344 0 38.698 1.8041 0.041332 0
730.69 72380 4653.5 1612.5 564.61 0.10208 0 35.966 1.8042 0.042031 0
731.69 72851 4652.5 1612.5 525.35 0.10072 0 33.449 1.8042 0.04273 0
732.69 73316 4651.6 1612.5 489.15 0.099363 0 31.129 1.8042 0.043428 0
733.69 73774 4650.7 1612.5 455.75 0.098001 0 28.99 1.8042 0.044127 0
734.69 74226 4649.7 1612.5 424.92 0.096639 0 27.016 1.8042 0.044826 0
735.69 74671 4648.8 1612.5 396.45 0.095277 0 25.194 1.8042 0.045524 0
736.69 75110 4647.9 1612.5 370.15 0.093914 0 23.512 1.8042 0.046223 0
737.69 75543 4647.1 1612.5 345.84 0.09255 0 21.957 1.8043 0.046921 0
738.69 75969 4646.2 1612.5 323.36 0.091186 0 20.521 1.8043 0.047619 0
739.69 76389 4645.4 1612.5 302.56 0.089822 0 19.192 1.8043 0.048318 0
740.69 76803 4644.5 1612.5 283.32 0.088457 0 17.963 1.8043 0.049016 0
741.69 77210 4643.7 1612.5 265.5 0.087092 0 16.826 1.8043 0.049714 0
742.69 77610 4642.9 1612.5 248.99 0.085726 0 15.773 1.8043 0.050412 0
743.69 78005 4642.1 1612.5 233.68 0.08436 0 14.797 1.8043 0.051109 0
744.69 78393 4641.4 1612.5 219.49 0.082993 0 13.892 1.8044 0.051807 0
745.69 78774 4640.6 1612.5 206.33 0.081627 0 13.053 1.8044 0.052505 0
746.69 79149 4639.8 1612.5 194.11 0.080259 0 12.275 1.8044 0.053202 0
747.69 79518 4639.1 1612.5 182.76 0.078891 0 11.553 1.8044 0.0539 0
748.69 79881 4638.4 1612.5 172.22 0.077523 0 10.882 1.8044 0.054597 0
749.69 80237 4637.7 1612.5 162.43 0.076155 0 10.259 1.8044 0.055295 0
750.69 80586 4637 1612.5 153.31 0.074786 0 9.6792 1.8044 0.055992 0
751.69 80930 4636.3 1612.5 144.84 0.073417 0 9.1404 1.8044 0.056689 0
752.69 81267 4635.6 1612.5 136.95 0.072047 0 8.6391 1.8045 0.057386 0
753.69 81597 4635 1612.5 129.6 0.070677 0 8.1725 1.8045 0.058083 0
754.69 81921 4634.3 1612.5 122.76 0.069307 0 7.7379 1.8045 0.05878 0
755.69 82239 4633.7 1612.5 116.38 0.067936 0 7.333 1.8045 0.059477 0
756.69 82550 4633.1 1612.5 110.43 0.066565 0 6.9556 1.8045 0.060174 0
757.69 82855 4632.5 1612.5 104.88 0.065194 0 6.6037 1.8045 0.060871 0
758.69 83154 4631.9 1612.5 99.704 0.063822 0 6.2754 1.8045 0.061568 0
759.69 83446 4631.3 1612.5 94.87 0.06245 0 5.969 1.8045 0.062265 0
760.69 83732 4630.8 1612.5 90.354 0.061078 0 5.6829 1.8045 0.062961 0
761.69 84011 4630.2 1612.5 86.135 0.059706 0 5.4156 1.8045 0.063658 0
762.69 84284 4629.7 1612.5 82.192 0.058333 0 5.1659 1.8046 0.064354 0
763.69 84551 4629.2 1612.5 78.505 0.05696 0 4.9325 1.8046 0.065051 0
764.69 84812 4628.7 1612.5 75.053 0.055587 0 4.7142 1.8046 0.065747 0
765.69 85066 4628.2 1481.6 0 0.054213 0 0 1.8046 0.066444 0
766.69 85313 4627.7 1481.6 0 0.052839 0 0 1.8046 0.06714 0
767.69 85554 4627.2 1481.6 0 0.051465 0 0 1.8046 0.067836 0
768.69 85789 4626.8 1481.6 0 0.050091 0 0 1.8046 0.068532 0
769.69 86018 4626.4 1481.6 0 0.048716 0 0 1.8046 0.069229 0
770.69 86240 4625.9 1481.6 0 0.047341 0 0 1.8046 0.069925 0
771.69 86456 4625.5 1481.6 0 0.045966 0 0 1.8046 0.070621 0
772.69 86665 4625.1 1481.6 0 0.044591 0 0 1.8046 0.071317 0
773.69 86868 4624.7 1481.6 0 0.043215 0 0 1.8047 0.072013 0
774.69 87064 4624.4 1481.6 0 0.04184 0 0 1.8047 0.072709 0
775.69 87255 4624 1481.6 0 0.040464 0 0 1.8047 0.073405 0
776.69 87439 4623.7 1481.6 0 0.039088 0 0 1.8047 0.074101 0
777.69 87616 4623.3 1481.6 0 0.037711 0 0 1.8047 0.074797 0
778.69 87787 4623 1481.6 0 0.036335 0 0 1.8047 0.075492 0
779.69 87952 4622.7 1481.6 0 0.034958 0 0 1.8047 0.076188 0
780.69 88110 4622.4 1481.6 0 0.033582 0 0 1.8047 0.076884 0
781.69 88262 4622.1 1481.6 0 0.032205 0 0 1.8047 0.07758 0
782.69 88408 4621.9 1481.6 0 0.030828 0 0 1.8047 0.078276 0
783.69 88547 4621.6 1481.6 0 0.029451 0 0 1.8047 0.078971 0
784.69 88680 4621.4 1481.6 0 0.028073 0 0 1.8047 0.079667 0
785.69 88807 4621.1 1481.6 0 0.026696 0 0 1.8047 0.080363 0
786.69 88927 4620.9 1481.6 0 0.025318 0 0 1.8047 0.081058 0
787.69 89041 4620.7 1481.6 0 0.023941 0 0 1.8047 0.081754 0
788.69 89148 4620.5 1481.6 0 0.022563 0 0 1.8047 0.082449 0
789.69 89249 4620.4 1481.6 0 0.021185 0 0 1.8048 0.083145 0
790.69 89344 4620.2 1481.6 0 0.019807 0 0 1.8048 0.08384 0
791.69 89432 4620.1 1481.6 0 0.018429 0 0 1.8048 0.084536 0
792.69 89514 4619.9 1481.6 0 0.017051 0 0 1.8048 0.085231 0
793.69 89590 4619.8 1481.6 0 0.015673 0 0 1.8048 0.085927 0
794.69 89659 4619.7 1481.6 0 0.014295 0 0 1.8048 0.086623 0
795.69 89722 4619.6 1481.6 0 0.012916 0 0 1.8048 0.087318 0
796.69 89778 4619.5 1481.6 0 0.011538 0 0 1.8048 0.088013 0
797.69 89828 4619.4 1481.6 0 0.01016 0 0 1.8048 0.088709 0
798.69 89872 4619.4 1481.6 0 0.0087812 0 0 1.8048 0.089404 0
799.69 89910 4619.3 1481.6 0 0.0074028 0 0 1.8048 0.0901 0
800.69 89941 4619.3 1481.6 0 0.0060243 0 0 1.8048 0.090795 0
801.69 89965 4619.3 1481.6 0 0.0046459 0 0 1.8048 0.091491 0
802.69 89983 4619.3 1481.6 0 0.0032674 0 0 1.8048 0.092186 0
803.69 89995 4619.3 1481.6 0 0.0018889 0 0 1.8048 0.092882 0
804.69 90001 4619.3 1481.6 0 0.0005105 0 0 1.8048 0.093577 0
805.69 90000 4619.4 1481.6 0 0 0 0 1.8048 0.094273 0
