time (s) altitude (m) velocity (m/s) mass (kg)trajectory angle (rad) angle of attack (rad) heading angle (rad) latitude (rad)
0 90 30 29381 1.5691 0 0.39443 -0.2123 2.3868
0.88171 117.77 33 29254 1.5684 -0.0017927 0.50902 -0.2123 2.3868
2.4521 173.86 38.457 29028 1.565 -0.0046006 0.61928 -0.2123 2.3868
3.7845 228.25 43.201 28836 1.5598 -0.0064518 0.65441 -0.2123 2.3868
4.1523 244.38 44.529 28783 1.558 -0.0068917 0.66197 -0.2123 2.3868
5.034 285.05 47.746 28656 1.553 -0.0078484 0.67419 -0.2123 2.3868
6.6044 364.58 53.59 28430 1.5418 -0.0090573 0.68786 -0.2123 2.3868
7.9368 439.3 58.666 28238 1.5299 -0.0095484 0.69519 -0.2123 2.3868
8.3047 461.13 60.086 28185 1.5262 -0.0096286 0.69674 -0.2123 2.3868
9.1864 515.55 63.525 28058 1.5168 -0.0097283 0.69997 -0.2123 2.3868
10.757 619.98 69.775 27832 1.4979 -0.009497 0.70433 -0.2123 2.3868
12.089 716.23 75.211 27640 1.4799 -0.0088723 0.70709 -0.2123 2.3868
12.457 744.06 76.733 27587 1.4746 -0.0086595 0.70774 -0.2123 2.3868
13.367 815.23 80.54 27456 1.4609 -0.0080648 0.70919 -0.2123 2.3868
15.332 980.37 88.967 27173 1.429 -0.0062871 0.71169 -0.2123 2.3868
17.955 1225.5 100.66 26796 1.3823 -0.0026723 0.71415 -0.21229 2.3868
20.716 1514.4 113.57 26399 1.3311 0.0023596 0.71608 -0.21229 2.3868
23.069 1785.6 125.12 26060 1.2887 0.0071013 0.71738 -0.21228 2.3869
24.549 1967.9 132.63 25847 1.2631 0.010057 0.7181 -0.21227 2.3869
24.914 2014.4 134.52 25794 1.257 0.010787 0.71826 -0.21227 2.3869
26.237 2187.3 141.45 25604 1.2356 0.013384 0.71883 -0.21226 2.3869
28.592 2513.9 154.19 25265 1.2011 0.017655 0.71975 -0.21225 2.3869
30.591 2810.1 165.39 24978 1.176 0.020791 0.72046 -0.21224 2.3869
31.142 2895.1 168.55 24898 1.1697 0.021591 0.72064 -0.21224 2.3869
32.465 3104.3 176.22 24708 1.1563 0.023425 0.72108 -0.21223 2.3869
34.821 3497.5 190.26 24370 1.1374 0.026127 0.72181 -0.21221 2.3869
36.819 3852.8 202.57 24082 1.1267 0.027773 0.7224 -0.21219 2.387
37.371 3954.5 206.03 24003 1.1246 0.02816 0.72256 -0.21219 2.387
38.694 4205.1 214.44 23813 1.121 0.028996 0.72294 -0.21217 2.387
41.049 4675.9 229.82 23474 1.1197 0.029837 0.7236 -0.21215 2.387
43.048 5101.6 243.27 23187 1.1229 0.029697 0.72416 -0.21213 2.387
43.599 5223.6 247.05 23107 1.1244 0.029541 0.72432 -0.21212 2.387
44.922 5524 256.2 22917 1.1289 0.028969 0.72469 -0.21211 2.3871
47.278 6088.6 272.88 22579 1.1389 0.026772 0.72536 -0.21208 2.3871
49.276 6597.8 287.09 22291 1.147 0.023507 0.72593 -0.21206 2.3871
49.828 6743.2 290.93 22212 1.1486 0.022435 0.72609 -0.21205 2.3871
51.151 7099.7 299.63 22022 1.1503 0.0196 0.72647 -0.21203 2.3871
53.506 7759.1 313.89 21684 1.1451 0.013389 0.72714 -0.212 2.3872
55.505 8339.1 325.12 21396 1.1316 0.0070645 0.7277 -0.21197 2.3872
56.056 8502 328.15 21317 1.1263 0.0052744 0.72785 -0.21197 2.3872
57.379 8896.8 335.37 21127 1.1109 0.00097343 0.7282 -0.21195 2.3872
59.735 9612.3 348.58 20789 1.0755 -0.0060779 0.7288 -0.21191 2.3873
61.733 10229 360.6 20501 1.0389 -0.011035 0.72926 -0.21187 2.3873
62.285 10401 364.1 20422 1.0281 -0.012231 0.72939 -0.21186 2.3873
63.167 10677 369.85 20295 1.0103 -0.014057 0.72958 -0.21184 2.3874
64.737 11171 380.64 20070 0.97722 -0.016905 0.7299 -0.21181 2.3874
66.069 11592 390.4 19878 0.94814 -0.018884 0.73016 -0.21178 2.3874
66.437 11709 393.2 19825 0.94 -0.01939 0.73023 -0.21177 2.3874
67.319 11989 400.1 19699 0.92032 -0.020538 0.7304 -0.21175 2.3875
68.889 12490 413.02 19473 0.88492 -0.022336 0.73068 -0.21171 2.3875
70.222 12917 424.65 19281 0.85474 -0.023656 0.7309 -0.21167 2.3876
70.59 13034 427.97 19228 0.84641 -0.024016 0.73096 -0.21166 2.3876
71.471 13317 436.12 19102 0.82649 -0.024867 0.73111 -0.21163 2.3876
73.042 13821 451.33 18876 0.7912 -0.026456 0.73135 -0.21158 2.3877
74.374 14249 464.95 18684 0.76151 -0.02796 0.73155 -0.21153 2.3877
74.742 14367 468.82 18631 0.75335 -0.028406 0.7316 -0.21152 2.3877
75.116 14487 472.82 18578 0.74509 -0.028863 0.73166 -0.21151 2.3877
75.966 14759 482.1 18455 0.72638 -0.029941 0.73177 -0.21148 2.3878
77.221 15160 496.31 18275 0.69903 -0.031682 0.73195 -0.21143 2.3878
78.779 15657 514.83 18051 0.66548 -0.034171 0.73215 -0.21136 2.3879
80.513 16206 536.67 17802 0.62865 -0.037402 0.73237 -0.21129 2.388
82.283 16762 560.37 17547 0.59167 -0.041128 0.73258 -0.2112 2.3881
83.946 17279 584.05 17308 0.55766 -0.044854 0.73277 -0.21112 2.3882
85.366 17716 605.45 17103 0.52932 -0.048051 0.73293 -0.21104 2.3883
86.43 18040 622.22 16950 0.50865 -0.050384 0.73304 -0.21098 2.3883
87.05 18227 632.31 16861 0.49684 -0.051713 0.73311 -0.21095 2.3884
87.199 18272 634.76 16840 0.49404 -0.052028 0.73313 -0.21094 2.3884
88.081 18536 649.58 16713 0.47768 -0.053872 0.73322 -0.21089 2.3884
89.651 19002 677.14 16487 0.44965 -0.056852 0.73338 -0.21079 2.3886
90.983 19391 701.71 16295 0.42706 -0.05898 0.73351 -0.2107 2.3887
91.351 19498 708.69 16242 0.42103 -0.059514 0.73355 -0.21068 2.3887
92.233 19753 725.74 16115 0.40691 -0.060715 0.73363 -0.21062 2.3887
93.803 20200 757.26 15889 0.38289 -0.062416 0.73378 -0.2105 2.3889
95.136 20575 785.12 15697 0.36356 -0.063351 0.7339 -0.2104 2.389
95.504 20677 792.98 15644 0.35837 -0.06355 0.73394 -0.21038 2.389
96.385 20921 812.12 15517 0.34617 -0.063932 0.73402 -0.21031 2.3891
97.956 21350 847.21 15291 0.32515 -0.064139 0.73416 -0.21018 2.3892
99.288 21708 877.93 15099 0.30788 -0.063785 0.73428 -0.21006 2.3894
99.656 21805 886.56 15046 0.30318 -0.06363 0.73431 -0.21003 2.3894
100.11 21925 897.23 14981 0.29745 -0.063411 0.73435 -0.20999 2.3895
101.13 22191 921.64 14834 0.28462 -0.062789 0.73444 -0.2099 2.3896
102.61 22570 957.95 14621 0.26611 -0.061449 0.73456 -0.20976 2.3897
104.41 23015 1003.2 14361 0.24378 -0.059039 0.73471 -0.20958 2.3899
106.36 23474 1053.4 14081 0.2198 -0.05547 0.73488 -0.20937 2.3902
108.26 23897 1103.7 13807 0.19665 -0.051137 0.73503 -0.20916 2.3904
109.92 24245 1149 13568 0.17677 -0.046823 0.73516 -0.20897 2.3906
111.19 24494 1184.3 13385 0.16203 -0.04335 0.73526 -0.20881 2.3908
111.93 24634 1205.5 13277 0.15354 -0.041258 0.73532 -0.20872 2.3909
112.11 24667 1210.6 13251 0.15153 -0.040754 0.73534 -0.2087 2.3909
112.99 24825 1236.1 13124 0.1418 -0.038264 0.73541 -0.20859 2.391
114.56 25088 1282.5 12898 0.12517 -0.033719 0.73553 -0.20838 2.3913
115.9 25293 1322.9 12706 0.1119 -0.029689 0.73563 -0.2082 2.3915
116.27 25346 1334.2 12653 0.10839 -0.028545 0.73566 -0.20815 2.3915
117.15 25470 1361.6 12526 0.1003 -0.025757 0.73573 -0.20803 2.3917
118.72 25673 1411.1 12299 0.087114 -0.020458 0.73585 -0.2078 2.3919
120.05 25830 1453.8 12107 0.077418 -0.015544 0.73595 -0.2076 2.3922
120.42 25871 1465.6 12054 0.075024 -0.014133 0.73598 -0.20754 2.3922
121.3 25965 1494.2 11927 0.069847 -0.010677 0.73604 -0.2074 2.3924
122.87 26123 1545.7 11700 0.062747 -0.0041746 0.73616 -0.20715 2.3927
124.2 26249 1590.5 11508 0.058658 0.0016382 0.73627 -0.20693 2.3929
124.57 26283 1603 11455 0.057753 0.0032507 0.7363 -0.20687 2.393
