time (s) altitude (m) velocity (m/s) mass (kg) dynamic pressure (Pa)trajectory angle (rad) Lift (N)Drag (N)heading angle (rad) latitude (rad) angle of attack (rad) 
643.83 36381 2836.1 3300 26679 0.11345 26676 8678.2 1.8092 -0.022971 0.2498
645.22 36831 2848.5 3279.5 25122 0.11561 26514 8816.4 1.8092 -0.022378 0.25906
647.96 37753 2873.1 3238.9 22219 0.11997 26057 9002.4 1.8093 -0.021196 0.27864
651 38824 2900.9 3193.9 19288 0.12451 23523 8282.2 1.8093 -0.019875 0.28608
653.18 39621 2921.7 3161.6 17384 0.12715 21078 7397.6 1.8094 -0.018922 0.28495
653.75 39831 2927.3 3153.2 16916 0.12775 20378 7128 1.8094 -0.018673 0.28371
654.8 40226 2937.8 3137.7 16076 0.12875 19573 6881.8 1.8094 -0.018209 0.28574
656.67 40940 2956.9 3109.9 14670 0.13036 18172 6441.8 1.8094 -0.017379 0.28909
658.26 41555 2973.5 3086.4 13566 0.1315 16747 5925.4 1.8095 -0.01667 0.28842
658.7 41727 2978.1 3079.9 13276 0.13177 16388 5797.5 1.8095 -0.016474 0.2884
659.76 42141 2989.4 3064.3 12602 0.13237 15721 5589.1 1.8095 -0.016002 0.29047
661.63 42885 3009.8 3036.5 11482 0.13331 14621 5246.8 1.8095 -0.015158 0.29455
663.22 43525 3027.5 3013 10608 0.13395 13547 4866.7 1.8096 -0.014437 0.29513
663.66 43703 3032.5 3006.5 10378 0.1341 13279 4774.6 1.8096 -0.014238 0.29553
665.76 44562 3056.5 2975.3 9342.6 0.13473 12403 4532.7 1.8096 -0.013276 0.30313
669.51 46117 3100.4 2919.8 7744.6 0.13553 10507 3873.8 1.8097 -0.011544 0.30771
672.69 47459 3139.4 2872.7 6638.9 0.13558 8450.3 3025.2 1.8097 -0.010056 0.29442
673.57 47832 3150.5 2859.7 6378.5 0.13544 8010 2848.2 1.8098 -0.0096415 0.29171
674.62 48280 3164 2844.2 6079.1 0.13524 7616.9 2704.2 1.8098 -0.0091431 0.29125
676.5 49082 3188.3 2816.4 5579.1 0.13479 6883.6 2423.4 1.8098 -0.0082503 0.28819
678.09 49764 3209.4 2792.9 5186.5 0.1343 6282.6 2189.9 1.8099 -0.0074874 0.28461
678.53 49953 3215.3 2786.4 5083 0.13415 6139.2 2136.2 1.8099 -0.0072759 0.28405
679.58 50406 3229.5 2770.8 4843 0.13377 5852.6 2036 1.8099 -0.0067674 0.28414
681.46 51214 3255.1 2743 4452.5 0.13305 5344.9 1850.9 1.8099 -0.0058561 0.28284
683.05 51902 3277.2 2719.5 4165.7 0.13238 4934.2 1694.5 1.8099 -0.0050772 0.28028
683.48 52092 3283.4 2713 4089.4 0.13218 4835.3 1658.4 1.81 -0.0048613 0.27995
684.54 52548 3298.2 2697.4 3911.4 0.13171 4637.2 1591.2 1.81 -0.004342 0.28042
686.41 53360 3325 2669.7 3610.9 0.13086 4282.1 1467.2 1.81 -0.0034113 0.28044
688 54051 3348.1 2646.1 3371.9 0.1301 3968.3 1352.6 1.81 -0.0026157 0.27897
688.44 54241 3354.5 2639.6 3308.4 0.12989 3888.6 1324.3 1.81 -0.0023951 0.27871
689.49 54699 3370 2624 3160.4 0.12938 3723.6 1268 1.8101 -0.0018645 0.27915
691.37 55514 3397.9 2596.3 2911 0.12846 3420.8 1161.8 1.8101 -0.00091355 0.2786
692.96 56207 3422 2572.7 2713.1 0.12766 3148.4 1062.8 1.8101 -0.0001005 0.27612
693.4 56398 3428.7 2566.2 2660.5 0.12744 3081.6 1039.1 1.8101 0.00012498 0.27575
694.45 56857 3444.8 2550.7 2538.3 0.1269 2941.1 990.88 1.8102 0.00066724 0.2758
696.32 57675 3473.9 2522.9 2332.6 0.12593 2677.6 897.28 1.8102 0.0016394 0.27396
697.91 58369 3498.9 2499.4 2169.8 0.12508 2450.4 815.38 1.8102 0.0024706 0.27084
698.35 58560 3505.9 2492.9 2126.6 0.12485 2395 796.36 1.8102 0.0027012 0.27033
699.41 59020 3522.7 2477.3 2026.3 0.12428 2276.5 756.85 1.8102 0.0032557 0.26989
701.28 59839 3553.1 2449.5 1857.8 0.12326 2056.3 680.63 1.8103 0.0042498 0.26713
702.87 60533 3579.2 2426 1724.7 0.12238 1874.5 616.73 1.8103 0.0051001 0.26382
703.31 60725 3586.4 2419.5 1689.5 0.12214 1831.1 601.96 1.8103 0.0053359 0.26331
704.36 61185 3604 2403.9 1607.7 0.12155 1737.7 571.12 1.8103 0.0059031 0.26283
706.24 62004 3635.6 2376.1 1470.5 0.12051 1563 511 1.8104 0.0069203 0.25985
707.83 62699 3662.8 2352.6 1362.4 0.11961 1420.3 461.29 1.8104 0.0077903 0.25648
708.27 62891 3670.3 2346.1 1333.8 0.11936 1385.9 449.66 1.8104 0.0080317 0.2559
709.32 63351 3688.6 2330.5 1267.5 0.11877 1311.2 425.02 1.8104 0.0086122 0.25515
711.19 64171 3721.5 2302.8 1156.5 0.11772 1174.4 378.35 1.8104 0.0096533 0.252
712.78 64866 3749.8 2279.2 1069.2 0.11683 1066.3 341.35 1.8105 0.010544 0.24899
713.22 65058 3757.7 2272.7 1046.2 0.11658 1040.5 332.84 1.8105 0.010791 0.24854
714.2 65485 3775.3 2258.3 996.45 0.11604 988.77 316.3 1.8105 0.011342 0.24817
716.24 66377 3812.7 2228 899.22 0.11493 879.99 280.37 1.8105 0.012504 0.24591
718.79 67494 3860.2 2190.2 789.52 0.11355 745.6 235.67 1.8106 0.013972 0.23992
721.17 68534 3905.4 2155 698.12 0.11224 624.05 194.77 1.8106 0.015356 0.23088
722.74 69220 3935.8 2131.8 643.14 0.11135 554.93 171.44 1.8106 0.016278 0.22532
723.14 69393 3943.5 2126 629.93 0.11113 540.8 166.82 1.8106 0.016511 0.22454
724.11 69820 3962.7 2111.5 598.25 0.11057 506.44 155.54 1.8107 0.017089 0.22239
726.15 70713 4003.4 2081.3 536.59 0.10938 421.53 126.47 1.8107 0.018309 0.21147
728.71 71827 4055.3 2043.5 466.24 0.10775 314.69 92.262 1.8107 0.01985 0.19014
731.08 72863 4105 2008.3 408.26 0.10601 223.94 64.561 1.8108 0.021305 0.16455
732.65 73542 4138.4 1985.1 373.94 0.10472 176.98 51.3 1.8108 0.022274 0.14829
733.05 73713 4146.9 1979.2 365.77 0.10438 167.38 48.579 1.8108 0.022519 0.1449
734.02 74134 4168 1964.8 346.29 0.10352 145.46 42.636 1.8108 0.023127 0.13636
736.07 75010 4212.9 1934.5 308.87 0.10155 93.044 30.045 1.8108 0.02441 0.10677
738.62 76093 4270.4 1896.7 267.91 0.098683 46.503 20.559 1.8109 0.026033 0.068681
741 77085 4325.2 1861.5 234.95 0.095598 15.43 15.72 1.8109 0.027566 0.030164
742.57 77727 4362.1 1838.3 215.71 0.093325 2.9251 13.975 1.8109 0.028587 0.0062281
742.96 77887 4371.4 1832.5 211.16 0.092729 0 13.564 1.8109 0.028846 0
742.96 77887 4371.4 1832.5 211.16 0.092729 0 13.564 1.8109 0.028846 0
743.96 78292 4370.6 1832.5 197.81 0.091194 0 12.701 1.811 0.029501 0
744.96 78687 4369.7 1832.5 185.55 0.089658 0 11.909 1.811 0.030157 0
745.96 79075 4368.9 1832.5 174.21 0.088122 0 11.176 1.811 0.030812 0
746.96 79456 4368.1 1832.5 163.69 0.086585 0 10.498 1.811 0.031467 0
747.96 79830 4367.3 1832.5 153.95 0.085048 0 9.8688 1.811 0.032123 0
748.96 80198 4366.5 1832.5 144.91 0.08351 0 9.2859 1.811 0.032778 0
749.96 80558 4365.8 1832.5 136.53 0.081971 0 8.7453 1.811 0.033433 0
750.96 80913 4365 1832.5 128.75 0.080432 0 8.2437 1.811 0.034088 0
751.96 81260 4364.3 1832.5 121.52 0.078893 0 7.7779 1.8111 0.034743 0
752.96 81600 4363.6 1832.5 114.8 0.077353 0 7.3453 1.8111 0.035398 0
753.96 81934 4362.9 1832.5 108.56 0.075813 0 6.9433 1.8111 0.036053 0
754.96 82261 4362.2 1832.5 102.75 0.074273 0 6.5696 1.8111 0.036707 0
755.96 82582 4361.5 1832.5 97.349 0.072731 0 6.2219 1.8111 0.037362 0
756.96 82895 4360.9 1832.5 92.318 0.07119 0 5.8983 1.8111 0.038017 0
757.96 83202 4360.2 1832.5 87.633 0.069648 0 5.5971 1.8111 0.038671 0
758.96 83502 4359.6 1832.5 83.268 0.068106 0 5.3165 1.8111 0.039326 0
759.96 83795 4359 1832.5 79.199 0.066563 0 5.055 1.8111 0.03998 0
760.96 84082 4358.4 1832.5 75.404 0.06502 0 4.8112 1.8112 0.040635 0
761.96 84362 4357.8 1832.5 71.864 0.063476 0 4.5839 1.8112 0.041289 0
762.96 84635 4357.2 1832.5 68.56 0.061933 0 4.3718 1.8112 0.041943 0
763.96 84901 4356.7 1832.5 65.442 0.060388 0 4.1719 1.8112 0.042598 0
764.96 85161 4356.1 1701.6 0 0.058844 0 0 1.8112 0.043252 0
765.96 85414 4355.6 1701.6 0 0.057299 0 0 1.8112 0.043906 0
766.96 85660 4355.1 1701.6 0 0.055754 0 0 1.8112 0.04456 0
767.96 85899 4354.6 1701.6 0 0.054208 0 0 1.8112 0.045214 0
768.96 86131 4354.1 1701.6 0 0.052662 0 0 1.8112 0.045868 0
769.96 86357 4353.7 1701.6 0 0.051116 0 0 1.8112 0.046522 0
770.96 86576 4353.2 1701.6 0 0.04957 0 0 1.8112 0.047176 0
771.96 86789 4352.8 1701.6 0 0.048023 0 0 1.8112 0.04783 0
772.96 86994 4352.4 1701.6 0 0.046476 0 0 1.8113 0.048484 0
773.96 87193 4352 1701.6 0 0.044929 0 0 1.8113 0.049138 0
774.96 87385 4351.6 1701.6 0 0.043381 0 0 1.8113 0.049792 0
775.96 87571 4351.2 1701.6 0 0.041833 0 0 1.8113 0.050445 0
776.96 87749 4350.9 1701.6 0 0.040285 0 0 1.8113 0.051099 0
777.96 87921 4350.5 1701.6 0 0.038737 0 0 1.8113 0.051753 0
778.96 88086 4350.2 1701.6 0 0.037189 0 0 1.8113 0.052406 0
779.96 88244 4349.9 1701.6 0 0.03564 0 0 1.8113 0.05306 0
780.96 88396 4349.6 1701.6 0 0.034091 0 0 1.8113 0.053714 0
781.96 88541 4349.3 1701.6 0 0.032542 0 0 1.8113 0.054367 0
782.96 88679 4349 1701.6 0 0.030993 0 0 1.8113 0.055021 0
783.96 88811 4348.8 1701.6 0 0.029444 0 0 1.8113 0.055674 0
784.96 88935 4348.5 1701.6 0 0.027894 0 0 1.8113 0.056328 0
785.96 89053 4348.3 1701.6 0 0.026345 0 0 1.8113 0.056982 0
786.96 89164 4348.1 1701.6 0 0.024795 0 0 1.8113 0.057635 0
787.96 89269 4347.9 1701.6 0 0.023245 0 0 1.8113 0.058288 0
788.96 89366 4347.7 1701.6 0 0.021695 0 0 1.8113 0.058942 0
789.96 89457 4347.6 1701.6 0 0.020145 0 0 1.8113 0.059595 0
790.96 89542 4347.4 1701.6 0 0.018594 0 0 1.8114 0.060249 0
791.96 89619 4347.3 1701.6 0 0.017044 0 0 1.8114 0.060902 0
792.96 89690 4347.2 1701.6 0 0.015494 0 0 1.8114 0.061556 0
793.96 89754 4347.1 1701.6 0 0.013943 0 0 1.8114 0.062209 0
794.96 89811 4347 1701.6 0 0.012393 0 0 1.8114 0.062862 0
795.96 89861 4346.9 1701.6 0 0.010842 0 0 1.8114 0.063516 0
796.96 89905 4346.8 1701.6 0 0.0092912 0 0 1.8114 0.064169 0
797.96 89942 4346.8 1701.6 0 0.0077405 0 0 1.8114 0.064823 0
798.96 89972 4346.7 1701.6 0 0.0061898 0 0 1.8114 0.065476 0
799.96 89996 4346.7 1701.6 0 0.004639 0 0 1.8114 0.066129 0
800.96 90013 4346.7 1701.6 0 0.0030883 0 0 1.8114 0.066783 0
801.96 90023 4346.7 1701.6 0 0.0015375 0 0 1.8114 0.067436 0
802.96 90026 4346.8 1701.6 0 0 0 0 1.8114 0.06809 0
