time (s) altitude (m) velocity (m/s) mass (kg) dynamic pressure (Pa)trajectory angle (rad) Lift (N)Drag (N)heading angle (rad) latitude (rad) angle of attack (rad) 
507.83 35815 2746.1 3300 27290 0.10505 29260 9821.1 1.8152 -0.09163 0.26197
508.76 36087 2754.1 3286.1 26322 0.10688 29455 10043 1.8152 -0.091242 0.26979
510.72 36674 2770.9 3257.2 24349 0.11075 29039 10145 1.8152 -0.090429 0.28192
513.17 37442 2791.9 3221 21991 0.11562 28694 10456 1.8153 -0.089406 0.29967
515.44 38193 2811.4 3187.2 19911 0.12016 27541 10287 1.8153 -0.088446 0.31209
516.95 38707 2824.6 3165 18610 0.12292 25719 9601.8 1.8154 -0.08781 0.31188
517.32 38838 2828 3159.4 18293 0.12357 25532 9569.8 1.8154 -0.087649 0.31405
518.26 39167 2836.5 3145.6 17524 0.12514 24807 9377.6 1.8154 -0.087251 0.31709
520.22 39870 2854.5 3116.6 15992 0.12821 23016 8784.9 1.8154 -0.086416 0.32067
522.66 40778 2878 3080.4 14228 0.13152 20664 7927.3 1.8155 -0.085364 0.32266
524.94 41650 2900.8 3046.7 12735 0.13403 18310 6981.2 1.8155 -0.084377 0.32043
526.44 42237 2916.4 3024.4 11829 0.13534 16601 6237.2 1.8156 -0.083722 0.31519
526.82 42386 2920.5 3018.8 11611 0.13562 16232 6084.2 1.8156 -0.083556 0.31437
527.76 42757 2930.6 3005 11086 0.13625 15332 5719.3 1.8156 -0.083146 0.31199
529.71 43542 2952.3 2976 10063 0.13724 13590 5018 1.8156 -0.082284 0.30684
532.16 44538 2980.2 2939.8 8912.4 0.13812 12386 4626.9 1.8157 -0.081197 0.31305
534.44 45479 3006.8 2906.1 7955.9 0.13881 11371 4314.7 1.8157 -0.080176 0.31909
535.94 46107 3024.7 2883.8 7381.4 0.13915 10539 3996 1.8158 -0.079497 0.31887
536.32 46266 3029.3 2878.2 7243.5 0.13922 10336 3917.5 1.8158 -0.079326 0.31874
537.01 46558 3037.7 2868 6997.1 0.13933 10049 3823 1.8158 -0.079011 0.32015
538.51 47192 3056.1 2845.8 6506.3 0.13952 9396.3 3585.1 1.8158 -0.078328 0.32135
540.51 48046 3081.1 2816.2 5937.5 0.13964 8491 3218.6 1.8159 -0.07741 0.31918
542.61 48953 3108 2785 5388.3 0.1396 7692.6 2910.9 1.8159 -0.076435 0.31878
544.41 49731 3131.4 2758.4 4958 0.13944 6953.6 2601.1 1.816 -0.075597 0.31493
545.54 50223 3146.4 2741.8 4704.3 0.13927 6551.8 2440.8 1.816 -0.075068 0.3134
545.81 50345 3150.2 2737.6 4643.6 0.13923 6459.2 2404.8 1.816 -0.074937 0.31312
546.51 50649 3159.5 2727.4 4495.5 0.1391 6259 2330.6 1.816 -0.074609 0.31331
548.01 51306 3179.9 2705.2 4204 0.13881 5847.7 2175 1.816 -0.073899 0.31309
550.01 52189 3207.5 2675.6 3858.6 0.13834 5310 1963.6 1.8161 -0.072944 0.3107
552.11 53122 3237.2 2644.4 3520.6 0.13778 4840.1 1786.7 1.8161 -0.071929 0.31045
553.9 53922 3262.9 2617.9 3252.2 0.13728 4467.4 1646.6 1.8162 -0.071057 0.31023
555.03 54426 3279.3 2601.2 3092.3 0.13693 4204 1541.3 1.8162 -0.070505 0.30796
555.31 54551 3283.3 2597 3053.9 0.13685 4146.5 1519.1 1.8162 -0.070369 0.30768
556 54862 3293.5 2586.8 2959.8 0.13662 4012.1 1468.1 1.8162 -0.070028 0.30731
557.5 55535 3315.7 2564.6 2765 0.13612 3723 1356.8 1.8162 -0.069288 0.30585
559.5 56436 3345.8 2535 2521.8 0.13543 3370.1 1222.2 1.8163 -0.068292 0.30421
561.61 57389 3378.1 2503.8 2285.4 0.13464 2987.5 1070.5 1.8163 -0.067233 0.29954
563.4 58204 3406.2 2477.3 2099.1 0.13391 2664.5 939.74 1.8164 -0.066323 0.2935
564.53 58717 3424 2460.6 1988.8 0.13342 2483.7 867.93 1.8164 -0.065748 0.29023
564.81 58844 3428.5 2456.4 1962.3 0.13329 2445.3 853.31 1.8164 -0.065605 0.28979
565.5 59161 3439.6 2446.2 1897.7 0.13298 2359.5 821.95 1.8164 -0.065249 0.28933
567 59844 3463.8 2424 1764.4 0.1323 2170 750.89 1.8164 -0.064476 0.28718
569 60759 3496.6 2394.4 1598.9 0.13138 1926.7 660.2 1.8165 -0.063436 0.28325
571.1 61725 3531.8 2363.2 1439.4 0.13038 1707 580.67 1.8165 -0.06233 0.28027
572.9 62549 3562.3 2336.7 1314.4 0.12953 1547.3 525.02 1.8165 -0.061378 0.27888
574.03 63069 3581.7 2320 1240.7 0.129 1451.3 491.73 1.8166 -0.060776 0.27765
574.3 63197 3586.5 2315.9 1223.1 0.12887 1429.5 484.32 1.8166 -0.060627 0.2775
575 63517 3598.5 2305.6 1180 0.12854 1378.4 467.11 1.8166 -0.060254 0.27739
576.49 64209 3624.7 2283.4 1091.6 0.12786 1269.9 430.22 1.8166 -0.059446 0.27662
578.49 65134 3660.2 2253.8 982.34 0.12696 1122.7 378.51 1.8167 -0.058357 0.27323
580.6 66111 3698.3 2222.6 877.61 0.12599 965.47 321.51 1.8167 -0.057199 0.26612
582.39 66946 3731.3 2196.1 796.11 0.12512 833.63 272.73 1.8167 -0.056203 0.2573
583.52 67471 3752.3 2179.4 748.32 0.12455 754.48 243.25 1.8167 -0.055572 0.25083
583.8 67601 3757.5 2175.3 736.91 0.1244 737.22 236.95 1.8167 -0.055416 0.24953
583.93 67664 3760.1 2173.3 731.49 0.12433 731.08 234.91 1.8168 -0.055341 0.24937
584.23 67801 3765.6 2168.9 719.68 0.12418 715.82 229.6 1.8168 -0.055176 0.24857
584.64 67992 3773.3 2162.9 703.52 0.12396 693.11 221.48 1.8168 -0.054945 0.24701
585.1 68207 3782.1 2156 685.67 0.12371 666.26 211.7 1.8168 -0.054684 0.24477
585.54 68415 3790.6 2149.5 668.88 0.12347 640.8 202.9 1.8168 -0.054433 0.24235
585.9 68582 3797.5 2144.1 655.58 0.12327 620.98 196.15 1.8168 -0.054229 0.24042
586.12 68684 3801.7 2140.9 647.58 0.12315 610.39 192.62 1.8168 -0.054105 0.23959
586.17 68709 3802.7 2140.1 645.64 0.12312 608.17 191.89 1.8168 -0.054075 0.23948
586.31 68772 3805.3 2138.1 640.82 0.12305 602.41 190.01 1.8168 -0.053999 0.23914
586.6 68909 3810.9 2133.8 630.29 0.12289 586.83 184.71 1.8168 -0.053831 0.23753
587.01 69100 3818.8 2127.7 615.91 0.12266 562.9 176.42 1.8168 -0.053598 0.23446
587.47 69316 3827.8 2120.9 600.03 0.12239 534.13 166.34 1.8168 -0.053334 0.23021
587.92 69524 3836.5 2114.3 585.11 0.12212 506.45 156.61 1.8168 -0.05308 0.2258
588.28 69691 3843.5 2109 573.29 0.1219 484.93 149.06 1.8168 -0.052874 0.22227
588.49 69794 3847.8 2105.8 566.19 0.12177 473.71 145.2 1.8168 -0.052748 0.22063
588.55 69819 3848.9 2105 564.47 0.12173 471.5 144.46 1.8168 -0.052717 0.22038
588.68 69881 3851.5 2103 560.18 0.12165 465.69 142.47 1.8168 -0.052641 0.21967
588.98 70019 3857.3 2098.6 550.84 0.12146 448.6 136.39 1.8168 -0.052471 0.21663
589.39 70210 3865.4 2092.6 538.09 0.12119 423.29 127.32 1.8168 -0.052235 0.21166
589.85 70426 3874.6 2085.7 524.01 0.12088 394.82 117.76 1.8169 -0.051968 0.2054
590.29 70633 3883.5 2079.2 510.8 0.12056 368.81 109.42 1.8169 -0.05171 0.19929
590.65 70801 3890.7 2073.8 500.34 0.1203 348.46 102.89 1.8169 -0.051502 0.19431
590.87 70903 3895.2 2070.6 494.06 0.12013 337.56 99.416 1.8169 -0.051374 0.19175
590.92 70928 3896.2 2069.8 492.55 0.12009 335.32 98.704 1.8169 -0.051343 0.19127
591.06 70990 3898.9 2067.8 488.76 0.11999 329.78 96.953 1.8169 -0.051265 0.19009
591.35 71128 3904.9 2063.5 480.27 0.11976 313.6 91.771 1.8169 -0.051094 0.18586
591.76 71319 3913.2 2057.4 468.7 0.11943 291.62 84.736 1.8169 -0.050855 0.17988
592.22 71534 3922.7 2050.6 455.96 0.11905 267.19 77.135 1.8169 -0.050584 0.17265
592.67 71741 3931.8 2044 444.02 0.11867 246.2 71.229 1.8169 -0.050324 0.16584
593.02 71908 3939.2 2038.7 434.6 0.11834 229.68 66.58 1.8169 -0.050113 0.16022
593.24 72009 3943.8 2035.5 428.95 0.11814 220.54 64.003 1.8169 -0.049984 0.15712
593.3 72034 3944.9 2034.7 427.59 0.11809 218.45 63.413 1.8169 -0.049952 0.15642
593.43 72096 3947.7 2032.7 424.18 0.11797 213.75 62.085 1.8169 -0.049873 0.15491
593.72 72233 3953.8 2028.3 416.78 0.11769 200.9 58.469 1.8169 -0.0497 0.15018
594.13 72423 3962.3 2022.3 406.7 0.1173 183.99 53.708 1.8169 -0.049457 0.14378
594.6 72637 3972 2015.4 395.61 0.11683 165.82 48.924 1.8169 -0.049184 0.13614
595.04 72842 3981.4 2008.9 385.23 0.11637 150.37 45.224 1.8169 -0.04892 0.12899
595.4 73008 3989 2003.6 377.05 0.11599 138.34 42.353 1.8169 -0.048706 0.12308
595.62 73109 3993.7 2000.3 372.14 0.11575 131.6 40.737 1.8169 -0.048575 0.11973
595.67 73134 3994.8 1999.5 370.95 0.11569 130 40.353 1.817 -0.048543 0.11893
595.8 73195 3997.7 1997.5 368 0.11554 126.4 39.478 1.817 -0.048464 0.11716
596.1 73331 4003.9 1993.2 361.58 0.11521 117.18 37.276 1.817 -0.048288 0.11226
596.51 73519 4012.7 1987.1 352.83 0.11474 105.04 34.369 1.817 -0.048042 0.10559
596.97 73731 4022.7 1980.3 343.23 0.11419 93.063 31.925 1.817 -0.047765 0.097774
597.41 73934 4032.3 1973.7 334.24 0.11365 82.433 29.794 1.817 -0.047498 0.09041
597.77 74098 4040.1 1968.4 327.16 0.1132 74.105 28.091 1.817 -0.047281 0.084367
597.99 74198 4044.8 1965.2 322.92 0.11292 69.376 27.103 1.817 -0.047149 0.080863
598.04 74222 4046 1964.4 321.9 0.11285 68.251 26.868 1.817 -0.047116 0.080019
598.18 74283 4048.9 1962.4 319.34 0.11267 65.631 26.311 1.817 -0.047036 0.078064
598.47 74417 4055.3 1958 313.79 0.11229 59.284 24.993 1.817 -0.046857 0.073081
598.88 74603 4064.3 1952 306.25 0.11174 51.368 23.537 1.817 -0.046609 0.066248
599.34 74812 4074.5 1945.1 297.96 0.1111 43.166 22.246 1.817 -0.046328 0.058349
599.79 75012 4084.3 1938.6 290.22 0.11047 35.751 21.063 1.817 -0.046057 0.050855
600.15 75174 4092.3 1933.3 284.12 0.10996 29.852 20.137 1.817 -0.045838 0.044742
600.37 75272 4097.2 1930 280.47 0.10963 26.448 19.597 1.817 -0.045704 0.04114
600.42 75296 4098.4 1929.2 279.59 0.10955 25.639 19.468 1.817 -0.045671 0.040272
600.55 75356 4101.4 1927.2 277.39 0.10936 23.72 19.155 1.817 -0.045589 0.038202
600.85 75487 4108 1922.9 272.62 0.10891 19.596 18.534 1.817 -0.045408 0.03317
601.26 75670 4117.2 1916.8 266.13 0.10828 15.12 17.931 1.817 -0.045157 0.026241
601.72 75875 4127.6 1910 259.01 0.10756 10.239 17.271 1.817 -0.044872 0.018291
602.16 76071 4137.6 1903.4 252.37 0.10684 5.8213 16.66 1.8171 -0.044597 0.010718
602.52 76229 4145.8 1898.1 247.14 0.10626 2.4233 16.181 1.8171 -0.044375 0.0045607
602.74 76325 4150.8 1894.9 244.01 0.10589 0.46688 15.897 1.8171 -0.044239 0.00088993
602.79 76349 4152 1894.1 243.25 0.1058 -1.0914e-15 15.829 1.8171 -0.044206 0
602.79 76349 4152 1894.1 243.25 0.1058 -1.0914e-15 15.829 1.8171 -0.044206 0
603.79 76787 4151 1894.1 226.86 0.10412 8.7242e-16 14.756 1.8171 -0.043585 0
604.79 77215 4150 1894.1 211.87 0.10243 -9.5055e-16 13.776 1.8171 -0.042964 0
605.79 77636 4149.1 1894.1 198.03 0.10075 -6.3463e-17 12.871 1.8171 -0.042343 0
606.79 78050 4148.2 1894.1 185.26 0.099062 1.8702e-15 12.036 1.8171 -0.041723 0
607.79 78456 4147.3 1894.1 173.46 0.097375 -4.1692e-16 11.265 1.8171 -0.041102 0
608.79 78856 4146.4 1894.1 162.56 0.095688 1.3024e-15 10.553 1.8171 -0.040481 0
609.79 79249 4145.5 1894.1 152.48 0.094 1.4415e-15 9.8948 1.8172 -0.039861 0
610.79 79634 4144.6 1894.1 143.15 0.092311 -4.3581e-16 9.286 1.8172 -0.03924 0
611.79 80013 4143.8 1894.1 134.51 0.090622 3.4486e-16 8.7227 1.8172 -0.03862 0
612.79 80384 4142.9 1894.1 126.52 0.088932 -4.6628e-16 8.2013 1.8172 -0.037999 0
613.79 80749 4142.1 1894.1 119.11 0.087241 -3.6263e-16 7.7182 1.8172 -0.037379 0
614.79 81106 4141.3 1894.1 112.24 0.08555 -4.1366e-16 7.2706 1.8172 -0.036759 0
615.79 81456 4140.6 1894.1 105.87 0.083859 1.1536e-15 6.8555 1.8172 -0.036139 0
616.79 81800 4139.8 1894.1 99.96 0.082166 -2.4026e-16 6.4704 1.8172 -0.035519 0
617.79 82136 4139.1 1894.1 94.471 0.080474 -1.7787e-16 6.1131 1.8173 -0.034899 0
618.79 82465 4138.3 1894.1 89.371 0.07878 -1.4678e-16 5.7811 1.8173 -0.034279 0
619.79 82787 4137.6 1894.1 84.633 0.077086 8.4757e-17 5.4728 1.8173 -0.033659 0
620.79 83102 4136.9 1894.1 80.226 0.075392 -1.1087e-16 5.1862 1.8173 -0.033039 0
621.79 83410 4136.2 1894.1 76.127 0.073697 -3.0191e-16 4.9196 1.8173 -0.032419 0
622.79 83712 4135.6 1894.1 72.313 0.072001 8.3382e-16 4.6716 1.8173 -0.031799 0
623.79 84006 4134.9 1894.1 68.761 0.070306 0 4.4408 1.8173 -0.03118 0
624.79 84292 4134.3 1894.1 65.453 0.068609 0 4.2259 1.8173 -0.03056 0
625.79 84572 4133.7 1894.1 62.371 0.066912 0 4.0257 1.8173 -0.02994 0
626.79 84845 4133.1 1894.1 59.488 0.065215 0 3.8386 1.8173 -0.029321 0
627.79 85111 4132.5 1763.2 0 0.063517 0 0 1.8173 -0.028701 0
628.79 85370 4131.9 1763.2 0 0.061819 0 0 1.8174 -0.028082 0
629.79 85622 4131.4 1763.2 0 0.060121 0 0 1.8174 -0.027462 0
630.79 85866 4130.8 1763.2 0 0.058422 0 0 1.8174 -0.026843 0
631.79 86104 4130.3 1763.2 0 0.056722 0 0 1.8174 -0.026224 0
632.79 86335 4129.8 1763.2 0 0.055022 0 0 1.8174 -0.025604 0
633.79 86558 4129.3 1763.2 0 0.053322 0 0 1.8174 -0.024985 0
634.79 86775 4128.9 1763.2 0 0.051622 0 0 1.8174 -0.024366 0
635.79 86984 4128.4 1763.2 0 0.049921 0 0 1.8174 -0.023747 0
636.79 87187 4128 1763.2 0 0.04822 0 0 1.8174 -0.023128 0
637.79 87382 4127.6 1763.2 0 0.046518 0 0 1.8174 -0.022509 0
638.79 87571 4127.2 1763.2 0 0.044817 0 0 1.8174 -0.02189 0
639.79 87752 4126.8 1763.2 0 0.043115 0 0 1.8174 -0.02127 0
640.79 87926 4126.4 1763.2 0 0.041412 0 0 1.8174 -0.020651 0
641.79 88094 4126.1 1763.2 0 0.03971 0 0 1.8174 -0.020032 0
642.79 88254 4125.7 1763.2 0 0.038007 0 0 1.8175 -0.019413 0
643.79 88407 4125.4 1763.2 0 0.036304 0 0 1.8175 -0.018795 0
644.79 88553 4125.1 1763.2 0 0.0346 0 0 1.8175 -0.018176 0
645.79 88693 4124.8 1763.2 0 0.032897 0 0 1.8175 -0.017557 0
646.79 88825 4124.5 1763.2 0 0.031193 0 0 1.8175 -0.016938 0
647.79 88950 4124.3 1763.2 0 0.029489 0 0 1.8175 -0.016319 0
648.79 89068 4124 1763.2 0 0.027785 0 0 1.8175 -0.0157 0
649.79 89179 4123.8 1763.2 0 0.02608 0 0 1.8175 -0.015081 0
650.79 89283 4123.6 1763.2 0 0.024376 0 0 1.8175 -0.014463 0
651.79 89380 4123.4 1763.2 0 0.022671 0 0 1.8175 -0.013844 0
652.79 89470 4123.3 1763.2 0 0.020966 0 0 1.8175 -0.013225 0
653.79 89553 4123.1 1763.2 0 0.019261 0 0 1.8175 -0.012606 0
654.79 89629 4123 1763.2 0 0.017556 0 0 1.8175 -0.011987 0
655.79 89698 4122.8 1763.2 0 0.015851 0 0 1.8175 -0.011369 0
656.79 89760 4122.7 1763.2 0 0.014146 0 0 1.8175 -0.01075 0
657.79 89814 4122.6 1763.2 0 0.012441 0 0 1.8175 -0.010131 0
658.79 89862 4122.5 1763.2 0 0.010735 0 0 1.8175 -0.0095125 0
659.79 89903 4122.5 1763.2 0 0.00903 0 0 1.8175 -0.0088938 0
660.79 89937 4122.4 1763.2 0 0.0073245 0 0 1.8175 -0.0082751 0
661.79 89963 4122.4 1763.2 0 0.005619 0 0 1.8175 -0.0076564 0
662.79 89983 4122.4 1763.2 0 0.0039135 0 0 1.8175 -0.0070377 0
663.79 89996 4122.4 1763.2 0 0.002208 0 0 1.8175 -0.0064189 0
664.79 90001 4122.4 1763.2 0 0.00050256 0 0 1.8175 -0.0058002 0
665.79 90000 4122.5 1763.2 0 0 0 0 1.8175 -0.0051815 0
