time (s) altitude (m) velocity (m/s) mass (kg)trajectory angle (rad) angle of attack (rad) heading angle (rad) latitude (rad)
0 90 30 29388 1.5691 0 1.5639 -0.2123 2.3868
0.88217 117.78 32.996 29261 1.5679 -0.0026711 1.6195 -0.2123 2.3868
2.4534 173.89 38.447 29035 1.5625 -0.0070168 1.6632 -0.2123 2.3868
3.7864 228.29 43.188 28843 1.5541 -0.0098757 1.6772 -0.2123 2.3868
4.1545 244.42 44.515 28790 1.5512 -0.0105 1.6797 -0.2123 2.3868
5.0367 285.1 47.732 28663 1.5431 -0.011837 1.6845 -0.2123 2.3868
6.6078 364.61 53.58 28437 1.5251 -0.013295 1.6901 -0.2123 2.3868
7.9409 439.3 58.666 28245 1.5063 -0.013521 1.6932 -0.2123 2.3868
8.309 461.11 60.091 28192 1.5005 -0.013449 1.6939 -0.2123 2.3868
9.1911 515.47 63.545 28065 1.4859 -0.013024 1.6954 -0.2123 2.3868
10.762 619.71 69.84 27838 1.4571 -0.011304 1.6975 -0.2123 2.3868
12.095 715.68 75.335 27646 1.4303 -0.0089136 1.6989 -0.2123 2.3868
12.463 743.4 76.878 27593 1.4226 -0.0081778 1.6992 -0.2123 2.3868
13.787 847.45 82.52 27403 1.3939 -0.0052994 1.7003 -0.21229 2.3868
16.144 1049.8 92.952 27064 1.3409 0.0019754 1.7019 -0.21229 2.3868
18.143 1238.7 102.21 26776 1.2971 0.010224 1.703 -0.21228 2.3868
18.695 1293.6 104.84 26696 1.2855 0.01255 1.7032 -0.21228 2.3868
20.018 1430.2 111.25 26506 1.2592 0.017952 1.7039 -0.21227 2.3868
22.375 1691.1 123.09 26167 1.2177 0.025959 1.7048 -0.21226 2.3868
24.375 1930.4 133.52 25879 1.1882 0.030586 1.7056 -0.21224 2.3868
24.927 1999.4 136.47 25800 1.1809 0.031575 1.7058 -0.21224 2.3868
26.25 2170.2 143.63 25609 1.1649 0.033426 1.7063 -0.21223 2.3868
28.607 2493.5 156.73 25270 1.1411 0.034907 1.707 -0.2122 2.3868
30.607 2787.6 168.2 24983 1.1249 0.034898 1.7077 -0.21218 2.3868
31.159 2872.1 171.42 24903 1.121 0.034907 1.7078 -0.21218 2.3868
32.482 3080.6 179.25 24713 1.1128 0.034782 1.7083 -0.21216 2.3868
34.839 3473.5 193.59 24374 1.1024 0.034814 1.709 -0.21213 2.3868
36.838 3829.6 206.14 24086 1.0982 0.034907 1.7096 -0.2121 2.3868
37.39 3931.8 209.66 24007 1.0978 0.03486 1.7097 -0.21209 2.3868
38.273 4098.7 215.35 23880 1.0978 0.034877 1.71 -0.21208 2.3868
39.844 4407.2 225.66 23654 1.1 0.034906 1.7104 -0.21206 2.3868
41.177 4680.8 234.57 23463 1.1041 0.034879 1.7108 -0.21203 2.3868
41.545 4758.4 237.06 23410 1.1055 0.034862 1.711 -0.21203 2.3868
42.427 4947.8 243.08 23283 1.1096 0.034856 1.7112 -0.21201 2.3868
43.998 5298.3 253.99 23057 1.1191 0.034907 1.7117 -0.21199 2.3868
45.331 5609.3 263.44 22866 1.1292 0.034639 1.7121 -0.21196 2.3868
45.699 5697.5 266.08 22813 1.1323 0.034415 1.7122 -0.21196 2.3868
46.582 5912.9 272.44 22686 1.14 0.03364 1.7125 -0.21194 2.3868
48.153 6311.4 283.95 22460 1.1542 0.03131 1.7131 -0.21191 2.3868
49.486 6664.2 293.41 22268 1.1649 0.028347 1.7135 -0.21189 2.3868
49.854 6763.9 295.82 22216 1.1672 0.027381 1.7137 -0.21188 2.3868
51.177 7129.5 304.18 22025 1.173 0.023358 1.7141 -0.21186 2.3868
53.534 7805.6 317.66 21687 1.172 0.013879 1.715 -0.21181 2.3868
55.534 8399.3 328.25 21399 1.1582 0.0039698 1.7157 -0.21177 2.3867
56.086 8565.8 331.13 21320 1.1521 0.0011366 1.7159 -0.21176 2.3867
57.409 8968.7 338.09 21130 1.1339 -0.0051601 1.7163 -0.21174 2.3867
59.766 9697.2 351.23 20791 1.0913 -0.014322 1.717 -0.21168 2.3867
61.765 10324 363.44 20504 1.0482 -0.019777 1.7176 -0.21163 2.3867
62.317 10498 366.97 20424 1.0355 -0.020997 1.7177 -0.21161 2.3867
63.199 10777 372.79 20298 1.0146 -0.02261 1.718 -0.21158 2.3867
64.771 11275 383.66 20072 0.97642 -0.02455 1.7183 -0.21153 2.3867
66.104 11700 393.49 19880 0.94355 -0.025192 1.7186 -0.21149 2.3867
66.472 11817 396.31 19827 0.93451 -0.025235 1.7187 -0.21147 2.3867
67.354 12098 403.25 19701 0.91299 -0.025104 1.7189 -0.21144 2.3867
68.925 12600 416.28 19475 0.8755 -0.024355 1.7192 -0.21138 2.3867
70.258 13026 428.01 19283 0.84483 -0.02354 1.7195 -0.21132 2.3867
70.626 13144 431.37 19230 0.83656 -0.023357 1.7196 -0.21131 2.3867
71.508 13427 439.6 19103 0.81708 -0.02294 1.7197 -0.21127 2.3867
73.08 13931 454.98 18878 0.78348 -0.022799 1.72 -0.21119 2.3867
74.413 14359 468.75 18686 0.75584 -0.023538 1.7202 -0.21112 2.3866
74.781 14478 472.67 18633 0.7483 -0.023865 1.7203 -0.2111 2.3866
75.663 14761 482.29 18506 0.73039 -0.0248 1.7204 -0.21105 2.3866
77.234 15267 500.16 18280 0.69882 -0.027374 1.7206 -0.21096 2.3866
78.567 15696 516.08 18088 0.67206 -0.030589 1.7208 -0.21088 2.3866
78.935 15814 520.6 18036 0.66463 -0.031601 1.7209 -0.21086 2.3866
79.817 16097 531.66 17909 0.64672 -0.034308 1.721 -0.2108 2.3866
81.389 16599 552.18 17683 0.6143 -0.040016 1.7212 -0.2107 2.3866
82.722 17021 570.47 17491 0.58619 -0.045568 1.7213 -0.2106 2.3866
83.09 17137 575.67 17438 0.57834 -0.047131 1.7214 -0.21057 2.3866
83.972 17414 588.45 17311 0.55943 -0.050916 1.7215 -0.21051 2.3866
85.543 17901 612.31 17085 0.52577 -0.057212 1.7217 -0.21038 2.3865
86.876 18307 633.75 16893 0.49772 -0.061712 1.7218 -0.21027 2.3865
87.244 18418 639.87 16840 0.49013 -0.062813 1.7218 -0.21024 2.3865
88.126 18683 654.9 16713 0.47225 -0.065324 1.7219 -0.21016 2.3865
89.698 19146 682.9 16487 0.44166 -0.068892 1.7221 -0.21001 2.3865
91.031 19532 707.88 16295 0.41707 -0.070917 1.7222 -0.20988 2.3865
91.399 19637 714.97 16242 0.41051 -0.07137 1.7222 -0.20984 2.3865
92.281 19887 732.29 16115 0.39516 -0.072234 1.7223 -0.20975 2.3864
93.852 20325 764.28 15889 0.36911 -0.073157 1.7224 -0.20958 2.3864
95.185 20689 792.52 15697 0.34817 -0.073417 1.7225 -0.20943 2.3864
95.553 20789 800.48 15644 0.34255 -0.073434 1.7226 -0.20939 2.3864
96.435 21024 819.87 15517 0.32937 -0.073327 1.7226 -0.20929 2.3864
98.007 21435 855.41 15291 0.30671 -0.072611 1.7227 -0.20909 2.3863
99.34 21776 886.51 15099 0.28817 -0.071378 1.7228 -0.20892 2.3863
99.708 21868 895.25 15046 0.28315 -0.070932 1.7229 -0.20887 2.3863
100.59 22087 916.43 14919 0.27125 -0.069735 1.7229 -0.20875 2.3863
102.16 22466 954.97 14692 0.25046 -0.066734 1.723 -0.20853 2.3862
103.49 22776 988.41 14500 0.23315 -0.063179 1.7231 -0.20834 2.3862
103.86 22859 997.75 14447 0.22843 -0.062075 1.7231 -0.20829 2.3862
104.74 23056 1020.3 14320 0.21719 -0.059183 1.7232 -0.20815 2.3862
106.32 23392 1061.2 14094 0.19757 -0.053301 1.7232 -0.2079 2.3861
107.65 23663 1096.5 13902 0.18147 -0.047861 1.7233 -0.20769 2.3861
108.02 23735 1106.4 13849 0.17714 -0.046381 1.7233 -0.20762 2.3861
108.9 23904 1130.3 13722 0.16697 -0.042922 1.7234 -0.20747 2.3861
110.47 24189 1173.8 13495 0.14959 -0.037659 1.7234 -0.2072 2.386
111.8 24415 1211.7 13303 0.13549 -0.03424 1.7235 -0.20695 2.386
112.17 24475 1222.3 13250 0.13169 -0.033408 1.7235 -0.20688 2.386
113.05 24613 1248 13123 0.1227 -0.031675 1.7236 -0.20672 2.386
114.62 24842 1294.8 12896 0.10709 -0.029365 1.7236 -0.20641 2.3859
115.96 25018 1335.3 12704 0.094214 -0.027794 1.7237 -0.20614 2.3859
116.33 25063 1346.7 12651 0.090723 -0.027278 1.7237 -0.20607 2.3859
117.21 25167 1374.1 12524 0.082525 -0.025963 1.7237 -0.20588 2.3858
118.78 25333 1423.8 12297 0.068741 -0.022723 1.7238 -0.20554 2.3858
120.11 25455 1466.7 12105 0.058279 -0.018935 1.7238 -0.20524 2.3857
120.48 25486 1478.6 12052 0.055657 -0.017766 1.7238 -0.20516 2.3857
121.36 25555 1507.3 11925 0.049943 -0.014684 1.7238 -0.20496 2.3857
122.93 25665 1559.2 11698 0.041793 -0.0082187 1.7239 -0.20459 2.3856
124.27 25748 1604.1 11506 0.03682 -0.0018292 1.7239 -0.20426 2.3856
124.63 25769 1616.7 11453 0.035747 5.1381e-09 1.7239 -0.20417 2.3856
