time (s) altitude (m) longitude (rad) latitude (rad) velocity (m/s) trajectory angle (rad) heading angle (rad) angle of attack (rad) bank angle (rad) fuel mass (kg) 
124.63 25769 2.3856 -0.20417 1616.7 0.035747 1.7239 8.3381e-09 0.05156 1562
129.84 26019 2.3854 -0.20286 1636.9 0.024451 1.7249 0.0092919 0.033084 1549.4
139.11 26326 2.385 -0.20049 1677.1 0.017807 1.7257 0.020254 0.0020454 1524.9
146.97 26565 2.3846 -0.19843 1714.4 0.018413 1.726 0.020614 0.0088829 1502
149.14 26635 2.3846 -0.19786 1725.1 0.018157 1.7262 0.018941 0.008377 1495.5
154.34 26796 2.3843 -0.19646 1751.6 0.017648 1.7265 0.020257 0.0030869 1479.4
163.61 27078 2.3839 -0.19392 1800.1 0.0165 1.7269 0.018477 0.010864 1449.7
171.47 27303 2.3836 -0.19171 1841.3 0.014837 1.7278 0.019753 0.024602 1424.2
173.64 27362 2.3835 -0.19109 1853 0.014988 1.7281 0.02029 0.026199 1417.1
178.85 27510 2.3832 -0.18959 1880.9 0.015481 1.7288 0.020804 0.019825 1399.8
188.11 27793 2.3828 -0.18686 1931 0.016686 1.7297 0.020707 0.010724 1368.8
195.98 28061 2.3824 -0.1845 1973.6 0.018457 1.7303 0.022778 0.016494 1342.4
198.15 28142 2.3823 -0.18383 1985.4 0.019456 1.7305 0.025396 0.018357 1335
203.35 28370 2.382 -0.18223 2013.6 0.023997 1.7311 0.02696 0.016385 1317
212.62 28848 2.3815 -0.17932 2061.9 0.024891 1.7319 0.014392 0.014369 1286.6
220.48 29200 2.3811 -0.17679 2100.8 0.016505 1.7326 0.0129 0.024274 1262.7
222.65 29266 2.381 -0.17609 2111.6 0.014957 1.7328 0.017317 0.026195 1256
227.86 29422 2.3807 -0.17438 2137.2 0.013403 1.7334 0.02021 0.021161 1239.7
237.12 29677 2.3802 -0.1713 2180.5 0.012298 1.7342 0.020523 0.01624 1210.5
244.99 29881 2.3798 -0.16864 2214.8 0.011079 1.7349 0.020443 0.023654 1185.8
247.16 29933 2.3796 -0.16789 2224 0.010833 1.7352 0.02146 0.025207 1179
252.36 30056 2.3793 -0.1661 2245.2 0.010324 1.7358 0.020427 0.025162 1162.7
261.63 30260 2.3788 -0.16287 2281.1 0.0091456 1.7369 0.020781 0.0317 1133.7
269.49 30419 2.3783 -0.16009 2309.7 0.0085411 1.7381 0.020803 0.043977 1109.1
271.66 30462 2.3782 -0.15932 2317.3 0.0083199 1.7385 0.020068 0.046078 1102.3
275.13 30527 2.378 -0.15808 2329.2 0.0079146 1.7392 0.020713 0.043504 1091.5
281.31 30638 2.3776 -0.15585 2349.7 0.0075391 1.7402 0.021191 0.036822 1072.2
286.55 30731 2.3773 -0.15395 2366.3 0.0075846 1.7409 0.022301 0.031584 1055.8
288 30757 2.3772 -0.15342 2370.9 0.0077309 1.7411 0.018307 0.029932 1051.3
291.47 30817 2.3769 -0.15215 2381.3 0.0066752 1.7415 0.017976 0.02451 1040.7
297.65 30899 2.3765 -0.14988 2399.3 0.0043124 1.742 0.016429 0.01848 1021.8
302.89 30938 2.3762 -0.14794 2414.1 0.001784 1.7424 0.015552 0.020171 1005.9
304.33 30943 2.3761 -0.1474 2418.1 0.0010707 1.7425 0.015619 0.020685 1001.5
307.8 30942 2.3759 -0.1461 2427.8 -0.00087909 1.7427 0.01507 0.019834 990.99
313.98 30924 2.3755 -0.14379 2444.5 -0.00083295 1.7432 0.025973 0.019766 971.42
319.22 30935 2.3751 -0.14181 2458.2 0.0032649 1.7438 0.026819 0.02458 953.96
320.67 30950 2.375 -0.14126 2462 0.0040397 1.744 0.014239 0.024724 949.19
325.87 30988 2.3747 -0.13929 2475.5 0.0018098 1.7444 0.014694 0.018974 932.9
335.14 30989 2.3741 -0.13574 2499.5 -0.0011904 1.745 0.016425 0.015223 903.5
343 30974 2.3735 -0.1327 2519.9 0.00063927 1.7456 0.025751 0.024545 877.45
345.18 30981 2.3734 -0.13186 2525.5 0.002871 1.7459 0.018144 0.025396 869.89
350.38 31022 2.373 -0.12984 2538.9 0.0032661 1.7464 0.017574 0.021449 852.64
359.65 31105 2.3724 -0.1262 2562.2 0.0037241 1.7471 0.017045 0.019542 821.91
367.51 31184 2.3718 -0.12309 2581.5 0.0041371 1.7478 0.017034 0.026643 795.82
369.68 31208 2.3716 -0.12223 2586.8 0.0042892 1.748 0.017132 0.027993 788.61
374.88 31268 2.3713 -0.12015 2599.1 0.0046079 1.7485 0.01657 0.023319 771.36
384.15 31379 2.3706 -0.11644 2620.7 0.0043912 1.7492 0.015323 0.020292 740.86
392.01 31465 2.37 -0.11326 2638.6 0.0039984 1.7499 0.016055 0.02507 715.11
394.18 31488 2.3699 -0.11238 2643.4 0.0041042 1.7501 0.015807 0.026303 707.97
399.39 31544 2.3695 -0.11026 2655 0.0040402 1.7505 0.015611 0.023497 690.94
408.66 31642 2.3688 -0.10646 2675 0.0038791 1.7513 0.015452 0.02052 660.68
416.52 31722 2.3682 -0.10322 2691.7 0.0037639 1.7519 0.015345 0.025897 635.08
418.69 31744 2.368 -0.10232 2696.2 0.0037318 1.7521 0.015028 0.027366 628.02
423.89 31796 2.3676 -0.10016 2706.9 0.0035947 1.7525 0.015202 0.023159 611.14
433.16 31885 2.3669 -0.096298 2725.6 0.0034977 1.7532 0.015094 0.021238 581.12
441.02 31959 2.3663 -0.092997 2741 0.0033599 1.7539 0.014826 0.026116 555.73
443.19 31979 2.3661 -0.092083 2745.2 0.0033036 1.754 0.014593 0.027182 548.74
448.4 32024 2.3657 -0.089886 2755.1 0.0031146 1.7545 0.014644 0.024717 532
457.66 32102 2.365 -0.085953 2772.5 0.0029532 1.7552 0.014726 0.022582 502.24
465.53 32166 2.3643 -0.082598 2786.8 0.0028916 1.7559 0.014531 0.027724 477.04
467.7 32183 2.3642 -0.081669 2790.7 0.0028525 1.7561 0.014493 0.029165 470.1
472.9 32224 2.3637 -0.079436 2800 0.0027852 1.7565 0.014429 0.025527 453.48
482.17 32295 2.363 -0.075442 2816.1 0.0026863 1.7572 0.014295 0.024359 423.95
490.03 32354 2.3623 -0.072037 2829.4 0.0026022 1.7579 0.014151 0.02871 398.96
492.2 32370 2.3622 -0.071094 2833 0.0025751 1.7581 0.014145 0.029824 392.08
497.41 32407 2.3617 -0.068828 2841.6 0.0025237 1.7586 0.014052 0.028003 375.59
506.67 32473 2.361 -0.064778 2856.6 0.0024352 1.7594 0.013917 0.02657 346.28
514.54 32527 2.3603 -0.061325 2869.1 0.002369 1.7601 0.013801 0.031401 321.49
516.71 32542 2.3601 -0.060369 2872.4 0.0023502 1.7603 0.013649 0.033328 314.65
520.18 32565 2.3598 -0.05884 2877.8 0.0023062 1.7606 0.013715 0.030919 303.74
526.35 32606 2.3593 -0.056109 2887.2 0.002262 1.7612 0.013618 0.029909 284.33
531.6 32640 2.3588 -0.053785 2895.1 0.0022178 1.7617 0.01356 0.032219 267.89
533.04 32649 2.3587 -0.053143 2897.2 0.002211 1.7618 0.013264 0.032039 263.36
536.51 32671 2.3584 -0.0516 2902.3 0.0021601 1.7621 0.013505 0.029833 252.5
542.69 32709 2.3579 -0.048847 2911.3 0.0021334 1.7627 0.013354 0.03007 233.18
547.93 32742 2.3574 -0.046505 2918.8 0.0020831 1.7632 0.013362 0.034288 216.83
549.38 32750 2.3573 -0.045857 2920.9 0.0020885 1.7633 0.013011 0.035463 212.31
552.85 32771 2.357 -0.044303 2925.8 0.0020287 1.7637 0.013238 0.035595 201.51
559.03 32808 2.3565 -0.041529 2934.4 0.0020139 1.7643 0.013159 0.028379 182.28
564.27 32838 2.356 -0.039169 2941.5 0.0019469 1.7647 0.012895 0.026585 166
565.72 32846 2.3559 -0.038517 2943.5 0.001913 1.7648 0.014474 0.030766 161.51
569.19 32867 2.3556 -0.036951 2948.1 0.0019777 1.7652 0.012572 0.037034 150.74
575.36 32901 2.355 -0.034157 2956.4 0.0018112 1.7658 0.013375 0.033303 131.62
580.61 32931 2.3545 -0.03178 2963.1 0.0022595 1.7663 0.014049 0.032759 115.32
582.05 32942 2.3544 -0.031123 2965 0.0023849 1.7665 0.014406 0.032997 110.83
585.52 32967 2.3541 -0.029547 2969.4 0.0024929 1.7668 0.012491 0.030832 100.11
591.7 33011 2.3535 -0.026733 2977.2 0.0021766 1.7674 0.012223 0.036199 81.148
596.94 33040 2.3531 -0.024341 2983.8 0.0014559 1.7679 0.0094133 0.043167 65.185
598.39 33045 2.3529 -0.023679 2985.6 0.00090357 1.7681 0.0088258 0.042958 60.846
601.86 33042 2.3526 -0.022093 2989.7 -0.00045369 1.7684 0.014382 0.032515 50.438
608.04 33154 2.352 -0.01926 2997.6 0.017409 1.769 0.079768 0.0089761 28.35
613.28 33713 2.3516 -0.016858 2991.9 0.058335 1.7695 0.11811 0.0088274 5.9599
614.73 34000 2.3514 -0.016197 2984 0.070391 1.7696 0.13357 0 0.021627
614.73 34000 2.3514 -0.016197 2984 0.070391 1.7696 0.13357 0 0.021627
617.43 34760 2.3512 -0.01498 2926.1 0.11855 1.774 0.13309 0.15708 0.021626
622.25 36860 2.3507 -0.012886 2842.9 0.18008 1.7975 0.12902 0.46152 0.021632
626.34 39093 2.3503 -0.011174 2793 0.2061 1.8228 0.1201 0.67668 0.021634
627.47 39742 2.3502 -0.010709 2782.1 0.21006 1.829 0.11816 0.73741 0.021634
630.17 41326 2.3499 -0.0096061 2759.5 0.21508 1.8429 0.11284 0.8594 0.021626
634.99 44151 2.3493 -0.0076722 2729.1 0.21377 1.8621 0.10297 1.0353 0.021635
639.08 46476 2.3488 -0.0060521 2709.9 0.20713 1.8735 0.096347 1.0882 0.021632
640.21 47101 2.3487 -0.0056074 2705.3 0.20489 1.876 0.095048 1.0837 0.021631
642.92 48567 2.3483 -0.0045448 2695.3 0.1991 1.8811 0.092328 1.0585 0.021591
647.74 51058 2.3477 -0.0026622 2680 0.18777 1.8878 0.08726 0.99087 0.021611
651.82 53044 2.3472 -0.0010726 2668.9 0.17742 1.8917 0.083975 0.92401 0.021591
652.95 53571 2.3471 -0.00063474 2666.1 0.17448 1.8926 0.083279 0.91082 0.021589
655.66 54797 2.3467 0.00041324 2659.8 0.16724 1.8945 0.081731 0.88554 0.021477
660.48 56842 2.3461 0.0022752 2649.7 0.15383 1.8971 0.07863 0.86174 0.02152
664.57 58437 2.3456 0.0038514 2642.2 0.142 1.8988 0.076983 0.86308 0.021466
665.7 58854 2.3454 0.004286 2640.2 0.13867 1.8992 0.076837 0.86153 0.021462
669.3 60119 2.3449 0.0056738 2634.5 0.12789 1.9004 0.076373 0.85911 0.020742
675.73 62110 2.3441 0.0081413 2625.6 0.10827 1.9021 0.075343 0.84722 0.021057
681.18 63535 2.3434 0.010232 2619.3 0.091297 1.9032 0.074883 0.83326 0.020808
682.69 63885 2.3432 0.010808 2617.8 0.086572 1.9035 0.074819 0.82937 0.020864
686.29 64647 2.3427 0.01219 2614.4 0.075186 1.904 0.074853 0.81989 0.017432
692.72 65737 2.3418 0.014648 2609.6 0.054756 1.9049 0.075332 0.79792 0.018979
698.17 66392 2.3411 0.016732 2606.6 0.037313 1.9056 0.076117 0.7779 0.017895
699.68 66528 2.3409 0.017307 2606 0.032486 1.9058 0.076337 0.77267 0.018242
703.28 66779 2.3404 0.018686 2604.7 0.020897 1.9062 0.076922 0.76066 0.013067
709.71 66956 2.3396 0.021139 2603.4 0.00024053 1.9068 0.078081 0.73955 0.01541
715.16 66835 2.3388 0.02322 2603.3 -0.01728 1.9074 0.078895 0.72848 0.01376
716.67 66758 2.3386 0.023794 2603.5 -0.022112 1.9075 0.079019 0.72811 0.014263
720.27 66496 2.3382 0.025171 2604.1 -0.033688 1.9079 0.079476 0.72766 0.00066232
726.7 65760 2.3373 0.027622 2606.1 -0.0542 1.9086 0.081487 0.7258 0.0069153
732.15 64868 2.3366 0.029701 2608.6 -0.071474 1.9092 0.083777 0.72437 0.0028013
733.66 64578 2.3364 0.030275 2609.5 -0.076211 1.9094 0.084362 0.72384 0.0043187
737.26 63808 2.3359 0.031651 2611.7 -0.087506 1.9099 0.086024 0.72076 0
743.69 62174 2.335 0.034101 2616.4 -0.10732 1.911 0.089961 0.70967 0.0019634
749.14 60528 2.3343 0.036178 2620.9 -0.12371 1.9123 0.093243 0.69892 0.00064782
750.65 60032 2.3341 0.036752 2622.3 -0.12814 1.9126 0.094055 0.69576 0.0011205
754.25 58773 2.3336 0.038126 2625.5 -0.13859 1.9137 0.096123 0.68565 0.00078654
760.68 56290 2.3327 0.040572 2631.3 -0.15632 1.9162 0.10054 0.66443 0.00092895
766.13 53955 2.332 0.042646 2635.9 -0.17015 1.9191 0.10344 0.65064 0.00082549
767.64 53276 2.3318 0.043218 2637.1 -0.17372 1.9201 0.10395 0.64728 0.00085581
771.24 51593 2.3312 0.044587 2639.5 -0.18172 1.9228 0.10553 0.63758 0.00076532
777.67 48423 2.3303 0.047021 2641.7 -0.1933 1.9294 0.11034 0.62579 0.00081006
783.12 45612 2.3296 0.049079 2639.7 -0.19904 1.9381 0.11389 0.63349 0.00078619
784.63 44825 2.3293 0.049644 2638.2 -0.19973 1.9412 0.11445 0.63822 0.00079557
788.24 42938 2.3288 0.050996 2632.4 -0.19935 1.9503 0.11542 0.65382 0.00077269
794.66 39660 2.3278 0.05338 2611.5 -0.19005 1.9754 0.11462 0.71835 0.00079129
800.11 37097 2.3269 0.055363 2579.8 -0.17246 2.0097 0.11103 0.79899 0.00078886
801.62 36444 2.3267 0.055901 2568.4 -0.16603 2.022 0.11006 0.81918 0.00079224
805.23 35003 2.326 0.057168 2535.9 -0.14766 2.0569 0.10757 0.87285 0.00079035
811.65 32940 2.3248 0.059319 2461.2 -0.10871 2.1403 0.10141 0.98047 0.00080036
817.1 31739 2.3236 0.061 2384.7 -0.073058 2.2298 0.096678 1.0345 0.0008045
818.61 31496 2.3233 0.061435 2362.2 -0.062984 2.2566 0.096055 1.0466 0.00080576
822.22 31065 2.3224 0.062423 2306.8 -0.039795 2.3245 0.094681 1.0908 0.00080647
828.64 30744 2.3207 0.063974 2209 -0.0057074 2.4502 0.090502 1.1517 0.00081567
834.09 30814 2.3193 0.065076 2132 0.016873 2.5532 0.08742 1.1373 0.00082068
835.6 30877 2.3188 0.065348 2112 0.023066 2.5799 0.086869 1.135 0.00082169
839.21 31099 2.3178 0.065943 2066.6 0.035552 2.6418 0.085829 1.1392 0.00082201
845.63 31684 2.316 0.066826 1994.3 0.05366 2.7409 0.084257 1.094 0.00083149
851.08 32334 2.3144 0.067422 1941.4 0.067914 2.8118 0.08403 1.0059 0.00083633
852.59 32538 2.314 0.067565 1928 0.071968 2.8292 0.084104 0.98599 0.00083732
856.2 33064 2.313 0.067875 1897.9 0.080632 2.8675 0.084592 0.94469 0.00083498
862.62 34115 2.3111 0.068328 1850.5 0.09366 2.9244 0.086252 0.84558 0.00084568
868.07 35093 2.3096 0.068633 1815.7 0.10201 2.9625 0.087786 0.77428 0.00084943
869.58 35373 2.3092 0.068706 1806.9 0.10364 2.9717 0.088073 0.76515 0.00085045
873.19 36053 2.3082 0.068866 1787 0.10607 2.9919 0.089092 0.74479 0.00083779
879.61 37264 2.3064 0.069102 1755.5 0.10655 3.0222 0.092901 0.67967 0.00085296
885.06 38265 2.305 0.069262 1731.8 0.10405 3.0429 0.096385 0.62773 0.00085197
886.57 38534 2.3046 0.069301 1725.8 0.10285 3.048 0.097086 0.61736 0.00085278
890.18 39160 2.3036 0.069386 1712 0.099144 3.0591 0.098833 0.59288 0.00079782
896.6 40194 2.3019 0.06951 1690 0.089827 3.0763 0.10174 0.55752 0.00083057
902.05 40970 2.3005 0.069594 1673.5 0.079385 3.0888 0.10299 0.55023 0.00081089
903.56 41166 2.3001 0.069614 1669.3 0.076085 3.092 0.1032 0.54991 0.00081153
907.17 41597 2.2992 0.069657 1659.8 0.067584 3.0994 0.10359 0.54894 0.00065356
913.59 42226 2.2975 0.069717 1644.8 0.050539 3.1116 0.10369 0.55846 0.00072674
919.04 42607 2.2961 0.069752 1633.6 0.034483 3.1215 0.10323 0.57364 0.00066272
920.55 42686 2.2957 0.069759 1630.8 0.02984 3.1242 0.10324 0.57337 0.00066408
924.16 42828 2.2948 0.069772 1624.4 0.018527 3.1304 0.1033 0.56805 0
930.58 42914 2.2932 0.069781 1614.3 -0.002125 3.1413 0.10273 0.56707 0.00022124
936.03 42817 2.2918 0.069775 1606.9 -0.01997 3.1505 0.10154 0.5787 0
937.54 42763 2.2914 0.069772 1605 -0.024927 3.1531 0.10128 0.5808 7.2231e-05
941.15 42584 2.2905 0.069758 1600.7 -0.036727 3.1594 0.10069 0.58113 7.0948e-05
947.57 42102 2.2889 0.069721 1593.6 -0.057259 3.171 0.099276 0.58449 6.6932e-05
953.02 41533 2.2876 0.069674 1588.1 -0.073908 3.1817 0.097841 0.59592 6.4384e-05
954.53 41351 2.2872 0.069658 1586.7 -0.078343 3.1848 0.097515 0.59812 6.3959e-05
958.14 40874 2.2863 0.069617 1583.1 -0.08852 3.1926 0.096941 0.59661 6.2919e-05
964.56 39893 2.2847 0.069525 1576.4 -0.10469 3.2078 0.095765 0.59413 5.9624e-05
970.01 38947 2.2834 0.069427 1570 -0.11594 3.2226 0.09487 0.59918 5.7485e-05
971.52 38671 2.283 0.069397 1568 -0.11857 3.227 0.094704 0.59915 5.7125e-05
974.22 38160 2.2824 0.069338 1564.2 -0.12263 3.2354 0.094472 0.59552 5.622e-05
979.04 37220 2.2812 0.069219 1556.4 -0.12769 3.2519 0.092912 0.59563 5.3313e-05
983.13 36404 2.2803 0.069104 1548.5 -0.12972 3.2677 0.0911 0.60328 5.1404e-05
984.26 36178 2.28 0.069069 1546.1 -0.12991 3.2724 0.09066 0.60514 5.108e-05
986.97 35637 2.2793 0.068981 1539.9 -0.12958 3.2842 0.089456 0.60863 5.0251e-05
991.79 34691 2.2782 0.068806 1527.2 -0.12653 3.3076 0.086267 0.62475 4.7552e-05
995.88 33921 2.2773 0.068636 1514.6 -0.12165 3.3302 0.083613 0.64583 4.5759e-05
997 33715 2.277 0.068585 1510.8 -0.11993 3.3369 0.08297 0.65116 4.5453e-05
999.71 33237 2.2764 0.068457 1501.2 -0.11513 3.3539 0.081324 0.66364 4.4655e-05
1004.5 32447 2.2753 0.068205 1482.1 -0.10472 3.3873 0.077577 0.69536 4.204e-05
1008.6 31847 2.2744 0.067963 1464 -0.094497 3.419 0.074792 0.72273 4.0286e-05
1009.7 31694 2.2741 0.067891 1458.8 -0.091458 3.4283 0.074158 0.72831 3.9985e-05
1012.5 31350 2.2735 0.067712 1445.6 -0.083776 3.4513 0.072622 0.74144 3.9189e-05
1017.3 30821 2.2725 0.067362 1420.6 -0.069356 3.4953 0.069512 0.77027 3.6564e-05
1021.4 30458 2.2717 0.067034 1398 -0.05673 3.5354 0.067775 0.78871 3.4788e-05
1022.5 30371 2.2715 0.066939 1391.6 -0.053131 3.5469 0.067471 0.79306 3.4483e-05
1026.1 30135 2.2708 0.066619 1370.5 -0.041642 3.5848 0.066106 0.81558 3.3664e-05
1032.5 29854 2.2695 0.065995 1332.1 -0.023851 3.6562 0.06215 0.8754 3.0948e-05
1038 29725 2.2686 0.065413 1299.7 -0.012917 3.7197 0.059349 0.91328 2.9099e-05
1039.5 29702 2.2683 0.065244 1290.8 -0.010409 3.7374 0.058797 0.92129 2.878e-05
1043.1 29665 2.2677 0.064827 1269.5 -0.0055529 3.7805 0.057495 0.94458 2.7915e-05
1049.5 29644 2.2668 0.06404 1232.2 -0.00028538 3.8581 0.055969 0.96675 2.5031e-05
1055 29652 2.266 0.063334 1200.7 0.0025668 3.924 0.056051 0.95246 2.3054e-05
1056.5 29657 2.2658 0.063134 1191.9 0.0034788 3.9421 0.056133 0.94805 2.2714e-05
1060.1 29676 2.2654 0.062646 1170.9 0.0052977 3.9852 0.05634 0.94202 2.1776e-05
1066.5 29726 2.2646 0.061754 1132.9 0.0083546 4.061 0.057428 0.91499 1.863e-05
1072 29786 2.2641 0.060981 1100 0.011213 4.1237 0.058615 0.88604 1.6459e-05
1073.5 29805 2.2639 0.060765 1090.8 0.012004 4.1407 0.058677 0.88623 1.6085e-05
1078.9 29878 2.2635 0.059987 1057.6 0.012482 4.2014 0.058894 0.89947 1.5038e-05
1088.5 29979 2.2628 0.0586 997.62 0.0069635 4.3074 0.061557 0.88829 1.1487e-05
1096.7 30006 2.2623 0.057439 945.41 -0.00048175 4.3935 0.065603 0.83483 9.0073e-06
1098.9 30002 2.2622 0.057124 930.78 -0.0024532 4.4163 0.066648 0.82163 8.5819e-06
1104.4 29976 2.262 0.05638 895.52 -0.0083114 4.4696 0.069177 0.79212 7.4651e-06
1114 29856 2.2618 0.055105 832.48 -0.021544 4.5591 0.074174 0.73201 3.0828e-06
1122.2 29665 2.2616 0.054083 779.57 -0.037427 4.6301 0.076709 0.70672 6.9758e-08
1124.4 29595 2.2616 0.053812 765.2 -0.043177 4.6492 0.077007 0.70613 0
