time (s) altitude (m) velocity (m/s) mass (kg) dynamic pressure (Pa)trajectory angle (rad) Lift (N)Drag (N)heading angle (rad) latitude (rad) angle of attack (rad) 
688.88 39933 2737.4 3300 14571 0.14167 20345 7641 1.8178 -0.00023514 0.31428
689.82 40298 2745.9 3286.1 13897 0.14252 19401 7285.5 1.8179 0.00015027 0.31425
691.49 40955 2761.5 3261.3 12767 0.14379 17819 6689.5 1.8179 0.00083955 0.31418
692.91 41519 2775.1 3240.3 11878 0.14466 16573 6220.5 1.8179 0.0014273 0.31411
693.3 41676 2778.9 3234.5 11644 0.14486 16239 6094.2 1.8179 0.0015901 0.31403
694.24 42054 2788.1 3220.6 11099 0.1453 15499 5819.7 1.8179 0.0019811 0.31429
695.91 42733 2804.8 3195.9 10191 0.14592 14256 5358.1 1.818 0.0026806 0.31465
697.33 43314 2819.4 3174.9 9479.5 0.14628 13259 4982.9 1.818 0.0032774 0.31463
697.73 43475 2823.5 3169.1 9292 0.14636 12987 4878.1 1.818 0.0034426 0.31446
698.66 43862 2833.3 3155.2 8857.9 0.1465 12391 4656.3 1.818 0.0038397 0.31464
700.34 44557 2851.1 3130.4 8135.4 0.14662 11404 4290.5 1.8181 0.0045504 0.31507
701.76 45149 2866.6 3109.4 7570.4 0.1466 10654 4017.4 1.8181 0.0051568 0.3159
702.15 45313 2870.9 3103.6 7421.7 0.14658 10458 3946.4 1.8181 0.0053248 0.31617
703.09 45708 2881.2 3089.7 7077.5 0.14651 10058 3815.1 1.8181 0.0057285 0.31801
704.76 46413 2900 3064.9 6505.2 0.14634 9397.4 3598.6 1.8182 0.006451 0.32157
706.18 47014 2916.1 3043.9 6058.2 0.14613 8803.5 3382.4 1.8182 0.0070677 0.32286
706.57 47181 2920.6 3038.1 5951 0.14606 8655 3326.7 1.8182 0.0072386 0.32304
707.51 47580 2931.4 3024.2 5700.2 0.14588 8341.3 3216.8 1.8182 0.0076492 0.32439
709.18 48294 2950.9 2999.5 5278.5 0.14552 7797.4 3022.1 1.8183 0.0083842 0.32648
710.6 48903 2967.7 2978.5 4944.3 0.14517 7287.2 2819.9 1.8183 0.0090117 0.32595
710.99 49071 2972.4 2972.7 4855.7 0.14506 7152.1 2766.3 1.8183 0.0091855 0.32581
711.93 49475 2983.7 2958.8 4649.5 0.14479 6872 2662.3 1.8183 0.0096034 0.32657
713.6 50196 3004.1 2934 4303.2 0.14427 6379.5 2474.4 1.8183 0.010351 0.32724
715.02 50809 3021.6 2913 4029.1 0.14378 5940.3 2295.8 1.8184 0.01099 0.32598
715.41 50979 3026.5 2907.2 3956.2 0.14364 5828.5 2251.3 1.8184 0.011167 0.32581
717.29 51794 3050.2 2879.4 3654.4 0.14292 5374.9 2072.2 1.8184 0.01202 0.3254
720.64 53250 3093.4 2829.9 3166.4 0.14151 4599.1 1757.1 1.8185 0.013555 0.32255
723.47 54490 3131.1 2787.9 2797.6 0.14019 4005.7 1515 1.8185 0.014874 0.31936
724.26 54833 3141.7 2776.3 2702.5 0.1398 3839.4 1444.6 1.8186 0.015241 0.31764
726.14 55656 3167.3 2748.5 2486.2 0.13885 3519 1319.5 1.8186 0.016126 0.3168
729.48 57123 3214.1 2699 2138 0.13711 2997.2 1114.8 1.8187 0.01772 0.31466
732.32 58371 3254.7 2656.9 1876.8 0.13561 2632.4 977.53 1.8187 0.019092 0.31471
733.1 58716 3266.1 2645.3 1809.8 0.1352 2533.7 939.29 1.8187 0.019473 0.3143
734.98 59543 3293.6 2617.5 1657.6 0.13422 2321.8 859.93 1.8188 0.020393 0.31438
738.32 61019 3343.7 2568 1413.9 0.13251 1971.3 726.77 1.8188 0.022051 0.31328
741.16 62274 3387.3 2526 1232.2 0.13105 1663.8 603.35 1.8189 0.023478 0.30625
741.95 62621 3399.5 2514.4 1185.8 0.13063 1576.3 567.13 1.8189 0.023875 0.30292
743.82 63453 3429.1 2486.6 1080.8 0.1296 1411.6 504.04 1.8189 0.024833 0.29926
747.17 64936 3483.1 2437.1 913.81 0.12773 1133.2 395.05 1.819 0.02656 0.28885
750.01 66195 3530.1 2395.1 790.45 0.12607 942.78 322.51 1.819 0.028046 0.28138
750.79 66543 3543.3 2383.5 759.1 0.12562 899.34 306.68 1.8191 0.02846 0.28013
752.67 67377 3575.2 2355.7 688.38 0.12454 810.83 276.05 1.8191 0.029459 0.27906
756.01 68863 3633.3 2306.2 576.68 0.12263 645.2 216.2 1.8191 0.03126 0.26924
758.85 70124 3683.9 2264.1 494.81 0.12096 521.16 171.05 1.8192 0.032811 0.25833
759.63 70473 3698.1 2252.5 474.11 0.12049 491.65 160.48 1.8192 0.033243 0.25563
760.87 71022 3720.6 2234.2 442.99 0.11975 457.26 149.15 1.8192 0.033927 0.25485
763.32 72109 3766 2198 385.27 0.11828 362.12 114.37 1.8193 0.035296 0.23912
766.03 73314 3817.8 2157.9 329.6 0.11632 234.24 69.372 1.8193 0.036832 0.19708
767.97 74173 3855.8 2129.1 294.61 0.11455 159.88 46.329 1.8193 0.037946 0.16329
768.48 74395 3865.9 2121.6 286.14 0.11404 143.44 41.71 1.8194 0.038237 0.15435
770.36 75218 3903.7 2093.8 256.75 0.11197 92.733 28.57 1.8194 0.039327 0.12158
773.7 76662 3972.8 2044.3 211.97 0.10757 33.744 16.151 1.8194 0.041296 0.063201
776.54 77857 4033.2 2002.3 180.63 0.10311 5.3107 12.009 1.8195 0.042994 0.013674
777.32 78180 4050.2 1990.7 172.94 0.10176 1.7735e-15 11.291 1.8195 0.043467 0
777.32 78180 4050.2 1990.7 172.94 0.10176 1.7735e-15 11.291 1.8195 0.043467 0
778.32 78592 4049.2 1990.7 161.79 0.10001 3.1109e-16 10.559 1.8195 0.044073 0
779.32 78993 4048.3 1990.7 151.58 0.098248 2.9145e-16 9.8886 1.8195 0.044678 0
780.32 79386 4047.4 1990.7 142.14 0.096489 -3.1886e-16 9.2696 1.8195 0.045283 0
781.32 79772 4046.5 1990.7 133.41 0.09473 -8.551e-16 8.6973 1.8195 0.045889 0
782.32 80152 4045.7 1990.7 125.34 0.09297 -2.8117e-16 8.1681 1.8196 0.046494 0
783.32 80524 4044.8 1990.7 117.87 0.09121 -2.6441e-16 7.6784 1.8196 0.047099 0
784.32 80888 4044 1990.7 110.95 0.089449 -2.4888e-16 7.225 1.8196 0.047704 0
785.32 81246 4043.2 1990.7 104.53 0.087687 2.01e-16 6.805 1.8196 0.048309 0
786.32 81597 4042.4 1990.7 98.587 0.085924 -4.4232e-16 6.4157 1.8196 0.048914 0
787.32 81940 4041.6 1990.7 93.072 0.084161 3.5792e-16 6.0548 1.8196 0.049519 0
788.32 82276 4040.8 1990.7 87.954 0.082397 8.8787e-16 5.72 1.8196 0.050124 0
789.32 82605 4040.1 1990.7 83.201 0.080633 -2.6663e-17 5.4091 1.8197 0.050729 0
790.32 82927 4039.3 1990.7 78.786 0.078868 3.0298e-16 5.1204 1.8197 0.051333 0
791.32 83242 4038.6 1990.7 74.683 0.077103 7.5391e-16 4.8522 1.8197 0.051938 0
792.32 83549 4037.9 1990.7 70.868 0.075337 2.2711e-16 4.6029 1.8197 0.052543 0
793.32 83849 4037.2 1990.7 67.318 0.07357 -1.0787e-17 4.3711 1.8197 0.053147 0
794.32 84143 4036.6 1990.7 64.015 0.071803 2.4618e-16 4.1554 1.8197 0.053752 0
795.32 84429 4035.9 1990.7 60.94 0.070035 -2.7341e-16 3.9546 1.8197 0.054356 0
796.32 84707 4035.3 1990.7 58.076 0.068267 5.1182e-16 3.7677 1.8197 0.054961 0
797.32 84979 4034.7 1990.7 55.335 0.066499 1.7733e-16 3.5894 1.8197 0.055565 0
798.32 85244 4034.1 1859.8 0 0.06473 0 0 1.8197 0.056169 0
799.32 85501 4033.5 1859.8 0 0.06296 0 0 1.8198 0.056774 0
800.32 85751 4033 1859.8 0 0.06119 0 0 1.8198 0.057378 0
801.32 85994 4032.4 1859.8 0 0.059419 0 0 1.8198 0.057982 0
802.32 86230 4031.9 1859.8 0 0.057649 -0 0 1.8198 0.058586 0
803.32 86459 4031.4 1859.8 0 0.055877 -0 0 1.8198 0.05919 0
804.32 86680 4030.9 1859.8 0 0.054106 -0 0 1.8198 0.059794 0
805.32 86895 4030.4 1859.8 0 0.052333 0 0 1.8198 0.060398 0
806.32 87102 4030 1859.8 0 0.050561 -0 0 1.8198 0.061003 0
807.32 87302 4029.5 1859.8 0 0.048788 0 0 1.8198 0.061606 0
808.32 87495 4029.1 1859.8 0 0.047015 0 0 1.8198 0.06221 0
809.32 87681 4028.7 1859.8 0 0.045242 0 0 1.8198 0.062814 0
810.32 87859 4028.3 1859.8 0 0.043468 0 0 1.8198 0.063418 0
811.32 88031 4027.9 1859.8 0 0.041694 -0 0 1.8199 0.064022 0
812.32 88195 4027.6 1859.8 0 0.039919 0 0 1.8199 0.064626 0
813.32 88352 4027.2 1859.8 0 0.038145 -0 0 1.8199 0.06523 0
814.32 88502 4026.9 1859.8 0 0.03637 0 0 1.8199 0.065834 0
815.32 88645 4026.6 1859.8 0 0.034594 -0 0 1.8199 0.066437 0
816.32 88781 4026.3 1859.8 0 0.032819 0 0 1.8199 0.067041 0
817.32 88909 4026.1 1859.8 0 0.031043 0 0 1.8199 0.067645 0
818.32 89031 4025.8 1859.8 0 0.029267 0 0 1.8199 0.068248 0
819.32 89145 4025.6 1859.8 0 0.027491 0 0 1.8199 0.068852 0
820.32 89252 4025.4 1859.8 0 0.025715 0 0 1.8199 0.069456 0
821.32 89352 4025.1 1859.8 0 0.023939 0 0 1.8199 0.070059 0
822.32 89445 4025 1859.8 0 0.022162 0 0 1.8199 0.070663 0
823.32 89531 4024.8 1859.8 0 0.020385 0 0 1.8199 0.071267 0
824.32 89609 4024.6 1859.8 0 0.018608 0 0 1.8199 0.07187 0
825.32 89680 4024.5 1859.8 0 0.016831 0 0 1.8199 0.072474 0
826.32 89744 4024.4 1859.8 0 0.015054 0 0 1.8199 0.073078 0
827.32 89801 4024.3 1859.8 0 0.013277 0 0 1.8199 0.073681 0
828.32 89851 4024.2 1859.8 0 0.0115 0 0 1.8199 0.074285 0
829.32 89894 4024.1 1859.8 0 0.0097226 -0 0 1.8199 0.074888 0
830.32 89930 4024.1 1859.8 0 0.0079452 0 0 1.8199 0.075492 0
831.32 89958 4024.1 1859.8 0 0.0061678 0 0 1.8199 0.076096 0
832.32 89979 4024 1859.8 0 0.0043904 -0 0 1.8199 0.076699 0
833.32 89993 4024 1859.8 0 0.002613 0 0 1.8199 0.077303 0
834.32 90000 4024.1 1859.8 0 0.00083553 0 0 1.8199 0.077906 0
835.32 90000 4024.1 1859.8 0 0 0 0 1.8199 0.07851 0
