4.0204e+00 2.4327e+02 0.0000e+00
4.0204e+00 2.5283e+02 0.0000e+00
4.0204e+00 2.5755e+02 0.0000e+00
4.0204e+00 2.6263e+02 0.0000e+00
4.0204e+00 2.7165e+02 0.0000e+00
4.0204e+00 2.7262e+02 0.0000e+00
4.0204e+00 2.7386e+02 0.0000e+00
4.0204e+00 2.8341e+02 0.0000e+00
4.0204e+00 2.8661e+02 0.0000e+00
4.0204e+00 2.9230e+02 0.0000e+00
4.0204e+00 2.9357e+02 0.0000e+00
4.0204e+00 2.9800e+02 0.0000e+00
4.0204e+00 3.0244e+02 0.0000e+00
4.0204e+00 3.1299e+02 0.0000e+00
4.0204e+00 3.1512e+02 2.7386e+03
4.0204e+00 3.1885e+02 2.7138e+03
4.0204e+00 3.1987e+02 2.7076e+03
4.0204e+00 3.3857e+02 2.6308e+03
4.0204e+00 3.4239e+02 2.6156e+03
4.0204e+00 3.4770e+02 2.5916e+03
4.0204e+00 3.4857e+02 2.5875e+03
4.0204e+00 3.6478e+02 2.5206e+03
4.0204e+00 3.8156e+02 2.4687e+03
4.0204e+00 3.8719e+02 2.4552e+03
4.0204e+00 3.9789e+02 2.4351e+03
4.0204e+00 4.1875e+02 2.4165e+03
4.0204e+00 4.3159e+02 2.4186e+03
4.0204e+00 4.6497e+02 2.2031e+03
4.0204e+00 4.8195e+02 2.1586e+03
4.0204e+00 5.4393e+02 2.0363e+03
4.2026e+00 2.4327e+02 0.0000e+00
4.2026e+00 2.5283e+02 0.0000e+00
4.2026e+00 2.5755e+02 0.0000e+00
4.2026e+00 2.6263e+02 0.0000e+00
4.2026e+00 2.7165e+02 0.0000e+00
4.2026e+00 2.7262e+02 0.0000e+00
4.2026e+00 2.7386e+02 0.0000e+00
4.2026e+00 2.8341e+02 0.0000e+00
4.2026e+00 2.8661e+02 0.0000e+00
4.2026e+00 2.9230e+02 0.0000e+00
4.2026e+00 2.9357e+02 2.8005e+03
4.2026e+00 2.9800e+02 2.7736e+03
4.2026e+00 3.0244e+02 2.7417e+03
4.2026e+00 3.1299e+02 2.6615e+03
4.2026e+00 3.1512e+02 2.6465e+03
4.2026e+00 3.1885e+02 2.6216e+03
4.2026e+00 3.1987e+02 2.6153e+03
4.2026e+00 3.3857e+02 2.5365e+03
4.2026e+00 3.4239e+02 2.5210e+03
4.2026e+00 3.4770e+02 2.4969e+03
4.2026e+00 3.4857e+02 2.4928e+03
4.2026e+00 3.6478e+02 2.4263e+03
4.2026e+00 3.8156e+02 2.3747e+03
4.2026e+00 3.8719e+02 2.3613e+03
4.2026e+00 3.9789e+02 2.3414e+03
4.2026e+00 4.1875e+02 2.2427e+03
4.2026e+00 4.3159e+02 2.1990e+03
4.2026e+00 4.6497e+02 2.0978e+03
4.2026e+00 4.8195e+02 2.0534e+03
4.2026e+00 5.4393e+02 1.9041e+03
4.3804e+00 2.4327e+02 0.0000e+00
4.3804e+00 2.5283e+02 0.0000e+00
4.3804e+00 2.5755e+02 0.0000e+00
4.3804e+00 2.6263e+02 0.0000e+00
4.3804e+00 2.7165e+02 0.0000e+00
4.3804e+00 2.7262e+02 0.0000e+00
4.3804e+00 2.7386e+02 0.0000e+00
4.3804e+00 2.8341e+02 2.7584e+03
4.3804e+00 2.8661e+02 2.7473e+03
4.3804e+00 2.9230e+02 2.7204e+03
4.3804e+00 2.9357e+02 2.7134e+03
4.3804e+00 2.9800e+02 2.6864e+03
4.3804e+00 3.0244e+02 2.6544e+03
4.3804e+00 3.1299e+02 2.5713e+03
4.3804e+00 3.1512e+02 2.5564e+03
4.3804e+00 3.1885e+02 2.5315e+03
4.3804e+00 3.1987e+02 2.5251e+03
4.3804e+00 3.3857e+02 2.4443e+03
4.3804e+00 3.4239e+02 2.4286e+03
4.3804e+00 3.4770e+02 2.4044e+03
4.3804e+00 3.4857e+02 2.4003e+03
4.3804e+00 3.6478e+02 2.3341e+03
4.3804e+00 3.8156e+02 2.2814e+03
4.3804e+00 3.8719e+02 2.2588e+03
4.3804e+00 3.9789e+02 2.2166e+03
4.3804e+00 4.1875e+02 2.1398e+03
4.3804e+00 4.3159e+02 2.0961e+03
4.3804e+00 4.6497e+02 1.9952e+03
4.3804e+00 4.8195e+02 1.9508e+03
4.3804e+00 5.4393e+02 1.8091e+03
4.5519e+00 2.4327e+02 0.0000e+00
4.5519e+00 2.5283e+02 0.0000e+00
4.5519e+00 2.5755e+02 0.0000e+00
4.5519e+00 2.6263e+02 2.7673e+03
4.5519e+00 2.7165e+02 2.7229e+03
4.5519e+00 2.7262e+02 2.7183e+03
4.5519e+00 2.7386e+02 2.7125e+03
4.5519e+00 2.8341e+02 2.6744e+03
4.5519e+00 2.8661e+02 2.6632e+03
4.5519e+00 2.9230e+02 2.6365e+03
4.5519e+00 2.9357e+02 2.6295e+03
4.5519e+00 2.9800e+02 2.6027e+03
4.5519e+00 3.0244e+02 2.5701e+03
4.5519e+00 3.1299e+02 2.4842e+03
4.5519e+00 3.1512e+02 2.4692e+03
4.5519e+00 3.1885e+02 2.4445e+03
4.5519e+00 3.1987e+02 2.4381e+03
4.5519e+00 3.3857e+02 2.3550e+03
4.5519e+00 3.4239e+02 2.3393e+03
4.5519e+00 3.4770e+02 2.3150e+03
4.5519e+00 3.4857e+02 2.3110e+03
4.5519e+00 3.6478e+02 2.2468e+03
4.5519e+00 3.8156e+02 2.1820e+03
4.5519e+00 3.8719e+02 2.1593e+03
4.5519e+00 3.9789e+02 2.1172e+03
4.5519e+00 4.1875e+02 2.0405e+03
4.5519e+00 4.3159e+02 1.9969e+03
4.5519e+00 4.6497e+02 1.8961e+03
4.5519e+00 4.8195e+02 1.8595e+03
4.5519e+00 5.4393e+02 1.7175e+03
4.6173e+00 2.4327e+02 0.0000e+00
4.6173e+00 2.5283e+02 2.7820e+03
4.6173e+00 2.5755e+02 2.7605e+03
4.6173e+00 2.6263e+02 2.7358e+03
4.6173e+00 2.7165e+02 2.6915e+03
4.6173e+00 2.7262e+02 2.6869e+03
4.6173e+00 2.7386e+02 2.6811e+03
4.6173e+00 2.8341e+02 2.6423e+03
4.6173e+00 2.8661e+02 2.6311e+03
4.6173e+00 2.9230e+02 2.6045e+03
4.6173e+00 2.9357e+02 2.5975e+03
4.6173e+00 2.9800e+02 2.5708e+03
4.6173e+00 3.0244e+02 2.5377e+03
4.6173e+00 3.1299e+02 2.4510e+03
4.6173e+00 3.1512e+02 2.4358e+03
4.6173e+00 3.1885e+02 2.4113e+03
4.6173e+00 3.1987e+02 2.4048e+03
4.6173e+00 3.3857e+02 2.3207e+03
4.6173e+00 3.4239e+02 2.3051e+03
4.6173e+00 3.4770e+02 2.2809e+03
4.6173e+00 3.4857e+02 2.2768e+03
4.6173e+00 3.6478e+02 2.2089e+03
4.6173e+00 3.8156e+02 2.1441e+03
4.6173e+00 3.8719e+02 2.1214e+03
4.6173e+00 3.9789e+02 2.0793e+03
4.6173e+00 4.1875e+02 2.0027e+03
4.6173e+00 4.3159e+02 1.9591e+03
4.6173e+00 4.6497e+02 1.8690e+03
4.6173e+00 4.8195e+02 1.8247e+03
4.6173e+00 5.4393e+02 1.6826e+03
4.7148e+00 2.4327e+02 0.0000e+00
4.7148e+00 2.5283e+02 2.7353e+03
4.7148e+00 2.5755e+02 2.7138e+03
4.7148e+00 2.6263e+02 2.6890e+03
4.7148e+00 2.7165e+02 2.6446e+03
4.7148e+00 2.7262e+02 2.6400e+03
4.7148e+00 2.7386e+02 2.6342e+03
4.7148e+00 2.8341e+02 2.5948e+03
4.7148e+00 2.8661e+02 2.5833e+03
4.7148e+00 2.9230e+02 2.5568e+03
4.7148e+00 2.9357e+02 2.5498e+03
4.7148e+00 2.9800e+02 2.5231e+03
4.7148e+00 3.0244e+02 2.4894e+03
4.7148e+00 3.1299e+02 2.4015e+03
4.7148e+00 3.1512e+02 2.3861e+03
4.7148e+00 3.1885e+02 2.3617e+03
4.7148e+00 3.1987e+02 2.3553e+03
4.7148e+00 3.3857e+02 2.2672e+03
4.7148e+00 3.4239e+02 2.2493e+03
4.7148e+00 3.4770e+02 2.2243e+03
4.7148e+00 3.4857e+02 2.2203e+03
4.7148e+00 3.6478e+02 2.1524e+03
4.7148e+00 3.8156e+02 2.0875e+03
4.7148e+00 3.8719e+02 2.0649e+03
4.7148e+00 3.9789e+02 2.0228e+03
4.7148e+00 4.1875e+02 1.9463e+03
4.7148e+00 4.3159e+02 1.9027e+03
4.7148e+00 4.6497e+02 1.8171e+03
4.7148e+00 4.8195e+02 1.7728e+03
4.7148e+00 5.4393e+02 1.6305e+03
4.8683e+00 2.4327e+02 2.7028e+03
4.8683e+00 2.5283e+02 2.6618e+03
4.8683e+00 2.5755e+02 2.6402e+03
4.8683e+00 2.6263e+02 2.6153e+03
4.8683e+00 2.7165e+02 2.5708e+03
4.8683e+00 2.7262e+02 2.5662e+03
4.8683e+00 2.7386e+02 2.5604e+03
4.8683e+00 2.8341e+02 2.5207e+03
4.8683e+00 2.8661e+02 2.5084e+03
4.8683e+00 2.9230e+02 2.4817e+03
4.8683e+00 2.9357e+02 2.4747e+03
4.8683e+00 2.9800e+02 2.4477e+03
4.8683e+00 3.0244e+02 2.4139e+03
4.8683e+00 3.1299e+02 2.3235e+03
4.8683e+00 3.1512e+02 2.3078e+03
4.8683e+00 3.1885e+02 2.2833e+03
4.8683e+00 3.1987e+02 2.2764e+03
4.8683e+00 3.3857e+02 2.1775e+03
4.8683e+00 3.4239e+02 2.1600e+03
4.8683e+00 3.4770e+02 2.1352e+03
4.8683e+00 3.4857e+02 2.1312e+03
4.8683e+00 3.6478e+02 2.0634e+03
4.8683e+00 3.8156e+02 1.9986e+03
4.8683e+00 3.8719e+02 1.9759e+03
4.8683e+00 3.9789e+02 1.9340e+03
4.8683e+00 4.1875e+02 1.8575e+03
4.8683e+00 4.3159e+02 1.8296e+03
4.8683e+00 4.6497e+02 1.7355e+03
4.8683e+00 4.8195e+02 1.6910e+03
4.8683e+00 5.4393e+02 1.2833e+03
5.1158e+00 2.4327e+02 2.5847e+03
5.1158e+00 2.5283e+02 2.5434e+03
5.1158e+00 2.5755e+02 2.5217e+03
5.1158e+00 2.6263e+02 2.4965e+03
5.1158e+00 2.7165e+02 2.4517e+03
5.1158e+00 2.7262e+02 2.4472e+03
5.1158e+00 2.7386e+02 2.4414e+03
5.1158e+00 2.8341e+02 2.4021e+03
5.1158e+00 2.8661e+02 2.3890e+03
5.1158e+00 2.9230e+02 2.3608e+03
5.1158e+00 2.9357e+02 2.3537e+03
5.1158e+00 2.9800e+02 2.3005e+03
5.1158e+00 3.0244e+02 2.2560e+03
5.1158e+00 3.1299e+02 2.1799e+03
5.1158e+00 3.1512e+02 2.1649e+03
5.1158e+00 3.1885e+02 2.1382e+03
5.1158e+00 3.1987e+02 2.1311e+03
5.1158e+00 3.3857e+02 2.0335e+03
5.1158e+00 3.4239e+02 2.0165e+03
5.1158e+00 3.4770e+02 1.9916e+03
5.1158e+00 3.4857e+02 1.9876e+03
5.1158e+00 3.6478e+02 1.9197e+03
5.1158e+00 3.8156e+02 1.8552e+03
5.1158e+00 3.8719e+02 1.8326e+03
5.1158e+00 3.9789e+02 1.7976e+03
5.1158e+00 4.1875e+02 1.7365e+03
5.1158e+00 4.3159e+02 1.6982e+03
5.1158e+00 4.6497e+02 1.6037e+03
5.1158e+00 4.8195e+02 1.5592e+03
5.1158e+00 5.4393e+02 1.1571e+03
5.1389e+00 2.4327e+02 2.5737e+03
5.1389e+00 2.5283e+02 2.5324e+03
5.1389e+00 2.5755e+02 2.5107e+03
5.1389e+00 2.6263e+02 2.4854e+03
5.1389e+00 2.7165e+02 2.4406e+03
5.1389e+00 2.7262e+02 2.4361e+03
5.1389e+00 2.7386e+02 2.4303e+03
5.1389e+00 2.8341e+02 2.3910e+03
5.1389e+00 2.8661e+02 2.3778e+03
5.1389e+00 2.9230e+02 2.3637e+03
5.1389e+00 2.9357e+02 2.3485e+03
5.1389e+00 2.9800e+02 2.2935e+03
5.1389e+00 3.0244e+02 2.2461e+03
5.1389e+00 3.1299e+02 2.1663e+03
5.1389e+00 3.1512e+02 2.1513e+03
5.1389e+00 3.1885e+02 2.1247e+03
5.1389e+00 3.1987e+02 2.1176e+03
5.1389e+00 3.3857e+02 2.0201e+03
5.1389e+00 3.4239e+02 2.0030e+03
5.1389e+00 3.4770e+02 1.9782e+03
5.1389e+00 3.4857e+02 1.9742e+03
5.1389e+00 3.6478e+02 1.9063e+03
5.1389e+00 3.8156e+02 1.8418e+03
5.1389e+00 3.8719e+02 1.8192e+03
5.1389e+00 3.9789e+02 1.7852e+03
5.1389e+00 4.1875e+02 1.7242e+03
5.1389e+00 4.3159e+02 1.6859e+03
5.1389e+00 4.6497e+02 1.5915e+03
5.1389e+00 4.8195e+02 1.5468e+03
5.1389e+00 5.4393e+02 1.1453e+03
5.3560e+00 2.4327e+02 2.4701e+03
5.3560e+00 2.5283e+02 2.4285e+03
5.3560e+00 2.5755e+02 2.4067e+03
5.3560e+00 2.6263e+02 2.3811e+03
5.3560e+00 2.7165e+02 2.3362e+03
5.3560e+00 2.7262e+02 2.3351e+03
5.3560e+00 2.7386e+02 2.3341e+03
5.3560e+00 2.8341e+02 2.3589e+03
5.3560e+00 2.8661e+02 2.3594e+03
5.3560e+00 2.9230e+02 2.3157e+03
5.3560e+00 2.9357e+02 2.3000e+03
5.3560e+00 2.9800e+02 2.2319e+03
5.3560e+00 3.0244e+02 2.1517e+03
5.3560e+00 3.1299e+02 2.0368e+03
5.3560e+00 3.1512e+02 2.0229e+03
5.3560e+00 3.1885e+02 1.9981e+03
5.3560e+00 3.1987e+02 1.9914e+03
5.3560e+00 3.3857e+02 1.8933e+03
5.3560e+00 3.4239e+02 1.8765e+03
5.3560e+00 3.4770e+02 1.8523e+03
5.3560e+00 3.4857e+02 1.8482e+03
5.3560e+00 3.6478e+02 1.7773e+03
5.3560e+00 3.8156e+02 1.7220e+03
5.3560e+00 3.8719e+02 1.7030e+03
5.3560e+00 3.9789e+02 1.6689e+03
5.3560e+00 4.1875e+02 1.6086e+03
5.3560e+00 4.3159e+02 1.5705e+03
5.3560e+00 4.6497e+02 1.4200e+03
5.3560e+00 4.8195e+02 1.3443e+03
5.3560e+00 5.4393e+02 1.0353e+03
5.4670e+00 2.4327e+02 2.4171e+03
5.4670e+00 2.5283e+02 2.3754e+03
5.4670e+00 2.5755e+02 2.3536e+03
5.4670e+00 2.6263e+02 2.3290e+03
5.4670e+00 2.7165e+02 2.3220e+03
5.4670e+00 2.7262e+02 2.3207e+03
5.4670e+00 2.7386e+02 2.3196e+03
5.4670e+00 2.8341e+02 2.3392e+03
5.4670e+00 2.8661e+02 2.3375e+03
5.4670e+00 2.9230e+02 2.2922e+03
5.4670e+00 2.9357e+02 2.2761e+03
5.4670e+00 2.9800e+02 2.2025e+03
5.4670e+00 3.0244e+02 2.1118e+03
5.4670e+00 3.1299e+02 1.9717e+03
5.4670e+00 3.1512e+02 1.9579e+03
5.4670e+00 3.1885e+02 1.9336e+03
5.4670e+00 3.1987e+02 1.9270e+03
5.4670e+00 3.3857e+02 1.8302e+03
5.4670e+00 3.4239e+02 1.8127e+03
5.4670e+00 3.4770e+02 1.7879e+03
5.4670e+00 3.4857e+02 1.7838e+03
5.4670e+00 3.6478e+02 1.7203e+03
5.4670e+00 3.8156e+02 1.6625e+03
5.4670e+00 3.8719e+02 1.6436e+03
5.4670e+00 3.9789e+02 1.6097e+03
5.4670e+00 4.1875e+02 1.5494e+03
5.4670e+00 4.3159e+02 1.5115e+03
5.4670e+00 4.6497e+02 1.3634e+03
5.4670e+00 4.8195e+02 1.2875e+03
5.4670e+00 5.4393e+02 9.7923e+02
5.5821e+00 2.4327e+02 2.3622e+03
5.5821e+00 2.5283e+02 2.3204e+03
5.5821e+00 2.5755e+02 2.3175e+03
5.5821e+00 2.6263e+02 2.3150e+03
5.5821e+00 2.7165e+02 2.3071e+03
5.5821e+00 2.7262e+02 2.3057e+03
5.5821e+00 2.7386e+02 2.3044e+03
5.5821e+00 2.8341e+02 2.3186e+03
5.5821e+00 2.8661e+02 2.3147e+03
5.5821e+00 2.9230e+02 2.2688e+03
5.5821e+00 2.9357e+02 2.2522e+03
5.5821e+00 2.9800e+02 2.1725e+03
5.5821e+00 3.0244e+02 2.0713e+03
5.5821e+00 3.1299e+02 1.9052e+03
5.5821e+00 3.1512e+02 1.8909e+03
5.5821e+00 3.1885e+02 1.8663e+03
5.5821e+00 3.1987e+02 1.8599e+03
5.5821e+00 3.3857e+02 1.7649e+03
5.5821e+00 3.4239e+02 1.7540e+03
5.5821e+00 3.4770e+02 1.7323e+03
5.5821e+00 3.4857e+02 1.7285e+03
5.5821e+00 3.6478e+02 1.6605e+03
5.5821e+00 3.8156e+02 1.6008e+03
5.5821e+00 3.8719e+02 1.5821e+03
5.5821e+00 3.9789e+02 1.5485e+03
5.5821e+00 4.1875e+02 1.4883e+03
5.5821e+00 4.3159e+02 1.4503e+03
5.5821e+00 4.6497e+02 1.3048e+03
5.5821e+00 4.8195e+02 1.2286e+03
5.5821e+00 5.4393e+02 9.7535e+02
5.5910e+00 2.4327e+02 2.3580e+03
5.5910e+00 2.5283e+02 2.3193e+03
5.5910e+00 2.5755e+02 2.3164e+03
5.5910e+00 2.6263e+02 2.3139e+03
5.5910e+00 2.7165e+02 2.3059e+03
5.5910e+00 2.7262e+02 2.3045e+03
5.5910e+00 2.7386e+02 2.3032e+03
5.5910e+00 2.8341e+02 2.3170e+03
5.5910e+00 2.8661e+02 2.3129e+03
5.5910e+00 2.9230e+02 2.2670e+03
5.5910e+00 2.9357e+02 2.2503e+03
5.5910e+00 2.9800e+02 2.1702e+03
5.5910e+00 3.0244e+02 2.0682e+03
5.5910e+00 3.1299e+02 1.9002e+03
5.5910e+00 3.1512e+02 1.8857e+03
5.5910e+00 3.1885e+02 1.8611e+03
5.5910e+00 3.1987e+02 1.8547e+03
5.5910e+00 3.3857e+02 1.7607e+03
5.5910e+00 3.4239e+02 1.7497e+03
5.5910e+00 3.4770e+02 1.7281e+03
5.5910e+00 3.4857e+02 1.7243e+03
5.5910e+00 3.6478e+02 1.6558e+03
5.5910e+00 3.8156e+02 1.5960e+03
5.5910e+00 3.8719e+02 1.5773e+03
5.5910e+00 3.9789e+02 1.5438e+03
5.5910e+00 4.1875e+02 1.4836e+03
5.5910e+00 4.3159e+02 1.4456e+03
5.5910e+00 4.6497e+02 1.3003e+03
5.5910e+00 4.8195e+02 1.2241e+03
5.5910e+00 5.4393e+02 9.7227e+02
5.7958e+00 2.4327e+02 2.2992e+03
5.7958e+00 2.5283e+02 2.2944e+03
5.7958e+00 2.5755e+02 2.2915e+03
5.7958e+00 2.6263e+02 2.2889e+03
5.7958e+00 2.7165e+02 2.2796e+03
5.7958e+00 2.7262e+02 2.2784e+03
5.7958e+00 2.7386e+02 2.2771e+03
5.7958e+00 2.8341e+02 2.2807e+03
5.7958e+00 2.8661e+02 2.2736e+03
5.7958e+00 2.9230e+02 2.2281e+03
5.7958e+00 2.9357e+02 2.2097e+03
5.7958e+00 2.9800e+02 2.1167e+03
5.7958e+00 3.0244e+02 1.9953e+03
5.7958e+00 3.1299e+02 1.7838e+03
5.7958e+00 3.1512e+02 1.7662e+03
5.7958e+00 3.1885e+02 1.7332e+03
5.7958e+00 3.1987e+02 1.7255e+03
5.7958e+00 3.3857e+02 1.6663e+03
5.7958e+00 3.4239e+02 1.6528e+03
5.7958e+00 3.4770e+02 1.6299e+03
5.7958e+00 3.4857e+02 1.6262e+03
5.7958e+00 3.6478e+02 1.5514e+03
5.7958e+00 3.8156e+02 1.4864e+03
5.7958e+00 3.8719e+02 1.4678e+03
5.7958e+00 3.9789e+02 1.4346e+03
5.7958e+00 4.1875e+02 1.3846e+03
5.7958e+00 4.3159e+02 1.3438e+03
5.7958e+00 4.6497e+02 1.1963e+03
5.7958e+00 4.8195e+02 1.1198e+03
5.7958e+00 5.4393e+02 9.0164e+02
5.9811e+00 2.4327e+02 2.2768e+03
5.9811e+00 2.5283e+02 2.2720e+03
5.9811e+00 2.5755e+02 2.2690e+03
5.9811e+00 2.6263e+02 2.2662e+03
5.9811e+00 2.7165e+02 2.2576e+03
5.9811e+00 2.7262e+02 2.2568e+03
5.9811e+00 2.7386e+02 2.2560e+03
5.9811e+00 2.8341e+02 2.2498e+03
5.9811e+00 2.8661e+02 2.2405e+03
5.9811e+00 2.9230e+02 2.1933e+03
5.9811e+00 2.9357e+02 2.1722e+03
5.9811e+00 2.9800e+02 2.0647e+03
5.9811e+00 3.0244e+02 1.9276e+03
5.9811e+00 3.1299e+02 1.6943e+03
5.9811e+00 3.1512e+02 1.6711e+03
5.9811e+00 3.1885e+02 1.6403e+03
5.9811e+00 3.1987e+02 1.6341e+03
5.9811e+00 3.3857e+02 1.5805e+03
5.9811e+00 3.4239e+02 1.5641e+03
5.9811e+00 3.4770e+02 1.5415e+03
5.9811e+00 3.4857e+02 1.5378e+03
5.9811e+00 3.6478e+02 1.4583e+03
5.9811e+00 3.8156e+02 1.3873e+03
5.9811e+00 3.8719e+02 1.3636e+03
5.9811e+00 3.9789e+02 1.3347e+03
5.9811e+00 4.1875e+02 1.2932e+03
5.9811e+00 4.3159e+02 1.2526e+03
5.9811e+00 4.6497e+02 1.1025e+03
5.9811e+00 4.8195e+02 1.0259e+03
5.9811e+00 5.4393e+02 8.3782e+02
6.0013e+00 2.4327e+02 2.2743e+03
6.0013e+00 2.5283e+02 2.2696e+03
6.0013e+00 2.5755e+02 2.2665e+03
6.0013e+00 2.6263e+02 2.2637e+03
6.0013e+00 2.7165e+02 2.2553e+03
6.0013e+00 2.7262e+02 2.2546e+03
6.0013e+00 2.7386e+02 2.2538e+03
6.0013e+00 2.8341e+02 2.2467e+03
6.0013e+00 2.8661e+02 2.2371e+03
6.0013e+00 2.9230e+02 2.1894e+03
6.0013e+00 2.9357e+02 2.1679e+03
6.0013e+00 2.9800e+02 2.0599e+03
6.0013e+00 3.0244e+02 1.9144e+03
6.0013e+00 3.1299e+02 1.6837e+03
6.0013e+00 3.1512e+02 1.6603e+03
6.0013e+00 3.1885e+02 1.6296e+03
6.0013e+00 3.1987e+02 1.6236e+03
6.0013e+00 3.3857e+02 1.5710e+03
6.0013e+00 3.4239e+02 1.5544e+03
6.0013e+00 3.4770e+02 1.5319e+03
6.0013e+00 3.4857e+02 1.5281e+03
6.0013e+00 3.6478e+02 1.4481e+03
6.0013e+00 3.8156e+02 1.3765e+03
6.0013e+00 3.8719e+02 1.3559e+03
6.0013e+00 3.9789e+02 1.3261e+03
6.0013e+00 4.1875e+02 1.2833e+03
6.0013e+00 4.3159e+02 1.2427e+03
6.0013e+00 4.6497e+02 1.0923e+03
6.0013e+00 4.8195e+02 1.0189e+03
6.0013e+00 5.4393e+02 8.3087e+02
6.1180e+00 2.4327e+02 2.2603e+03
6.1180e+00 2.5283e+02 2.2555e+03
6.1180e+00 2.5755e+02 2.2523e+03
6.1180e+00 2.6263e+02 2.2494e+03
6.1180e+00 2.7165e+02 2.2424e+03
6.1180e+00 2.7262e+02 2.2419e+03
6.1180e+00 2.7386e+02 2.2414e+03
6.1180e+00 2.8341e+02 2.2291e+03
6.1180e+00 2.8661e+02 2.2176e+03
6.1180e+00 2.9230e+02 2.1241e+03
6.1180e+00 2.9357e+02 2.0953e+03
6.1180e+00 2.9800e+02 1.9736e+03
6.1180e+00 3.0244e+02 1.8392e+03
6.1180e+00 3.1299e+02 1.6206e+03
6.1180e+00 3.1512e+02 1.5965e+03
6.1180e+00 3.1885e+02 1.5671e+03
6.1180e+00 3.1987e+02 1.5617e+03
6.1180e+00 3.3857e+02 1.5154e+03
6.1180e+00 3.4239e+02 1.4986e+03
6.1180e+00 3.4770e+02 1.4764e+03
6.1180e+00 3.4857e+02 1.4726e+03
6.1180e+00 3.6478e+02 1.3891e+03
6.1180e+00 3.8156e+02 1.3331e+03
6.1180e+00 3.8719e+02 1.3113e+03
6.1180e+00 3.9789e+02 1.2760e+03
6.1180e+00 4.1875e+02 1.2259e+03
6.1180e+00 4.3159e+02 1.1856e+03
6.1180e+00 4.6497e+02 1.0294e+03
6.1180e+00 4.8195e+02 9.7823e+02
6.1180e+00 5.4393e+02 7.9071e+02
6.3167e+00 2.4327e+02 2.2364e+03
6.3167e+00 2.5283e+02 2.2316e+03
6.3167e+00 2.5755e+02 2.2282e+03
6.3167e+00 2.6263e+02 2.2250e+03
6.3167e+00 2.7165e+02 2.2098e+03
6.3167e+00 2.7262e+02 2.1994e+03
6.3167e+00 2.7386e+02 2.1861e+03
6.3167e+00 2.8341e+02 2.0806e+03
6.3167e+00 2.8661e+02 2.0440e+03
6.3167e+00 2.9230e+02 1.9593e+03
6.3167e+00 2.9357e+02 1.9340e+03
6.3167e+00 2.9800e+02 1.8282e+03
6.3167e+00 3.0244e+02 1.7113e+03
6.3167e+00 3.1299e+02 1.5078e+03
6.3167e+00 3.1512e+02 1.4851e+03
6.3167e+00 3.1885e+02 1.4603e+03
6.3167e+00 3.1987e+02 1.4563e+03
6.3167e+00 3.3857e+02 1.4200e+03
6.3167e+00 3.4239e+02 1.4040e+03
6.3167e+00 3.4770e+02 1.3816e+03
6.3167e+00 3.4857e+02 1.3688e+03
6.3167e+00 3.6478e+02 1.3201e+03
6.3167e+00 3.8156e+02 1.2589e+03
6.3167e+00 3.8719e+02 1.2353e+03
6.3167e+00 3.9789e+02 1.1925e+03
6.3167e+00 4.1875e+02 1.1290e+03
6.3167e+00 4.3159e+02 1.0880e+03
6.3167e+00 4.6497e+02 9.6067e+02
6.3167e+00 4.8195e+02 9.0917e+02
6.3167e+00 5.4393e+02 7.2241e+02
6.4204e+00 2.4327e+02 2.2240e+03
6.4204e+00 2.5283e+02 2.2192e+03
6.4204e+00 2.5755e+02 2.2157e+03
6.4204e+00 2.6263e+02 2.2123e+03
6.4204e+00 2.7165e+02 2.1167e+03
6.4204e+00 2.7262e+02 2.1061e+03
6.4204e+00 2.7386e+02 2.0926e+03
6.4204e+00 2.8341e+02 1.9893e+03
6.4204e+00 2.8661e+02 1.9556e+03
6.4204e+00 2.9230e+02 1.8755e+03
6.4204e+00 2.9357e+02 1.8517e+03
6.4204e+00 2.9800e+02 1.7530e+03
6.4204e+00 3.0244e+02 1.6442e+03
6.4204e+00 3.1299e+02 1.4485e+03
6.4204e+00 3.1512e+02 1.4276e+03
6.4204e+00 3.1885e+02 1.4061e+03
6.4204e+00 3.1987e+02 1.4030e+03
6.4204e+00 3.3857e+02 1.3704e+03
6.4204e+00 3.4239e+02 1.3557e+03
6.4204e+00 3.4770e+02 1.3365e+03
6.4204e+00 3.4857e+02 1.3335e+03
6.4204e+00 3.6478e+02 1.2826e+03
6.4204e+00 3.8156e+02 1.2203e+03
6.4204e+00 3.8719e+02 1.1959e+03
6.4204e+00 3.9789e+02 1.1498e+03
6.4204e+00 4.1875e+02 1.0786e+03
6.4204e+00 4.3159e+02 1.0262e+03
6.4204e+00 4.6497e+02 9.2462e+02
6.4204e+00 4.8195e+02 8.7315e+02
6.4204e+00 5.4393e+02 0.0000e+00
6.4269e+00 2.4327e+02 2.2233e+03
6.4269e+00 2.5283e+02 2.2184e+03
6.4269e+00 2.5755e+02 2.2149e+03
6.4269e+00 2.6263e+02 2.2115e+03
6.4269e+00 2.7165e+02 2.1108e+03
6.4269e+00 2.7262e+02 2.1002e+03
6.4269e+00 2.7386e+02 2.0867e+03
6.4269e+00 2.8341e+02 1.9836e+03
6.4269e+00 2.8661e+02 1.9500e+03
6.4269e+00 2.9230e+02 1.8703e+03
6.4269e+00 2.9357e+02 1.8466e+03
6.4269e+00 2.9800e+02 1.7483e+03
6.4269e+00 3.0244e+02 1.6399e+03
6.4269e+00 3.1299e+02 1.4448e+03
6.4269e+00 3.1512e+02 1.4240e+03
6.4269e+00 3.1885e+02 1.4027e+03
6.4269e+00 3.1987e+02 1.3997e+03
6.4269e+00 3.3857e+02 1.3682e+03
6.4269e+00 3.4239e+02 1.3535e+03
6.4269e+00 3.4770e+02 1.3342e+03
6.4269e+00 3.4857e+02 1.3313e+03
6.4269e+00 3.6478e+02 1.2803e+03
6.4269e+00 3.8156e+02 1.2178e+03
6.4269e+00 3.8719e+02 1.1935e+03
6.4269e+00 3.9789e+02 1.1471e+03
6.4269e+00 4.1875e+02 1.0755e+03
6.4269e+00 4.3159e+02 1.0241e+03
6.4269e+00 4.6497e+02 9.2236e+02
6.4269e+00 4.8195e+02 8.7089e+02
6.4269e+00 5.4393e+02 0.0000e+00
6.4752e+00 2.4327e+02 2.2175e+03
6.4752e+00 2.5283e+02 2.2126e+03
6.4752e+00 2.5755e+02 2.2091e+03
6.4752e+00 2.6263e+02 2.1682e+03
6.4752e+00 2.7165e+02 2.0673e+03
6.4752e+00 2.7262e+02 2.0566e+03
6.4752e+00 2.7386e+02 2.0429e+03
6.4752e+00 2.8341e+02 1.9415e+03
6.4752e+00 2.8661e+02 1.9092e+03
6.4752e+00 2.9230e+02 1.8318e+03
6.4752e+00 2.9357e+02 1.8089e+03
6.4752e+00 2.9800e+02 1.7136e+03
6.4752e+00 3.0244e+02 1.6085e+03
6.4752e+00 3.1299e+02 1.4173e+03
6.4752e+00 3.1512e+02 1.3975e+03
6.4752e+00 3.1885e+02 1.3778e+03
6.4752e+00 3.1987e+02 1.3751e+03
6.4752e+00 3.3857e+02 1.3521e+03
6.4752e+00 3.4239e+02 1.3373e+03
6.4752e+00 3.4770e+02 1.3177e+03
6.4752e+00 3.4857e+02 1.3147e+03
6.4752e+00 3.6478e+02 1.2628e+03
6.4752e+00 3.8156e+02 1.1999e+03
6.4752e+00 3.8719e+02 1.1752e+03
6.4752e+00 3.9789e+02 1.1273e+03
6.4752e+00 4.1875e+02 1.0519e+03
6.4752e+00 4.3159e+02 1.0085e+03
6.4752e+00 4.6497e+02 9.0558e+02
6.4752e+00 4.8195e+02 8.5410e+02
6.4752e+00 5.4393e+02 0.0000e+00
6.8369e+00 2.4327e+02 2.0466e+03
6.8369e+00 2.5283e+02 1.9495e+03
6.8369e+00 2.5755e+02 1.8994e+03
6.8369e+00 2.6263e+02 1.8440e+03
6.8369e+00 2.7165e+02 1.7425e+03
6.8369e+00 2.7262e+02 1.7314e+03
6.8369e+00 2.7386e+02 1.7173e+03
6.8369e+00 2.8341e+02 1.6272e+03
6.8369e+00 2.8661e+02 1.6013e+03
6.8369e+00 2.9230e+02 1.5446e+03
6.8369e+00 2.9357e+02 1.5283e+03
6.8369e+00 2.9800e+02 1.4582e+03
6.8369e+00 3.0244e+02 1.3710e+03
6.8369e+00 3.1299e+02 1.3244e+03
6.8369e+00 3.1512e+02 1.3163e+03
6.8369e+00 3.1885e+02 1.3031e+03
6.8369e+00 3.1987e+02 1.2996e+03
6.8369e+00 3.3857e+02 1.2314e+03
6.8369e+00 3.4239e+02 1.2157e+03
6.8369e+00 3.4770e+02 1.1941e+03
6.8369e+00 3.4857e+02 1.1907e+03
6.8369e+00 3.6478e+02 1.1321e+03
6.8369e+00 3.8156e+02 1.0628e+03
6.8369e+00 3.8719e+02 1.0443e+03
6.8369e+00 3.9789e+02 1.0094e+03
6.8369e+00 4.1875e+02 9.3789e+02
6.8369e+00 4.3159e+02 8.9187e+02
6.8369e+00 4.6497e+02 7.8006e+02
6.8369e+00 4.8195e+02 0.0000e+00
6.8369e+00 5.4393e+02 0.0000e+00
6.8939e+00 2.4327e+02 1.9949e+03
6.8939e+00 2.5283e+02 1.8981e+03
6.8939e+00 2.5755e+02 1.8482e+03
6.8939e+00 2.6263e+02 1.7929e+03
6.8939e+00 2.7165e+02 1.6916e+03
6.8939e+00 2.7262e+02 1.6804e+03
6.8939e+00 2.7386e+02 1.6663e+03
6.8939e+00 2.8341e+02 1.5771e+03
6.8939e+00 2.8661e+02 1.5525e+03
6.8939e+00 2.9230e+02 1.5002e+03
6.8939e+00 2.9357e+02 1.4851e+03
6.8939e+00 2.9800e+02 1.3750e+03
6.8939e+00 3.0244e+02 1.3540e+03
6.8939e+00 3.1299e+02 1.3066e+03
6.8939e+00 3.1512e+02 1.2983e+03
6.8939e+00 3.1885e+02 1.2848e+03
6.8939e+00 3.1987e+02 1.2813e+03
6.8939e+00 3.3857e+02 1.2123e+03
6.8939e+00 3.4239e+02 1.1964e+03
6.8939e+00 3.4770e+02 1.1746e+03
6.8939e+00 3.4857e+02 1.1711e+03
6.8939e+00 3.6478e+02 1.1116e+03
6.8939e+00 3.8156e+02 1.0457e+03
6.8939e+00 3.8719e+02 1.0269e+03
6.8939e+00 3.9789e+02 9.9159e+02
6.8939e+00 4.1875e+02 9.1990e+02
6.8939e+00 4.3159e+02 8.7351e+02
6.8939e+00 4.6497e+02 7.6022e+02
6.8939e+00 4.8195e+02 0.0000e+00
6.8939e+00 5.4393e+02 0.0000e+00
6.9908e+00 2.4327e+02 1.9070e+03
6.9908e+00 2.5283e+02 1.8106e+03
6.9908e+00 2.5755e+02 1.7609e+03
6.9908e+00 2.6263e+02 1.7059e+03
6.9908e+00 2.7165e+02 1.6050e+03
6.9908e+00 2.7262e+02 1.5939e+03
6.9908e+00 2.7386e+02 1.5798e+03
6.9908e+00 2.8341e+02 1.4923e+03
6.9908e+00 2.8661e+02 1.4711e+03
6.9908e+00 2.9230e+02 1.3707e+03
6.9908e+00 2.9357e+02 1.3656e+03
6.9908e+00 2.9800e+02 1.3464e+03
6.9908e+00 3.0244e+02 1.3250e+03
6.9908e+00 3.1299e+02 1.2763e+03
6.9908e+00 3.1512e+02 1.2677e+03
6.9908e+00 3.1885e+02 1.2537e+03
6.9908e+00 3.1987e+02 1.2501e+03
6.9908e+00 3.3857e+02 1.1796e+03
6.9908e+00 3.4239e+02 1.1635e+03
6.9908e+00 3.4770e+02 1.1413e+03
6.9908e+00 3.4857e+02 1.1377e+03
6.9908e+00 3.6478e+02 1.0767e+03
6.9908e+00 3.8156e+02 1.0164e+03
6.9908e+00 3.8719e+02 9.9717e+02
6.9908e+00 3.9789e+02 9.6131e+02
6.9908e+00 4.1875e+02 8.8930e+02
6.9908e+00 4.3159e+02 8.4223e+02
6.9908e+00 4.6497e+02 0.0000e+00
6.9908e+00 4.8195e+02 0.0000e+00
6.9908e+00 5.4393e+02 0.0000e+00
7.2390e+00 2.4327e+02 1.6816e+03
7.2390e+00 2.5283e+02 1.5865e+03
7.2390e+00 2.5755e+02 1.5373e+03
7.2390e+00 2.6263e+02 1.4830e+03
7.2390e+00 2.7165e+02 1.3828e+03
7.2390e+00 2.7262e+02 1.3718e+03
7.2390e+00 2.7386e+02 1.3672e+03
7.2390e+00 2.8341e+02 1.3325e+03
7.2390e+00 2.8661e+02 1.3213e+03
7.2390e+00 2.9230e+02 1.2996e+03
7.2390e+00 2.9357e+02 1.2942e+03
7.2390e+00 2.9800e+02 1.2732e+03
7.2390e+00 3.0244e+02 1.2505e+03
7.2390e+00 3.1299e+02 1.1985e+03
7.2390e+00 3.1512e+02 1.1893e+03
7.2390e+00 3.1885e+02 1.1743e+03
7.2390e+00 3.1987e+02 1.1704e+03
7.2390e+00 3.3857e+02 1.0955e+03
7.2390e+00 3.4239e+02 1.0802e+03
7.2390e+00 3.4770e+02 1.0640e+03
7.2390e+00 3.4857e+02 1.0612e+03
7.2390e+00 3.6478e+02 1.0043e+03
7.2390e+00 3.8156e+02 9.4116e+02
7.2390e+00 3.8719e+02 9.2088e+02
7.2390e+00 3.9789e+02 8.8395e+02
7.2390e+00 4.1875e+02 8.1054e+02
7.2390e+00 4.3159e+02 0.0000e+00
7.2390e+00 4.6497e+02 0.0000e+00
7.2390e+00 4.8195e+02 0.0000e+00
7.2390e+00 5.4393e+02 0.0000e+00
7.5093e+00 2.4327e+02 1.4359e+03
7.5093e+00 2.5283e+02 1.3420e+03
7.5093e+00 2.5755e+02 1.3511e+03
7.5093e+00 2.6263e+02 1.3338e+03
7.5093e+00 2.7165e+02 1.3011e+03
7.5093e+00 2.7262e+02 1.2975e+03
7.5093e+00 2.7386e+02 1.2927e+03
7.5093e+00 2.8341e+02 1.2577e+03
7.5093e+00 2.8661e+02 1.2460e+03
7.5093e+00 2.9230e+02 1.2222e+03
7.5093e+00 2.9357e+02 1.2162e+03
7.5093e+00 2.9800e+02 1.1936e+03
7.5093e+00 3.0244e+02 1.1690e+03
7.5093e+00 3.1299e+02 1.1125e+03
7.5093e+00 3.1512e+02 1.1027e+03
7.5093e+00 3.1885e+02 1.0870e+03
7.5093e+00 3.1987e+02 1.0830e+03
7.5093e+00 3.3857e+02 1.0164e+03
7.5093e+00 3.4239e+02 1.0042e+03
7.5093e+00 3.4770e+02 9.8690e+02
7.5093e+00 3.4857e+02 9.8399e+02
7.5093e+00 3.6478e+02 9.2540e+02
7.5093e+00 3.8156e+02 8.5936e+02
7.5093e+00 3.8719e+02 8.3799e+02
7.5093e+00 3.9789e+02 0.0000e+00
7.5093e+00 4.1875e+02 0.0000e+00
7.5093e+00 4.3159e+02 0.0000e+00
7.5093e+00 4.6497e+02 0.0000e+00
7.5093e+00 4.8195e+02 0.0000e+00
7.5093e+00 5.4393e+02 0.0000e+00
7.5123e+00 2.4327e+02 1.4332e+03
7.5123e+00 2.5283e+02 1.3393e+03
7.5123e+00 2.5755e+02 1.3503e+03
7.5123e+00 2.6263e+02 1.3330e+03
7.5123e+00 2.7165e+02 1.3003e+03
7.5123e+00 2.7262e+02 1.2966e+03
7.5123e+00 2.7386e+02 1.2919e+03
7.5123e+00 2.8341e+02 1.2568e+03
7.5123e+00 2.8661e+02 1.2451e+03
7.5123e+00 2.9230e+02 1.2213e+03
7.5123e+00 2.9357e+02 1.2153e+03
7.5123e+00 2.9800e+02 1.1927e+03
7.5123e+00 3.0244e+02 1.1681e+03
7.5123e+00 3.1299e+02 1.1115e+03
7.5123e+00 3.1512e+02 1.1018e+03
7.5123e+00 3.1885e+02 1.0861e+03
7.5123e+00 3.1987e+02 1.0820e+03
7.5123e+00 3.3857e+02 1.0156e+03
7.5123e+00 3.4239e+02 1.0034e+03
7.5123e+00 3.4770e+02 9.8604e+02
7.5123e+00 3.4857e+02 9.8313e+02
7.5123e+00 3.6478e+02 9.2452e+02
7.5123e+00 3.8156e+02 8.5845e+02
7.5123e+00 3.8719e+02 8.3707e+02
7.5123e+00 3.9789e+02 0.0000e+00
7.5123e+00 4.1875e+02 0.0000e+00
7.5123e+00 4.3159e+02 0.0000e+00
7.5123e+00 4.6497e+02 0.0000e+00
7.5123e+00 4.8195e+02 0.0000e+00
7.5123e+00 5.4393e+02 0.0000e+00
8.0211e+00 2.4327e+02 1.2586e+03
8.0211e+00 2.5283e+02 1.2287e+03
8.0211e+00 2.5755e+02 1.2130e+03
8.0211e+00 2.6263e+02 1.1953e+03
8.0211e+00 2.7165e+02 1.1620e+03
8.0211e+00 2.7262e+02 1.1582e+03
8.0211e+00 2.7386e+02 1.1533e+03
8.0211e+00 2.8341e+02 1.1154e+03
8.0211e+00 2.8661e+02 1.0997e+03
8.0211e+00 2.9230e+02 1.0714e+03
8.0211e+00 2.9357e+02 1.0650e+03
8.0211e+00 2.9800e+02 1.0425e+03
8.0211e+00 3.0244e+02 1.0201e+03
8.0211e+00 3.1299e+02 9.7073e+02
8.0211e+00 3.1512e+02 9.6148e+02
8.0211e+00 3.1885e+02 9.4584e+02
8.0211e+00 3.1987e+02 9.4168e+02
8.0211e+00 3.3857e+02 8.7271e+02
8.0211e+00 3.4239e+02 8.5934e+02
8.0211e+00 3.4770e+02 8.4077e+02
8.0211e+00 3.4857e+02 8.3770e+02
8.0211e+00 3.6478e+02 0.0000e+00
8.0211e+00 3.8156e+02 0.0000e+00
8.0211e+00 3.8719e+02 0.0000e+00
8.0211e+00 3.9789e+02 0.0000e+00
8.0211e+00 4.1875e+02 0.0000e+00
8.0211e+00 4.3159e+02 0.0000e+00
8.0211e+00 4.6497e+02 0.0000e+00
8.0211e+00 4.8195e+02 0.0000e+00
8.0211e+00 5.4393e+02 0.0000e+00
8.1444e+00 2.4327e+02 1.2258e+03
8.1444e+00 2.5283e+02 1.1958e+03
8.1444e+00 2.5755e+02 1.1800e+03
8.1444e+00 2.6263e+02 1.1622e+03
8.1444e+00 2.7165e+02 1.1288e+03
8.1444e+00 2.7262e+02 1.1250e+03
8.1444e+00 2.7386e+02 1.1200e+03
8.1444e+00 2.8341e+02 1.0801e+03
8.1444e+00 2.8661e+02 1.0644e+03
8.1444e+00 2.9230e+02 1.0362e+03
8.1444e+00 2.9357e+02 1.0298e+03
8.1444e+00 2.9800e+02 1.0075e+03
8.1444e+00 3.0244e+02 9.8535e+02
8.1444e+00 3.1299e+02 9.3637e+02
8.1444e+00 3.1512e+02 9.2715e+02
8.1444e+00 3.1885e+02 9.1158e+02
8.1444e+00 3.1987e+02 9.0744e+02
8.1444e+00 3.3857e+02 8.3784e+02
8.1444e+00 3.4239e+02 8.2434e+02
8.1444e+00 3.4770e+02 0.0000e+00
8.1444e+00 3.4857e+02 0.0000e+00
8.1444e+00 3.6478e+02 0.0000e+00
8.1444e+00 3.8156e+02 0.0000e+00
8.1444e+00 3.8719e+02 0.0000e+00
8.1444e+00 3.9789e+02 0.0000e+00
8.1444e+00 4.1875e+02 0.0000e+00
8.1444e+00 4.3159e+02 0.0000e+00
8.1444e+00 4.6497e+02 0.0000e+00
8.1444e+00 4.8195e+02 0.0000e+00
8.1444e+00 5.4393e+02 0.0000e+00
8.7724e+00 2.4327e+02 1.1130e+03
8.7724e+00 2.5283e+02 1.0590e+03
8.7724e+00 2.5755e+02 1.0331e+03
8.7724e+00 2.6263e+02 1.0057e+03
8.7724e+00 2.7165e+02 9.5833e+02
8.7724e+00 2.7262e+02 9.5334e+02
8.7724e+00 2.7386e+02 9.4698e+02
8.7724e+00 2.8341e+02 8.9910e+02
8.7724e+00 2.8661e+02 8.8377e+02
8.7724e+00 2.9230e+02 8.5664e+02
8.7724e+00 2.9357e+02 8.5048e+02
8.7724e+00 2.9800e+02 8.2887e+02
8.7724e+00 3.0244e+02 0.0000e+00
8.7724e+00 3.1299e+02 0.0000e+00
8.7724e+00 3.1512e+02 0.0000e+00
8.7724e+00 3.1885e+02 0.0000e+00
8.7724e+00 3.1987e+02 0.0000e+00
8.7724e+00 3.3857e+02 0.0000e+00
8.7724e+00 3.4239e+02 0.0000e+00
8.7724e+00 3.4770e+02 0.0000e+00
8.7724e+00 3.4857e+02 0.0000e+00
8.7724e+00 3.6478e+02 0.0000e+00
8.7724e+00 3.8156e+02 0.0000e+00
8.7724e+00 3.8719e+02 0.0000e+00
8.7724e+00 3.9789e+02 0.0000e+00
8.7724e+00 4.1875e+02 0.0000e+00
8.7724e+00 4.3159e+02 0.0000e+00
8.7724e+00 4.6497e+02 0.0000e+00
8.7724e+00 4.8195e+02 0.0000e+00
8.7724e+00 5.4393e+02 0.0000e+00
