time (s) altitude (m) velocity (m/s) mass (kg)trajectory angle (rad) angle of attack (rad) heading angle (rad) latitude (rad)
0 90 30 29002 1.5691 0 -0.1586 -0.2123 2.3868
0.8618 117.18 33.084 28878 1.5686 -0.0017581 -0.067035 -0.2123 2.3868
2.3967 172.24 38.688 28657 1.5657 -0.0044892 0.029359 -0.2123 2.3868
3.699 225.78 43.553 28469 1.5611 -0.0062619 0.060197 -0.2123 2.3868
4.0586 241.69 44.914 28418 1.5596 -0.0066796 0.067099 -0.2123 2.3868
4.9204 281.81 48.208 28293 1.5552 -0.0075783 0.077772 -0.2123 2.3868
6.4553 360.35 54.185 28072 1.5454 -0.0086802 0.089438 -0.2123 2.3868
7.7576 434.25 59.368 27885 1.5352 -0.0090839 0.095526 -0.2123 2.3868
8.1171 455.84 60.817 27833 1.5321 -0.009141 0.096785 -0.2123 2.3868
8.9789 509.71 64.323 27709 1.5241 -0.0091878 0.09939 -0.2123 2.3868
10.514 613.15 70.685 27488 1.5082 -0.0088894 0.10282 -0.2123 2.3868
11.816 708.55 76.205 27301 1.4931 -0.0082542 0.10494 -0.2123 2.3868
12.176 736.14 77.749 27249 1.4887 -0.0080469 0.10544 -0.2123 2.3868
13.065 806.73 81.604 27121 1.4774 -0.0074816 0.10652 -0.2123 2.3868
14.985 970.63 90.113 26844 1.4513 -0.0059157 0.10836 -0.2123 2.3868
17.549 1214.2 101.86 26475 1.4131 -0.0030936 0.11011 -0.2123 2.3868
20.248 1501.7 114.73 26087 1.3713 0.00036535 0.11142 -0.2123 2.3868
22.548 1772.1 126.16 25756 1.3358 0.0033717 0.11229 -0.2123 2.3869
23.994 1954.2 133.55 25548 1.3139 0.0051961 0.11275 -0.2123 2.3869
24.351 2000.6 135.41 25496 1.3085 0.0056444 0.11286 -0.2123 2.3869
25.644 2173.4 142.21 25310 1.2896 0.0072369 0.11322 -0.2123 2.3869
27.947 2500.1 154.67 24979 1.2574 0.0098473 0.11379 -0.21229 2.3869
29.9 2796.3 165.6 24698 1.2321 0.01176 0.11421 -0.21229 2.3869
30.439 2881.3 168.68 24621 1.2255 0.012249 0.11432 -0.21229 2.3869
31.732 3090.4 176.14 24435 1.2104 0.013366 0.11457 -0.21229 2.3869
34.034 3482.6 189.78 24104 1.1862 0.015013 0.11499 -0.21229 2.3869
35.988 3835.6 201.71 23823 1.1684 0.016011 0.11531 -0.21229 2.387
36.527 3936.5 205.06 23745 1.1639 0.016242 0.1154 -0.21228 2.387
37.82 4184.2 213.19 23559 1.154 0.016738 0.1156 -0.21228 2.387
40.122 4646.9 228.04 23228 1.1391 0.01721 0.11594 -0.21228 2.387
42.076 5061.9 241 22948 1.1287 0.017097 0.11621 -0.21228 2.3871
42.615 5180.2 244.64 22870 1.1262 0.017003 0.11629 -0.21227 2.3871
43.908 5470.5 253.45 22684 1.1206 0.016685 0.11646 -0.21227 2.3871
46.21 6011.2 269.48 22353 1.1117 0.015597 0.11676 -0.21227 2.3871
48.164 6494.4 283.36 22072 1.1046 0.01409 0.117 -0.21226 2.3872
48.703 6631.8 287.23 21995 1.1026 0.013613 0.11707 -0.21226 2.3872
49.996 6967.8 296.11 21809 1.0963 0.01239 0.11722 -0.21226 2.3872
52.298 7587.3 311.03 21478 1.0806 0.0097692 0.11749 -0.21225 2.3873
54.251 8131.1 322.98 21198 1.0623 0.0070718 0.11771 -0.21225 2.3873
54.791 8283.8 326.19 21120 1.0564 0.0062869 0.11777 -0.21224 2.3873
56.083 8653.5 333.75 20934 1.0406 0.0043452 0.11791 -0.21224 2.3874
58.386 9323.9 347.72 20603 1.0089 0.00068718 0.11815 -0.21223 2.3874
60.339 9903.2 360.09 20323 0.97813 -0.0025539 0.11834 -0.21223 2.3875
60.879 10065 363.32 20245 0.96837 -0.0034449 0.11839 -0.21222 2.3875
62.171 10453 371.64 20059 0.94468 -0.005585 0.11851 -0.21222 2.3876
64.474 11149 387.63 19729 0.90002 -0.0093227 0.11872 -0.21221 2.3876
66.427 11744 402.62 19448 0.86035 -0.012389 0.11889 -0.2122 2.3877
66.966 11909 407.03 19370 0.84919 -0.01322 0.11894 -0.2122 2.3877
68.259 12304 418.01 19185 0.82219 -0.015197 0.11905 -0.21219 2.3878
70.562 13010 439.15 18854 0.77351 -0.018674 0.11924 -0.21218 2.3879
72.515 13609 458.65 18573 0.73199 -0.021621 0.11939 -0.21216 2.388
73.054 13775 464.29 18495 0.72054 -0.022443 0.11943 -0.21216 2.388
74.347 14170 478.26 18309 0.69318 -0.02442 0.11953 -0.21215 2.3881
76.649 14872 504.76 17978 0.64493 -0.028036 0.11971 -0.21214 2.3883
78.603 15462 528.94 17697 0.60475 -0.031227 0.11985 -0.21212 2.3884
79.142 15624 535.9 17620 0.59382 -0.032123 0.11989 -0.21212 2.3884
80.435 16010 553.12 17434 0.56794 -0.03429 0.11998 -0.2121 2.3885
82.737 16690 585.75 17103 0.52326 -0.038214 0.12015 -0.21208 2.3887
84.691 17257 615.54 16822 0.487 -0.041567 0.12029 -0.21206 2.3889
85.23 17412 624.13 16744 0.47728 -0.042486 0.12033 -0.21206 2.3889
86.43 17754 643.83 16572 0.45615 -0.044522 0.12041 -0.21205 2.389
88.938 18457 687.69 16211 0.41429 -0.048582 0.12059 -0.21202 2.3893
92.073 19311 747.83 15759 0.36657 -0.052841 0.12081 -0.21198 2.3896
94.995 20082 809.13 15339 0.32638 -0.055596 0.12102 -0.21194 2.39
96.921 20575 852.17 15062 0.3016 -0.056757 0.12116 -0.21191 2.3902
97.406 20698 863.3 14992 0.29551 -0.056989 0.12119 -0.2119 2.3903
99.107 21120 903.33 14747 0.27441 -0.057626 0.12132 -0.21187 2.3905
102.48 21918 986.44 14262 0.23294 -0.057101 0.12157 -0.21182 2.391
106.21 22720 1083.8 13724 0.18613 -0.052662 0.12185 -0.21174 2.3916
108.89 23225 1156.9 13338 0.15245 -0.046988 0.12206 -0.21169 2.3921
109.58 23344 1176.4 13238 0.14385 -0.045202 0.12211 -0.21167 2.3922
110.87 23554 1213.3 13052 0.12815 -0.041715 0.12222 -0.21164 2.3925
113.18 23882 1281.3 12720 0.10168 -0.034515 0.1224 -0.21159 2.393
115.13 24116 1341.3 12438 0.081504 -0.027276 0.12256 -0.21154 2.3934
115.67 24173 1358.3 12361 0.076438 -0.025153 0.12261 -0.21153 2.3935
116.96 24299 1399.3 12174 0.065329 -0.01986 0.12272 -0.21149 2.3938
119.26 24488 1473 11842 0.050112 -0.0095505 0.12291 -0.21143 2.3943
121.22 24623 1536.3 11561 0.042997 -9.9828e-06 0.12309 -0.21138 2.3948
121.76 24659 1554.2 11483 0.042124 0.00266 0.12313 -0.21136 2.3949
