time (s) altitude (m) velocity (m/s) mass (kg)trajectory angle (rad) angle of attack (rad) heading angle (rad) latitude (rad)
0 90 30 29388 1.5691 0 1.6702 -0.2123 2.3868
0.44106 103.56 31.492 29325 1.5687 -0.0013491 1.6969 -0.2123 2.3868
1.2266 129.35 34.178 29211 1.5671 -0.0036607 1.7289 -0.2123 2.3868
1.8931 152.9 36.486 29115 1.5649 -0.0054706 1.7442 -0.2123 2.3868
2.0772 159.67 37.128 29089 1.5642 -0.005945 1.7475 -0.2123 2.3868
2.5182 176.39 38.674 29025 1.5621 -0.0070538 1.7538 -0.2123 2.3868
3.3038 207.86 41.458 28912 1.5576 -0.0088286 1.7617 -0.2123 2.3868
3.9703 236.28 43.849 28816 1.5528 -0.0101 1.7665 -0.2123 2.3868
4.1543 244.41 44.514 28790 1.5513 -0.010424 1.7675 -0.2123 2.3868
4.7349 270.86 46.625 28706 1.5462 -0.011374 1.7704 -0.2123 2.3868
5.8842 326.85 50.866 28541 1.5341 -0.012782 1.7747 -0.2123 2.3868
7.1585 394.65 55.665 28357 1.5178 -0.013546 1.778 -0.2123 2.3868
8.0714 446.96 59.169 28226 1.5044 -0.013634 1.7798 -0.2123 2.3868
8.3086 461.08 60.088 28192 1.5007 -0.013584 1.7802 -0.2123 2.3868
9.1907 515.44 63.542 28065 1.486 -0.013256 1.7816 -0.2123 2.3868
10.762 619.67 69.836 27838 1.457 -0.011756 1.7835 -0.2123 2.3868
12.095 715.62 75.332 27647 1.4299 -0.0094749 1.7848 -0.2123 2.3868
12.463 743.34 76.876 27594 1.4221 -0.0087189 1.7851 -0.2123 2.3868
12.918 778.35 78.801 27528 1.4123 -0.007704 1.7854 -0.21229 2.3868
13.901 856.72 83.018 27387 1.3905 -0.0052332 1.7862 -0.21229 2.3868
15.213 967.27 88.772 27198 1.3607 -0.00121 1.787 -0.21229 2.3868
16.594 1090.9 95 26999 1.3294 0.0038403 1.7878 -0.21228 2.3868
17.772 1202.3 100.46 26829 1.3034 0.0085775 1.7884 -0.21228 2.3868
18.512 1275.1 103.97 26723 1.2876 0.011607 1.7887 -0.21228 2.3868
18.694 1293.4 104.84 26697 1.2837 0.012358 1.7888 -0.21228 2.3868
19.15 1339.5 107.03 26631 1.2743 0.014218 1.789 -0.21227 2.3868
20.132 1442.1 111.83 26490 1.2548 0.018139 1.7894 -0.21227 2.3868
21.444 1585 118.37 26301 1.2307 0.022879 1.79 -0.21226 2.3868
22.826 1743.1 125.44 26102 1.2076 0.026982 1.7905 -0.21225 2.3868
24.003 1884 131.61 25933 1.19 0.029712 1.7909 -0.21224 2.3868
24.743 1975.6 135.54 25826 1.1797 0.031092 1.7911 -0.21224 2.3868
24.926 1998.5 136.52 25800 1.1773 0.031401 1.7912 -0.21224 2.3868
25.587 2082.9 140.09 25705 1.1689 0.032454 1.7914 -0.21223 2.3868
26.766 2237.8 146.54 25535 1.1551 0.033817 1.7918 -0.21222 2.3868
27.766 2374.1 152.11 25391 1.1446 0.034434 1.7921 -0.21221 2.3868
28.042 2412.5 153.66 25352 1.1418 0.034559 1.7922 -0.21221 2.3868
28.703 2505.9 157.4 25256 1.1355 0.034776 1.7924 -0.2122 2.3868
29.881 2677.2 164.14 25087 1.1253 0.034905 1.7928 -0.21219 2.3868
30.881 2827.7 169.95 24943 1.1175 0.034846 1.7931 -0.21218 2.3868
31.157 2870 171.57 24903 1.1156 0.034841 1.7931 -0.21218 2.3868
32.48 3078.1 179.44 24713 1.107 0.034802 1.7935 -0.21216 2.3868
34.837 3470.2 193.83 24374 1.0961 0.034853 1.7942 -0.21213 2.3868
36.837 3825.6 206.43 24087 1.0915 0.034905 1.7948 -0.2121 2.3868
37.389 3927.6 209.97 24007 1.0909 0.034887 1.7949 -0.21209 2.3868
38.271 4094.1 215.68 23880 1.0908 0.034889 1.7952 -0.21208 2.3868
39.842 4401.9 226.03 23655 1.0926 0.034906 1.7956 -0.21206 2.3868
41.175 4675 234.98 23463 1.0964 0.034903 1.796 -0.21203 2.3868
41.543 4752.3 237.48 23410 1.0978 0.034894 1.7961 -0.21203 2.3868
42.425 4941.4 243.53 23283 1.1017 0.034873 1.7964 -0.21201 2.3868
43.996 5291.1 254.49 23057 1.1109 0.034906 1.7968 -0.21199 2.3868
45.329 5601.5 263.98 22866 1.1208 0.034904 1.7972 -0.21196 2.3867
45.697 5689.4 266.63 22813 1.1239 0.034845 1.7973 -0.21196 2.3867
46.107 5788.5 269.6 22754 1.1275 0.034707 1.7975 -0.21195 2.3867
46.962 5999.7 275.84 22631 1.1354 0.034158 1.7977 -0.21193 2.3867
48.032 6271.7 283.77 22477 1.1458 0.032942 1.7981 -0.21192 2.3867
49.029 6533.3 290.98 22334 1.1551 0.031313 1.7984 -0.2119 2.3867
49.686 6709.8 295.44 22240 1.1602 0.029951 1.7986 -0.21189 2.3867
49.852 6754.7 296.55 22216 1.1615 0.029581 1.7987 -0.21188 2.3867
51.175 7120.5 304.95 22026 1.1691 0.026096 1.7991 -0.21186 2.3867
53.531 7797.7 318.43 21687 1.1724 0.017714 1.7999 -0.21182 2.3867
55.531 8393.4 328.93 21400 1.1632 0.0084432 1.8006 -0.21178 2.3867
56.083 8560.7 331.76 21320 1.1585 0.0055453 1.8008 -0.21177 2.3867
56.697 8747.9 334.91 21232 1.1521 0.0022645 1.801 -0.21175 2.3867
57.981 9143.1 341.59 21048 1.135 -0.0042114 1.8014 -0.21173 2.3867
59.585 9643.2 350.41 20817 1.108 -0.011186 1.8019 -0.21169 2.3867
61.081 10114 359.21 20602 1.0784 -0.016522 1.8023 -0.21165 2.3867
62.066 10427 365.34 20460 1.0571 -0.019432 1.8026 -0.21163 2.3867
62.315 10506 366.92 20425 1.0516 -0.020087 1.8027 -0.21162 2.3867
62.689 10626 369.33 20371 1.0431 -0.02103 1.8028 -0.21161 2.3867
63.539 10897 374.95 20249 1.0233 -0.022919 1.803 -0.21158 2.3867
64.795 11300 383.61 20068 0.99301 -0.025035 1.8033 -0.21154 2.3866
66.353 11802 395.05 19844 0.95455 -0.026588 1.8036 -0.21149 2.3866
68.088 12362 408.74 19595 0.91171 -0.026856 1.804 -0.21143 2.3866
69.859 12935 423.81 19340 0.86933 -0.025752 1.8044 -0.21136 2.3866
71.523 13474 439.02 19101 0.83151 -0.02443 1.8047 -0.21129 2.3866
72.944 13935 452.83 18897 0.8007 -0.023894 1.8049 -0.21122 2.3866
74.008 14281 463.67 18744 0.77838 -0.024003 1.8051 -0.21117 2.3866
74.629 14484 470.19 18655 0.7656 -0.02429 1.8052 -0.21114 2.3865
74.777 14532 471.77 18633 0.76256 -0.024366 1.8052 -0.21113 2.3865
75.358 14721 478.04 18550 0.75077 -0.024738 1.8053 -0.2111 2.3865
76.507 15096 490.84 18385 0.72775 -0.025934 1.8055 -0.21104 2.3865
77.782 15513 505.63 18201 0.70252 -0.028056 1.8056 -0.21096 2.3865
78.694 15811 516.63 18070 0.6845 -0.030037 1.8058 -0.21091 2.3865
78.932 15888 519.54 18036 0.67982 -0.030625 1.8058 -0.21089 2.3865
79.814 16176 530.58 17909 0.66236 -0.032948 1.8059 -0.21084 2.3865
81.385 16688 551.05 17683 0.63097 -0.038029 1.8061 -0.21073 2.3864
82.718 17120 569.3 17491 0.60389 -0.043301 1.8063 -0.21064 2.3864
83.086 17239 574.49 17438 0.59633 -0.044839 1.8063 -0.21062 2.3864
83.968 17523 587.21 17312 0.57809 -0.048609 1.8064 -0.21055 2.3864
85.539 18024 610.96 17085 0.54548 -0.05516 1.8066 -0.21043 2.3864
86.872 18444 632.28 16894 0.51813 -0.060055 1.8067 -0.21032 2.3863
87.24 18559 638.37 16841 0.5107 -0.061233 1.8068 -0.21029 2.3863
87.821 18740 648.14 16757 0.49912 -0.063044 1.8068 -0.21024 2.3863
88.97 19094 668.13 16592 0.47675 -0.066175 1.8069 -0.21014 2.3863
90.245 19483 691.27 16408 0.45293 -0.068853 1.8071 -0.21002 2.3863
91.157 19757 708.46 16277 0.43654 -0.07033 1.8071 -0.20993 2.3863
91.395 19828 713.01 16243 0.43237 -0.07065 1.8072 -0.20991 2.3862
91.975 20001 724.3 16159 0.42232 -0.071398 1.8072 -0.20985 2.3862
93.125 20340 747.22 15994 0.40306 -0.072508 1.8073 -0.20973 2.3862
94.399 20711 773.52 15810 0.38262 -0.073162 1.8074 -0.2096 2.3862
95.312 20973 792.91 15679 0.36853 -0.073379 1.8075 -0.2095 2.3861
95.549 21041 798.02 15645 0.36494 -0.073402 1.8075 -0.20947 2.3861
96.431 21291 817.3 15518 0.35181 -0.073453 1.8076 -0.20937 2.3861
98.002 21729 852.63 15291 0.32919 -0.073167 1.8077 -0.20918 2.3861
99.335 22092 883.57 15099 0.31064 -0.072448 1.8078 -0.20901 2.386
99.703 22191 892.26 15046 0.3056 -0.072179 1.8078 -0.20896 2.386
100.26 22340 905.51 14966 0.29803 -0.071717 1.8078 -0.20889 2.386
101.5 22667 935.61 14787 0.28135 -0.070289 1.8079 -0.20873 2.386
103.28 23119 979.72 14531 0.25793 -0.066946 1.808 -0.20848 2.3859
105.37 23629 1033.3 14230 0.23091 -0.06097 1.8081 -0.20817 2.3858
107.53 24123 1090.1 13918 0.20392 -0.052665 1.8082 -0.20782 2.3857
109.5 24542 1143.3 13635 0.18067 -0.044669 1.8083 -0.2075 2.3857
111.03 24847 1186.1 13414 0.16354 -0.039536 1.8084 -0.20723 2.3856
111.94 25021 1212.3 13282 0.15366 -0.037043 1.8084 -0.20707 2.3855
112.17 25061 1218.6 13250 0.15132 -0.036484 1.8084 -0.20702 2.3855
112.61 25142 1231.4 13187 0.14668 -0.035414 1.8085 -0.20694 2.3855
113.39 25280 1254.4 13073 0.13857 -0.033693 1.8085 -0.2068 2.3855
114.06 25394 1274.2 12977 0.13181 -0.032433 1.8085 -0.20667 2.3854
114.24 25425 1279.7 12951 0.12996 -0.032102 1.8085 -0.20663 2.3854
114.68 25497 1293 12887 0.12557 -0.03133 1.8085 -0.20655 2.3854
115.47 25621 1316.8 12774 0.11786 -0.030031 1.8086 -0.20639 2.3854
116.14 25723 1337.2 12678 0.11145 -0.028968 1.8086 -0.20626 2.3853
116.32 25750 1342.9 12651 0.10971 -0.028666 1.8086 -0.20622 2.3853
116.9 25834 1361 12568 0.10427 -0.02769 1.8086 -0.2061 2.3853
118.05 25990 1397.1 12402 0.093876 -0.025374 1.8087 -0.20586 2.3852
119.32 26150 1437.9 12218 0.083153 -0.022036 1.8087 -0.20559 2.3852
120.24 26255 1467.4 12087 0.07616 -0.019159 1.8087 -0.20539 2.3851
120.47 26281 1475.2 12052 0.074454 -0.018338 1.8087 -0.20534 2.3851
120.92 26329 1489.6 11989 0.07142 -0.016759 1.8087 -0.20524 2.3851
121.7 26410 1515.4 11875 0.066505 -0.013718 1.8088 -0.20506 2.385
122.37 26476 1537.4 11779 0.062859 -0.010884 1.8088 -0.20491 2.385
122.55 26494 1543.6 11753 0.061935 -0.010073 1.8088 -0.20486 2.385
122.99 26535 1558.3 11689 0.059828 -0.0080718 1.8088 -0.20476 2.385
123.78 26607 1584.8 11576 0.056492 -0.004299 1.8088 -0.20457 2.3849
124.45 26666 1607.6 11480 0.054094 -0.00092756 1.8088 -0.20441 2.3849
124.63 26682 1613.9 11453 0.053504 4.4997e-06 1.8088 -0.20436 2.3849
