time (s) altitude (m) velocity (m/s) mass (kg) dynamic pressure (Pa)trajectory angle (rad) Lift (N)Drag (N)heading angle (rad) latitude (rad) angle of attack (rad) 
712.08 35908 2823.5 3300 28440 0.10879 29179 9597.7 1.8138 0.0042485 0.25416
712.73 36108 2829 3290.4 27688 0.11001 29248 9732.5 1.8139 0.0045239 0.25923
714.01 36511 2840.1 3271.5 26230 0.11246 29188 9904.2 1.8139 0.0050704 0.26865
715.43 36970 2852.3 3250.4 24664 0.11522 29058 10061 1.8139 0.0056786 0.27954
716.44 37307 2861.1 3235.4 23577 0.11716 27940 9701.8 1.8139 0.0061158 0.28063
716.71 37395 2863.5 3231.5 23300 0.11764 27400 9476.6 1.8139 0.0062296 0.27918
717.36 37614 2869.2 3221.9 22632 0.11876 26739 9268.9 1.8139 0.0065085 0.28006
718.64 38054 2880.8 3202.9 21349 0.12087 25757 9022.5 1.814 0.0070622 0.28401
720.06 38553 2893.8 3181.9 19988 0.12308 24679 8742.5 1.814 0.0076784 0.28848
721.07 38917 2903.3 3166.8 19054 0.12457 23770 8461.4 1.814 0.0081215 0.29051
721.34 39013 2905.8 3162.9 18817 0.12494 23532 8385.8 1.814 0.0082368 0.29099
723.3 39735 2924.5 3133.8 17126 0.12758 22233 8059.5 1.814 0.0090976 0.29853
726.81 41067 2959 3082 14422 0.13163 19424 7152.6 1.8141 0.010644 0.30621
729.78 42239 2989.7 3038 12428 0.13429 16913 6253.1 1.8142 0.011969 0.30842
730.6 42568 2998.4 3025.9 11924 0.1349 16230 6000.6 1.8142 0.012338 0.30847
732.56 43368 3019.8 2996.7 10792 0.13614 14785 5480.2 1.8142 0.013224 0.30986
736.07 44821 3059.3 2944.9 9026.1 0.13773 12504 4654.7 1.8143 0.014819 0.31227
739.04 46080 3094.2 2900.9 7752.9 0.13854 10770 4012 1.8143 0.016189 0.31286
739.86 46431 3104 2888.8 7434.2 0.13868 10276 3819.7 1.8143 0.016569 0.31178
741.82 47279 3128.1 2859.7 6742.5 0.13889 9340.3 3473.5 1.8144 0.017487 0.31224
745.32 48806 3172.2 2807.8 5718.2 0.13889 7878.6 2919.5 1.8145 0.019138 0.31101
748.3 50118 3211 2763.8 4965.1 0.13858 6773 2496.2 1.8145 0.020558 0.30881
749.12 50482 3222 2751.7 4774.3 0.13844 6467.5 2375.5 1.8145 0.020953 0.3073
751.08 51359 3248.5 2722.6 4360.8 0.13804 5886.9 2156.9 1.8146 0.021905 0.30653
754.58 52931 3297.1 2670.8 3735.9 0.13713 4936.9 1787.2 1.8146 0.02362 0.30195
757.55 54274 3339.6 2626.8 3266.4 0.13615 4221.4 1509.1 1.8147 0.025095 0.29728
758.37 54646 3351.6 2614.6 3145.9 0.13586 4029.5 1433.3 1.8147 0.025505 0.29544
760.34 55540 3380.6 2585.5 2872.5 0.1351 3650.5 1291.5 1.8147 0.026495 0.29381
763.84 57138 3433.6 2533.7 2435.7 0.13364 3007.9 1045.7 1.8148 0.02828 0.28804
766.81 58499 3479.8 2489.7 2111.2 0.13228 2546.6 872.01 1.8149 0.029817 0.28343
767.63 58876 3492.8 2477.6 2028.5 0.1319 2426.7 827.36 1.8149 0.030244 0.28186
769.6 59780 3524.3 2448.4 1841.6 0.13096 2189.3 744.77 1.8149 0.031276 0.2807
773.1 61394 3581.6 2396.6 1545.3 0.1293 1823.1 619.01 1.815 0.033137 0.2793
776.07 62769 3631.6 2352.6 1327.1 0.12793 1554 527.32 1.815 0.03474 0.27787
776.89 63149 3645.5 2340.5 1271.8 0.12756 1471.7 497.63 1.815 0.035187 0.27559
778.86 64062 3679.5 2311.4 1147.2 0.12664 1302.1 437.84 1.8151 0.036264 0.27191
782.36 65692 3741.4 2259.5 951.35 0.12496 1018.8 336.13 1.8151 0.038207 0.26127
785.33 67079 3795.5 2215.5 808.68 0.12346 822.83 266.64 1.8152 0.039881 0.25238
786.15 67462 3810.6 2203.4 772.74 0.12304 773.49 249.12 1.8152 0.040348 0.24964
787.44 68068 3834.8 2184.2 718.88 0.12238 712.92 229.01 1.8152 0.041088 0.24811
790.01 69268 3883.4 2146.3 621.83 0.12108 589.4 186.75 1.8153 0.042566 0.24056
792.85 70601 3938.7 2104.3 527.88 0.11944 405.92 121.24 1.8153 0.044227 0.20841
794.88 71555 3979.5 2074.2 467.75 0.11792 267.99 77.355 1.8154 0.045431 0.16983
795.41 71802 3990.2 2066.3 453.07 0.11746 242.27 70.118 1.8154 0.045747 0.16157
797.38 72719 4030.8 2037.2 402.33 0.11556 154.28 46.57 1.8154 0.046926 0.12728
800.88 74333 4105.2 1985.4 325.76 0.11139 54.502 24.991 1.8155 0.049056 0.066163
803.85 75674 4170.3 1941.4 272.87 0.10705 8.4429 18.071 1.8155 0.050895 0.014316
804.67 76038 4188.6 1929.3 259.98 0.10572 2.0829e-15 16.892 1.8155 0.051408 0
804.67 76038 4188.6 1929.3 259.98 0.10572 2.0829e-15 16.892 1.8155 0.051408 0
805.67 76480 4187.6 1929.3 242.38 0.10406 2.4468e-15 15.741 1.8155 0.052035 0
806.67 76911 4186.7 1929.3 226.28 0.1024 1.3415e-15 14.69 1.8155 0.052662 0
807.67 77336 4185.7 1929.3 211.42 0.10074 1.9988e-15 13.72 1.8156 0.053289 0
808.67 77753 4184.8 1929.3 197.71 0.099082 9.1872e-16 12.825 1.8156 0.053915 0
809.67 78164 4183.9 1929.3 185.04 0.097421 1.7494e-15 11.999 1.8156 0.054542 0
810.67 78567 4183 1929.3 173.34 0.09576 4.4441e-16 11.235 1.8156 0.055168 0
811.67 78964 4182.1 1929.3 162.52 0.094098 7.8124e-17 10.53 1.8156 0.055794 0
812.67 79353 4181.2 1929.3 152.51 0.092435 4.8875e-16 9.8776 1.8156 0.05642 0
813.67 79735 4180.4 1929.3 143.25 0.090771 1.5608e-15 9.2741 1.8156 0.057047 0
814.67 80111 4179.6 1929.3 134.67 0.089107 1.2893e-15 8.7155 1.8157 0.057673 0
815.67 80479 4178.7 1929.3 126.72 0.087443 7.5129e-16 8.1981 1.8157 0.058299 0
816.67 80841 4177.9 1929.3 119.35 0.085778 -1.9603e-16 7.7187 1.8157 0.058925 0
817.67 81195 4177.2 1929.3 112.52 0.084112 1.2846e-15 7.2742 1.8157 0.059551 0
818.67 81543 4176.4 1929.3 106.18 0.082446 -2.8286e-16 6.8619 1.8157 0.060176 0
819.67 81883 4175.6 1929.3 100.3 0.080779 -1.13e-18 6.4793 1.8157 0.060802 0
820.67 82216 4174.9 1929.3 94.829 0.079111 0 6.124 1.8157 0.061428 0
821.67 82543 4174.2 1929.3 89.748 0.077443 0 5.794 1.8157 0.062054 0
822.67 82862 4173.5 1929.3 85.026 0.075775 0 5.4873 1.8158 0.062679 0
823.67 83175 4172.8 1929.3 80.633 0.074106 0 5.202 1.8158 0.063305 0
824.67 83480 4172.1 1929.3 76.545 0.072437 0 4.9367 1.8158 0.06393 0
825.67 83779 4171.5 1929.3 72.739 0.070767 0 4.6898 1.8158 0.064556 0
826.67 84070 4170.9 1929.3 69.194 0.069096 0 4.4599 1.8158 0.065181 0
827.67 84355 4170.2 1929.3 65.892 0.067426 0 4.2457 1.8158 0.065806 0
828.67 84632 4169.6 1929.3 62.813 0.065754 0 4.0461 1.8158 0.066431 0
829.67 84903 4169 1929.3 59.911 0.064083 0 3.8583 1.8158 0.067057 0
830.67 85166 4168.5 1798.4 0 0.06241 0 0 1.8158 0.067682 0
831.67 85423 4167.9 1798.4 0 0.060738 0 0 1.8159 0.068307 0
832.67 85672 4167.4 1798.4 0 0.059065 0 0 1.8159 0.068932 0
833.67 85915 4166.9 1798.4 0 0.057392 0 0 1.8159 0.069557 0
834.67 86150 4166.3 1798.4 0 0.055718 0 0 1.8159 0.070182 0
835.67 86379 4165.9 1798.4 0 0.054044 0 0 1.8159 0.070807 0
836.67 86600 4165.4 1798.4 0 0.05237 0 0 1.8159 0.071432 0
837.67 86815 4164.9 1798.4 0 0.050695 0 0 1.8159 0.072057 0
838.67 87022 4164.5 1798.4 0 0.04902 0 0 1.8159 0.072682 0
839.67 87223 4164.1 1798.4 0 0.047344 0 0 1.8159 0.073307 0
840.67 87416 4163.6 1798.4 0 0.045669 0 0 1.8159 0.073931 0
841.67 87603 4163.3 1798.4 0 0.043993 0 0 1.8159 0.074556 0
842.67 87783 4162.9 1798.4 0 0.042317 0 0 1.8159 0.075181 0
843.67 87955 4162.5 1798.4 0 0.04064 0 0 1.816 0.075805 0
844.67 88121 4162.2 1798.4 0 0.038963 0 0 1.816 0.07643 0
845.67 88279 4161.8 1798.4 0 0.037286 0 0 1.816 0.077055 0
846.67 88431 4161.5 1798.4 0 0.035609 0 0 1.816 0.077679 0
847.67 88576 4161.2 1798.4 0 0.033932 0 0 1.816 0.078304 0
848.67 88713 4160.9 1798.4 0 0.032254 0 0 1.816 0.078928 0
849.67 88844 4160.7 1798.4 0 0.030576 0 0 1.816 0.079553 0
850.67 88968 4160.4 1798.4 0 0.028898 0 0 1.816 0.080178 0
851.67 89085 4160.2 1798.4 0 0.02722 0 0 1.816 0.080802 0
852.67 89194 4160 1798.4 0 0.025541 0 0 1.816 0.081427 0
853.67 89297 4159.8 1798.4 0 0.023863 0 0 1.816 0.082051 0
854.67 89393 4159.6 1798.4 0 0.022184 0 0 1.816 0.082675 0
855.67 89482 4159.4 1798.4 0 0.020505 0 0 1.816 0.0833 0
856.67 89563 4159.3 1798.4 0 0.018826 0 0 1.816 0.083924 0
857.67 89638 4159.1 1798.4 0 0.017147 0 0 1.816 0.084549 0
858.67 89706 4159 1798.4 0 0.015468 0 0 1.816 0.085173 0
859.67 89767 4158.9 1798.4 0 0.013788 0 0 1.816 0.085798 0
860.67 89821 4158.8 1798.4 0 0.012109 0 0 1.816 0.086422 0
861.67 89868 4158.7 1798.4 0 0.01043 0 0 1.816 0.087046 0
862.67 89907 4158.7 1798.4 0 0.0087503 0 0 1.816 0.087671 0
863.67 89940 4158.6 1798.4 0 0.0070708 0 0 1.816 0.088295 0
864.67 89966 4158.6 1798.4 0 0.0053913 0 0 1.816 0.088919 0
865.67 89985 4158.6 1798.4 0 0.0037118 0 0 1.816 0.089544 0
866.67 89997 4158.6 1798.4 0 0.0020322 0 0 1.816 0.090168 0
867.67 90002 4158.6 1798.4 0 0.00035273 0 0 1.816 0.090793 0
868.67 90000 4158.7 1798.4 0 0 0 0 1.816 0.091417 0
