-0.136	1.78	33000	0.043633	2850	158.14
-0.136	1.78	33000	0.043633	2875	160.59
-0.136	1.78	33000	0.043633	2900	166.34
-0.136	1.78	33000	0.043633	2925	167.86
-0.136	1.78	33000	0.061087	2850	163.65
-0.136	1.78	33000	0.061087	2875	170.33
-0.136	1.78	33000	0.061087	2900	174.16
-0.136	1.78	33000	0.061087	2925	178.39
-0.136	1.78	33500	0.043633	2850	161.01
-0.136	1.78	33500	0.043633	2925	173.94
-0.136	1.78	33500	0.061087	2850	165.72
-0.136	1.78	33500	0.061087	2875	170.62
-0.136	1.78	33500	0.061087	2900	175.39
-0.136	1.78	33500	0.061087	2925	178.56
-0.136	1.78	34000	0.043633	2875	166.27
-0.136	1.78	34000	0.061087	2850	168.21
-0.136	1.78	34000	0.061087	2900	176.32
-0.136	1.78	34000	0.061087	2925	179.8
-0.136	1.78	34500	0.043633	2900	170.24
-0.136	1.78	34500	0.043633	2925	175.05
-0.136	1.78	34500	0.061087	2850	169.79
-0.136	1.78	34500	0.061087	2925	181.82
-0.136	1.78	35000	0.043633	2850	163
-0.136	1.78	35000	0.043633	2875	167.2
-0.136	1.78	35000	0.043633	2900	173.16
-0.136	1.78	35000	0.061087	2850	168.47
-0.136	1.78	35000	0.061087	2875	174.42
-0.136	1.78	35500	0.043633	2850	163.96
-0.136	1.78	35500	0.043633	2875	166.92
-0.136	1.78	35500	0.043633	2900	171.1
-0.136	1.78	35500	0.043633	2925	175.82
-0.136	1.78	35500	0.061087	2850	167.85
-0.136	1.78	35500	0.061087	2875	175.57
-0.136	1.78	35500	0.061087	2900	178.29
-0.136	1.78	35500	0.061087	2925	183.01
-0.136	1.78	33000	0.05236	2850	161.1
-0.136	1.78	33000	0.05236	2875	167.04
-0.136	1.78	33000	0.05236	2900	168.4
-0.136	1.78	33000	0.05236	2925	173.88
-0.136	1.78	33000	0.069813	2850	167.09
-0.136	1.78	33000	0.069813	2875	173
-0.136	1.78	33000	0.069813	2900	176.69
-0.136	1.78	33000	0.069813	2925	181.58
-0.136	1.78	33500	0.034907	2850	155.61
-0.136	1.78	33500	0.034907	2875	160
-0.136	1.78	33500	0.034907	2900	165.69
-0.136	1.78	33500	0.034907	2925	167.44
-0.136	1.78	33500	0.05236	2850	164.21
-0.136	1.78	33500	0.05236	2875	167.67
-0.136	1.78	33500	0.05236	2900	172.89
-0.136	1.78	33500	0.05236	2925	176.57
-0.136	1.78	33500	0.069813	2850	170.47
-0.136	1.78	33500	0.069813	2875	172.78
-0.136	1.78	33500	0.069813	2900	178.37
-0.136	1.78	33500	0.069813	2925	183.42
-0.136	1.78	34000	0.034907	2850	158.23
-0.136	1.78	34000	0.034907	2875	161.44
-0.136	1.78	34000	0.034907	2900	166.42
-0.136	1.78	34000	0.034907	2925	170.96
-0.136	1.78	34000	0.05236	2850	164.26
-0.136	1.78	34000	0.05236	2875	168.12
-0.136	1.78	34000	0.05236	2900	173.74
-0.136	1.78	34000	0.069813	2875	175.29
-0.136	1.78	34000	0.069813	2900	179.61
-0.136	1.78	34500	0.034907	2875	164.44
-0.136	1.78	34500	0.034907	2900	169.41
-0.136	1.78	34500	0.034907	2925	173.12
-0.136	1.78	34500	0.05236	2850	164.76
-0.136	1.78	34500	0.05236	2875	168.7
-0.136	1.78	34500	0.05236	2900	174.66
-0.136	1.78	34500	0.05236	2925	176.82
-0.136	1.78	35000	0.034907	2850	160.54
-0.136	1.78	35000	0.034907	2875	164.44
-0.136	1.78	35000	0.034907	2900	167.86
-0.136	1.78	35000	0.05236	2850	167.19
-0.136	1.78	35000	0.05236	2875	169.14
-0.136	1.78	35000	0.05236	2925	178.43
-0.136	1.78	35000	0.069813	2850	171.77
-0.136	1.78	35000	0.069813	2875	176.55
-0.136	1.78	35000	0.069813	2900	180.6
-0.136	1.78	35000	0.069813	2925	184.87
-0.136	1.78	35500	0.034907	2850	161.17
-0.136	1.78	35500	0.034907	2875	166.11
-0.136	1.78	35500	0.034907	2900	168.7
-0.136	1.78	35500	0.034907	2925	171.78
-0.136	1.78	35500	0.05236	2850	167.64
-0.136	1.78	35500	0.05236	2875	169.95
-0.136	1.78	35500	0.05236	2900	174.91
-0.136	1.78	35500	0.05236	2925	180.82
-0.136	1.78	35500	0.069813	2850	171
-0.136	1.78	35500	0.069813	2875	176.35
-0.136	1.78	35500	0.069813	2900	181.27
-0.136	1.78	35500	0.069813	2925	186.83
-0.136	1.78	33000	0.02618	2875	149.5
-0.136	1.78	33000	0.02618	2900	153.07
-0.136	1.78	33500	0.02618	2850	150.56
-0.136	1.78	33500	0.02618	2875	151.76
-0.136	1.78	33500	0.02618	2900	154.68
-0.136	1.78	33500	0.02618	2925	159.85
-0.136	1.78	34000	0.02618	2850	149.7
-0.136	1.78	34000	0.02618	2875	156.39
-0.136	1.78	34000	0.02618	2900	162.97
-0.136	1.78	34000	0.02618	2925	163.95
-0.136	1.78	34500	0.02618	2850	156.67
-0.136	1.78	34500	0.02618	2875	159.11
-0.136	1.78	34500	0.02618	2900	164.36
-0.136	1.78	34500	0.02618	2925	168.02
-0.136	1.78	35000	0.02618	2850	158.53
-0.136	1.78	35000	0.02618	2875	160.13
-0.136	1.78	35000	0.02618	2900	166.28
-0.136	1.78	35000	0.02618	2925	170.24
-0.136	1.78	35500	0.02618	2850	155.82
-0.136	1.78	35500	0.02618	2875	161.52
-0.136	1.78	35500	0.02618	2900	162.9
-0.136	1.78	35500	0.02618	2925	171.65
-0.136	1.78	36000	0.02618	2875	165.8
-0.136	1.78	36000	0.02618	2900	167.17
-0.136	1.78	36000	0.02618	2925	169.81
