0 34281 2828 3300 36760 0.051849 5395.1 1.78
1 34428 2838.8 3285.2 36198 0.052172 5459 1.78
2 34576 2849.7 3270.4 35634 0.052586 5528.3 1.78
3 34727 2860.5 3255.6 35069 0.053066 5602.1 1.78
4 34880 2871.4 3240.8 34502 0.053613 5679.2 1.7801
5 35035 2882.2 3226 33934 0.054229 5761.3 1.7801
6 35192 2893.1 3211.2 33362 0.054918 5870.8 1.7801
7 35352 2904 3196.4 32788 0.055688 6020.6 1.7801
8 35515 2914.8 3181.6 32208 0.056548 6172.3 1.7801
9 35682 2925.7 3166.8 31623 0.057494 6326.7 1.7801
10 35851 2936.5 3152 31032 0.058528 6483.2 1.7801
11 36025 2947.2 3137.1 30434 0.059651 6641.4 1.7802
12 36203 2958 3122.3 29829 0.060861 6804.5 1.7802
13 36385 2968.7 3107.5 29218 0.06216 7025.9 1.7802
14 36571 2979.4 3092.7 28598 0.063561 7278 1.7802
15 36763 2989.9 3077.9 27969 0.065067 7571.1 1.7802
16 36960 3000.4 3063.1 27332 0.066698 7890.2 1.7802
17 37163 3010.8 3048.3 26685 0.068458 8203.5 1.7802
18 37372 3021.1 3033.5 26028 0.07034 8603.8 1.7803
19 37587 3031.2 3018.7 25362 0.07235 8931.7 1.7803
20 37810 3041.3 3003.9 24686 0.074449 9154.4 1.7803
21 38039 3051.3 2989.1 24003 0.076603 9263.3 1.7803
22 38277 3061.3 2974.3 23315 0.078774 9346.4 1.7803
23 38521 3071.3 2959.5 22623 0.08097 9451.6 1.7803
24 38773 3081.3 2944.7 21928 0.08319 9515.9 1.7804
25 39033 3091.4 2929.9 21232 0.085415 9502.6 1.7804
26 39301 3101.4 2915.1 20538 0.087622 9394.5 1.7804
27 39576 3111.6 2900.3 19846 0.089781 9178 1.7804
28 39859 3121.9 2885.5 19161 0.091862 8867.6 1.7804
29 40149 3132.4 2870.7 18484 0.09384 8551.7 1.7805
30 40446 3143.1 2855.9 17816 0.095724 8239.9 1.7805
31 40750 3153.9 2841.1 17159 0.097519 7933.2 1.7805
32 41060 3165 2826.3 16515 0.099225 7632.5 1.7805
33 41377 3176.2 2811.4 15884 0.10085 7338.5 1.7805
34 41700 3187.6 2796.6 15268 0.10238 7051.9 1.7805
35 42029 3199.1 2781.8 14666 0.10383 6867.3 1.7806
36 42363 3210.8 2767 14080 0.10525 6918.2 1.7806
37 42703 3222.4 2752.2 13508 0.10673 7107.5 1.7806
38 43050 3233.9 2737.4 12949 0.10829 7396.8 1.7806
39 43402 3245.3 2722.6 12403 0.10994 7608.2 1.7806
40 43762 3256.7 2707.8 11871 0.11164 7656 1.7807
41 44128 3268 2693 11352 0.11334 7470.6 1.7807
42 44501 3279.6 2678.2 10849 0.11497 7021.5 1.7807
43 44880 3291.5 2663.4 10363 0.11645 6394.4 1.7807
44 45266 3303.8 2648.6 9894.1 0.11772 5693.4 1.7807
45 45657 3316.5 2633.8 9444.2 0.11878 5006.5 1.7808
46 46052 3329.7 2619 9012.8 0.11964 4449.2 1.7808
47 46452 3343.2 2604.2 8599.7 0.12033 4032.6 1.7808
48 46855 3356.9 2589.4 8204.4 0.12091 3780.3 1.7808
49 47262 3370.8 2574.6 7846.5 0.12144 3706.3 1.7809
50 47672 3384.8 2559.8 7512.5 0.122 3745.8 1.7809
51 48086 3398.7 2545 7189.2 0.12263 3853.3 1.7809
52 48503 3412.6 2530.2 6875.9 0.12334 3984.5 1.7809
53 48925 3426.5 2515.4 6572.5 0.12411 4060.7 1.7809
54 49351 3440.4 2500.5 6278.8 0.12494 4040.3 1.781
55 49782 3454.4 2485.7 5994.8 0.12577 3891.7 1.781
56 50218 3468.6 2470.9 5720.7 0.12655 3638.6 1.781
57 50658 3483 2456.1 5456.8 0.12724 3326.2 1.781
58 51102 3497.7 2441.3 5208.5 0.12782 2990 1.781
59 51550 3512.7 2426.5 4986.8 0.12828 2662.6 1.7811
60 52001 3528.1 2411.7 4772.1 0.12863 2373 1.7811
61 52455 3543.7 2396.9 4564.5 0.12888 2130.8 1.7811
62 52912 3559.5 2382.1 4363.9 0.12903 1930.4 1.7811
63 53371 3575.6 2367.3 4170.2 0.12912 1738.1 1.7812
64 53833 3592 2352.5 3983.2 0.12913 1561.1 1.7812
65 54297 3608.5 2337.7 3803.1 0.12907 1411.3 1.7812
66 54762 3625.3 2322.9 3629.6 0.12894 1281.3 1.7812
67 55229 3642.3 2308.1 3462.6 0.12875 1175.4 1.7812
68 55697 3659.5 2293.3 3302 0.12852 1097.3 1.7813
69 56167 3676.8 2278.5 3147.5 0.12828 1045.7 1.7813
70 56638 3694.3 2263.7 2999 0.12805 1004.1 1.7813
71 57111 3711.9 2248.9 2856.2 0.12782 967.8 1.7813
72 57584 3729.6 2234.1 2719 0.12759 933.97 1.7813
73 58060 3747.5 2219.3 2587.2 0.12738 900.44 1.7814
74 58537 3765.6 2204.5 2460.6 0.12718 865.39 1.7814
75 59015 3783.7 2189.7 2339.1 0.12699 827.39 1.7814
76 59495 3802.1 2174.8 2222.5 0.1268 779.91 1.7814
77 59977 3820.6 2160 2110.6 0.12659 713.52 1.7814
78 60460 3839.3 2145.2 2003.4 0.12635 636.13 1.7815
79 60944 3858.3 2130.4 1900.8 0.12604 560.77 1.7815
80 61430 3877.4 2115.6 1802.8 0.12567 492.23 1.7815
81 61916 3896.9 2100.8 1709 0.12524 429.76 1.7815
82 62404 3916.5 2086 1619.6 0.12475 376.43 1.7815
83 62891 3936.4 2071.2 1534.3 0.12421 336.33 1.7816
84 63379 3956.5 2056.4 1452.9 0.12364 299.93 1.7816
85 63867 3976.8 2041.6 1375.4 0.12302 266.36 1.7816
86 64355 3997.3 2026.8 1301.6 0.12237 235.13 1.7816
87 64843 4018 2012 1231.4 0.12168 207.53 1.7816
88 65331 4038.9 1997.2 1164.6 0.12095 184.76 1.7817
89 65818 4060 1982.4 1101.2 0.12019 163.8 1.7817
90 66304 4081.4 1967.6 1040.9 0.11939 144.53 1.7817
91 66790 4103 1952.8 983.67 0.11856 126.86 1.7817
92 67275 4124.8 1938 929.38 0.11769 112.9 1.7817
93 67759 4146.8 1923.2 877.91 0.11679 100.7 1.7817
94 68241 4169 1908.4 829.12 0.11586 89.591 1.7818
95 68723 4191.4 1893.6 782.91 0.11489 79.412 1.7818
96 69202 4214.1 1878.8 739.16 0.11389 70.465 1.7818
97 69681 4237 1863.9 697.76 0.11286 63.637 1.7818
98 70157 4260.1 1849.1 658.6 0.1118 57.345 1.7818
99 70631 4283.4 1834.3 621.59 0.11071 51.553 1.7818
100 71103 4307 1819.5 586.39 0.10959 46.163 1.7819
101 71573 4330.8 1804.7 552.45 0.10844 41.877 1.7819
102 72041 4354.8 1789.9 520.52 0.10726 38.316 1.7819
103 72506 4379 1775.1 490.51 0.10604 35.012 1.7819
104 72968 4403.5 1760.3 462.3 0.1048 31.791 1.7819
105 73427 4428.3 1745.5 435.79 0.10351 29.12 1.7819
106 73883 4453.2 1730.7 410.9 0.10217 27.075 1.782
107 74336 4478.4 1715.9 387.53 0.1008 25.209 1.782
108 74785 4503.9 1701.1 365.61 0.099381 23.535 1.782
109 75230 4529.6 1686.3 345.05 0.097947 22.063 1.782
110 75671 4555.5 1671.5 325.77 0.096515 20.802 1.782
111 76108 4581.7 1656.7 307.67 0.095114 19.755 1.782
112 76541 4608.2 1641.9 290.69 0.093781 18.855 1.782
113 76971 4634.9 1627.1 274.73 0.092534 18.038 1.7821
114 77397 4661.9 1612.3 259.71 0.091376 17.428 1.7821
115 77821 4689.1 1597.5 245.55 0.090303 17.041 1.7821
116 78243 4716.6 1582.7 232.2 0.089294 16.385 1.7821
117 78662 4744.4 1567.9 219.59 0.088319 15.402 1.7821
118 79080 4772.4 1553.1 207.7 0.087336 14.186 1.7821
119 79495 4800.8 1538.2 196.47 0.086315 12.877 1.7821
120 79908 4829.4 1523.4 185.88 0.085241 11.974 1.7821
121 80317 4858.4 1508.6 175.91 0.084112 11.157 1.7821
122 80724 4887.6 1493.8 166.52 0.082935 10.436 1.7822
123 81127 4917.2 1479 157.69 0.081732 9.8175 1.7822
124 81527 4947.1 1464.2 149.37 0.080535 9.2859 1.7822
125 81923 4977.3 1449.4 141.55 0.079373 8.8057 1.7822
126 82316 5007.9 1434.6 134.18 0.078254 8.3681 1.7822
127 82706 5038.7 1419.8 127.24 0.077192 7.9657 1.7822
128 83093 5070 1405 120.68 0.076202 7.5923 1.7822
129 83478 5101.5 1390.2 114.49 0.075298 7.3639 1.7822
130 83861 5133.4 1375.4 108.63 0.074496 7.3508 1.7822
131 84242 5165.6 1360.6 103.07 0.073809 6.8117 1.7822
132 84622 5198.3 1345.8 97.795 0.073046 6.3092 1.7823
133 85001 5231.3 1331 0 0.072268 0 1.7823
134 85378 5264.7 1185.3 0 0.071473 0 1.7823
135 85753 5304.1 1170.5 0 0.0707 0 1.7823
136 86127 5342.2 1155.7 0 0.069899 0 1.7823
137 86499 5380.9 1140.9 0 0.069081 0 1.7823
138 86870 5420 1126.1 0 0.068245 0 1.7823
139 87238 5459.7 1111.3 0 0.067391 0 1.7823
140 87605 5439.1 1111.3 0 0.066423 0 1.7823
141 87963 5438.5 1111.3 0 0.065481 0 1.7823
142 88316 5437.9 1111.3 0 0.064543 0 1.7823
143 88664 5437.3 1111.3 0 0.063606 0 1.7823
144 89007 5436.8 1111.3 0 0.062668 0 1.7824
145 89345 5436.2 1111.3 0 0.06173 0 1.7824
146 89678 5435.7 1111.3 0 0.060792 0 1.7824
147 90006 5435.1 1111.3 0 0.059854 0 1.7824
148 90328 5434.6 1111.3 0 0.058916 0 1.7824
149 90646 5434.1 1111.3 0 0.057977 0 1.7824
150 90958 5433.5 1111.3 0 0.057039 0 1.7824
151 91265 5433 1111.3 0 0.0561 0 1.7824
152 91567 5432.5 1111.3 0 0.055161 0 1.7824
153 91864 5432.1 1111.3 0 0.054222 0 1.7824
154 92156 5431.6 1111.3 0 0.053282 0 1.7824
155 92443 5431.1 1111.3 0 0.052343 0 1.7824
156 92724 5430.6 1111.3 0 0.051403 0 1.7824
157 93001 5430.2 1111.3 0 0.050463 0 1.7824
158 93272 5429.8 1111.3 0 0.049523 0 1.7824
159 93538 5429.3 1111.3 0 0.048583 0 1.7824
160 93799 5428.9 1111.3 0 0.047643 0 1.7825
161 94055 5428.5 1111.3 0 0.046703 0 1.7825
162 94306 5428.1 1111.3 0 0.045762 0 1.7825
163 94552 5427.7 1111.3 0 0.044822 0 1.7825
164 94793 5427.3 1111.3 0 0.043881 0 1.7825
165 95028 5426.9 1111.3 0 0.04294 0 1.7825
166 95259 5426.5 1111.3 0 0.041999 0 1.7825
167 95484 5426.2 1111.3 0 0.041058 0 1.7825
168 95704 5425.8 1111.3 0 0.040117 0 1.7825
169 95919 5425.5 1111.3 0 0.039175 0 1.7825
170 96129 5425.1 1111.3 0 0.038234 0 1.7825
171 96334 5424.8 1111.3 0 0.037292 0 1.7825
172 96534 5424.5 1111.3 0 0.036351 0 1.7825
173 96728 5424.2 1111.3 0 0.035409 0 1.7825
174 96918 5423.9 1111.3 0 0.034467 0 1.7825
175 97102 5423.6 1111.3 0 0.033525 0 1.7825
176 97281 5423.3 1111.3 0 0.032583 0 1.7825
177 97455 5423.1 1111.3 0 0.031641 0 1.7825
178 97624 5422.8 1111.3 0 0.030699 0 1.7825
179 97788 5422.5 1111.3 0 0.029757 0 1.7825
180 97947 5422.3 1111.3 0 0.028814 0 1.7825
181 98101 5422.1 1111.3 0 0.027872 0 1.7825
182 98249 5421.8 1111.3 0 0.02693 0 1.7825
183 98393 5421.6 1111.3 0 0.025987 0 1.7826
184 98531 5421.4 1111.3 0 0.025044 0 1.7826
185 98664 5421.2 1111.3 0 0.024102 0 1.7826
186 98792 5421 1111.3 0 0.023159 0 1.7826
187 98915 5420.8 1111.3 0 0.022216 0 1.7826
188 99033 5420.7 1111.3 0 0.021273 0 1.7826
189 99146 5420.5 1111.3 0 0.02033 0 1.7826
190 99253 5420.3 1111.3 0 0.019387 0 1.7826
191 99356 5420.2 1111.3 0 0.018444 0 1.7826
192 99453 5420.1 1111.3 0 0.017501 0 1.7826
193 99546 5419.9 1111.3 0 0.016558 0 1.7826
194 99633 5419.8 1111.3 0 0.015615 0 1.7826
195 99715 5419.7 1111.3 0 0.014672 0 1.7826
196 99792 5419.6 1111.3 0 0.013729 0 1.7826
197 99864 5419.5 1111.3 0 0.012786 0 1.7826
198 99931 5419.4 1111.3 0 0.011842 0 1.7826
199 99992 5419.4 1111.3 0 0.010899 0 1.7826
200 1.0005e+05 5419.3 1111.3 0 0.0099558 0 1.7826
201 1.001e+05 5419.2 1111.3 0 0.0090125 0 1.7826
202 1.0015e+05 5419.2 1111.3 0 0.0080692 0 1.7826
203 1.0019e+05 5419.2 1111.3 0 0.0071259 0 1.7826
204 1.0022e+05 5419.1 1111.3 0 0.0061825 0 1.7826
205 1.0025e+05 5419.1 1111.3 0 0.0052392 0 1.7826
206 1.0028e+05 5419.1 1111.3 0 0.0042959 0 1.7826
207 1.003e+05 5419.1 1111.3 0 0.0033526 0 1.7826
208 1.0032e+05 5419.1 1111.3 0 0.0024093 0 1.7826
209 1.0033e+05 5419.1 1111.3 0 0.001466 0 1.7826
210 1.0033e+05 5419.1 1111.3 0 0.00052266 0 1.7826
211 1.0033e+05 5419.2 1111.3 0 0 0 1.7826
