time (s) altitude (m) velocity (m/s) mass (kg)trajectory angle (rad) angle of attack (rad) heading angle (rad) latitude (rad)
0 90 30 29388 1.5691 0 -0.03064 -0.2123 2.3868
0.14025 94.241 30.474 29368 1.569 -0.00049121 -0.012516 -0.2123 2.3868
0.44929 103.82 31.523 29323 1.5688 -0.0015682 0.024828 -0.2123 2.3868
0.879 117.68 32.991 29262 1.5682 -0.0030318 0.067572 -0.2123 2.3868
1.3639 134.08 34.66 29192 1.5671 -0.0046009 0.10226 -0.2123 2.3868
1.8302 150.62 36.279 29125 1.5657 -0.006006 0.12518 -0.2123 2.3868
2.2069 164.53 37.596 29070 1.5642 -0.0070631 0.13852 -0.2123 2.3868
2.4367 173.27 38.403 29037 1.5631 -0.0076774 0.14504 -0.2123 2.3868
2.4927 175.42 38.601 29029 1.5628 -0.0078245 0.14647 -0.2123 2.3868
2.633 180.87 39.095 29009 1.5621 -0.0081895 0.14984 -0.2123 2.3868
2.942 193.12 40.19 28964 1.5604 -0.0089653 0.15624 -0.2123 2.3868
3.3717 210.72 41.722 28903 1.5578 -0.0099657 0.16332 -0.2123 2.3868
3.8567 231.37 43.463 28833 1.5543 -0.010984 0.16946 -0.2123 2.3868
4.3229 252.03 45.151 28766 1.5505 -0.011853 0.17406 -0.2123 2.3868
4.6996 269.29 46.525 28711 1.5471 -0.012475 0.17707 -0.2123 2.3868
4.9294 280.08 47.367 28678 1.545 -0.01282 0.17868 -0.2123 2.3868
4.9855 282.73 47.573 28670 1.5444 -0.012902 0.17904 -0.2123 2.3868
5.1257 289.44 48.089 28650 1.543 -0.013101 0.17992 -0.2123 2.3868
5.4348 304.47 49.23 28605 1.5398 -0.013508 0.18168 -0.2123 2.3868
5.8645 325.96 50.827 28544 1.5349 -0.013995 0.1838 -0.2123 2.3868
6.3494 351.02 52.644 28474 1.5291 -0.014435 0.1858 -0.2123 2.3868
6.8157 375.96 54.404 28407 1.523 -0.014747 0.18743 -0.2123 2.3868
7.1924 396.69 55.837 28352 1.5178 -0.01492 0.18858 -0.2123 2.3868
7.4222 409.61 56.715 28319 1.5145 -0.01499 0.18921 -0.2123 2.3868
7.4782 412.79 56.93 28311 1.5137 -0.015005 0.18936 -0.2123 2.3868
7.6185 420.79 57.468 28291 1.5116 -0.015037 0.18971 -0.2123 2.3868
7.9275 438.7 58.659 28247 1.507 -0.015075 0.19045 -0.2123 2.3868
8.3572 464.21 60.326 28185 1.5001 -0.01505 0.19138 -0.2123 2.3868
8.8421 493.84 62.223 28115 1.4921 -0.014911 0.19229 -0.2123 2.3868
9.3084 523.18 64.062 28048 1.484 -0.014666 0.19308 -0.2123 2.3868
9.6851 547.49 65.559 27993 1.4772 -0.01439 0.19364 -0.2123 2.3868
9.9149 562.6 66.478 27960 1.4729 -0.014187 0.19397 -0.2123 2.3868
9.971 566.31 66.702 27952 1.4719 -0.014135 0.19404 -0.2123 2.3868
10.111 575.66 67.265 27932 1.4692 -0.014001 0.19423 -0.2123 2.3868
10.42 596.52 68.512 27888 1.4633 -0.013675 0.19462 -0.2123 2.3868
10.85 626.15 70.258 27826 1.4548 -0.013145 0.19512 -0.2123 2.3868
11.335 660.45 72.247 27756 1.445 -0.012436 0.19563 -0.2123 2.3868
11.801 694.3 74.178 27689 1.4352 -0.011642 0.19608 -0.2123 2.3868
12.178 722.26 75.752 27635 1.4272 -0.010924 0.19641 -0.2123 2.3868
12.408 739.59 76.718 27602 1.4222 -0.010456 0.1966 -0.2123 2.3868
12.464 743.85 76.954 27593 1.421 -0.010339 0.19665 -0.2123 2.3868
12.697 761.74 77.943 27560 1.4159 -0.0098454 0.19683 -0.2123 2.3868
13.213 801.93 80.138 27486 1.4044 -0.0086669 0.19722 -0.2123 2.3868
13.929 859.54 83.229 27383 1.3881 -0.0068061 0.1977 -0.2123 2.3868
14.737 926.97 86.772 27266 1.3694 -0.0044031 0.19818 -0.2123 2.3868
15.514 994.22 90.231 27154 1.3512 -0.0017807 0.1986 -0.2123 2.3868
16.142 1050.3 93.066 27064 1.3365 0.00054537 0.1989 -0.2123 2.3868
16.525 1085.2 94.817 27009 1.3277 0.002045 0.19907 -0.2123 2.3868
16.618 1093.9 95.246 26995 1.3255 0.0024148 0.19912 -0.2123 2.3868
16.852 1115.6 96.323 26962 1.3202 0.0033489 0.19922 -0.2123 2.3868
17.367 1164.1 98.717 26888 1.3084 0.0054539 0.19943 -0.2123 2.3868
18.083 1233.4 102.09 26785 1.2924 0.0084781 0.19971 -0.2123 2.3868
18.891 1314.1 105.96 26668 1.2749 0.011938 0.2 -0.2123 2.3869
19.669 1394 109.74 26556 1.2587 0.015193 0.20026 -0.2123 2.3869
20.296 1460.4 112.84 26466 1.2461 0.017699 0.20046 -0.2123 2.3869
20.679 1501.6 114.75 26411 1.2386 0.019168 0.20057 -0.21229 2.3869
20.773 1511.8 115.22 26397 1.2369 0.019521 0.2006 -0.21229 2.3869
21.007 1537.3 116.39 26364 1.2325 0.020398 0.20067 -0.21229 2.3869
21.522 1594.4 119 26290 1.223 0.022261 0.20082 -0.21229 2.3869
22.238 1675.6 122.66 26187 1.2104 0.024636 0.20101 -0.21229 2.3869
23.046 1769.7 126.86 26070 1.1971 0.027007 0.20122 -0.21229 2.3869
23.823 1862.7 130.95 25959 1.1851 0.02898 0.20141 -0.21229 2.3869
24.451 1939.7 134.3 25868 1.1761 0.030352 0.20156 -0.21229 2.3869
24.834 1987.5 136.36 25813 1.1708 0.031095 0.20165 -0.21229 2.3869
24.927 1999.3 136.86 25800 1.1695 0.031268 0.20167 -0.21229 2.3869
26.156 2157.2 143.56 25623 1.154 0.033185 0.20194 -0.21229 2.3869
28.723 2508.8 157.96 25254 1.1269 0.034906 0.20246 -0.21228 2.3869
31.932 2990.4 176.74 24792 1.1017 0.03486 0.20306 -0.21227 2.387
34.923 3484 195.05 24362 1.087 0.034906 0.20356 -0.21227 2.387
36.895 3834.9 207.56 24078 1.0826 0.034893 0.20388 -0.21226 2.387
37.391 3926.5 210.76 24007 1.0821 0.03487 0.20396 -0.21226 2.387
37.625 3970.2 212.27 23973 1.082 0.034873 0.204 -0.21226 2.387
38.14 4067.5 215.63 23899 1.0819 0.034882 0.20408 -0.21226 2.3871
38.856 4205.3 220.34 23796 1.0823 0.034898 0.20419 -0.21225 2.3871
39.664 4364.5 225.71 23680 1.0835 0.034906 0.20431 -0.21225 2.3871
40.441 4521.3 230.92 23568 1.0853 0.034905 0.20443 -0.21225 2.3871
41.069 4650.8 235.18 23478 1.0872 0.034903 0.20453 -0.21225 2.3871
41.452 4731 237.79 23423 1.0886 0.034902 0.20458 -0.21224 2.3871
41.546 4750.7 238.43 23410 1.089 0.034902 0.2046 -0.21224 2.3871
41.779 4800.3 240.03 23376 1.09 0.034902 0.20463 -0.21224 2.3871
42.294 4910.8 243.58 23302 1.0923 0.034899 0.20471 -0.21224 2.3871
43.011 5067.4 248.56 23199 1.0961 0.034883 0.20482 -0.21224 2.3871
43.819 5248.3 254.24 23083 1.1011 0.034867 0.20494 -0.21224 2.3872
44.596 5426.7 259.77 22971 1.1065 0.034906 0.20506 -0.21223 2.3872
45.224 5573.9 264.28 22881 1.1114 0.034896 0.20515 -0.21223 2.3872
45.607 5665.2 267.05 22826 1.1146 0.034803 0.20521 -0.21223 2.3872
45.7 5687.6 267.72 22812 1.1154 0.03477 0.20523 -0.21223 2.3872
45.934 5744 269.42 22779 1.1175 0.03467 0.20526 -0.21223 2.3872
46.449 5869.8 273.19 22705 1.1221 0.034355 0.20534 -0.21223 2.3872
47.165 6048.1 278.45 22602 1.1288 0.033694 0.20545 -0.21222 2.3872
47.973 6254 284.44 22486 1.1366 0.032644 0.20557 -0.21222 2.3872
48.751 6456.9 290.07 22374 1.1437 0.031322 0.2057 -0.21222 2.3872
49.378 6624.1 294.39 22284 1.1487 0.030038 0.20579 -0.21222 2.3873
49.761 6727.5 296.96 22229 1.1514 0.029155 0.20585 -0.21221 2.3873
49.855 6752.9 297.57 22215 1.152 0.028929 0.20587 -0.21221 2.3873
50.089 6816.6 299.09 22182 1.1535 0.028345 0.2059 -0.21221 2.3873
50.604 6958.3 302.37 22108 1.1564 0.026963 0.20599 -0.21221 2.3873
51.32 7158.1 306.75 22005 1.1594 0.024819 0.2061 -0.21221 2.3873
52.128 7387.2 311.49 21889 1.1613 0.022093 0.20623 -0.2122 2.3873
52.905 7610.8 315.86 21777 1.1616 0.019163 0.20635 -0.2122 2.3873
53.533 7793.7 319.29 21687 1.1606 0.016576 0.20645 -0.2122 2.3873
53.916 7906.2 321.34 21632 1.1594 0.0149 0.2065 -0.2122 2.3873
54.009 7933.7 321.83 21618 1.1591 0.014481 0.20652 -0.2122 2.3873
54.243 8002.8 323.07 21585 1.1581 0.013415 0.20656 -0.2122 2.3873
54.758 8155.8 325.76 21511 1.1553 0.010974 0.20663 -0.21219 2.3874
55.474 8370.2 329.46 21408 1.1501 0.0073483 0.20674 -0.21219 2.3874
56.283 8614.4 333.61 21292 1.1422 0.0030033 0.20686 -0.21219 2.3874
57.06 8851.1 337.62 21180 1.1327 -0.0011221 0.20698 -0.21218 2.3874
57.687 9043.6 340.91 21090 1.1238 -0.0042397 0.20707 -0.21218 2.3874
58.071 9161.5 342.96 21035 1.1178 -0.0060534 0.20712 -0.21218 2.3874
58.164 9190.3 343.46 21021 1.1162 -0.0064811 0.20714 -0.21218 2.3874
58.398 9262.5 344.73 20988 1.1124 -0.007542 0.20717 -0.21218 2.3874
58.913 9422.1 347.58 20914 1.1034 -0.0097846 0.20724 -0.21217 2.3875
59.629 9644.8 351.64 20811 1.09 -0.01268 0.20734 -0.21217 2.3875
60.437 9897.4 356.39 20695 1.0737 -0.015643 0.20745 -0.21217 2.3875
61.214 10141 361.11 20583 1.0572 -0.01818 0.20755 -0.21216 2.3875
61.842 10339 365.04 20493 1.0432 -0.020013 0.20763 -0.21216 2.3875
62.225 10460 367.48 20438 1.0344 -0.021032 0.20767 -0.21216 2.3875
62.318 10489 368.09 20424 1.0322 -0.02127 0.20768 -0.21216 2.3875
63.547 10878 376.2 20248 1.0029 -0.023978 0.20783 -0.21215 2.3876
66.114 11694 394.57 19879 0.93859 -0.027263 0.20812 -0.21213 2.3877
69.323 12716 420.65 19417 0.8584 -0.026798 0.20845 -0.2121 2.3878
72.314 13668 448.35 18988 0.78952 -0.024307 0.20874 -0.21207 2.3879
74.286 14296 468.47 18704 0.74764 -0.024215 0.20892 -0.21205 2.388
74.782 14454 473.76 18633 0.73737 -0.024557 0.20896 -0.21205 2.3881
76.01 14845 487.27 18456 0.71234 -0.025727 0.20907 -0.21203 2.3881
78.578 15662 517.44 18087 0.66093 -0.030366 0.20929 -0.212 2.3883
81.787 16676 558.93 17625 0.59575 -0.041255 0.20955 -0.21196 2.3885
84.778 17603 602 17195 0.5324 -0.054648 0.20979 -0.21191 2.3887
86.75 18199 633.26 16911 0.49058 -0.062199 0.20994 -0.21187 2.3889
87.246 18346 641.52 16840 0.48033 -0.063593 0.20998 -0.21186 2.389
87.48 18416 645.46 16806 0.47556 -0.064269 0.21 -0.21186 2.389
87.995 18567 654.28 16732 0.46514 -0.065669 0.21004 -0.21185 2.389
88.711 18777 666.82 16629 0.45096 -0.067395 0.21009 -0.21184 2.3891
89.519 19010 681.37 16513 0.43538 -0.069037 0.21015 -0.21182 2.3892
90.296 19232 695.75 16401 0.42086 -0.070305 0.21021 -0.2118 2.3892
90.924 19410 707.65 16311 0.40945 -0.071114 0.21026 -0.21179 2.3893
91.307 19517 715.02 16255 0.40263 -0.071515 0.21029 -0.21178 2.3893
91.4 19544 716.83 16242 0.40099 -0.071607 0.2103 -0.21178 2.3893
91.634 19609 721.39 16208 0.3969 -0.071826 0.21031 -0.21178 2.3894
92.149 19752 731.54 16134 0.38803 -0.072242 0.21035 -0.21176 2.3894
92.865 19949 745.93 16031 0.376 -0.072654 0.21041 -0.21175 2.3895
93.674 20169 762.52 15915 0.36285 -0.072922 0.21047 -0.21173 2.3896
94.451 20378 778.82 15803 0.35059 -0.073037 0.21053 -0.21171 2.3897
95.079 20546 792.24 15712 0.34095 -0.073067 0.21057 -0.2117 2.3898
95.462 20647 800.53 15657 0.33517 -0.073064 0.2106 -0.21169 2.3898
95.555 20671 802.56 15644 0.33377 -0.073062 0.21061 -0.21168 2.3898
95.789 20733 807.67 15610 0.33029 -0.073051 0.21063 -0.21168 2.3898
96.304 20867 819.04 15536 0.32271 -0.073014 0.21066 -0.21167 2.3899
97.02 21052 835.06 15433 0.31236 -0.072934 0.21072 -0.21165 2.39
97.828 21258 853.46 15317 0.3009 -0.072803 0.21078 -0.21163 2.3901
98.605 21453 871.45 15205 0.29006 -0.072612 0.21084 -0.21161 2.3902
99.233 21608 886.19 15114 0.2814 -0.072387 0.21088 -0.21159 2.3903
99.616 21702 895.28 15059 0.27616 -0.072217 0.21091 -0.21158 2.3903
99.71 21725 897.5 15046 0.27489 -0.072172 0.21092 -0.21157 2.3903
100.94 22020 927.12 14869 0.25824 -0.071303 0.21101 -0.21154 2.3905
103.51 22607 991.07 14499 0.22398 -0.067303 0.21121 -0.21146 2.3909
106.71 23274 1074.3 14036 0.18206 -0.057167 0.21145 -0.21135 2.3914
109.71 23816 1155.1 13606 0.14535 -0.044362 0.21169 -0.21125 2.3919
111.68 24127 1210.6 13321 0.12326 -0.037161 0.21184 -0.21117 2.3923
112.17 24200 1224.9 13250 0.11793 -0.035864 0.21188 -0.21115 2.3924
112.41 24233 1231.7 13216 0.11545 -0.035232 0.2119 -0.21114 2.3924
112.92 24305 1246.7 13142 0.11004 -0.033934 0.21194 -0.21112 2.3925
113.64 24401 1267.8 13039 0.10266 -0.032352 0.212 -0.21109 2.3926
114.45 24503 1292 12922 0.094501 -0.03087 0.21206 -0.21106 2.3928
115.22 24594 1315.5 12810 0.086801 -0.0297 0.21213 -0.21102 2.393
115.85 24664 1334.7 12720 0.080685 -0.028774 0.21218 -0.211 2.3931
116.23 24704 1346.5 12664 0.077008 -0.02817 0.21221 -0.21098 2.3932
116.33 24714 1349.3 12651 0.076118 -0.028016 0.21222 -0.21098 2.3932
116.56 24738 1356.6 12617 0.073904 -0.027626 0.21224 -0.21096 2.3932
117.08 24788 1372.6 12543 0.069099 -0.026679 0.21228 -0.21094 2.3933
117.79 24853 1395.1 12440 0.062617 -0.02514 0.21234 -0.21091 2.3935
118.6 24920 1420.7 12323 0.055656 -0.023099 0.21241 -0.21087 2.3937
119.38 24979 1445.6 12211 0.049401 -0.020825 0.21247 -0.21083 2.3939
120.01 25022 1465.8 12121 0.044729 -0.018772 0.21252 -0.2108 2.394
120.39 25046 1478.2 12066 0.04207 -0.017418 0.21256 -0.21079 2.3941
120.48 25052 1481.2 12052 0.041446 -0.017079 0.21256 -0.21078 2.3941
120.72 25066 1488.8 12018 0.039927 -0.01621 0.21258 -0.21077 2.3942
121.23 25095 1505.5 11944 0.036808 -0.0142 0.21263 -0.21074 2.3943
121.95 25133 1528.9 11841 0.033063 -0.011183 0.21269 -0.21071 2.3945
122.76 25172 1555.5 11724 0.029558 -0.0074739 0.21276 -0.21067 2.3946
123.53 25207 1581.4 11612 0.026806 -0.0035949 0.21283 -0.21063 2.3948
124.16 25232 1602.6 11522 0.025088 -0.00025022 0.21288 -0.21059 2.395
124.54 25248 1615.6 11467 0.024255 0.0018578 0.21291 -0.21057 2.3951
124.64 25251 1618.8 11453 0.024081 0.0023733 0.21292 -0.21057 2.3951
