time (s) altitude (m) longitude (rad) latitude (rad) velocity (m/s) trajectory angle (rad) heading angle (rad) angle of attack (rad) bank angle (rad) fuel mass (kg) Third Stage (flag)
124.64 25251 2.3951 -0.21057 1618.8 0.024081 0.21292 0.0023733 0.63808 1562 1
125.33 25278 2.3953 -0.21053 1621.1 0.022712 0.21486 0.0047116 0.63769 1560.2 1
126.87 25331 2.3957 -0.21045 1626.5 0.020518 0.21972 0.010536 0.63286 1556.1 1
129.01 25400 2.3962 -0.21033 1634.6 0.018939 0.22734 0.014189 0.61566 1550.1 1
131.42 25472 2.3968 -0.21018 1643.9 0.017755 0.23589 0.014107 0.58589 1543.3 1
133.74 25538 2.3974 -0.21004 1653.1 0.016971 0.24376 0.015095 0.55504 1536.7 1
135.61 25591 2.3979 -0.20992 1660.7 0.01664 0.24991 0.014808 0.53429 1531.2 1
136.75 25622 2.3982 -0.20985 1665.4 0.016468 0.25355 0.015655 0.5261 1527.8 1
137.03 25630 2.3983 -0.20983 1666.5 0.016476 0.25446 0.015485 0.52496 1527 1
137.73 25649 2.3985 -0.20979 1669.4 0.016441 0.25669 0.015557 0.52167 1524.9 1
139.27 25691 2.3989 -0.20968 1675.9 0.016442 0.26153 0.015839 0.50981 1520.3 1
141.4 25750 2.3994 -0.20954 1685.1 0.016648 0.26813 0.016227 0.49334 1513.7 1
143.81 25819 2.4 -0.20937 1695.6 0.01712 0.27541 0.016568 0.48046 1506.3 1
146.13 25888 2.4006 -0.2092 1706 0.017734 0.2823 0.016846 0.47723 1498.9 1
148.01 25945 2.4011 -0.20905 1714.5 0.018294 0.28788 0.017088 0.48035 1492.9 1
149.15 25982 2.4014 -0.20897 1719.8 0.018662 0.29131 0.017327 0.48338 1489.2 1
149.43 25991 2.4015 -0.20895 1721.1 0.018757 0.29216 0.017354 0.4839 1488.3 1
150.13 26013 2.4017 -0.20889 1724.4 0.018992 0.29426 0.01741 0.48568 1486 1
151.66 26064 2.4021 -0.20877 1731.6 0.019514 0.29895 0.017635 0.49461 1480.9 1
153.8 26138 2.4027 -0.2086 1741.8 0.020222 0.30564 0.017936 0.51491 1473.7 1
156.21 26225 2.4033 -0.2084 1753.5 0.020879 0.31349 0.018014 0.54366 1465.5 1
158.53 26311 2.4039 -0.2082 1765 0.021324 0.32138 0.018456 0.57411 1457.4 1
160.4 26382 2.4044 -0.20803 1774.3 0.021661 0.32811 0.019488 0.60305 1450.9 1
161.54 26426 2.4047 -0.20793 1780 0.021877 0.33241 0.01989 0.61854 1446.8 1
161.82 26437 2.4048 -0.2079 1781.3 0.021924 0.33347 0.01993 0.62081 1445.9 1
162.52 26465 2.405 -0.20784 1784.8 0.022037 0.33614 0.019958 0.62815 1443.4 1
164.06 26525 2.4054 -0.2077 1792.3 0.02215 0.34211 0.019624 0.65503 1438 1
166.19 26610 2.406 -0.20749 1802.7 0.021881 0.35058 0.018853 0.69086 1430.5 1
168.61 26704 2.4066 -0.20726 1814.5 0.020938 0.36028 0.017654 0.73363 1422.1 1
170.92 26789 2.4073 -0.20702 1825.7 0.019268 0.36962 0.016145 0.77325 1414.1 1
172.8 26852 2.4078 -0.20683 1834.9 0.017567 0.3773 0.017295 0.80648 1407.7 1
173.94 26888 2.4081 -0.2067 1840.5 0.016639 0.38232 0.019837 0.82569 1403.7 1
174.22 26896 2.4082 -0.20667 1841.9 0.016445 0.38361 0.020636 0.83047 1402.7 1
174.92 26917 2.4084 -0.2066 1845.4 0.016014 0.38692 0.022182 0.83978 1400.3 1
176.45 26962 2.4088 -0.20643 1853.1 0.015421 0.3949 0.02741 0.86791 1394.7 1
178.59 27023 2.4094 -0.20619 1863.9 0.015432 0.40767 0.034614 0.90419 1386.8 1
181 27094 2.41 -0.2059 1876.5 0.016459 0.42453 0.043102 0.94696 1377.5 1
183.32 27169 2.4106 -0.20562 1888.8 0.017922 0.44278 0.046731 0.98707 1368.3 1
185.19 27234 2.4112 -0.20537 1898.8 0.018678 0.45792 0.0456 1.0172 1360.8 1
186.34 27275 2.4115 -0.20522 1904.9 0.018876 0.46712 0.045406 1.0282 1356.2 1
186.61 27285 2.4115 -0.20519 1906.4 0.018914 0.46937 0.045314 1.0299 1355.1 1
187.31 27311 2.4117 -0.20509 1910.1 0.018983 0.47498 0.045202 1.0339 1352.4 1
188.85 27366 2.4122 -0.20488 1918.3 0.018999 0.48727 0.044478 1.0434 1346.3 1
190.99 27444 2.4127 -0.20457 1929.8 0.018761 0.50412 0.043566 1.0488 1337.8 1
193.4 27531 2.4134 -0.20421 1942.7 0.018331 0.52274 0.042525 1.044 1328.3 1
195.72 27613 2.414 -0.20386 1955.1 0.017913 0.54015 0.041638 1.0324 1319.2 1
197.59 27678 2.4145 -0.20356 1965.1 0.017629 0.55386 0.0409 1.0225 1311.9 1
198.73 27717 2.4148 -0.20337 1971.3 0.017468 0.56208 0.040532 1.0182 1307.5 1
199.01 27727 2.4149 -0.20333 1972.8 0.01743 0.56407 0.04048 1.0177 1306.4 1
199.71 27751 2.4151 -0.20321 1976.5 0.017333 0.56903 0.040303 1.0162 1303.7 1
201.24 27803 2.4155 -0.20295 1984.8 0.017123 0.57983 0.039689 1.0082 1297.8 1
203.38 27876 2.416 -0.20258 1996.2 0.016893 0.59449 0.039024 0.99487 1289.5 1
205.79 27957 2.4167 -0.20216 2009.2 0.016743 0.6106 0.038274 0.98029 1280.2 1
208.11 28035 2.4173 -0.20173 2021.7 0.016669 0.62566 0.037628 0.96918 1271.3 1
209.98 28098 2.4178 -0.20138 2031.8 0.016638 0.63757 0.037214 0.96243 1264.2 1
211.13 28137 2.4181 -0.20117 2037.9 0.016624 0.64473 0.037026 0.95989 1259.8 1
211.41 28146 2.4181 -0.20111 2039.4 0.01662 0.64647 0.036985 0.95951 1258.7 1
212.1 28170 2.4183 -0.20098 2043.1 0.01661 0.65081 0.036912 0.95849 1256.1 1
213.64 28222 2.4187 -0.20068 2051.4 0.016574 0.66028 0.03626 0.95491 1250.2 1
215.78 28294 2.4193 -0.20025 2062.9 0.016382 0.67305 0.034655 0.95031 1242.1 1
218.19 28375 2.4199 -0.19976 2075.8 0.01602 0.68704 0.034259 0.94712 1233 1
220.51 28452 2.4205 -0.19928 2088.3 0.015705 0.70039 0.034556 0.94625 1224.3 1
222.38 28513 2.4209 -0.19888 2098.3 0.01546 0.71112 0.034521 0.94607 1217.3 1
223.52 28550 2.4212 -0.19864 2104.5 0.015309 0.71762 0.034568 0.94571 1213 1
223.8 28559 2.4213 -0.19858 2105.9 0.015272 0.71921 0.034551 0.94553 1211.9 1
224.5 28581 2.4215 -0.19843 2109.7 0.01518 0.72316 0.034521 0.9452 1209.3 1
226.04 28630 2.4219 -0.19809 2117.9 0.014967 0.73182 0.034374 0.9451 1203.5 1
228.17 28697 2.4224 -0.19761 2129.1 0.01463 0.74374 0.034092 0.94484 1195.5 1
230.58 28772 2.423 -0.19706 2141.5 0.014201 0.75701 0.033797 0.94286 1186.5 1
232.9 28841 2.4236 -0.19653 2153.2 0.013773 0.76957 0.03355 0.9382 1177.8 1
234.78 28896 2.424 -0.19608 2162.4 0.013443 0.77958 0.033366 0.933 1170.8 1
235.92 28929 2.4243 -0.19581 2168 0.013248 0.78562 0.033222 0.93037 1166.6 1
236.2 28937 2.4244 -0.19574 2169.3 0.013201 0.78709 0.033187 0.93001 1165.5 1
236.89 28957 2.4246 -0.19558 2172.7 0.01308 0.79074 0.033082 0.92883 1162.9 1
238.43 29000 2.4249 -0.1952 2179.9 0.012805 0.79871 0.032565 0.92318 1157.2 1
240.57 29059 2.4254 -0.19468 2189.9 0.012399 0.80952 0.03175 0.91238 1149.3 1
242.98 29124 2.426 -0.19408 2200.9 0.011964 0.82138 0.031272 0.89921 1140.4 1
245.3 29184 2.4266 -0.19349 2211.3 0.011608 0.83251 0.030901 0.88833 1131.9 1
247.17 29232 2.427 -0.19301 2219.5 0.011344 0.84134 0.030621 0.88151 1125 1
248.31 29260 2.4273 -0.19271 2224.5 0.011187 0.84666 0.03041 0.87874 1120.8 1
248.59 29267 2.4274 -0.19264 2225.7 0.011146 0.84795 0.030379 0.8783 1119.8 1
249.29 29284 2.4275 -0.19246 2228.7 0.011046 0.85116 0.030291 0.87709 1117.2 1
250.83 29322 2.4279 -0.19205 2235.2 0.010825 0.8582 0.030108 0.87286 1111.6 1
252.96 29373 2.4284 -0.19148 2244.2 0.010539 0.86785 0.029961 0.86607 1103.8 1
255.37 29429 2.4289 -0.19083 2254.1 0.010254 0.87857 0.029687 0.85749 1095 1
257.69 29482 2.4295 -0.1902 2263.4 0.0099991 0.88867 0.029247 0.84824 1086.6 1
259.57 29524 2.4299 -0.18968 2270.8 0.0097944 0.89666 0.028813 0.84046 1079.8 1
260.71 29550 2.4301 -0.18937 2275.3 0.009667 0.90146 0.028616 0.83679 1075.7 1
260.99 29556 2.4302 -0.18929 2276.3 0.0096359 0.90262 0.028583 0.83621 1074.7 1
261.69 29571 2.4304 -0.18909 2279 0.0095573 0.90552 0.028494 0.83449 1072.1 1
263.22 29604 2.4307 -0.18866 2284.9 0.0093882 0.91186 0.028271 0.82791 1066.6 1
265.36 29650 2.4312 -0.18806 2292.9 0.0091845 0.92052 0.028016 0.81744 1058.9 1
267.77 29700 2.4317 -0.18736 2301.8 0.0089929 0.9301 0.027717 0.80801 1050.2 1
270.09 29748 2.4322 -0.18669 2310.2 0.0088168 0.93915 0.027524 0.80425 1041.9 1
271.96 29786 2.4326 -0.18614 2316.8 0.0086453 0.94639 0.027198 0.80501 1035.1 1
273.1 29808 2.4329 -0.18581 2320.8 0.0085 0.95077 0.026784 0.80627 1031.1 1
273.38 29814 2.4329 -0.18573 2321.7 0.0084578 0.95183 0.026681 0.80641 1030.1 1
274.08 29827 2.4331 -0.18552 2324.1 0.0083613 0.95449 0.027222 0.80713 1027.6 1
275.62 29857 2.4334 -0.18506 2329.4 0.0081595 0.96038 0.026633 0.81234 1022.1 1
277.75 29896 2.4338 -0.18442 2336.6 0.0076126 0.9684 0.026393 0.82517 1014.5 1
280.17 29938 2.4343 -0.18369 2344.7 0.0074468 0.97823 0.032946 0.84503 1005.8 1
282.48 29980 2.4348 -0.18299 2352.5 0.0077105 0.9885 0.032649 0.86455 997.23 1
284.36 30014 2.4352 -0.18241 2358.7 0.0075932 0.99665 0.032389 0.87593 990.38 1
285.5 30034 2.4354 -0.18205 2362.5 0.007553 1.0017 0.032301 0.87897 986.19 1
285.78 30039 2.4355 -0.18197 2363.4 0.0075149 1.0029 0.031922 0.87915 985.18 1
286.48 30051 2.4356 -0.18175 2365.6 0.0074465 1.006 0.032141 0.87968 982.63 1
288.01 30078 2.4359 -0.18127 2370.5 0.007286 1.0126 0.031898 0.88098 977.02 1
290.15 30114 2.4364 -0.1806 2377.2 0.0070219 1.0218 0.031627 0.87542 969.23 1
292.56 30154 2.4368 -0.17983 2384.6 0.0068131 1.0321 0.031377 0.85697 960.46 1
294.88 30192 2.4373 -0.17908 2391.4 0.0067653 1.0416 0.031291 0.832 952.04 1
296.75 30222 2.4376 -0.17848 2396.7 0.0069342 1.0491 0.031416 0.81357 945.23 1
297.9 30241 2.4379 -0.17811 2400 0.0069276 1.0535 0.02602 0.80666 941.12 1
298.17 30246 2.4379 -0.17801 2400.7 0.0068344 1.0545 0.025921 0.80598 940.15 1
298.87 30257 2.438 -0.17779 2402.7 0.0066701 1.057 0.025898 0.80367 937.68 1
300.41 30281 2.4383 -0.17728 2407 0.006343 1.0624 0.025974 0.79275 932.26 1
302.55 30313 2.4387 -0.17658 2412.7 0.0060028 1.0698 0.026118 0.77686 924.71 1
304.96 30347 2.4392 -0.17578 2419.1 0.0057576 1.078 0.026307 0.76512 916.2 1
307.28 30379 2.4396 -0.175 2425.1 0.0055947 1.0859 0.026458 0.76429 908.01 1
309.15 30404 2.4399 -0.17438 2429.8 0.0054575 1.0923 0.026593 0.76974 901.39 1
310.29 30419 2.4401 -0.17399 2432.6 0.005365 1.0962 0.026744 0.77361 897.35 1
310.57 30423 2.4402 -0.1739 2433.3 0.005342 1.0972 0.026456 0.77412 896.37 1
311.27 30432 2.4403 -0.17366 2435 0.0052735 1.0996 0.026891 0.77608 893.9 1
312.8 30451 2.4406 -0.17314 2438.8 0.0051575 1.1049 0.026999 0.78702 888.46 1
314.94 30477 2.4409 -0.17241 2444 0.004771 1.1124 0.027321 0.81158 880.92 1
317.35 30505 2.4413 -0.17158 2450 0.0048036 1.1218 0.035441 0.84755 872.21 1
319.67 30534 2.4417 -0.17078 2455.7 0.0052723 1.132 0.035852 0.88254 863.64 1
321.54 30558 2.442 -0.17012 2460.4 0.0052725 1.1403 0.036144 0.90462 856.75 1
322.69 30573 2.4422 -0.16972 2463.2 0.0053077 1.1455 0.036419 0.91188 852.51 1
322.97 30577 2.4423 -0.16963 2463.9 0.0052862 1.1468 0.036376 0.91263 851.49 1
323.66 30586 2.4424 -0.16938 2465.6 0.0052712 1.1499 0.036502 0.91488 848.91 1
325.2 30606 2.4426 -0.16884 2469.3 0.0052235 1.157 0.036821 0.92324 843.23 1
327.34 30633 2.443 -0.16808 2474.5 0.0051167 1.1669 0.037144 0.9314 835.32 1
329.75 30663 2.4433 -0.16722 2480.3 0.0049871 1.1781 0.037553 0.93554 826.39 1
332.07 30692 2.4437 -0.16639 2485.8 0.0048932 1.189 0.037891 0.93713 817.79 1
333.94 30714 2.4439 -0.16571 2490.2 0.0048416 1.1979 0.038185 0.93914 810.84 1
335.08 30728 2.4441 -0.1653 2492.9 0.0048173 1.2033 0.038331 0.94089 806.59 1
335.36 30731 2.4441 -0.1652 2493.5 0.0048114 1.2046 0.038379 0.9415 805.56 1
336.06 30740 2.4442 -0.16494 2495.2 0.0047968 1.2079 0.038469 0.9429 802.96 1
337.6 30758 2.4444 -0.16438 2498.7 0.0047639 1.2153 0.038636 0.9454 797.25 1
339.73 30783 2.4447 -0.1636 2503.6 0.0047206 1.2255 0.038933 0.94914 789.3 1
342.14 30812 2.4451 -0.16271 2509.1 0.004675 1.2371 0.039302 0.95425 780.32 1
344.46 30839 2.4454 -0.16185 2514.3 0.0046242 1.2484 0.039635 0.95993 771.67 1
346.34 30861 2.4456 -0.16115 2518.5 0.0045715 1.2576 0.039789 0.9635 764.69 1
347.48 30874 2.4457 -0.16072 2521.1 0.0045348 1.2632 0.039804 0.96437 760.42 1
347.76 30877 2.4458 -0.16062 2521.7 0.0045257 1.2646 0.039821 0.96448 759.38 1
348.8 30889 2.4459 -0.16022 2524 0.0044937 1.2697 0.039846 0.96465 755.48 1
351.11 30915 2.4462 -0.15935 2529.1 0.0044314 1.281 0.039759 0.96334 746.89 1
354.31 30950 2.4465 -0.15813 2536.1 0.0043662 1.2967 0.039498 0.96022 734.95 1
357.93 30990 2.4469 -0.15675 2543.9 0.004299 1.3141 0.039102 0.95743 721.52 1
361.41 31028 2.4472 -0.15541 2551.4 0.0042275 1.3308 0.038796 0.95512 708.63 1
364.22 31058 2.4475 -0.15432 2557.3 0.0041704 1.3441 0.038532 0.95334 698.24 1
365.93 31076 2.4477 -0.15365 2560.9 0.0041302 1.3522 0.038326 0.95223 691.91 1
366.35 31081 2.4477 -0.15349 2561.8 0.0041198 1.3542 0.038288 0.95203 690.36 1
367.4 31092 2.4478 -0.15308 2564 0.004091 1.3591 0.038144 0.9514 686.51 1
369.7 31116 2.448 -0.15217 2568.7 0.0040343 1.3699 0.038021 0.94853 678.01 1
372.91 31149 2.4482 -0.15091 2575.3 0.0039918 1.3848 0.037814 0.94633 666.22 1
376.52 31186 2.4485 -0.14947 2582.6 0.0039104 1.4016 0.037894 0.95138 652.93 1
380 31221 2.4487 -0.14809 2589.6 0.003844 1.418 0.03895 0.96101 640.13 1
382.81 31249 2.4489 -0.14696 2595.2 0.0038059 1.4314 0.038997 0.96613 629.76 1
384.53 31265 2.449 -0.14627 2598.5 0.0037508 1.4396 0.038981 0.9667 623.44 1
384.94 31269 2.449 -0.14611 2599.3 0.0037425 1.4416 0.038971 0.96666 621.9 1
390.14 31319 2.4492 -0.14401 2609.4 0.0036486 1.4664 0.038851 0.9644 602.76 1
400.43 31415 2.4496 -0.13981 2628.8 0.003473 1.515 0.03831 0.96336 564.98 1
411.84 31517 2.4497 -0.13511 2649.5 0.0032799 1.568 0.037461 0.95542 523.33 1
420.01 31587 2.4497 -0.13172 2663.7 0.0031608 1.6053 0.036935 0.95638 493.65 1
422.13 31605 2.4496 -0.13084 2667.4 0.0030782 1.6149 0.036548 0.9588 485.95 1
425.79 31635 2.4496 -0.12931 2673.6 0.0030955 1.6315 0.036663 0.94249 472.68 1
433.45 31698 2.4493 -0.12612 2686.4 0.0029712 1.6656 0.036 0.95563 445.07 1
443.03 31771 2.4488 -0.12211 2701.8 0.0027943 1.7081 0.034541 0.92046 410.64 1
451.95 31840 2.4482 -0.11838 2715.7 0.0029387 1.7401 0.022362 0.72868 379.62 1
457.84 31886 2.4478 -0.11592 2724.5 0.0025972 1.7545 0.020165 0.64705 360.13 1
459.32 31896 2.4477 -0.1153 2726.7 0.0027095 1.7583 0.018657 0.61341 355.18 1
459.84 31900 2.4476 -0.11509 2727.5 0.0027075 1.7595 0.018726 0.60428 353.46 1
460.99 31908 2.4475 -0.1146 2729.2 0.0027042 1.7619 0.017677 0.58417 349.67 1
462.6 31920 2.4474 -0.11393 2731.5 0.0025212 1.7651 0.014681 0.5562 344.47 1
464.4 31931 2.4473 -0.11318 2734.1 0.0020155 1.7682 0.013008 0.52464 338.68 1
466.14 31940 2.4471 -0.11245 2736.6 0.0017774 1.7711 0.016881 0.49429 333.08 1
467.55 31947 2.447 -0.11186 2738.6 0.0022332 1.7737 0.022007 0.46977 328.44 1
468.4 31953 2.4469 -0.1115 2739.9 0.0028285 1.7753 0.024915 0.45482 325.55 1
468.61 31955 2.4469 -0.11141 2740.2 0.0030101 1.7757 0.02567 0.45117 324.84 1
469.14 31960 2.4469 -0.11119 2740.9 0.0035267 1.7768 0.027492 0.44204 323.05 1
470.29 31973 2.4468 -0.11071 2742.5 0.0049829 1.7791 0.03152 0.42193 319.06 1
471.89 32001 2.4466 -0.11004 2744.8 0.0077347 1.7825 0.037104 0.39396 313.39 1
473.7 32049 2.4464 -0.10928 2747.2 0.011859 1.7864 0.043423 0.3624 306.84 1
475.44 32117 2.4463 -0.10855 2749.2 0.01682 1.7901 0.049444 0.33205 300.42 1
476.84 32191 2.4462 -0.10796 2750.6 0.021521 1.7932 0.05442 0.30753 295.17 1
477.7 32245 2.4461 -0.1076 2751.3 0.024671 1.795 0.057016 0.29257 291.94 1
477.91 32260 2.4461 -0.10752 2751.5 0.025464 1.7954 0.057406 0.28893 291.16 1
478.43 32298 2.446 -0.1073 2751.9 0.027472 1.7965 0.05848 0.2798 289.19 1
479.59 32392 2.4459 -0.10682 2752.6 0.032089 1.7988 0.06205 0.25969 284.86 1
481.19 32549 2.4457 -0.10615 2753.2 0.039043 1.8018 0.067722 0.23172 278.86 1
483 32764 2.4456 -0.10539 2753.2 0.04756 1.8049 0.074001 0.20016 272.13 1
484.74 33012 2.4454 -0.10466 2752.7 0.056275 1.8076 0.080068 0.16982 265.75 1
486.14 33244 2.4452 -0.10408 2751.8 0.063601 1.8094 0.085018 0.1453 260.7 1
487 33399 2.4451 -0.10372 2751 0.068144 1.8105 0.087551 0.13037 257.67 1
487.21 33438 2.4451 -0.10363 2750.8 0.069251 1.8107 0.087868 0.12674 256.94 1
487.73 33540 2.4451 -0.10342 2750.3 0.071978 1.8112 0.087616 0.11937 255.14 1
488.88 33777 2.445 -0.10294 2749.1 0.07778 1.8123 0.089073 0.098927 251.27 1
490.49 34137 2.4448 -0.10227 2747.2 0.085618 1.8135 0.091447 0.081481 246.1 1
492.29 34581 2.4446 -0.10152 2745 0.093348 1.8145 0.084759 0.067816 240.67 1
494.03 35040 2.4444 -0.1008 2743.2 0.099163 1.8152 0.079618 0.043613 235.95 1
495.44 35429 2.4443 -0.10022 2741.8 0.10292 1.8155 0.073976 0.018371 232.44 1
496.29 35673 2.4442 -0.099868 2741 0.10472 1.8155 0.071512 0.0037549 230.45 1
496.5 35733 2.4442 -0.099782 2740.8 0.10514 1.8155 0.070575 0 229.98 1
496.5 35733 2.4442 -0.099782 2740.8 0.10514 1.8155 0.070575 0 229.98 0
497.68 36081 2.444 -0.099297 2730.4 0.11116 1.816 0.066745 0.10287 229.98 0
500.28 36900 2.4438 -0.098236 2710.4 0.1204 1.8199 0.056287 0.32911 229.98 0
503.89 38102 2.4434 -0.096776 2687.4 0.12609 1.829 0.056125 0.64475 229.98 0
507.96 39481 2.4429 -0.095148 2663.6 0.12684 1.8441 0.07291 0.99854 229.98 0
511.88 40774 2.4425 -0.093604 2642.2 0.12164 1.8619 0.084845 1.3451 229.98 0
515.04 41751 2.4421 -0.09237 2626.2 0.11272 1.8766 0.097129 1.5708 229.98 0
516.97 42304 2.4419 -0.091624 2616.7 0.10624 1.8855 0.10302 1.5708 229.98 0
517.44 42434 2.4418 -0.091442 2614.5 0.10471 1.8876 0.10499 1.5379 229.98 0
518.62 42749 2.4417 -0.090989 2609 0.10086 1.8929 0.10909 1.5708 229.98 0
521.21 43401 2.4413 -0.089997 2597.1 0.092176 1.9044 0.11818 1.5708 229.98 0
524.82 44204 2.4408 -0.088629 2581.2 0.080072 1.9199 0.13072 1.5708 229.98 0
528.9 44970 2.4403 -0.087103 2564 0.066236 1.9372 0.14504 1.5708 229.98 0
532.81 45566 2.4397 -0.085654 2548.1 0.052845 1.9536 0.15851 1.5708 229.98 0
535.98 45947 2.4392 -0.084496 2535.9 0.041917 1.9669 0.16997 1.5708 229.98 0
537.91 46136 2.4389 -0.083795 2528.7 0.035231 1.9751 0.17453 1.5708 229.98 0
538.38 46177 2.4388 -0.083625 2527 0.033591 1.9771 0.17427 1.5701 229.98 0
539.56 46271 2.4387 -0.0832 2522.8 0.02949 1.982 0.17453 1.5708 229.98 0
542.15 46434 2.4383 -0.082269 2513.9 0.020418 1.9925 0.17453 1.5708 229.98 0
545.76 46561 2.4377 -0.080986 2502.2 0.0077339 2.0068 0.17453 1.5708 229.98 0
549.83 46567 2.437 -0.079556 2489.8 -0.0066726 2.0227 0.17453 1.5708 229.98 0
553.75 46434 2.4363 -0.078197 2478.4 -0.020612 2.0381 0.17453 1.5708 229.98 0
556.91 46229 2.4357 -0.077112 2469.4 -0.031932 2.0507 0.17453 1.5708 229.98 0
558.84 46060 2.4354 -0.076456 2463.9 -0.038864 2.0586 0.17453 1.5707 229.98 0
559.31 46014 2.4353 -0.076296 2462.6 -0.040557 2.0606 0.17452 1.5671 229.98 0
560.49 45890 2.4351 -0.075899 2459.2 -0.044792 2.0655 0.17452 1.5707 229.98 0
563.09 45575 2.4346 -0.075028 2451.8 -0.054169 2.0767 0.17453 1.5708 229.98 0
566.7 45040 2.4339 -0.073832 2441.2 -0.067253 2.0932 0.17453 1.5708 229.98 0
570.77 44300 2.4332 -0.072504 2428.7 -0.082113 2.1134 0.17453 1.5707 229.98 0
574.69 43454 2.4324 -0.071251 2415.5 -0.09647 2.1351 0.17453 1.5707 229.98 0
577.85 42675 2.4317 -0.070258 2403.8 -0.10816 2.1547 0.17453 1.5707 229.98 0
579.78 42159 2.4313 -0.069662 2396 -0.11522 2.1677 0.17433 1.5503 229.98 0
580.25 42028 2.4312 -0.069518 2394 -0.11688 2.1711 0.17391 1.5466 229.98 0
581.43 41694 2.431 -0.069159 2388.8 -0.12106 2.1797 0.17453 1.5427 229.98 0
584.02 40920 2.4304 -0.068379 2376.6 -0.12982 2.2002 0.17453 1.5047 229.98 0
587.63 39768 2.4296 -0.067324 2356.9 -0.14031 2.2327 0.17453 1.4483 229.98 0
591.71 38388 2.4287 -0.066181 2330 -0.14928 2.2763 0.17453 1.396 229.98 0
595.62 37014 2.4278 -0.06514 2297.9 -0.15435 2.3269 0.17453 1.3508 229.98 0
598.79 35899 2.427 -0.064348 2266.4 -0.15529 2.3754 0.17453 1.3221 229.98 0
600.72 35227 2.4265 -0.06389 2244.7 -0.1545 2.4082 0.16575 1.3052 229.98 0
601.19 35065 2.4264 -0.063782 2239.3 -0.1542 2.4162 0.1649 1.3018 229.98 0
602.17 34729 2.4261 -0.06356 2227.6 -0.15339 2.4337 0.16216 1.2979 229.98 0
604.33 34002 2.4256 -0.06309 2200.8 -0.15088 2.4737 0.15428 1.2855 229.98 0
607.34 33032 2.4247 -0.062486 2161.3 -0.14586 2.5327 0.14402 1.2736 229.98 0
610.73 32002 2.4238 -0.061878 2114.7 -0.13844 2.6039 0.132 1.2652 229.98 0
614 31088 2.4229 -0.061369 2069.1 -0.13016 2.6757 0.12072 1.2621 229.98 0
616.63 30405 2.4221 -0.061015 2032.1 -0.12315 2.7354 0.11178 1.2632 229.98 0
618.24 30012 2.4216 -0.060825 2009.5 -0.11885 2.7724 0.10707 1.2645 229.98 0
618.64 29919 2.4215 -0.060781 2003.9 -0.1178 2.7816 0.10589 1.2642 229.98 0
619.62 29692 2.4212 -0.060677 1990.1 -0.11514 2.8045 0.10358 1.2654 229.98 0
621.78 29213 2.4206 -0.060474 1959.8 -0.10952 2.8554 0.095985 1.2698 229.98 0
624.79 28596 2.4197 -0.060249 1918.5 -0.10234 2.9261 0.088703 1.2748 229.98 0
628.18 27964 2.4187 -0.060075 1871.5 -0.094452 3.0082 0.084959 1.2803 229.98 0
631.45 27419 2.4178 -0.059988 1825.1 -0.086479 3.091 0.083383 1.2816 229.98 0
634.08 27024 2.4171 -0.059976 1787 -0.079652 3.1601 0.080374 1.2787 229.98 0
635.69 26803 2.4166 -0.059994 1763.8 -0.075339 3.2027 0.079493 1.273 229.98 0
636.08 26751 2.4165 -0.060001 1758 -0.074205 3.2132 0.079417 1.271 229.98 0
637.06 26626 2.4162 -0.060024 1743.3 -0.071229 3.2398 0.079977 1.267 230.04 0
639.23 26373 2.4157 -0.060098 1712.7 -0.064053 3.2997 0.080465 1.2566 229.78 0
642.24 26079 2.4149 -0.060256 1661.3 -0.051227 3.3875 0.084961 1.2295 230.57 0
645.63 25844 2.414 -0.060512 1642.4 -0.031785 3.4914 0.099374 1.194 224.65 0
648.89 25736 2.4133 -0.060842 1669.3 -0.0078312 3.5956 0.10242 1.1734 210.81 0
651.53 25748 2.4127 -0.061171 1681.5 0.013066 3.6806 0.096053 1.1738 200.74 0
653.14 25799 2.4123 -0.061397 1695.7 0.024285 3.7295 0.092309 1.1847 193.64 0
653.53 25816 2.4122 -0.061456 1697.5 0.026953 3.7415 0.091562 1.1822 192.15 0
654.51 25866 2.412 -0.061606 1704.8 0.033656 3.7707 0.090211 1.1628 188.02 0
656.67 26023 2.4115 -0.061961 1721.5 0.05198 3.8312 0.088317 1.0425 178.82 0
659.68 26385 2.4109 -0.062502 1744.2 0.089251 3.9074 0.094989 0.88357 165.82 0
663.08 27074 2.4103 -0.063169 1766.4 0.14389 3.9863 0.10719 0.77143 151.05 0
666.34 28068 2.4097 -0.063856 1781.3 0.20131 4.0544 0.11889 0.70153 137.83 0
668.98 29112 2.4093 -0.064434 1787.8 0.24521 4.1024 0.12422 0.67027 128.59 0
670.59 29844 2.4091 -0.064793 1790.2 0.26843 4.1276 0.1217 0.65364 123.66 0
670.98 30032 2.409 -0.064881 1790.6 0.27352 4.1332 0.1211 0.6527 122.54 0
671.96 30517 2.4089 -0.065103 1791.7 0.28527 4.1463 0.11875 0.64815 119.86 0
674.12 31649 2.4085 -0.065596 1792.4 0.30607 4.171 0.11065 0.63871 114.8 0
677.13 33325 2.4081 -0.066288 1793.8 0.32416 4.1965 0.10062 0.63516 108.83 0
680.52 35292 2.4077 -0.067072 1779.7 0.33426 4.2172 0.088243 0.63609 106.12 0
683.79 37193 2.4073 -0.067823 1753.8 0.33649 4.2315 0.079105 0.63435 106.65 0
686.42 38708 2.407 -0.068426 1740.1 0.33368 4.2395 0.076184 0.62826 106.35 0
688.03 39619 2.4068 -0.068793 1730.4 0.33098 4.2436 0.076363 0.62652 106.54 0
688.42 39839 2.4068 -0.068882 1728.8 0.33015 4.2445 0.076343 0.62551 106.47 0
689.41 40387 2.4067 -0.069105 1723.8 0.32799 4.2466 0.076427 0.6227 106.47 0
691.57 41575 2.4064 -0.069596 1713.5 0.32249 4.2508 0.077714 0.61597 106.47 0
694.58 43180 2.4061 -0.070278 1700.2 0.3135 4.2555 0.081153 0.60746 106.47 0
697.97 44922 2.4057 -0.071045 1686.4 0.30195 4.2599 0.088319 0.59633 106.47 0
701.23 46521 2.4053 -0.071781 1674.1 0.28986 4.2634 0.097916 0.58421 106.47 0
703.87 47757 2.4051 -0.072374 1664.7 0.27953 4.2659 0.10533 0.57609 106.47 0
705.48 48487 2.4049 -0.072736 1659.2 0.27299 4.2673 0.10831 0.57292 106.47 0
705.87 48662 2.4048 -0.072824 1657.9 0.27136 4.2676 0.10872 0.57205 106.47 0
707.84 49520 2.4046 -0.073264 1651.6 0.26307 4.2691 0.1128 0.56411 106.47 0
712.16 51305 2.4042 -0.074234 1638.6 0.24408 4.272 0.12392 0.54748 106.47 0
718.18 53544 2.4035 -0.07558 1622.5 0.21607 4.2752 0.12654 0.53055 106.47 0
724.97 55715 2.4028 -0.077095 1607.2 0.18236 4.2778 0.12341 0.51108 106.47 0
731.49 57436 2.4021 -0.07855 1595.2 0.14842 4.2796 0.12287 0.49166 106.47 0
736.77 58560 2.4016 -0.079725 1587.3 0.12021 4.2808 0.1237 0.47857 106.47 0
739.98 59128 2.4013 -0.080441 1583.3 0.10275 4.2814 0.12433 0.47867 106.47 0
740.77 59253 2.4012 -0.080615 1582.4 0.098462 4.2816 0.12455 0.47733 106.47 0
742.73 59541 2.401 -0.081052 1580.3 0.087692 4.282 0.12502 0.47045 106.46 0
747.06 60058 2.4006 -0.082014 1576.5 0.063825 4.2827 0.12512 0.45617 106.46 0
753.07 60504 2.3999 -0.083352 1572.9 0.030355 4.2837 0.12519 0.44726 106.46 0
759.86 60626 2.3992 -0.084861 1571.3 -0.0075931 4.2848 0.12576 0.43702 106.46 0
766.39 60361 2.3986 -0.086312 1572 -0.044045 4.2858 0.12661 0.42317 106.46 0
771.66 59874 2.398 -0.087484 1574.2 -0.073303 4.2867 0.12712 0.41762 106.46 0
774.88 59458 2.3977 -0.0882 1576.2 -0.091024 4.2873 0.12718 0.42068 106.46 0
775.66 59343 2.3976 -0.088374 1576.8 -0.095325 4.2875 0.12719 0.42024 106.46 0
777.63 59032 2.3974 -0.088811 1578.4 -0.10606 4.2879 0.12722 0.41449 106.46 0
781.95 58228 2.397 -0.089773 1582.4 -0.12946 4.2888 0.12656 0.40303 106.46 0
787.97 56845 2.3964 -0.091112 1589.5 -0.16137 4.2902 0.12542 0.40008 106.46 0
794.75 54920 2.3957 -0.092624 1599.3 -0.19617 4.2922 0.12428 0.39711 106.46 0
801.28 52713 2.3951 -0.09408 1610.1 -0.22796 4.2947 0.12398 0.39186 106.46 0
806.55 50688 2.3946 -0.095257 1619.6 -0.25196 4.2972 0.12495 0.38802 106.46 0
809.77 49352 2.3942 -0.095977 1625.5 -0.26564 4.2991 0.12519 0.39125 106.46 0
810.56 49015 2.3942 -0.096152 1627 -0.26884 4.2997 0.12515 0.3919 106.46 0
811.54 48588 2.3941 -0.096372 1628.8 -0.27276 4.3003 0.12516 0.39055 106.46 0
813.7 47623 2.3938 -0.096856 1632.7 -0.28107 4.302 0.12474 0.3873 106.46 0
816.71 46233 2.3936 -0.097531 1638.1 -0.29177 4.3045 0.12147 0.38626 106.46 0
820.1 44601 2.3932 -0.098293 1643.9 -0.30263 4.3079 0.11202 0.38664 106.46 0
823.37 42976 2.3929 -0.099028 1649.1 -0.31184 4.3116 0.10052 0.38486 106.46 0
826 41627 2.3927 -0.099622 1652.9 -0.31832 4.315 0.091253 0.38407 106.46 0
827.61 40789 2.3925 -0.099986 1655 -0.32181 4.3173 0.086632 0.38505 106.46 0
828 40584 2.3925 -0.10007 1655.5 -0.32259 4.3179 0.086219 0.38506 106.46 0
828.99 40067 2.3924 -0.1003 1656.7 -0.3244 4.3194 0.084765 0.38362 106.46 0
831.15 38918 2.3922 -0.10079 1658.9 -0.32764 4.323 0.079992 0.37959 106.46 0
834.16 37304 2.3919 -0.10147 1660.9 -0.33017 4.3288 0.07641 0.37729 106.46 0
837.55 35477 2.3916 -0.10224 1661 -0.32898 4.337 0.07532 0.37263 106.46 0
840.81 33742 2.3913 -0.10299 1657.9 -0.32233 4.347 0.074655 0.36528 106.46 0
843.45 32379 2.3911 -0.10359 1652.3 -0.31187 4.3569 0.074753 0.35646 106.46 0
845.06 31576 2.3909 -0.10397 1647.3 -0.30268 4.3639 0.075852 0.35088 106.46 0
845.45 31384 2.3909 -0.10406 1645.9 -0.30005 4.3657 0.076088 0.35004 106.46 0
846.43 30912 2.3908 -0.10428 1642.3 -0.29292 4.3705 0.076724 0.34624 106.39 0
848.6 29924 2.3906 -0.10478 1628.8 -0.27261 4.3825 0.08149 0.33331 106.73 0
851.6 28690 2.3904 -0.10549 1627.6 -0.23551 4.4013 0.093301 0.31638 103.53 0
855 27540 2.3901 -0.1063 1651 -0.17839 4.4261 0.099619 0.29847 94.351 0
858.26 26762 2.3899 -0.1071 1668.5 -0.10813 4.453 0.096264 0.28659 84.561 0
860.9 26418 2.3897 -0.10777 1688.5 -0.048001 4.4749 0.090403 0.27997 74.946 0
862.51 26337 2.3897 -0.10819 1699.1 -0.010762 4.4881 0.087562 0.27852 69.059 0
862.9 26333 2.3896 -0.10829 1702.6 -0.0018784 4.4913 0.087273 0.27851 67.482 0
863.88 26349 2.3896 -0.10854 1709.9 0.020754 4.4993 0.087835 0.27745 63.652 0
866.04 26518 2.3895 -0.10911 1726 0.069868 4.5166 0.084611 0.27826 55.079 0
869.05 27044 2.3893 -0.10991 1747.8 0.12995 4.5386 0.076154 0.28246 43.452 0
872.45 27986 2.3892 -0.11082 1770 0.18448 4.5601 0.070512 0.29153 31.338 0
875.71 29166 2.389 -0.1117 1787.3 0.22206 4.5769 0.057813 0.30114 21.357 0
878.35 30254 2.3889 -0.11241 1798 0.24071 4.5871 0.049844 0.30746 14.811 0
879.95 30956 2.3889 -0.11285 1803 0.24857 4.5923 0.043368 0.31483 11.394 0
880.35 31130 2.3889 -0.11295 1804 0.24986 4.5934 0.042336 0.31554 10.639 0
881.33 31571 2.3888 -0.11322 1806.2 0.25274 4.596 0.038813 0.31653 8.8776 0
883.49 32557 2.3888 -0.11381 1811.2 0.2561 4.6007 0.031662 0.32269 5.1904 0
886.5 33936 2.3887 -0.11462 1804.7 0.25513 4.6055 0.020048 0.33085 3.0883 0
889.89 35456 2.3886 -0.11554 1785.4 0.24868 4.6091 0.015127 0.33124 3.5622 0
893.16 36861 2.3885 -0.11642 1773 0.23987 4.6117 0.015239 0.32573 3.2715 0
895.79 37950 2.3884 -0.11712 1761.7 0.23156 4.6134 0.013786 0.32321 3.4763 0
897.4 38592 2.3884 -0.11755 1756.7 0.22603 4.6143 0.015977 0.32353 3.3366 0
897.79 38746 2.3884 -0.11765 1755 0.22469 4.6145 0.015227 0.32328 3.3907 0
898.78 39126 2.3883 -0.11791 1751.7 0.22119 4.615 0.015219 0.32026 3.3906 0
900.94 39941 2.3883 -0.11848 1744.6 0.21316 4.616 0.015214 0.30758 3.3906 0
903.95 41018 2.3882 -0.11928 1735.5 0.2014 4.6172 0.015928 0.29052 3.3906 0
907.34 42154 2.3881 -0.12017 1726.1 0.18748 4.6182 0.016522 0.27513 3.3906 0
910.6 43163 2.388 -0.12103 1717.9 0.1735 4.6191 0.016623 0.26582 3.3905 0
913.24 43918 2.388 -0.12172 1711.8 0.16189 4.6197 0.019285 0.26361 3.3905 0
914.85 44351 2.3879 -0.12215 1708.2 0.15477 4.6201 0.022356 0.26346 3.3905 0
915.24 44454 2.3879 -0.12225 1707.4 0.15303 4.6202 0.022921 0.26266 3.3905 0
916.71 44829 2.3879 -0.12263 1704.3 0.14649 4.6205 0.026649 0.25389 3.3904 0
919.96 45595 2.3878 -0.12348 1697.8 0.13225 4.6213 0.038516 0.23116 3.3904 0
924.47 46529 2.3877 -0.12466 1689.4 0.1128 4.6224 0.054169 0.2162 3.3904 0
929.56 47402 2.3876 -0.12598 1681.2 0.091117 4.6237 0.069127 0.2021 3.3903 0
934.46 48064 2.3875 -0.12725 1674.3 0.07037 4.6249 0.080133 0.18175 3.3903 0
938.41 48474 2.3874 -0.12828 1669.4 0.053758 4.6259 0.09342 0.17031 3.3903 0
940.82 48671 2.3873 -0.1289 1666.6 0.043782 4.6265 0.09975 0.17274 3.3902 0
941.41 48712 2.3873 -0.12905 1665.9 0.041347 4.6266 0.10081 0.17234 3.3902 0
942.88 48806 2.3873 -0.12943 1664.4 0.035269 4.627 0.10368 0.16511 3.3892 0
946.13 48961 2.3872 -0.13027 1661.2 0.022031 4.6278 0.11451 0.14909 3.3897 0
950.64 49058 2.3871 -0.13143 1657.3 0.0040058 4.6289 0.12451 0.14307 3.3893 0
955.73 49007 2.387 -0.13274 1653.8 -0.016113 4.6301 0.12612 0.13617 3.3895 0
960.63 48799 2.3869 -0.134 1651.2 -0.035392 4.6313 0.12489 0.12455 3.3892 0
964.58 48517 2.3868 -0.13501 1649.7 -0.05078 4.6322 0.1257 0.11657 3.3894 0
966.99 48297 2.3868 -0.13563 1649 -0.060009 4.6327 0.12618 0.12106 3.3892 0
967.58 48238 2.3868 -0.13578 1648.9 -0.062241 4.6329 0.12631 0.12119 3.3893 0
969.06 48080 2.3867 -0.13615 1648.6 -0.067783 4.6332 0.12649 0.115 3.3893 0
972.3 47686 2.3867 -0.13698 1648 -0.079755 4.634 0.12725 0.10537 3.3893 0
976.81 47034 2.3866 -0.13813 1647.5 -0.095747 4.6351 0.1283 0.10323 3.3893 0
981.9 46160 2.3865 -0.13943 1647.2 -0.1126 4.6364 0.12917 0.095325 3.3893 0
986.8 45195 2.3864 -0.14067 1646.9 -0.12724 4.6378 0.12944 0.090974 3.3892 0
990.75 44334 2.3863 -0.14167 1646.4 -0.13769 4.639 0.12977 0.084872 3.3892 0
993.17 43777 2.3862 -0.14229 1646 -0.14331 4.6397 0.13057 0.088063 3.3892 0
993.75 43638 2.3862 -0.14243 1645.8 -0.14458 4.6399 0.13079 0.08863 3.3892 0
995.23 43286 2.3862 -0.14281 1645.5 -0.14759 4.6405 0.13158 0.084584 3.3819 0
998.47 42486 2.3862 -0.14363 1643.5 -0.1528 4.6416 0.13853 0.079311 3.4256 0
1003 41340 2.3861 -0.14477 1644.1 -0.15725 4.6435 0.15738 0.077949 2.8457 0
1008.1 40018 2.386 -0.14606 1651.9 -0.15837 4.6458 0.15773 0.074096 0.90189 0
1013 38758 2.3859 -0.1473 1649.4 -0.15344 4.6484 0.13622 0.07283 2.0352e-05 0
1016.9 37787 2.3858 -0.1483 1639.5 -0.14587 4.6507 0.13009 0.069957 0.10463 0
1019.3 37224 2.3858 -0.14891 1633.9 -0.13987 4.6521 0.12932 0.070905 0.00035048 0
1019.9 37091 2.3858 -0.14906 1632 -0.13811 4.6525 0.12879 0.071998 0.028034 0
1021.4 36766 2.3858 -0.14943 1627.7 -0.13344 4.6535 0.12847 0.069893 0.025002 0
1024.6 36096 2.3857 -0.15024 1617 -0.1212 4.6558 0.1276 0.069377 0.020706 0
1029.2 35293 2.3857 -0.15137 1599.4 -0.099853 4.6593 0.12666 0.0695 0.019445 0
1034.2 34602 2.3856 -0.15262 1576 -0.07051 4.6636 0.12528 0.070547 0.0077519 0
1039.1 34182 2.3855 -0.15381 1550.7 -0.038672 4.6681 0.12383 0.072496 0.00048114 0
1043.1 34028 2.3855 -0.15476 1529 -0.011827 4.6719 0.12257 0.074584 4.6497e-06 0
1045.5 34014 2.3855 -0.15534 1515.4 0.0044355 4.6743 0.12175 0.077345 7.0738e-07 0
1046.1 34020 2.3855 -0.15547 1512 0.0083475 4.6749 0.1216 0.078929 0 0
1047.6 34049 2.3855 -0.15582 1503.7 0.018019 4.6764 0.12124 0.076892 0 0
1050.8 34187 2.3854 -0.15658 1485.3 0.038417 4.6796 0.12011 0.079284 0 0
1055.3 34528 2.3854 -0.15761 1460.3 0.063868 4.6841 0.11879 0.082495 0 0
1060.4 35088 2.3854 -0.15876 1433.3 0.087439 4.6889 0.11738 0.084679 0 0
1065.3 35757 2.3853 -0.15984 1409 0.10429 4.6932 0.11641 0.086914 0 0
1069.3 36361 2.3853 -0.1607 1390.7 0.11371 4.6963 0.11581 0.08515 0 0
1071.7 36747 2.3853 -0.16122 1380 0.11766 4.6981 0.1155 0.09087 0 0
1072.3 36843 2.3853 -0.16134 1377.5 0.11843 4.6985 0.11548 0.091729 0 0
1073.7 37084 2.3853 -0.16166 1371.3 0.12002 4.6996 0.11546 0.087475 0 0
1077 37619 2.3853 -0.16234 1358.2 0.12194 4.7017 0.11529 0.085168 0 0
1081.5 38359 2.3853 -0.16328 1341.2 0.12122 4.7043 0.11527 0.083984 0 0
1086.6 39165 2.3853 -0.16433 1323.6 0.11626 4.7069 0.11549 0.080744 0 0
1091.5 39887 2.3853 -0.16533 1308.3 0.10796 4.7091 0.11596 0.079181 0 0
1095.4 40421 2.3853 -0.16613 1297 0.099131 4.7106 0.11641 0.072744 0 0
1097.9 40720 2.3853 -0.16662 1290.5 0.092935 4.7115 0.11663 0.080547 0 0
1098.4 40790 2.3853 -0.16673 1289 0.091338 4.7117 0.11668 0.08093 0 0
1099.9 40959 2.3853 -0.16703 1285.2 0.087206 4.7122 0.11687 0.074909 0 0
1103.2 41301 2.3853 -0.16768 1277.4 0.077486 4.7133 0.11745 0.066743 0 0
1107.7 41704 2.3853 -0.16857 1267.3 0.062748 4.7146 0.11818 0.067042 0 0
1112.8 42050 2.3853 -0.16957 1257.2 0.044746 4.716 0.11904 0.063894 0 0
1117.7 42269 2.3853 -0.17052 1248.6 0.026462 4.7172 0.1201 0.057875 0 0
1121.6 42362 2.3853 -0.17129 1242.4 0.011256 4.7181 0.12102 0.053239 0 0
1124 42381 2.3853 -0.17176 1238.9 0.0018608 4.7187 0.1213 0.063364 0 0
1124.6 42382 2.3853 -0.17187 1238.1 -0.00044188 4.7188 0.12131 0.063931 0 0
1125.8 42378 2.3853 -0.1721 1236.5 -0.0050601 4.7191 0.12138 0.058971 0 0
1128.4 42345 2.3853 -0.1726 1233.1 -0.015236 4.7197 0.12203 0.049805 0 0
1132 42246 2.3853 -0.17329 1228.8 -0.029285 4.7205 0.12301 0.05126 0 0
1136.1 42061 2.3853 -0.17407 1224.4 -0.044861 4.7214 0.12392 0.051749 0 0
1140 41811 2.3853 -0.17482 1220.6 -0.059393 4.7223 0.12458 0.043564 0 0
1143.1 41561 2.3853 -0.17542 1217.7 -0.070695 4.723 0.12497 0.042797 0 0
1145.1 41387 2.3853 -0.17578 1216 -0.077359 4.7234 0.12513 0.051053 0 0
1145.5 41342 2.3853 -0.17587 1215.6 -0.078955 4.7236 0.12517 0.051542 0 0
1146.7 41226 2.3853 -0.17609 1214.5 -0.08289 4.7239 0.12535 0.04641 0 0
1149.3 40952 2.3853 -0.17658 1212.3 -0.091236 4.7244 0.12589 0.036959 0 0
1152.9 40531 2.3853 -0.17726 1209.3 -0.102 4.7252 0.12647 0.039981 0 0
1157 40003 2.3854 -0.17802 1205.8 -0.1128 4.7263 0.12689 0.041824 0 0
1160.9 39451 2.3854 -0.17875 1202.2 -0.1216 4.7273 0.12714 0.035797 0 0
1164.1 38979 2.3854 -0.17934 1199 -0.12742 4.7281 0.12718 0.034108 0 0
1166 38681 2.3854 -0.1797 1196.9 -0.13034 4.7286 0.1271 0.042483 0 0
1166.5 38608 2.3854 -0.17979 1196.3 -0.13098 4.7288 0.12708 0.043016 0 0
1167.7 38423 2.3854 -0.18 1195 -0.13245 4.7292 0.1271 0.037671 0 0
1170.3 38010 2.3854 -0.18048 1191.7 -0.13494 4.7299 0.12726 0.030366 0 0
1173.9 37428 2.3854 -0.18115 1186.6 -0.13663 4.7309 0.12723 0.033381 0 0
1177.9 36772 2.3854 -0.18189 1179.8 -0.13591 4.7322 0.12694 0.032906 0 0
1181.9 36155 2.3854 -0.1826 1172.2 -0.13243 4.7335 0.12658 0.029779 0 0
1185 35675 2.3855 -0.18318 1165.1 -0.12756 4.7345 0.12615 0.027705 0 0
1186.9 35394 2.3855 -0.18352 1160.3 -0.12369 4.7352 0.12579 0.035862 0 0
1187.4 35327 2.3855 -0.18361 1159.1 -0.12264 4.7354 0.12571 0.036474 0 0
1188.6 35162 2.3855 -0.18382 1155.9 -0.11985 4.7359 0.12556 0.031321 0 0
1191.2 34814 2.3855 -0.18428 1148.5 -0.11281 4.7368 0.12532 0.026247 0 0
1194.8 34373 2.3855 -0.18492 1137.1 -0.1011 4.7381 0.12472 0.028645 0 0
1198.9 33943 2.3855 -0.18564 1122.7 -0.085589 4.7396 0.1239 0.027094 0 0
1202.8 33606 2.3855 -0.18632 1107.3 -0.068868 4.7411 0.12309 0.026388 0 0
1206 33391 2.3856 -0.18686 1093.8 -0.054509 4.7423 0.12228 0.024 0 0
1207.9 33286 2.3856 -0.18719 1085.2 -0.045565 4.743 0.12174 0.032282 0 0
1208.4 33263 2.3856 -0.18727 1083.1 -0.043378 4.7433 0.12164 0.033075 0 0
1209.5 33211 2.3856 -0.18747 1077.6 -0.037894 4.7438 0.12144 0.028236 0 0
1212.1 33123 2.3856 -0.1879 1065.4 -0.025856 4.7448 0.12093 0.022621 0 0
1215.7 33055 2.3856 -0.18849 1047.6 -0.009627 4.746 0.12004 0.025256 0 0
1219.8 33051 2.3856 -0.18915 1027 0.0072713 4.7475 0.11886 0.024515 0 0
1223.7 33109 2.3856 -0.18977 1006.7 0.02142 4.7488 0.11747 0.022146 0 0
1226.9 33192 2.3857 -0.19027 990.18 0.030932 4.7497 0.11613 0.021727 0 0
1228.8 33255 2.3857 -0.19056 980.13 0.035798 4.7504 0.1155 0.031802 0 0
1229.3 33272 2.3857 -0.19064 977.68 0.036877 4.7506 0.11544 0.0317 0 0
1230.8 33327 2.3857 -0.19086 970.03 0.039995 4.7511 0.1152 0.024055 0 0
1234 33461 2.3857 -0.19135 953.29 0.045315 4.752 0.11377 0.019628 0 0
1238.5 33662 2.3857 -0.19201 930.51 0.048804 4.7531 0.11055 0.022135 0 0
1243.6 33888 2.3858 -0.19274 905.91 0.046877 4.7543 0.10459 0.020612 0 0
1248.5 34078 2.3858 -0.19342 883.76 0.038965 4.7553 0.097082 0.017434 0 0
1252.5 34196 2.3858 -0.19396 867.1 0.028579 4.7559 0.091843 0.014635 0 0
1254.9 34248 2.3858 -0.19428 857.45 0.020825 4.7563 0.090161 0.029924 0 0
1255.5 34258 2.3858 -0.19436 855.15 0.018808 4.7565 0.090031 0.030782 0 0
1256.9 34278 2.3858 -0.19456 849.46 0.013583 4.7568 0.089635 0.023071 0 0
1260.2 34299 2.3859 -0.19498 837.35 0.0011387 4.7573 0.088008 0.011336 0 0
1264.7 34268 2.3859 -0.19557 821.41 -0.017959 4.7579 0.087071 0.017008 0 0
1269.8 34146 2.3859 -0.19621 804.47 -0.041099 4.7588 0.08746 0.017245 0 0
1274.7 33941 2.386 -0.19682 788.98 -0.064179 4.7594 0.088117 0.0075981 0 0
1278.6 33714 2.386 -0.1973 776.91 -0.083036 4.7597 0.08843 0.0093909 0 0
1281 33548 2.386 -0.19759 769.69 -0.094517 4.7602 0.088706 0.026601 0 0
1281.6 33505 2.386 -0.19766 767.94 -0.0973 4.7603 0.088788 0.027474 0 0
1283.1 33392 2.386 -0.19784 763.57 -0.10423 4.7606 0.088973 0.018616 0 0
1286.4 33117 2.386 -0.19822 753.99 -0.11926 4.7611 0.089159 0.0039516 0 0
1290.9 32682 2.386 -0.19874 740.63 -0.13939 4.7615 0.08942 0.010232 0 0
1296 32124 2.3861 -0.19931 725.2 -0.16054 4.7624 0.089777 0.013398 0 0
1300.9 31530 2.3861 -0.19985 709.65 -0.17886 4.763 0.090147 0.003495 0 0
1304.8 31017 2.3861 -0.20028 696.38 -0.19199 4.7634 0.090478 0.0042755 0 0
1307.2 30693 2.3861 -0.20054 687.88 -0.19919 4.7638 0.090667 0.0216 0 0
1307.8 30612 2.3861 -0.2006 685.76 -0.20085 4.764 0.090686 0.02281 0 0
1309.3 30410 2.3862 -0.20075 680.36 -0.20484 4.7644 0.090719 0.013711 0 0
1312.5 29956 2.3862 -0.20109 667.98 -0.21274 4.7647 0.090893 -0.0017439 0 0
1317 29315 2.3862 -0.20154 649.56 -0.22166 4.7651 0.091223 0.0052338 0 0
1322.1 28588 2.3862 -0.20203 627 -0.22879 4.766 0.091687 0.008113 0 0
1327 27899 2.3862 -0.20249 603.51 -0.23282 4.7665 0.092389 -0.0023737 0 0
1331 27355 2.3863 -0.20285 583.34 -0.23413 4.7666 0.093271 0.00061201 0 0
1333.4 27032 2.3863 -0.20306 570.57 -0.23417 4.7671 0.093701 0.020608 0 0
1334 26955 2.3863 -0.20311 567.41 -0.23411 4.7674 0.093719 0.021468 0 0
1335.2 26800 2.3863 -0.20321 561.06 -0.23393 4.7678 0.093787 0.013591 0 0
1337.8 26468 2.3863 -0.20343 546.88 -0.23315 4.7682 0.094673 -0.0017304 0 0
1341.4 26022 2.3863 -0.20372 526.73 -0.23101 4.7682 0.096784 -0.0020955 0 0
1345.4 25545 2.3863 -0.20404 503.5 -0.22694 4.7685 0.10015 -0.00018998 0 0
1349.4 25116 2.3863 -0.20433 480.91 -0.2214 4.7685 0.1039 -0.0051263 0 0
1352.5 24792 2.3864 -0.20456 462.77 -0.21601 4.7686 0.10674 0.0073125 0 0
1354.4 24605 2.3864 -0.2047 451.9 -0.21252 4.7694 0.1079 0.024276 0 0
1354.9 24560 2.3864 -0.20473 449.29 -0.21168 4.7697 0.10806 0.025284 0 0
1356.1 24450 2.3864 -0.20481 442.82 -0.20961 4.7704 0.10858 0.01803 0 0
1358.7 24217 2.3864 -0.20498 428.87 -0.20496 4.771 0.11086 -0.0027186 0 0
1362.3 23914 2.3864 -0.20521 410.21 -0.19804 4.7705 0.11449 -0.0083205 0 0
1366.4 23600 2.3864 -0.20546 390.33 -0.18986 4.77 0.11778 -0.0071988 0 0
1370.3 23324 2.3864 -0.20569 372.64 -0.1825 4.7694 0.11925 -0.0071828 0 0
1373.5 23116 2.3864 -0.20587 359.5 -0.17773 4.7696 0.11934 0.012414 0 0
1375.4 22996 2.3864 -0.20598 352.02 -0.17557 4.7709 0.11907 0.031939 0 0
1375.9 22967 2.3864 -0.206 350.25 -0.17514 4.7714 0.11901 0.03282 0 0
1377 22896 2.3865 -0.20606 345.95 -0.17422 4.7725 0.11887 0.024534 0 0
1379.6 22743 2.3865 -0.2062 336.96 -0.17295 4.7734 0.11847 -0.0016705 0 0
1383.2 22537 2.3865 -0.20638 325.62 -0.17318 4.7725 0.11719 -0.015772 0 0
1387.3 22311 2.3865 -0.20659 314.44 -0.17684 4.7708 0.11464 -0.016438 0 0
1391.2 22093 2.3865 -0.20677 305.29 -0.18416 4.7694 0.11159 -0.0086335 0 0
1394.4 21915 2.3865 -0.20692 298.96 -0.19263 4.7699 0.10926 0.019898 0 0
1396.3 21803 2.3865 -0.20701 295.51 -0.19866 4.7718 0.10816 0.041364 0 0
1396.8 21776 2.3865 -0.20703 294.71 -0.20021 4.7724 0.10796 0.042105 0 0
1398 21706 2.3865 -0.20708 292.78 -0.20414 4.7738 0.10749 0.032887 0 0
1400.6 21550 2.3865 -0.2072 288.86 -0.21308 4.7753 0.10634 0.0010684 0 0
1404.2 21325 2.3865 -0.20735 284.09 -0.22593 4.774 0.10486 -0.023213 0 0
1408.2 21060 2.3865 -0.20753 279.5 -0.24024 4.771 0.10346 -0.026725 0 0
1412.2 20794 2.3866 -0.20769 275.71 -0.25282 4.7686 0.10247 -0.012565 0 0
1415.3 20573 2.3866 -0.20782 272.95 -0.26154 4.7691 0.10185 0.021227 0 0
1417.3 20436 2.3866 -0.2079 271.37 -0.26611 4.7714 0.1015 0.043864 0 0
1417.7 20403 2.3866 -0.20792 270.99 -0.26714 4.7721 0.10142 0.045057 0 0
1418.9 20318 2.3866 -0.20797 270.06 -0.26952 4.7739 0.10129 0.036677 0 0
1421.5 20131 2.3866 -0.20807 268.03 -0.27361 4.7758 0.10136 0.0028326 0 0
1425.1 19869 2.3866 -0.20822 265.19 -0.2765 4.7743 0.10147 -0.026038 0 0
1429.2 19576 2.3866 -0.20838 261.92 -0.27685 4.77 0.10039 -0.031666 0 0
1433.1 19297 2.3866 -0.20853 258.76 -0.27646 4.7664 0.097473 -0.017438 0 0
1436.3 19075 2.3866 -0.20866 256.26 -0.2772 4.7664 0.094359 0.017014 0 0
1438.2 18940 2.3866 -0.20873 254.77 -0.27819 4.7686 0.092964 0.039672 0 0
1438.7 18907 2.3866 -0.20875 254.41 -0.27844 4.7694 0.092819 0.040457 0 0
1439.6 18838 2.3866 -0.20879 253.66 -0.27888 4.7709 0.092463 0.03357 0 0
1441.8 18687 2.3866 -0.20887 252.02 -0.28005 4.7727 0.090146 0.0065871 0 0
1444.8 18477 2.3866 -0.20898 249.9 -0.28414 4.7719 0.084703 -0.021987 0 0
1448.2 18237 2.3866 -0.20911 247.95 -0.29468 4.7688 0.076474 -0.028192 0 0
1451.5 17996 2.3866 -0.20923 246.88 -0.31121 4.7667 0.068791 -0.0099086 0 0
1454.1 17792 2.3866 -0.20932 246.71 -0.3274 4.7673 0.064286 0.021578 0 0
1455.7 17663 2.3867 -0.20938 246.85 -0.33748 4.7691 0.062754 0.038916 0 0
1456.1 17630 2.3867 -0.2094 246.91 -0.33985 4.7697 0.062548 0.039689 0 0
1457.1 17549 2.3867 -0.20943 247.06 -0.34558 4.771 0.061943 0.033563 0 0
1459.3 17365 2.3867 -0.20951 247.53 -0.35751 4.7726 0.059779 0.0071644 0 0
1462.3 17098 2.3867 -0.20962 248.49 -0.37273 4.7721 0.056986 -0.020241 0 0
1465.7 16785 2.3867 -0.20974 249.76 -0.38696 4.7695 0.054661 -0.024881 0 0
1468.9 16472 2.3867 -0.20986 250.92 -0.39657 4.7678 0.053146 -0.0042509 0 0
1471.6 16215 2.3867 -0.20996 251.64 -0.401 4.7692 0.052133 0.028143 0 0
1473.2 16057 2.3867 -0.21001 251.95 -0.40225 4.7716 0.051669 0.045054 0 0
1473.6 16018 2.3867 -0.21003 252 -0.40237 4.7723 0.051569 0.045729 0 0
1474.5 15921 2.3867 -0.21006 252.11 -0.40238 4.7741 0.051266 0.039732 0 0
1476.7 15708 2.3867 -0.21014 252.17 -0.40118 4.7765 0.050224 0.012729 0 0
1479.7 15413 2.3867 -0.21025 251.89 -0.39738 4.7763 0.048611 -0.018566 0 0
1483.1 15085 2.3867 -0.21038 251 -0.39087 4.7731 0.046794 -0.025652 0 0
1486.4 14777 2.3867 -0.21049 249.54 -0.38289 4.7712 0.045159 -0.0023817 0 0
1489 14534 2.3867 -0.21059 247.92 -0.37547 4.773 0.044062 0.030863 0 0
1490.6 14389 2.3867 -0.21065 246.74 -0.3705 4.7759 0.043665 0.045874 0 0
1491 14354 2.3867 -0.21066 246.43 -0.36921 4.7767 0.043615 0.046106 0 0
1492 14267 2.3867 -0.2107 245.62 -0.36583 4.7786 0.043404 0.039446 0 0
1494.1 14080 2.3867 -0.21077 243.63 -0.35816 4.7812 0.042499 0.0091072 0 0
1497.2 13828 2.3867 -0.21088 240.45 -0.34764 4.7797 0.041377 -0.031714 0 0
1500.6 13557 2.3868 -0.211 236.35 -0.33614 4.7737 0.040461 -0.045967 0 0
1503.8 13308 2.3868 -0.21111 231.95 -0.32547 4.7685 0.039799 -0.022539 0 0
1506.5 13117 2.3868 -0.2112 228.13 -0.31724 4.768 0.039413 0.010672 0 0
1508.1 13004 2.3868 -0.21126 225.71 -0.31244 4.7695 0.039362 0.024742 0 0
1508.5 12977 2.3868 -0.21127 225.11 -0.31127 4.77 0.039372 0.024967 0 0
1509.4 12910 2.3868 -0.2113 223.6 -0.30837 4.7711 0.039306 0.018649 0 0
1511.6 12765 2.3868 -0.21137 220.17 -0.30265 4.7717 0.038713 -0.012145 0 0
1514.6 12572 2.3868 -0.21147 215.26 -0.29711 4.767 0.037861 -0.054903 0 0
1518 12362 2.3868 -0.21158 209.63 -0.29426 4.7569 0.037276 -0.067799 0 0
1521.3 12166 2.3868 -0.21168 204.3 -0.29354 4.7485 0.037561 -0.037256 0 0
1523.9 12012 2.3868 -0.21176 200.12 -0.29269 4.7467 0.038619 0.0055046 0 0
1525.5 11920 2.3868 -0.21181 197.63 -0.29163 4.7482 0.03943 0.027122 0 0
1525.9 11898 2.3868 -0.21182 197.02 -0.29132 4.7488 0.039577 0.029452 0 0
1526.9 11843 2.3868 -0.21185 195.51 -0.29051 4.7503 0.039953 0.030055 0 0
1529 11723 2.3868 -0.21191 192.2 -0.28821 4.7535 0.041321 0.023309 0 0
1532.1 11562 2.3868 -0.212 187.59 -0.2827 4.7573 0.044204 0.025539 0 0
1535.4 11390 2.3868 -0.21209 182.22 -0.27246 4.7658 0.048364 0.069749 0 0
1538.7 11235 2.3868 -0.21218 176.81 -0.26054 4.7867 0.052143 0.15099 0 0
1541.3 11119 2.3868 -0.21225 172.34 -0.25281 4.8165 0.054324 0.22409 0 0
1543 11050 2.3868 -0.21229 169.63 -0.25012 4.8399 0.05512 0.25747 0 0
1543.3 11034 2.3868 -0.2123 168.97 -0.24974 4.846 0.055252 0.26237 0 0
