time (s) altitude (m) velocity (m/s) mass (kg) dynamic pressure (Pa)trajectory angle (rad) Lift (N)Drag (N)heading angle (rad) latitude (rad) angle of attack (rad) 
496.5 35733 2740.8 3300 27533 0.10514 29770 10025 1.8155 -0.099782 0.26349
496.77 35810 2743.1 3296.1 27253 0.10567 29731 10045 1.8155 -0.099672 0.2651
497.36 35981 2748.1 3287.4 26641 0.10684 29660 10096 1.8155 -0.099429 0.26884
498.17 36222 2755 3275.3 25800 0.10848 29561 10165 1.8156 -0.099091 0.27426
499.09 36499 2762.9 3261.7 24867 0.11033 29408 10231 1.8156 -0.098709 0.28035
499.98 36771 2770.5 3248.5 23984 0.11212 29358 10389 1.8156 -0.09834 0.2869
500.69 36995 2776.6 3238 23282 0.11359 29283 10496 1.8156 -0.098042 0.29223
501.13 37133 2780.3 3231.5 22859 0.11448 29101 10489 1.8156 -0.097859 0.29466
501.24 37166 2781.2 3229.9 22757 0.1147 29052 10485 1.8156 -0.097815 0.29522
501.5 37251 2783.4 3226 22501 0.11524 28985 10503 1.8156 -0.097703 0.29704
502.09 37440 2788.4 3217.3 21944 0.11645 29129 10696 1.8156 -0.097458 0.30327
502.91 37707 2795.3 3205.2 21180 0.11815 29029 10803 1.8157 -0.097115 0.31009
503.83 38013 2803.1 3191.6 20337 0.12006 28339 10617 1.8157 -0.096728 0.31372
504.71 38313 2810.7 3178.5 19547 0.1218 27196 10182 1.8157 -0.096354 0.31337
505.43 38559 2817 3167.9 18924 0.12313 26294 9838.6 1.8157 -0.096052 0.31307
505.86 38711 2820.9 3161.4 18551 0.1239 25754 9633.3 1.8157 -0.095867 0.31289
505.97 38748 2821.9 3159.8 18461 0.12409 25641 9592.8 1.8157 -0.095822 0.31299
507.29 39215 2833.9 3140.2 17367 0.12627 24198 9063.5 1.8157 -0.09526 0.31367
509.91 40168 2858.7 3101.5 15351 0.13 21458 8048.4 1.8158 -0.094141 0.31437
512.82 41264 2887.6 3058.5 13346 0.13327 18633 6981.6 1.8159 -0.09289 0.31409
514.9 42071 2909.3 3027.7 12056 0.13508 16709 6240.4 1.8159 -0.091986 0.31247
515.44 42283 2915 3019.7 11740 0.13548 16260 6070.4 1.8159 -0.09175 0.31232
517.45 43081 2936.9 2989.9 10631 0.13675 14691 5478 1.816 -0.090868 0.31181
521.03 44534 2977.4 2936.9 8900.6 0.13829 12310 4589.1 1.8161 -0.089282 0.31198
524.07 45792 3013.3 2891.9 7651.7 0.13903 10695 4003.9 1.8161 -0.08792 0.3143
524.91 46143 3023.4 2879.5 7338.8 0.13916 10281 3853.6 1.8161 -0.087541 0.31478
526.92 46990 3048 2849.7 6640.1 0.13937 9328.5 3501.5 1.8162 -0.086627 0.31537
530.5 48518 3093.3 2796.7 5639.1 0.13935 7878 2943.1 1.8163 -0.084982 0.31413
533.54 49830 3133.1 2751.8 4901.9 0.13903 6846.7 2554.8 1.8163 -0.083567 0.31405
534.37 50195 3144.2 2739.3 4714.8 0.13891 6615.5 2474.4 1.8163 -0.083173 0.31502
536.38 51073 3171.4 2709.6 4296.3 0.13858 6043.7 2262.3 1.8164 -0.082223 0.31554
539.97 52649 3221 2656.6 3685.8 0.13782 5153 1917.3 1.8165 -0.080512 0.31415
543 53999 3264.3 2611.6 3225.1 0.13705 4483.2 1660.8 1.8165 -0.079038 0.31282
543.84 54373 3276.5 2599.2 3106.7 0.13682 4289.7 1583.7 1.8165 -0.078628 0.31134
545.85 55274 3306.1 2569.4 2837.4 0.13621 3870.5 1419.4 1.8166 -0.077639 0.30865
549.43 56887 3360.2 2516.4 2406.1 0.13497 3173.3 1142.9 1.8167 -0.075854 0.3014
552.47 58264 3407.5 2471.4 2084.9 0.13377 2677.8 949.91 1.8167 -0.074317 0.29587
553.31 58646 3420.8 2459 2003 0.13343 2539.6 894.51 1.8167 -0.073889 0.29325
555.32 59562 3453.1 2429.2 1817.6 0.13256 2267.1 790.44 1.8168 -0.072856 0.28993
558.9 61200 3512 2376.2 1523.7 0.13093 1823.1 622.67 1.8169 -0.070992 0.28192
561.94 62596 3563.5 2331.3 1307.3 0.12949 1543.3 524.32 1.8169 -0.069386 0.27943
562.78 62982 3577.9 2318.8 1252.5 0.12911 1479.8 503.3 1.8169 -0.068938 0.2796
564.79 63909 3612.9 2289.1 1128.9 0.12821 1325.6 450.37 1.817 -0.067858 0.27844
568.37 65567 3676.7 2236.1 934.47 0.12659 1046.4 350.44 1.817 -0.065907 0.26939
571.41 66980 3732.4 2191.1 792.83 0.12515 836.78 274.65 1.8171 -0.064225 0.25868
572.25 67371 3748 2178.7 757.17 0.12474 774.22 251.06 1.8171 -0.063756 0.2532
574.26 68309 3786 2148.9 677.26 0.12375 697.86 227.46 1.8171 -0.062624 0.25455
577.84 69986 3855.4 2095.9 552.87 0.12197 498.45 155.95 1.8172 -0.06058 0.23226
580.87 71411 3916.4 2050.9 462.95 0.11995 284.12 82.382 1.8173 -0.058816 0.17823
581.71 71804 3933.7 2038.5 440.2 0.11922 242.86 70.273 1.8173 -0.058324 0.16524
583.72 72742 3975.7 2008.7 390.03 0.11727 154.08 46.194 1.8173 -0.057136 0.13015
587.3 74394 4052.8 1955.7 314.52 0.11296 54.061 24.31 1.8174 -0.054987 0.06766
590.34 75767 4120.5 1910.8 262.54 0.10844 8.2869 17.436 1.8174 -0.053131 0.014639
591.18 76139 4139.5 1898.3 249.91 0.10706 2.5628e-15 16.276 1.8174 -0.052613 0
591.18 76139 4139.5 1898.3 249.91 0.10706 2.5628e-15 16.276 1.8174 -0.052613 0
592.18 76581 4138.5 1898.3 232.96 0.10537 2.389e-15 15.166 1.8174 -0.051994 0
593.18 77013 4137.5 1898.3 217.46 0.10367 1.7422e-15 14.151 1.8174 -0.051375 0
594.18 77438 4136.6 1898.3 203.16 0.10198 -6.5106e-17 13.215 1.8175 -0.050756 0
595.18 77855 4135.6 1898.3 189.96 0.10028 1.9176e-15 12.352 1.8175 -0.050138 0
596.18 78266 4134.7 1898.3 177.78 0.098588 6.8368e-16 11.556 1.8175 -0.049519 0
597.18 78669 4133.8 1898.3 166.52 0.096892 1.681e-15 10.82 1.8175 -0.0489 0
598.18 79066 4132.9 1898.3 156.12 0.095195 1.2508e-15 10.14 1.8175 -0.048282 0
599.18 79455 4132 1898.3 146.5 0.093498 5.6337e-16 9.5112 1.8175 -0.047663 0
600.18 79837 4131.2 1898.3 137.59 0.091799 1.389e-15 8.9298 1.8175 -0.047045 0
601.18 80212 4130.3 1898.3 129.35 0.090101 1.4508e-16 8.3917 1.8175 -0.046426 0
602.18 80580 4129.5 1898.3 121.71 0.088401 8.9711e-16 7.8934 1.8176 -0.045808 0
603.18 80942 4128.7 1898.3 114.63 0.086701 -4.2247e-16 7.4318 1.8176 -0.04519 0
604.18 81296 4127.9 1898.3 108.07 0.085 5.1951e-17 7.0039 1.8176 -0.044572 0
605.18 81642 4127.2 1898.3 101.98 0.083299 2.6146e-16 6.6071 1.8176 -0.043953 0
606.18 81982 4126.4 1898.3 96.334 0.081597 -9.2617e-17 6.2389 1.8176 -0.043335 0
607.18 82315 4125.7 1898.3 91.088 0.079895 -2.1893e-16 5.8971 1.8176 -0.042717 0
608.18 82641 4124.9 1898.3 86.213 0.078192 5.802e-16 5.5796 1.8176 -0.042099 0
609.18 82960 4124.2 1898.3 81.681 0.076489 -2.6176e-17 5.2846 1.8176 -0.041482 0
610.18 83271 4123.5 1898.3 77.467 0.074785 7.7581e-17 5.0104 1.8176 -0.040864 0
611.18 83576 4122.9 1898.3 73.546 0.07308 7.3654e-17 4.7553 1.8177 -0.040246 0
612.18 83873 4122.2 1898.3 69.897 0.071375 -2.772e-16 4.5179 1.8177 -0.039628 0
613.18 84164 4121.6 1898.3 66.499 0.06967 8.258e-17 4.297 1.8177 -0.039011 0
614.18 84447 4120.9 1898.3 63.333 0.067964 0 4.0912 1.8177 -0.038393 0
615.18 84723 4120.3 1898.3 60.384 0.066257 0 3.8995 1.8177 -0.037776 0
616.18 84993 4119.7 1898.3 57.548 0.064551 0 3.7159 1.8177 -0.037158 0
617.18 85255 4119.1 1767.4 0 0.062843 0 0 1.8177 -0.036541 0
618.18 85510 4118.6 1767.4 0 0.061136 0 0 1.8177 -0.035923 0
619.18 85758 4118 1767.4 0 0.059427 0 0 1.8177 -0.035306 0
620.18 85999 4117.5 1767.4 0 0.057719 0 0 1.8177 -0.034688 0
621.18 86233 4117 1767.4 0 0.05601 0 0 1.8177 -0.034071 0
622.18 86460 4116.5 1767.4 0 0.054301 0 0 1.8178 -0.033454 0
623.18 86680 4116 1767.4 0 0.052591 0 0 1.8178 -0.032837 0
624.18 86893 4115.6 1767.4 0 0.050881 0 0 1.8178 -0.03222 0
625.18 87099 4115.1 1767.4 0 0.049171 0 0 1.8178 -0.031602 0
626.18 87297 4114.7 1767.4 0 0.04746 0 0 1.8178 -0.030985 0
627.18 87489 4114.3 1767.4 0 0.045749 0 0 1.8178 -0.030368 0
628.18 87674 4113.9 1767.4 0 0.044038 0 0 1.8178 -0.029751 0
629.18 87851 4113.5 1767.4 0 0.042326 0 0 1.8178 -0.029134 0
630.18 88022 4113.2 1767.4 0 0.040614 0 0 1.8178 -0.028517 0
631.18 88185 4112.8 1767.4 0 0.038902 0 0 1.8178 -0.0279 0
632.18 88342 4112.5 1767.4 0 0.03719 0 0 1.8178 -0.027283 0
633.18 88491 4112.2 1767.4 0 0.035477 0 0 1.8178 -0.026666 0
634.18 88633 4111.9 1767.4 0 0.033764 0 0 1.8178 -0.026049 0
635.18 88769 4111.6 1767.4 0 0.032051 0 0 1.8178 -0.025433 0
636.18 88897 4111.3 1767.4 0 0.030338 0 0 1.8178 -0.024816 0
637.18 89018 4111.1 1767.4 0 0.028624 0 0 1.8178 -0.024199 0
638.18 89132 4110.9 1767.4 0 0.026911 0 0 1.8178 -0.023582 0
639.18 89239 4110.6 1767.4 0 0.025197 0 0 1.8178 -0.022965 0
640.18 89339 4110.4 1767.4 0 0.023483 0 0 1.8178 -0.022349 0
641.18 89432 4110.3 1767.4 0 0.021769 0 0 1.8178 -0.021732 0
642.18 89518 4110.1 1767.4 0 0.020054 0 0 1.8179 -0.021115 0
643.18 89597 4110 1767.4 0 0.01834 0 0 1.8179 -0.020498 0
644.18 89669 4109.8 1767.4 0 0.016626 0 0 1.8179 -0.019882 0
645.18 89734 4109.7 1767.4 0 0.014911 0 0 1.8179 -0.019265 0
646.18 89792 4109.6 1767.4 0 0.013196 -0 0 1.8179 -0.018648 0
647.18 89842 4109.5 1767.4 0 0.011482 0 0 1.8179 -0.018031 0
648.18 89886 4109.5 1767.4 0 0.0097667 0 0 1.8179 -0.017415 0
649.18 89923 4109.4 1767.4 0 0.0080519 0 0 1.8179 -0.016798 0
650.18 89952 4109.4 1767.4 0 0.006337 0 0 1.8179 -0.016181 0
651.18 89975 4109.3 1767.4 0 0.0046221 -0 0 1.8179 -0.015565 0
652.18 89990 4109.3 1767.4 0 0.0029072 -0 0 1.8179 -0.014948 0
653.18 89999 4109.4 1767.4 0 0.0011923 0 0 1.8179 -0.014331 0
654.18 90000 4109.4 1767.4 0 0 0 0 1.8179 -0.013714 0
