time (s) altitude (m) velocity (m/s) mass (kg) dynamic pressure (Pa)trajectory angle (rad) Lift (N)Drag (N)heading angle (rad) latitude (rad) angle of attack (rad) 
576.1 37154 2690.7 3300 21340 0.10835 28975 10760 1.8147 -0.065646 0.30821
578.18 37772 2708 3267 19683 0.1124 27633 10413 1.8148 -0.064802 0.31545
581.88 38937 2739.9 3214.4 16921 0.11888 24698 9523.3 1.8148 -0.063286 0.32391
585.02 39983 2768.4 3167.9 14794 0.12346 21855 8482.9 1.8149 -0.061986 0.32658
585.89 40280 2776.5 3155.1 14245 0.12455 20927 8096.5 1.8149 -0.061625 0.32533
587.97 41006 2796.6 3124.3 12996 0.12686 19199 7450.2 1.8149 -0.060756 0.32657
591.67 42342 2834 3069.5 11003 0.13003 16156 6245.9 1.815 -0.059192 0.32518
594.81 43511 2867.7 3023 9535.8 0.13182 13856 5322.6 1.8151 -0.057849 0.32283
595.68 43839 2877.2 3010.2 9164.6 0.13218 13268 5085.8 1.8151 -0.057476 0.32203
597.76 44633 2900.5 2979.4 8330.3 0.13293 12384 4818.2 1.8152 -0.056576 0.32794
601.46 46072 2943.1 2924.6 7022.4 0.13395 10657 4191.9 1.8152 -0.054955 0.33263
604.6 47316 2980.8 2878.1 6093.8 0.13431 8986 3477 1.8153 -0.053561 0.32606
605.46 47663 2991.5 2865.3 5874.8 0.1343 8593.5 3309 1.8153 -0.053174 0.32424
607.54 48499 3017.5 2834.5 5378.8 0.13424 8031.2 3126.4 1.8154 -0.052238 0.32885
611.24 50004 3064.9 2779.7 4588.9 0.134 6908.6 2698.5 1.8154 -0.050553 0.3307
614.38 51297 3106.6 2733.3 4016.9 0.13351 5838.8 2232.8 1.8155 -0.049102 0.32273
615.25 51656 3118.4 2720.4 3881.7 0.1333 5591.1 2125.7 1.8155 -0.048698 0.3207
617.33 52519 3147 2689.7 3572.7 0.13279 5199.9 1986.8 1.8156 -0.047723 0.32297
621.03 54069 3199.1 2634.9 3071.8 0.13182 4433.4 1681.9 1.8156 -0.045965 0.32104
624.17 55394 3244.8 2588.4 2693.6 0.13084 3763.6 1397.1 1.8157 -0.044451 0.31395
625.04 55761 3257.6 2575.5 2596.4 0.13053 3600.1 1331.3 1.8157 -0.044029 0.31225
627.12 56644 3288.8 2544.8 2375.1 0.12979 3306.3 1223.1 1.8157 -0.043011 0.31307
630.82 58225 3345.7 2490 2019.9 0.12848 2811.4 1037.3 1.8158 -0.041173 0.31296
633.96 59576 3395.3 2443.5 1754.3 0.12737 2411.1 882.69 1.8159 -0.039589 0.31012
634.83 59950 3409.2 2430.6 1686.3 0.12706 2300.2 838.66 1.8159 -0.039148 0.30846
636.9 60850 3443 2399.9 1532.3 0.12633 2094.4 763.34 1.8159 -0.038082 0.30886
640.61 62461 3504.6 2345.1 1287.1 0.12502 1701.6 611.94 1.816 -0.036159 0.30182
643.75 63837 3558.6 2298.6 1105.7 0.12381 1380.3 483.47 1.8161 -0.0345 0.29018
644.61 64219 3573.7 2285.7 1059.6 0.12345 1305.8 454.57 1.8161 -0.034037 0.28765
646.69 65135 3610.5 2255 955.78 0.12259 1162.3 402.39 1.8161 -0.03292 0.28511
650.39 66774 3677.7 2200.2 792.07 0.12109 926.02 315.21 1.8162 -0.030903 0.27764
653.53 68173 3736.4 2153.7 672.45 0.11979 750.28 251.8 1.8162 -0.029162 0.26877
654.4 68560 3752.9 2140.8 642.27 0.11943 702.52 234.21 1.8162 -0.028676 0.26512
656.48 69491 3792.9 2110.1 574.59 0.11855 611.74 202.24 1.8163 -0.027504 0.26029
660.18 71155 3866.3 2055.3 468.86 0.11677 409.26 126.88 1.8163 -0.025384 0.22712
663.32 72570 3931 2008.8 391.45 0.11467 239.62 69.404 1.8164 -0.023553 0.17792
664.19 72959 3949.3 1995.9 372.34 0.11394 205.02 59.286 1.8164 -0.023042 0.16501
666.27 73890 3993.8 1965.2 330.15 0.112 134.33 39.904 1.8164 -0.021808 0.13309
669.97 75528 4075.7 1910.4 266.63 0.10767 46.409 20.629 1.8165 -0.019574 0.068492
673.11 76887 4147.6 1863.9 222.92 0.10308 7.3399 14.778 1.8165 -0.017643 0.015226
673.97 77256 4167.8 1851 212.31 0.10167 -9.5254e-16 13.791 1.8166 -0.017103 0
673.97 77256 4167.8 1851 212.31 0.10167 -9.5254e-16 13.791 1.8166 -0.017103 0
674.97 77679 4166.9 1851 198.37 0.099995 1.1761e-15 12.881 1.8166 -0.016479 0
675.97 78091 4165.9 1851 185.61 0.098322 -5.9483e-17 12.047 1.8166 -0.015856 0
676.97 78496 4165 1851 173.82 0.096647 5.5706e-16 11.278 1.8166 -0.015232 0
677.97 78895 4164.2 1851 162.93 0.094973 1.4359e-15 10.567 1.8166 -0.014609 0
678.97 79286 4163.3 1851 152.85 0.093297 1.0287e-15 9.9096 1.8166 -0.013986 0
679.97 79671 4162.4 1851 143.53 0.091621 -4.3697e-16 9.3016 1.8166 -0.013362 0
680.97 80048 4161.6 1851 134.9 0.089944 9.9429e-16 8.7389 1.8167 -0.012739 0
681.97 80418 4160.8 1851 126.9 0.088267 6.1001e-17 8.218 1.8167 -0.012116 0
682.97 80781 4160 1851 119.49 0.086589 -4.4037e-16 7.7353 1.8167 -0.011493 0
683.97 81138 4159.2 1851 112.62 0.08491 1.2271e-15 7.2879 1.8167 -0.01087 0
684.97 81487 4158.4 1851 106.25 0.083231 3.5325e-16 6.873 1.8167 -0.010247 0
685.97 81829 4157.6 1851 100.33 0.081552 1.0128e-15 6.488 1.8167 -0.0096241 0
686.97 82164 4156.9 1851 94.836 0.079872 8.3198e-16 6.1307 1.8167 -0.0090013 0
687.97 82492 4156.2 1851 89.731 0.078191 9.0582e-16 5.7987 1.8167 -0.0083785 0
688.97 82814 4155.5 1851 84.987 0.07651 2.1725e-16 5.4903 1.8167 -0.0077558 0
689.97 83128 4154.8 1851 80.575 0.074828 0 5.2036 1.8168 -0.0071332 0
690.97 83435 4154.1 1851 76.471 0.073146 0 4.937 1.8168 -0.0065106 0
691.97 83735 4153.4 1851 72.65 0.071463 0 4.6888 1.8168 -0.005888 0
692.97 84028 4152.8 1851 69.092 0.06978 0 4.4578 1.8168 -0.0052655 0
693.97 84314 4152.2 1851 65.778 0.068096 0 4.2427 1.8168 -0.0046431 0
694.97 84593 4151.6 1851 62.689 0.066412 0 4.0423 1.8168 -0.0040207 0
695.97 84865 4151 1851 59.794 0.064727 0 3.8546 1.8168 -0.0033984 0
696.97 85130 4150.4 1720.1 0 0.063042 0 0 1.8168 -0.0027761 0
697.97 85388 4149.8 1720.1 0 0.061357 0 0 1.8168 -0.0021539 0
698.97 85639 4149.3 1720.1 0 0.059671 0 0 1.8168 -0.0015317 0
699.97 85883 4148.8 1720.1 0 0.057985 0 0 1.8168 -0.00090953 0
700.97 86120 4148.2 1720.1 0 0.056298 0 0 1.8169 -0.00028742 0
701.97 86350 4147.7 1720.1 0 0.054611 0 0 1.8169 0.00033465 0
702.97 86573 4147.3 1720.1 0 0.052924 0 0 1.8169 0.00095669 0
703.97 86788 4146.8 1720.1 0 0.051236 0 0 1.8169 0.0015787 0
704.97 86997 4146.4 1720.1 0 0.049548 0 0 1.8169 0.0022006 0
705.97 87199 4145.9 1720.1 0 0.04786 0 0 1.8169 0.0028226 0
706.97 87394 4145.5 1720.1 0 0.046171 0 0 1.8169 0.0034445 0
707.97 87582 4145.1 1720.1 0 0.044482 0 0 1.8169 0.0040663 0
708.97 87763 4144.7 1720.1 0 0.042793 0 0 1.8169 0.0046881 0
709.97 87936 4144.4 1720.1 0 0.041103 0 0 1.8169 0.0053099 0
710.97 88103 4144 1720.1 0 0.039413 0 0 1.8169 0.0059317 0
711.97 88263 4143.7 1720.1 0 0.037723 0 0 1.8169 0.0065535 0
712.97 88416 4143.4 1720.1 0 0.036033 0 0 1.8169 0.0071752 0
713.97 88562 4143.1 1720.1 0 0.034343 0 0 1.8169 0.0077969 0
714.97 88700 4142.8 1720.1 0 0.032652 0 0 1.8169 0.0084185 0
715.97 88832 4142.5 1720.1 0 0.030961 0 0 1.8169 0.0090402 0
716.97 88957 4142.2 1720.1 0 0.02927 0 0 1.817 0.0096618 0
717.97 89074 4142 1720.1 0 0.027578 0 0 1.817 0.010283 0
718.97 89185 4141.8 1720.1 0 0.025887 0 0 1.817 0.010905 0
719.97 89289 4141.6 1720.1 0 0.024195 0 0 1.817 0.011527 0
720.97 89386 4141.4 1720.1 0 0.022503 0 0 1.817 0.012148 0
721.97 89475 4141.2 1720.1 0 0.020812 0 0 1.817 0.01277 0
722.97 89558 4141.1 1720.1 0 0.019119 0 0 1.817 0.013391 0
723.97 89634 4140.9 1720.1 0 0.017427 0 0 1.817 0.014013 0
724.97 89702 4140.8 1720.1 0 0.015735 0 0 1.817 0.014634 0
725.97 89764 4140.7 1720.1 0 0.014043 0 0 1.817 0.015256 0
726.97 89819 4140.6 1720.1 0 0.01235 0 0 1.817 0.015877 0
727.97 89866 4140.5 1720.1 0 0.010658 0 0 1.817 0.016499 0
728.97 89907 4140.5 1720.1 0 0.0089653 0 0 1.817 0.01712 0
729.97 89940 4140.4 1720.1 0 0.0072728 0 0 1.817 0.017742 0
730.97 89967 4140.4 1720.1 0 0.0055802 0 0 1.817 0.018363 0
731.97 89987 4140.4 1720.1 0 0.0038876 0 0 1.817 0.018985 0
732.97 89999 4140.4 1720.1 0 0.0021949 0 0 1.817 0.019606 0
733.97 90005 4140.4 1720.1 0 0.00050233 0 0 1.817 0.020228 0
734.97 90003 4140.5 1720.1 0 0 0 0 1.817 0.020849 0
