time (s) altitude (m) longitude (rad) latitude (rad) velocity (m/s) trajectory angle (rad) heading angle (rad) angle of attack (rad) bank angle (rad) fuel mass (kg) 
124.64 25712 2.3874 -0.20416 1612.3 0.028829 1.5064 0.00011939 0.27568 1562
128.21 25860 2.3874 -0.20326 1622.8 0.022661 1.5105 0.0072636 0.26532 1553.5
134.59 26062 2.3875 -0.20163 1643.4 0.01699 1.5184 0.0119 0.22101 1537.5
139.99 26203 2.3876 -0.20024 1662 0.014892 1.5243 0.015538 0.18684 1523.4
141.49 26240 2.3876 -0.19985 1667.4 0.014996 1.5259 0.010466 0.18169 1519.3
145.06 26325 2.3877 -0.19892 1680.5 0.013582 1.5293 0.014812 0.16887 1509.7
151.44 26469 2.3877 -0.19723 1705.1 0.013507 1.5351 0.01541 0.15211 1491.7
156.84 26596 2.3878 -0.19578 1727 0.013686 1.5398 0.016479 0.15678 1475.8
158.34 26631 2.3878 -0.19538 1733.3 0.014082 1.5412 0.017327 0.15576 1471.3
161.91 26722 2.3878 -0.19441 1748.6 0.014739 1.5444 0.015137 0.15463 1460.3
168.29 26879 2.3879 -0.19265 1776.3 0.013175 1.5494 0.012675 0.14967 1440.4
173.69 27011 2.3879 -0.19114 1800.5 0.015366 1.554 0.02622 0.14258 1422.9
175.19 27055 2.3879 -0.19072 1807.4 0.018543 1.5556 0.027827 0.1407 1417.8
180.55 27276 2.3879 -0.18919 1831.5 0.02532 1.5603 0.019696 0.12165 1399.8
190.11 27712 2.3879 -0.18643 1871 0.020944 1.5651 0.003861 0.089713 1370.4
198.22 27928 2.3879 -0.18404 1903.4 0.0061008 1.5676 0.00017209 0.108 1347.2
200.46 27943 2.388 -0.18337 1912.8 0.0022386 1.5685 0.0198 0.11419 1340.8
205.83 27999 2.388 -0.18175 1937.6 0.0088547 1.5726 0.027406 0.13541 1323
215.39 28265 2.3879 -0.17883 1980.9 0.017654 1.5818 0.014095 0.2075 1291.4
223.5 28508 2.3879 -0.1763 2015 0.0085733 1.5887 7.905e-05 0.24 1266.9
225.74 28531 2.3879 -0.17559 2024.5 0.004507 1.5901 0.021891 0.2389 1260.4
229.32 28579 2.3879 -0.17445 2041.6 0.0093212 1.5951 0.031139 0.23196 1248.3
235.69 28792 2.3878 -0.17241 2072.4 0.022897 1.6047 0.030904 0.21371 1225.9
241.09 29077 2.3877 -0.17065 2096.2 0.024861 1.6103 0.00010512 0.20748 1208.5
242.59 29150 2.3877 -0.17016 2102 0.020998 1.6109 0.0085574 0.20617 1204.4
246.17 29293 2.3877 -0.16898 2116.3 0.016161 1.6131 9.7768e-05 0.20341 1194
252.54 29425 2.3876 -0.16686 2141.2 0.0034462 1.6162 7.4441e-05 0.20914 1176.2
257.94 29433 2.3875 -0.16505 2162.8 0.00028708 1.6206 0.026744 0.22289 1159.9
259.44 29437 2.3875 -0.16454 2169.3 0.0030288 1.6227 0.029452 0.22472 1154.7
263.02 29477 2.3874 -0.16333 2183.9 0.0067424 1.627 0.022029 0.22898 1142.8
269.39 29588 2.3873 -0.16114 2207.9 0.0086907 1.6339 0.017572 0.24824 1122.2
274.79 29705 2.3871 -0.15927 2227.5 0.011347 1.6405 0.026017 0.26567 1104.5
276.29 29745 2.3871 -0.15876 2233 0.013255 1.6427 0.027228 0.26853 1099.5
279.87 29872 2.387 -0.15751 2245.7 0.017702 1.6479 0.02633 0.27244 1087.4
286.24 30126 2.3868 -0.15527 2265.6 0.015639 1.6547 4.7367e-05 0.28662 1067.8
291.65 30257 2.3866 -0.15336 2280.7 0.0041685 1.6577 9.0704e-05 0.29613 1053
293.14 30263 2.3866 -0.15283 2285 0.0022809 1.6589 0.017071 0.29717 1048.7
296.72 30285 2.3865 -0.15155 2295.8 0.0032997 1.6636 0.023164 0.29585 1037.4
303.09 30358 2.3863 -0.14927 2314.6 0.0065401 1.6721 0.02108 0.29624 1017.1
308.5 30450 2.3861 -0.14732 2329.4 0.007709 1.6789 0.019987 0.29988 1000.1
309.99 30477 2.386 -0.14678 2333.4 0.0081415 1.6809 0.025105 0.29993 995.34
313.57 30558 2.3858 -0.14548 2342.9 0.010418 1.6858 0.020853 0.29596 983.88
319.94 30683 2.3856 -0.14315 2358 0.0051169 1.6915 3.8619e-05 0.2872 965.16
325.35 30712 2.3853 -0.14117 2370.4 0.00010171 1.6961 0.028406 0.28416 949.41
326.84 30712 2.3852 -0.14062 2374.4 0.0031614 1.6986 0.030155 0.28317 944.29
330.42 30754 2.3851 -0.13931 2383.2 0.0063114 1.7034 0.023716 0.27602 932.72
336.79 30864 2.3847 -0.13695 2397.3 0.0073613 1.7102 0.015611 0.25726 912.94
342.2 30951 2.3845 -0.13494 2408.4 0.005917 1.715 0.01478 0.24888 896.65
343.69 30971 2.3844 -0.13438 2411.5 0.0056106 1.7164 0.014004 0.24709 892.15
347.27 31015 2.3842 -0.13305 2418.5 0.0043751 1.7194 0.013516 0.23771 881.47
353.64 31064 2.3838 -0.13066 2430.7 0.0019744 1.7242 0.012973 0.21314 862.5
359.05 31076 2.3835 -0.12863 2441 -4.2988e-05 1.7279 0.012855 0.20211 846.38
360.54 31075 2.3834 -0.12807 2443.9 -0.00057195 1.7289 0.031311 0.19993 841.91
364.12 31100 2.3832 -0.12672 2450.8 0.0055725 1.7327 0.033622 0.18951 829.92
370.49 31211 2.3828 -0.1243 2462.2 0.0063039 1.7371 3.9896e-05 0.162 810.39
375.9 31235 2.3824 -0.12225 2471.3 -0.0046488 1.7384 6.9514e-05 0.14938 795.85
377.39 31208 2.3823 -0.12168 2474 -0.006035 1.739 0.014554 0.14678 791.54
380.97 31162 2.3821 -0.12032 2480.9 -0.0038808 1.7412 0.027279 0.13525 780.21
387.34 31162 2.3817 -0.11788 2493.3 0.0041743 1.745 0.026276 0.10829 759.15
392.75 31254 2.3813 -0.1158 2502.8 0.0083528 1.7474 0.02069 0.099877 741.73
394.24 31285 2.3812 -0.11523 2505.3 0.0091471 1.748 0.027332 0.098053 737.02
397.82 31382 2.3809 -0.11385 2511.2 0.01154 1.7494 0.016407 0.089151 725.68
404.19 31532 2.3805 -0.11138 2521.3 0.0059452 1.7508 7.3414e-05 0.068955 707.39
409.6 31576 2.3801 -0.10928 2530 0.0016099 1.7518 0.023551 0.062842 691.93
411.09 31583 2.38 -0.1087 2532.6 0.0038107 1.7523 0.025848 0.06163 687.08
414.67 31630 2.3797 -0.10731 2538.4 0.0057954 1.7532 0.016745 0.054697 676.04
421.04 31692 2.3793 -0.10482 2548.4 0.00076627 1.754 0.00079914 0.043301 657.89
426.45 31664 2.3789 -0.1027 2557.1 -0.0042768 1.7547 0.017834 0.044545 642.58
427.94 31647 2.3788 -0.10212 2559.6 -0.0030091 1.755 0.01854 0.044417 637.87
431.52 31624 2.3785 -0.10071 2565.5 -0.0018592 1.7555 0.01841 0.039393 626.86
437.89 31612 2.378 -0.098193 2575.9 0.00039559 1.7564 0.018279 0.035104 607.09
443.3 31631 2.3776 -0.096052 2584.4 0.0022151 1.7572 0.017251 0.042682 590.27
444.79 31640 2.3775 -0.09546 2586.8 0.0026034 1.7575 0.01741 0.043536 585.64
448.37 31669 2.3772 -0.094038 2592.3 0.0036419 1.7581 0.017167 0.040378 574.52
454.74 31744 2.3768 -0.091498 2601.9 0.0052783 1.759 0.016451 0.039675 554.82
460.15 31823 2.3763 -0.089337 2609.8 0.0057674 1.7598 0.0136 0.0472 538.35
461.64 31845 2.3762 -0.088739 2612 0.0055574 1.7601 0.014141 0.048039 533.89
465.22 31896 2.376 -0.087304 2617.1 0.0051431 1.7606 0.012568 0.044315 523.19
471.59 31970 2.3755 -0.084742 2626.1 0.0036903 1.7615 0.011983 0.040463 504.35
477 32013 2.375 -0.082562 2633.7 0.002391 1.7622 0.01195 0.0445 488.43
478.49 32022 2.3749 -0.081959 2635.8 0.0020171 1.7624 0.012728 0.044476 484.05
483.86 32042 2.3745 -0.079787 2643.4 0.00088026 1.7631 0.012046 0.03421 468.23
493.42 32046 2.3737 -0.075905 2656.7 -0.00043603 1.764 0.013514 0.024172 439.86
501.53 32032 2.3731 -0.072595 2668 -0.00070668 1.7648 0.012521 0.035573 415.47
503.76 32028 2.3729 -0.071679 2671.1 -0.001033 1.765 0.014053 0.03691 408.75
509.13 32014 2.3725 -0.06948 2678.5 -0.00089127 1.7656 0.013192 0.028953 392.42
518.69 31994 2.3717 -0.065547 2691.6 -0.00062383 1.7664 0.013156 0.023498 363.14
526.8 31985 2.371 -0.062197 2702.6 -0.00010757 1.7672 0.012625 0.038045 338.06
529.04 31985 2.3708 -0.061269 2705.6 -4.7309e-05 1.7676 0.013845 0.041268 331.12
532.62 31988 2.3705 -0.059785 2710.3 0.00044207 1.768 0.01278 0.038733 319.95
538.99 31995 2.37 -0.057137 2718.7 0.00019221 1.7688 0.010361 0.038065 300.21
544.4 31994 2.3696 -0.054883 2725.8 -0.0001323 1.7695 0.012654 0.044216 283.42
545.89 31994 2.3694 -0.05426 2727.7 0.00018271 1.7698 0.013659 0.044982 278.71
549.47 32000 2.3691 -0.052764 2732.3 0.00088783 1.7703 0.012828 0.041014 267.41
555.84 32018 2.3686 -0.050095 2740.4 0.0010422 1.7711 0.010168 0.038303 247.44
561.25 32030 2.3681 -0.047825 2747.2 0.00055245 1.7718 0.010859 0.045289 230.6
562.74 32032 2.368 -0.047197 2749.1 0.00062669 1.772 0.01282 0.046195 225.9
566.32 32041 2.3677 -0.045691 2753.5 0.0011119 1.7725 0.011909 0.04282 214.6
572.69 32068 2.3671 -0.043003 2761.3 0.0019998 1.7734 0.012599 0.040988 194.45
578.1 32105 2.3667 -0.040716 2767.7 0.0030853 1.7742 0.012439 0.048313 177.32
579.59 32119 2.3665 -0.040084 2769.5 0.0033037 1.7745 0.013641 0.049607 172.61
583.17 32157 2.3662 -0.038568 2773.6 0.0043333 1.775 0.013631 0.047336 161.27
589.54 32248 2.3657 -0.035862 2780.6 0.0058204 1.7761 0.01245 0.049073 141.26
594.95 32337 2.3652 -0.033561 2786.5 0.0057267 1.777 0.0088129 0.058535 124.68
596.44 32360 2.365 -0.032925 2788.1 0.0052628 1.7772 0.0074321 0.059604 120.2
600.02 32402 2.3647 -0.031399 2792 0.0026645 1.7777 0.00075106 0.055848 109.76
606.39 32380 2.3642 -0.028677 2799.4 -0.0050472 1.7783 0.00021789 0.047661 91.685
611.8 32281 2.3637 -0.026361 2805.7 -0.0065047 1.779 0.019614 0.040881 75.29
613.29 32257 2.3635 -0.025721 2807.4 -0.0044526 1.7793 0.036045 0.037018 70.294
616.87 32247 2.3632 -0.02419 2804.1 0.003498 1.7799 0.036877 0.02592 57.791
623.24 32572 2.3626 -0.021429 2879.3 0.037097 1.7803 0.096106 -0.00085431 32.383
628.65 33552 2.3621 -0.019024 2953.8 0.091559 1.7804 0.1368 0.0070297 7.5129
630.14 34000 2.362 -0.018353 2928.3 0.10686 1.7807 0.15047 0 1.0274
630.14 34000 2.362 -0.018353 2928.3 0.10686 1.7807 0.15047 0 1.0274
633.03 35128 2.3617 -0.017089 2862.6 0.16122 1.7878 0.14177 0.22965 1.0164
638.17 37900 2.3612 -0.014929 2781.1 0.21544 1.8198 0.12349 0.67227 1.0134
642.53 40564 2.3607 -0.013162 2738.4 0.22659 1.8484 0.11136 1.0101 1.005
643.74 41303 2.3606 -0.012681 2729 0.22693 1.8551 0.10925 1.0931 1.003
646.63 43059 2.3602 -0.011538 2709.8 0.22366 1.869 0.10542 1.2608 0.99152
651.77 46057 2.3596 -0.0095271 2683.9 0.21128 1.8869 0.095663 1.4368 0.98874
656.13 48433 2.359 -0.0078377 2667.1 0.19892 1.8967 0.090265 1.3495 0.98014
657.34 49063 2.3589 -0.0073733 2663.1 0.19562 1.8988 0.089272 1.3343 0.97817
660.22 50524 2.3585 -0.0062632 2654.1 0.18739 1.9033 0.087365 1.3412 0.9591
665.37 52959 2.3578 -0.0042944 2640.3 0.17227 1.9092 0.082029 1.2913 0.95971
669.73 54857 2.3572 -0.0026307 2630.3 0.15928 1.9129 0.079257 1.2012 0.9485
670.93 55353 2.357 -0.0021723 2627.8 0.15568 1.9137 0.078833 1.1918 0.94718
675.26 57041 2.3565 -0.00052665 2619.5 0.14248 1.9163 0.077087 1.208 0.92413
682.98 59664 2.3554 0.0023959 2607 0.11839 1.9198 0.073074 1.1529 0.92669
689.52 61501 2.3545 0.0048691 2598.6 0.09767 1.9218 0.071864 1.0319 0.91394
691.33 61945 2.3542 0.005551 2596.6 0.091929 1.9223 0.07171 1.0164 0.91267
695.66 62899 2.3536 0.0071845 2592.2 0.078065 1.9232 0.071567 1.0153 0.89122
703.37 64209 2.3526 0.01009 2586.2 0.053176 1.9247 0.072072 0.96504 0.89285
709.92 64929 2.3517 0.012552 2582.6 0.031958 1.9258 0.073349 0.88637 0.87839
711.73 65064 2.3514 0.013232 2581.9 0.026096 1.926 0.073609 0.87295 0.87482
714.61 65224 2.351 0.014317 2581 0.016712 1.9264 0.073927 0.86765 0.85569
719.76 65335 2.3503 0.01625 2580 4.5938e-06 1.9271 0.075194 0.84439 0.8503
724.12 65255 2.3497 0.017888 2579.8 -0.014161 1.9277 0.076279 0.82285 0.83532
725.32 65205 2.3495 0.018341 2579.8 -0.018068 1.9279 0.076486 0.81961 0.82945
728.21 65035 2.3491 0.019425 2580.1 -0.027426 1.9282 0.077035 0.81873 0.81119
733.35 64561 2.3484 0.021355 2581.2 -0.044027 1.9289 0.078974 0.80847 0.80656
737.72 63987 2.3478 0.022992 2582.7 -0.058036 1.9296 0.080483 0.79453 0.79293
738.92 63800 2.3476 0.023444 2583.2 -0.061888 1.9298 0.080773 0.79243 0.78738
741.81 63304 2.3472 0.024527 2584.6 -0.071091 1.9302 0.081575 0.79217 0.76881
746.95 62252 2.3465 0.026455 2587.5 -0.087318 1.9312 0.084273 0.78433 0.76685
751.31 61190 2.3458 0.028091 2590.4 -0.10089 1.9321 0.086243 0.77219 0.7544
752.52 60870 2.3457 0.028542 2591.3 -0.1046 1.9324 0.086616 0.77027 0.75066
755.41 60056 2.3453 0.029624 2593.5 -0.11343 1.9331 0.087695 0.76893 0.73052
760.55 58443 2.3445 0.03155 2597.7 -0.12878 1.9347 0.091196 0.75919 0.73071
764.91 56915 2.3439 0.033183 2601.3 -0.14137 1.9364 0.093557 0.74766 0.71875
766.12 56468 2.3437 0.033634 2602.3 -0.14476 1.937 0.093986 0.74597 0.71721
769 55354 2.3433 0.034714 2604.8 -0.15271 1.9384 0.095239 0.74422 0.69429
774.15 53225 2.3426 0.036635 2608.8 -0.16607 1.9416 0.098978 0.73647 0.69531
778.51 51283 2.3419 0.038262 2611.6 -0.1764 1.9452 0.10113 0.73034 0.68207
779.71 50727 2.3418 0.038711 2612.3 -0.17905 1.9463 0.1015 0.72967 0.68084
782.6 49361 2.3413 0.039785 2613.5 -0.18498 1.9495 0.10266 0.73 0.66185
787.74 46829 2.3406 0.041693 2613.8 -0.19356 1.9569 0.10594 0.7308 0.66044
792.11 44608 2.3399 0.043305 2611.2 -0.19809 1.9657 0.10749 0.73366 0.64808
793.31 43988 2.3397 0.043748 2609.8 -0.19875 1.9687 0.10773 0.73502 0.64601
796.2 42499 2.3393 0.044807 2605.1 -0.19911 1.9771 0.10854 0.74321 0.63123
801.34 39878 2.3384 0.046676 2590 -0.19445 1.998 0.10993 0.77826 0.62697
805.7 37754 2.3377 0.048237 2568.4 -0.18406 2.0239 0.10955 0.81185 0.615
806.91 37195 2.3375 0.048662 2560.8 -0.17999 2.0327 0.10943 0.81922 0.61197
809.8 35919 2.337 0.049669 2538.9 -0.16786 2.0571 0.10915 0.84995 0.59532
814.94 33929 2.336 0.051406 2487.2 -0.13996 2.1153 0.10702 0.94221 0.59036
819.3 32578 2.3351 0.0528 2431.2 -0.11175 2.1802 0.10447 0.99348 0.57673
820.51 32265 2.3348 0.053169 2414 -0.10325 2.2003 0.10403 1.0019 0.57326
823.39 31626 2.3342 0.054021 2370.2 -0.082179 2.2524 0.10301 1.0396 0.55425
828.54 30855 2.3329 0.055409 2287.3 -0.046932 2.3553 0.099297 1.1093 0.54875
832.9 30529 2.3318 0.056444 2216.5 -0.019826 2.4468 0.096471 1.1046 0.53358
834.1 30486 2.3315 0.056705 2197.3 -0.012007 2.4717 0.096007 1.1036 0.52982
836.99 30465 2.3307 0.057291 2152.2 0.0050828 2.5312 0.095043 1.1209 0.50899
842.13 30664 2.3292 0.058192 2077.2 0.030901 2.6324 0.091955 1.121 0.50307
846.5 31027 2.328 0.058823 2020.4 0.050088 2.7094 0.089975 1.071 0.48667
847.7 31154 2.3277 0.058978 2005.8 0.05546 2.7289 0.089676 1.0637 0.48266
850.59 31505 2.3268 0.059319 1972.7 0.066566 2.7735 0.089138 1.0625 0.46059
855.73 32253 2.3254 0.059827 1920.2 0.082318 2.8437 0.087572 1.0231 0.45408
860.09 32979 2.3241 0.060174 1881.8 0.092915 2.8935 0.086759 0.96518 0.43658
861.3 33192 2.3238 0.060258 1872 0.095483 2.9057 0.08666 0.95637 0.43225
864.19 33718 2.3229 0.060442 1850.1 0.1003 2.9331 0.08661 0.94627 0.40679
869.33 34689 2.3215 0.060713 1815.4 0.10551 2.9752 0.086568 0.89679 0.40058
873.69 35526 2.3203 0.060897 1789.7 0.10734 3.0046 0.086684 0.84899 0.38125
874.9 35756 2.32 0.060942 1783.1 0.10742 3.0119 0.086726 0.84154 0.37683
877.78 36305 2.3192 0.061038 1768.3 0.10672 3.0281 0.087007 0.82977 0.34853
882.93 37253 2.3178 0.061179 1744.4 0.10309 3.0534 0.087923 0.78678 0.34253
887.29 38014 2.3166 0.061271 1726.4 0.098061 3.0716 0.088525 0.75408 0.32192
888.49 38216 2.3163 0.061293 1721.8 0.096349 3.0762 0.08864 0.74888 0.31761
891.38 38681 2.3155 0.061339 1711.2 0.091676 3.0865 0.089079 0.73868 0.28193
896.52 39441 2.3142 0.061403 1694 0.081872 3.1031 0.090388 0.70786 0.27769
900.89 40009 2.313 0.061439 1680.8 0.072287 3.1156 0.091108 0.68953 0.25406
902.09 40152 2.3127 0.061447 1677.4 0.069433 3.1189 0.091233 0.68655 0.25047
904.98 40470 2.3119 0.061461 1669.7 0.062244 3.1263 0.09166 0.67891 0.20681
910.12 40945 2.3106 0.061473 1656.9 0.048684 3.1388 0.092822 0.65911 0.20412
914.48 41252 2.3095 0.061471 1647.1 0.036479 3.1486 0.093343 0.65092 0.17654
915.69 41321 2.3092 0.061468 1644.5 0.033004 3.1513 0.093435 0.64945 0.17322
918.58 41458 2.3084 0.061459 1638.7 0.024489 3.1575 0.093735 0.64375 0.12797
923.72 41599 2.3071 0.061431 1629 0.0091394 3.1682 0.094382 0.6328 0.12316
928.08 41617 2.306 0.061396 1621.6 -0.0041142 3.1772 0.094471 0.63277 0.092363
929.29 41606 2.3057 0.061385 1619.7 -0.0077963 3.1797 0.094479 0.63267 0.087904
932.17 41548 2.305 0.061355 1615.2 -0.016667 3.1856 0.094553 0.62965 0.039524
937.32 41346 2.3037 0.061292 1607.6 -0.032154 3.1964 0.094504 0.62713 0.028862
941.68 41076 2.3026 0.061227 1601.6 -0.045038 3.2058 0.094151 0.63259 0.0050818
942.88 40985 2.3023 0.061207 1600 -0.048515 3.2085 0.094093 0.63334 0.010666
945.77 40743 2.3016 0.061157 1596.2 -0.056692 3.2151 0.093978 0.63268 0.010663
950.91 40221 2.3003 0.061055 1589.4 -0.07055 3.2275 0.093347 0.63679 0.010649
955.28 39695 2.2992 0.060957 1583.6 -0.081462 3.2389 0.09269 0.64495 0.010637
956.48 39537 2.2989 0.060927 1582 -0.084313 3.2422 0.092588 0.64614 0.010634
960.81 38928 2.2979 0.060814 1575.9 -0.093794 3.2547 0.092041 0.65119 0.010624
968.53 37707 2.296 0.060579 1563.8 -0.10766 3.2805 0.089614 0.67887 0.010588
975.07 36566 2.2944 0.06034 1551.6 -0.11594 3.3068 0.087419 0.70582 0.010559
976.88 36240 2.294 0.060267 1547.8 -0.11754 3.315 0.087059 0.71003 0.010553
981.21 35448 2.293 0.060077 1537.7 -0.11983 3.3363 0.086059 0.72549 0.010531
988.92 34039 2.2912 0.059685 1515.7 -0.11868 3.3817 0.08326 0.756 0.010438
995.47 32904 2.2897 0.059289 1492.1 -0.11127 3.4281 0.081961 0.75445 0.01035
997.27 32610 2.2893 0.059168 1484.7 -0.10779 3.4422 0.081785 0.75286 0.010329
1000.2 32164 2.2887 0.058964 1471.9 -0.10108 3.4661 0.081583 0.75428 0.010237
1005.3 31462 2.2876 0.058567 1446.3 -0.08553 3.5124 0.081096 0.75217 0.0098705
1009.7 30978 2.2867 0.058195 1422.1 -0.068831 3.5551 0.080941 0.7445 0.0095646
1010.9 30864 2.2864 0.058086 1415 -0.063665 3.5673 0.080928 0.7432 0.0095099
1013.8 30632 2.2859 0.057816 1397.3 -0.050577 3.5974 0.080926 0.74184 0.0092999
1018.9 30362 2.2849 0.057301 1363.8 -0.025139 3.653 0.081049 0.73287 0.0084043
1023.3 30281 2.2841 0.056832 1334 -0.0022154 3.701 0.081285 0.72278 0.0076897
1024.5 30282 2.2839 0.056698 1325.6 0.0041799 3.7143 0.081335 0.72116 0.0076017
1027.4 30327 2.2834 0.056369 1305.4 0.019273 3.746 0.081449 0.71828 0.0070129
1032.5 30539 2.2826 0.055758 1269.2 0.044672 3.8012 0.081841 0.71039 0.0039374
1036.9 30837 2.2819 0.05522 1238.8 0.06373 3.8461 0.082152 0.70631 0.0007065
1038.1 30935 2.2817 0.055069 1230.5 0.068432 3.8581 0.082183 0.70596 0
