time (s) altitude (m) velocity (m/s) mass (kg) dynamic pressure (Pa)trajectory angle (rad) Lift (N)Drag (N)heading angle (rad) latitude (rad) angle of attack (rad) 
630.14 34000 2928.3 3300 41197 0.10686 14095 4416.9 1.7807 -0.018353 0.11407
630.95 34254 2937.1 3288 39819 0.10657 14271 4412.8 1.7807 -0.01799 0.11829
632.75 34815 2956.5 3261.4 36951 0.10621 15674 4633.3 1.7807 -0.017188 0.13538
635.24 35600 2983.4 3224.5 33298 0.10652 17764 5165.3 1.7808 -0.016064 0.16116
638.05 36502 3013.4 3182.9 29566 0.10786 19390 5671.9 1.7808 -0.014784 0.18654
640.76 37391 3042.4 3142.8 26318 0.10961 19084 5646.2 1.7808 -0.013541 0.20006
642.94 38126 3066.2 3110.5 23926 0.11086 17703 5246.9 1.7809 -0.012529 0.20292
644.28 38580 3081.1 3090.7 22567 0.11146 16708 4950.1 1.7809 -0.011907 0.20301
644.6 38692 3084.8 3085.9 22246 0.11158 16518 4895 1.7809 -0.011755 0.20342
645.66 39056 3096.8 3070.3 21235 0.11197 16244 4829.6 1.7809 -0.01126 0.20779
647.94 39852 3122.8 3036.5 19193 0.11289 16312 4995.5 1.781 -0.010185 0.22313
650.98 40936 3157.9 2991.4 16743 0.11431 15685 4928.7 1.781 -0.0087359 0.23869
654.19 42104 3195.8 2943.9 14478 0.1156 14033 4444.5 1.7811 -0.0071929 0.24448
656.92 43120 3229.2 2903.5 12784 0.1162 11982 3759.1 1.7811 -0.0058638 0.23874
658.64 43765 3251 2878.1 11823 0.11624 10809 3367.2 1.7811 -0.0050211 0.23461
659.06 43925 3256.4 2871.8 11598 0.11623 10579 3293.2 1.7812 -0.0048122 0.23424
660.6 44506 3276.3 2849.1 10818 0.1161 9928.1 3093.9 1.7812 -0.0040529 0.23522
663.33 45548 3312.4 2808.6 9563.7 0.11564 8677.4 2693.3 1.7812 -0.002689 0.23335
665.65 46437 3344 2774.2 8621.8 0.11498 7551.1 2318.6 1.7813 -0.00152 0.22769
666.29 46683 3352.9 2764.7 8380.2 0.11474 7300.7 2237.7 1.7813 -0.0011953 0.22685
667.83 47272 3374.3 2742 7852.5 0.11413 6813.5 2084.1 1.7813 -0.00041358 0.22621
670.56 48324 3413.4 2701.5 7036.6 0.11288 5910.1 1786.4 1.7813 0.00099123 0.22121
672.89 49215 3447.3 2667.2 6413.3 0.11162 5173.7 1540.8 1.7814 0.0021959 0.21523
673.53 49461 3456.8 2657.7 6251.6 0.11124 5010.2 1488 1.7814 0.0025307 0.21427
675.06 50050 3479.8 2635 5881.5 0.1103 4669.3 1380.4 1.7814 0.0033367 0.21291
677.8 51095 3521.6 2594.5 5284.1 0.10851 4021 1172.6 1.7815 0.0047858 0.20676
680.12 51978 3557.9 2560.1 4866.3 0.10686 3563.2 1029.6 1.7815 0.006029 0.20113
680.76 52221 3568.1 2550.6 4756.7 0.10639 3460.3 997.79 1.7815 0.0063745 0.20019
682.29 52802 3592.6 2527.9 4503.7 0.10525 3238 929.66 1.7815 0.0072066 0.19851
685.03 53830 3637.1 2487.4 4085.5 0.10315 2806.1 802.28 1.7816 0.0087031 0.19228
687.35 54696 3675.7 2453.1 3761.2 0.10129 2488.3 709.15 1.7816 0.0099874 0.18738
687.99 54933 3686.4 2443.6 3676.3 0.10076 2416.6 688.59 1.7816 0.010344 0.18657
689.52 55501 3712.5 2420.9 3480.5 0.099507 2259.1 643.71 1.7816 0.011204 0.18497
692.26 56505 3759.7 2380.4 3157.7 0.097239 1960.1 556.51 1.7817 0.012751 0.17948
694.58 57348 3800.7 2346 2907.9 0.095275 1746.2 494.74 1.7817 0.014079 0.17557
695.22 57579 3812.1 2336.5 2842.6 0.094732 1697.2 480.86 1.7817 0.014449 0.1749
696.75 58131 3839.7 2313.8 2692.1 0.093433 1588.4 451.02 1.7817 0.015338 0.17343
699.49 59105 3889.8 2273.3 2444.2 0.09112 1389.8 396.94 1.7818 0.016938 0.16883
701.81 59921 3933.2 2239 2252.6 0.089155 1250.2 358.85 1.7818 0.018313 0.1659
702.45 60145 3945.3 2229.5 2202.5 0.088617 1217.4 349.91 1.7818 0.018695 0.16542
703.98 60680 3974.5 2206.8 2087.2 0.087337 1142.2 329.38 1.7818 0.019616 0.16425
706.72 61622 4027.6 2166.3 1897.2 0.085083 1008.4 292.73 1.7819 0.021273 0.16088
709.04 62411 4073.5 2131.9 1750.2 0.083199 915.33 265.99 1.7819 0.022696 0.15903
709.68 62628 4086.3 2122.4 1711.8 0.082688 892.71 259.36 1.7819 0.023092 0.15871
711.22 63144 4117.4 2099.7 1623.3 0.081476 839.9 243.9 1.7819 0.024046 0.15783
713.95 64055 4173.6 2059.2 1477.3 0.079367 750.07 217.65 1.7819 0.025763 0.15573
716.27 64819 4222.3 2024.9 1364.3 0.077632 688.25 199.48 1.782 0.027238 0.15503
716.91 65028 4235.9 2015.4 1334.7 0.077166 672.68 194.9 1.782 0.027649 0.15493
717.93 65362 4257.8 2000.2 1288.8 0.07643 648.33 187.74 1.782 0.028307 0.15472
719.76 65952 4297.2 1973.2 1211.1 0.075152 606.37 175.42 1.782 0.029488 0.15421
721.3 66450 4331.1 1950.3 1148.9 0.0741 574.15 165.94 1.782 0.030499 0.15401
721.73 66586 4340.6 1944 1132.3 0.073816 565.61 163.43 1.782 0.030779 0.15396
722.76 66913 4363.4 1928.9 1093.6 0.073144 544.96 157.37 1.782 0.031454 0.1537
724.58 67493 4404.4 1901.9 1027.9 0.071979 509.37 146.94 1.782 0.032665 0.1531
726.13 67981 4439.7 1879 975.36 0.071025 482.23 138.98 1.7821 0.033701 0.15286
726.55 68116 4449.6 1872.7 961.33 0.070768 475.03 136.86 1.7821 0.033988 0.1528
727.58 68437 4473.3 1857.5 928.52 0.070161 457.59 131.75 1.7821 0.03468 0.15251
729.4 69008 4516.1 1830.5 872.81 0.069115 427.54 123.02 1.7821 0.035921 0.15185
730.95 69489 4552.9 1807.6 828.16 0.068262 404.76 116.39 1.7821 0.036983 0.1516
731.37 69621 4563.2 1801.3 816.23 0.068033 398.74 114.64 1.7821 0.037278 0.15154
732.02 69822 4578.7 1791.7 798.52 0.067691 389.59 111.98 1.7821 0.037725 0.1514
733.46 70267 4613.9 1770.4 760.28 0.066949 368.43 105.85 1.7821 0.038729 0.15067
735.52 70902 4664.8 1739.9 708.71 0.065933 339.67 97.527 1.7822 0.040176 0.1495
737.95 71647 4726.2 1703.9 650.68 0.064807 309.05 88.659 1.7822 0.041904 0.14854
740.46 72413 4790.9 1666.8 595.49 0.063736 282.21 80.865 1.7822 0.043709 0.14828
742.74 73108 4851.1 1633.1 549.21 0.062853 260.98 74.638 1.7822 0.045373 0.14853
744.51 73650 4899 1606.7 515.48 0.062228 245.51 70.09 1.7822 0.046686 0.14874
745.58 73974 4928 1591 496.23 0.061881 236.41 67.418 1.7823 0.047478 0.14877
745.83 74052 4935.1 1587.2 491.68 0.061799 234.17 66.753 1.7823 0.04767 0.14875
746.65 74300 4957.5 1575.1 477.52 0.06155 226.72 64.557 1.7823 0.048279 0.14847
748.44 74847 5007.7 1548.6 447.61 0.061031 209.2 59.448 1.7823 0.049631 0.14694
750.93 75610 5078.9 1511.7 408.8 0.06037 184.99 52.449 1.7823 0.051535 0.14385
753.75 76474 5161.5 1470 368.57 0.059693 159.19 45.061 1.7823 0.053715 0.13952
756.45 77309 5243.3 1430 333.17 0.059102 136.84 39.066 1.7824 0.055845 0.13456
758.64 77988 5311.2 1397.6 306.74 0.058658 119.95 34.576 1.7824 0.057591 0.12999
759.97 78404 5353.5 1377.9 291.5 0.058402 111 32.161 1.7824 0.058667 0.12764
760.3 78505 5363.9 1373.1 287.88 0.058341 109.14 31.643 1.7824 0.05893 0.12726
761.11 78760 5390 1361 278.99 0.058194 103.11 30.072 1.7824 0.059592 0.12504
762.9 79324 5448.6 1334.5 260.22 0.057857 86.972 26.074 1.7824 0.061062 0.11677
765.4 80111 5532.2 1297.6 235.92 0.057293 62.264 20.308 1.7825 0.063133 0.099165
768.21 81004 5629.8 1255.9 210.96 0.056396 36.8 14.821 1.7825 0.065509 0.072664
770.91 81861 5726.9 1215.9 189.36 0.055203 18.67 11.733 1.7825 0.067832 0.045584
773.1 82549 5807.9 1183.5 173.58 0.053957 6.6498 10.218 1.7825 0.069739 0.01931
774.43 82965 5858.5 1163.8 164.68 0.053049 1.5192 9.6665 1.7825 0.070915 0.0046725
774.76 83065 5871 1159 162.59 0.052815 0.0033746 9.543 1.7825 0.071204 0
774.76 83065 5871 1159 162.59 0.052815 0.0033746 9.543 1.7825 0.071204 0
775.76 83375 5870.5 1159 154.26 0.052071 0.0032267 9.0494 1.7826 0.072092 0
776.76 83679 5870 1159 146.5 0.051327 0.0030877 8.5897 1.7826 0.07298 0
777.76 83978 5869.6 1159 139.21 0.050583 0.002956 8.1581 1.7826 0.073868 0
778.76 84272 5869.1 1159 132.37 0.049838 0.0028312 7.7527 1.7826 0.074756 0
779.76 84562 5868.7 1159 125.93 0.049094 0.002713 7.372 1.7826 0.075643 0
780.76 84848 5868.2 1159 119.86 0.048349 0.0025994 7.0133 1.7826 0.076531 0
781.76 85130 5867.8 1028.1 0 0.047604 0 0 1.7826 0.077419 0
782.76 85407 5867.4 1028.1 0 0.046859 0 0 1.7826 0.078306 0
783.76 85679 5867 1028.1 0 0.046115 0 0 1.7826 0.079193 0
784.76 85948 5866.6 1028.1 0 0.04537 0 0 1.7827 0.080081 0
785.76 86212 5866.2 1028.1 0 0.044624 0 0 1.7827 0.080968 0
786.76 86471 5865.8 1028.1 0 0.043879 0 0 1.7827 0.081855 0
787.76 86726 5865.4 1028.1 0 0.043134 0 0 1.7827 0.082743 0
788.76 86977 5865 1028.1 0 0.042388 0 0 1.7827 0.08363 0
789.76 87223 5864.7 1028.1 0 0.041643 0 0 1.7827 0.084517 0
790.76 87465 5864.3 1028.1 0 0.040897 0 0 1.7827 0.085404 0
791.76 87703 5864 1028.1 0 0.040152 0 0 1.7827 0.086291 0
792.76 87936 5863.6 1028.1 0 0.039406 0 0 1.7827 0.087177 0
793.76 88165 5863.3 1028.1 0 0.03866 0 0 1.7827 0.088064 0
794.76 88389 5862.9 1028.1 0 0.037914 0 0 1.7828 0.088951 0
795.76 88609 5862.6 1028.1 0 0.037168 0 0 1.7828 0.089838 0
796.76 88825 5862.3 1028.1 0 0.036422 0 0 1.7828 0.090724 0
797.76 89036 5862 1028.1 0 0.035676 0 0 1.7828 0.091611 0
798.76 89243 5861.7 1028.1 0 0.034929 0 0 1.7828 0.092497 0
799.76 89446 5861.4 1028.1 0 0.034183 0 0 1.7828 0.093384 0
800.76 89644 5861.1 1028.1 0 0.033437 0 0 1.7828 0.09427 0
801.76 89837 5860.8 1028.1 0 0.03269 0 0 1.7828 0.095157 0
802.76 90027 5860.6 1028.1 0 0.031944 0 0 1.7828 0.096043 0
803.76 90212 5860.3 1028.1 0 0.031197 0 0 1.7828 0.096929 0
804.76 90392 5860 1028.1 0 0.03045 0 0 1.7828 0.097816 0
805.76 90569 5859.8 1028.1 0 0.029704 0 0 1.7829 0.098702 0
806.76 90740 5859.5 1028.1 0 0.028957 0 0 1.7829 0.099588 0
807.76 90908 5859.3 1028.1 0 0.02821 0 0 1.7829 0.10047 0
808.76 91071 5859.1 1028.1 0 0.027463 0 0 1.7829 0.10136 0
809.76 91230 5858.8 1028.1 0 0.026716 0 0 1.7829 0.10225 0
810.76 91384 5858.6 1028.1 0 0.025969 0 0 1.7829 0.10313 0
811.76 91534 5858.4 1028.1 0 0.025222 0 0 1.7829 0.10402 0
812.76 91680 5858.2 1028.1 0 0.024475 0 0 1.7829 0.1049 0
813.76 91821 5858 1028.1 0 0.023728 0 0 1.7829 0.10579 0
814.76 91957 5857.8 1028.1 0 0.02298 0 0 1.7829 0.10668 0
815.76 92090 5857.6 1028.1 0 0.022233 0 0 1.7829 0.10756 0
816.76 92218 5857.5 1028.1 0 0.021486 0 0 1.7829 0.10845 0
817.76 92342 5857.3 1028.1 0 0.020739 0 0 1.783 0.10933 0
818.76 92461 5857.1 1028.1 0 0.019991 0 0 1.783 0.11022 0
819.76 92576 5857 1028.1 0 0.019244 0 0 1.783 0.1111 0
820.76 92686 5856.8 1028.1 0 0.018496 0 0 1.783 0.11199 0
821.76 92792 5856.7 1028.1 0 0.017749 0 0 1.783 0.11288 0
822.76 92894 5856.6 1028.1 0 0.017001 0 0 1.783 0.11376 0
823.76 92992 5856.4 1028.1 0 0.016254 0 0 1.783 0.11465 0
824.76 93085 5856.3 1028.1 0 0.015506 0 0 1.783 0.11553 0
825.76 93173 5856.2 1028.1 0 0.014759 0 0 1.783 0.11642 0
826.76 93257 5856.1 1028.1 0 0.014011 0 0 1.783 0.1173 0
827.76 93337 5856 1028.1 0 0.013264 0 0 1.783 0.11819 0
828.76 93413 5855.9 1028.1 0 0.012516 0 0 1.783 0.11907 0
829.76 93484 5855.8 1028.1 0 0.011768 0 0 1.783 0.11996 0
830.76 93551 5855.8 1028.1 0 0.011021 0 0 1.7831 0.12085 0
831.76 93613 5855.7 1028.1 0 0.010273 0 0 1.7831 0.12173 0
832.76 93671 5855.6 1028.1 0 0.0095253 0 0 1.7831 0.12262 0
833.76 93724 5855.6 1028.1 0 0.0087776 0 0 1.7831 0.1235 0
834.76 93774 5855.5 1028.1 0 0.0080299 0 0 1.7831 0.12439 0
835.76 93818 5855.5 1028.1 0 0.0072822 0 0 1.7831 0.12527 0
836.76 93859 5855.5 1028.1 0 0.0065344 0 0 1.7831 0.12616 0
837.76 93895 5855.4 1028.1 0 0.0057867 0 0 1.7831 0.12704 0
838.76 93927 5855.4 1028.1 0 0.005039 0 0 1.7831 0.12793 0
839.76 93954 5855.4 1028.1 0 0.0042913 0 0 1.7831 0.12881 0
840.76 93977 5855.4 1028.1 0 0.0035436 0 0 1.7831 0.1297 0
841.76 93995 5855.4 1028.1 0 0.0027959 0 0 1.7831 0.13058 0
842.76 94010 5855.4 1028.1 0 0.0020482 0 0 1.7831 0.13147 0
843.76 94019 5855.4 1028.1 0 0.0013005 0 0 1.7831 0.13236 0
844.76 94025 5855.5 1028.1 0 0.00055285 0 0 1.7832 0.13324 0
845.76 94026 5855.5 1028.1 0 0 0 0 1.7832 0.13413 0
