time (s) altitude (m) velocity (m/s) mass (kg)trajectory angle (rad) angle of attack (rad) heading angle (rad) latitude (rad)
0 90 30 29388 1.5691 0 0.9307 -0.2123 2.3868
0.44109 103.56 31.493 29325 1.5687 -0.0014883 0.98822 -0.2123 2.3868
1.2267 129.36 34.18 29211 1.5672 -0.0040205 1.0571 -0.2123 2.3868
1.8933 152.91 36.488 29115 1.565 -0.0059654 1.0885 -0.2123 2.3868
2.0773 159.68 37.13 29089 1.5642 -0.0064658 1.0951 -0.2123 2.3868
2.5184 176.4 38.677 29025 1.5621 -0.0076184 1.1074 -0.2123 2.3868
3.304 207.87 41.462 28912 1.5574 -0.0094473 1.1223 -0.2123 2.3868
3.9705 236.3 43.853 28816 1.5524 -0.010755 1.1308 -0.2123 2.3868
4.1545 244.43 44.518 28790 1.5509 -0.011084 1.1327 -0.2123 2.3868
5.0367 285.11 47.735 28663 1.5426 -0.012451 1.1399 -0.2123 2.3868
6.6079 364.63 53.585 28437 1.5241 -0.013961 1.1481 -0.2123 2.3868
7.941 439.32 58.673 28245 1.5048 -0.014254 1.1525 -0.2123 2.3868
8.3091 461.12 60.099 28192 1.4989 -0.014196 1.1534 -0.2123 2.3868
9.1913 515.49 63.555 28065 1.4839 -0.013801 1.1554 -0.2123 2.3868
10.762 619.73 69.854 27838 1.4542 -0.012173 1.1582 -0.2123 2.3868
12.096 715.68 75.357 27646 1.4265 -0.0098072 1.1599 -0.2123 2.3868
12.464 743.39 76.903 27593 1.4185 -0.0090161 1.1603 -0.2123 2.3868
13.125 794.54 79.711 27498 1.4039 -0.0074484 1.1611 -0.21229 2.3868
14.304 889.88 84.807 27329 1.3771 -0.0041521 1.1622 -0.21229 2.3868
15.304 975.05 89.223 27185 1.3539 -0.00080273 1.163 -0.21229 2.3868
15.58 999.25 90.456 27145 1.3475 0.00018792 1.1632 -0.21229 2.3868
16.241 1058.5 93.45 27050 1.3323 0.0026969 1.1637 -0.21229 2.3868
17.42 1168.2 98.891 26880 1.3057 0.007561 1.1644 -0.21228 2.3868
18.419 1265.6 103.61 26736 1.2839 0.011937 1.165 -0.21228 2.3868
18.695 1293.2 104.94 26696 1.2781 0.013137 1.1652 -0.21228 2.3868
20.019 1429.6 111.38 26506 1.2514 0.018713 1.1659 -0.21227 2.3868
22.376 1690 123.26 26167 1.2094 0.026694 1.167 -0.21226 2.3868
24.375 1928.9 133.76 25879 1.1795 0.031156 1.1678 -0.21224 2.3869
24.927 1997.8 136.72 25800 1.1721 0.032126 1.1681 -0.21224 2.3869
25.589 2082.1 140.3 25704 1.1637 0.033073 1.1683 -0.21223 2.3869
26.767 2237 146.77 25535 1.15 0.034254 1.1688 -0.21223 2.3869
27.767 2373.1 152.35 25391 1.1395 0.034717 1.1691 -0.21222 2.3869
28.043 2411.5 153.9 25351 1.1367 0.034792 1.1692 -0.21221 2.3869
28.705 2504.8 157.65 25256 1.1304 0.03488 1.1695 -0.21221 2.3869
29.883 2676.1 164.42 25087 1.12 0.034869 1.1699 -0.2122 2.3869
30.883 2826.3 170.25 24943 1.1121 0.034834 1.1702 -0.21218 2.3869
31.159 2868.7 171.88 24903 1.1101 0.034842 1.1703 -0.21218 2.3869
31.821 2971.6 175.8 24808 1.1055 0.03485 1.1705 -0.21217 2.3869
32.999 3160.1 182.89 24639 1.0985 0.034876 1.1709 -0.21216 2.3869
33.999 3325.4 189.01 24495 1.0937 0.034899 1.1712 -0.21215 2.3869
34.275 3372 190.71 24455 1.0925 0.034902 1.1713 -0.21214 2.3869
34.937 3485.1 194.82 24360 1.0901 0.034906 1.1715 -0.21214 2.3869
36.115 3692.4 202.24 24190 1.0868 0.034895 1.1719 -0.21212 2.3869
37.115 3874.1 208.63 24047 1.0853 0.034876 1.1722 -0.21211 2.3869
37.391 3925.2 210.41 24007 1.085 0.034873 1.1723 -0.2121 2.3869
38.053 4049.6 214.7 23912 1.0848 0.034869 1.1725 -0.21209 2.3869
39.231 4277.4 222.44 23742 1.0856 0.034872 1.1728 -0.21208 2.3869
40.231 4477.1 229.11 23599 1.0875 0.03488 1.1731 -0.21206 2.3869
40.507 4533.4 230.97 23559 1.0882 0.034883 1.1732 -0.21206 2.3869
41.168 4670.1 235.45 23464 1.0902 0.034892 1.1734 -0.21205 2.3869
42.347 4920.6 243.53 23294 1.0952 0.034882 1.1738 -0.21203 2.3869
43.347 5140.5 250.49 23151 1.1005 0.034863 1.1741 -0.21201 2.387
43.623 5202.4 252.42 23111 1.1022 0.034866 1.1742 -0.21201 2.387
44.237 5342 256.76 23023 1.1063 0.034904 1.1744 -0.212 2.387
45.521 5642.7 265.96 22838 1.1162 0.034905 1.1748 -0.21197 2.387
47.125 6035.9 277.7 22608 1.1308 0.033923 1.1753 -0.21195 2.387
48.621 6420.3 288.61 22393 1.1447 0.031775 1.1758 -0.21192 2.387
49.606 6683 295.44 22251 1.1527 0.02982 1.1762 -0.2119 2.387
49.855 6750.2 297.09 22215 1.1544 0.029225 1.1763 -0.2119 2.387
51.178 7115.5 305.45 22025 1.1615 0.025634 1.1767 -0.21188 2.387
53.535 7791.4 318.9 21687 1.1638 0.017075 1.1776 -0.21183 2.387
55.534 8385.7 329.39 21399 1.1534 0.007652 1.1783 -0.2118 2.387
56.086 8552.4 332.23 21320 1.1484 0.0047123 1.1785 -0.21179 2.387
56.7 8739.1 335.38 21232 1.1416 0.0014027 1.1787 -0.21177 2.3871
57.984 9132.9 342.1 21047 1.1238 -0.0049739 1.1791 -0.21175 2.3871
59.589 9631 350.97 20817 1.096 -0.011777 1.1796 -0.21171 2.3871
61.084 10100 359.83 20602 1.0657 -0.017007 1.1801 -0.21168 2.3871
62.07 10411 365.99 20460 1.044 -0.019815 1.1804 -0.21165 2.3871
62.318 10490 367.58 20424 1.0384 -0.020461 1.1804 -0.21164 2.3871
63.2 10769 373.35 20298 1.0178 -0.022491 1.1807 -0.21162 2.3871
64.772 11270 384.17 20072 0.9797 -0.025163 1.1811 -0.21157 2.3871
66.105 11695 393.93 19880 0.94649 -0.026478 1.1814 -0.21153 2.3872
66.473 11813 396.73 19827 0.93728 -0.026693 1.1814 -0.21152 2.3872
66.914 11954 400.15 19764 0.92625 -0.026882 1.1815 -0.2115 2.3872
67.699 12206 406.4 19651 0.90668 -0.026998 1.1817 -0.21147 2.3872
68.366 12419 411.87 19555 0.89023 -0.026868 1.1819 -0.21145 2.3872
68.55 12478 413.41 19529 0.88573 -0.026811 1.1819 -0.21144 2.3872
68.991 12619 417.14 19465 0.875 -0.026643 1.182 -0.21143 2.3872
69.777 12871 423.98 19352 0.85615 -0.026251 1.1821 -0.21139 2.3872
70.443 13084 429.95 19257 0.84047 -0.025858 1.1823 -0.21137 2.3872
70.627 13143 431.63 19230 0.83619 -0.02575 1.1823 -0.21136 2.3872
71.509 13426 439.85 19103 0.81599 -0.025243 1.1825 -0.21132 2.3872
73.081 13929 455.22 18877 0.78127 -0.024805 1.1828 -0.21125 2.3873
74.414 14357 468.99 18686 0.75284 -0.025265 1.183 -0.21119 2.3873
74.782 14475 472.91 18633 0.74511 -0.025546 1.183 -0.21117 2.3873
75.362 14661 479.21 18549 0.733 -0.02607 1.1831 -0.21114 2.3873
76.512 15029 492.06 18384 0.70928 -0.027558 1.1833 -0.21108 2.3873
77.786 15437 506.91 18201 0.68316 -0.029973 1.1835 -0.21101 2.3874
78.699 15729 517.94 18069 0.66445 -0.032148 1.1836 -0.21095 2.3874
78.936 15805 520.87 18035 0.65957 -0.032787 1.1837 -0.21094 2.3874
79.818 16086 531.94 17908 0.64138 -0.035304 1.1838 -0.21089 2.3874
81.39 16584 552.49 17682 0.6086 -0.040701 1.184 -0.21079 2.3875
82.723 17004 570.81 17491 0.58029 -0.046177 1.1842 -0.2107 2.3875
83.091 17119 576.02 17438 0.57239 -0.047755 1.1842 -0.21067 2.3875
83.973 17393 588.82 17311 0.55336 -0.051544 1.1844 -0.21061 2.3875
85.544 17875 612.74 17085 0.51951 -0.05787 1.1845 -0.21049 2.3876
86.877 18277 634.24 16893 0.49132 -0.062408 1.1847 -0.21038 2.3876
87.245 18387 640.37 16840 0.4837 -0.063496 1.1847 -0.21035 2.3876
88.116 18645 655.24 16715 0.46599 -0.065895 1.1848 -0.21028 2.3877
89.84 19147 686.11 16467 0.43242 -0.069629 1.185 -0.21013 2.3877
91.752 19689 722.51 16191 0.39771 -0.072029 1.1852 -0.20995 2.3878
93.121 20068 749.93 15994 0.37449 -0.072789 1.1853 -0.20982 2.3879
93.477 20166 757.24 15943 0.36867 -0.072868 1.1854 -0.20978 2.3879
94.8 20523 785.04 15752 0.34772 -0.073118 1.1855 -0.20964 2.3879
97.157 21142 836.91 15413 0.31262 -0.073264 1.1857 -0.20938 2.3881
99.157 21647 883.13 15125 0.28437 -0.072997 1.1859 -0.20914 2.3881
99.709 21783 896.22 15046 0.27672 -0.072798 1.1859 -0.20907 2.3882
100.62 22004 918.11 14914 0.26422 -0.072259 1.186 -0.20896 2.3882
102.59 22464 966.59 14631 0.23757 -0.069773 1.1861 -0.2087 2.3883
105.21 23036 1033.6 14253 0.20257 -0.063461 1.1863 -0.20832 2.3885
107.97 23577 1106.7 13855 0.16673 -0.05344 1.1865 -0.2079 2.3887
110.33 23984 1171.2 13516 0.13796 -0.043934 1.1867 -0.20752 2.3888
111.81 24211 1213.2 13303 0.12101 -0.039087 1.1868 -0.20726 2.3889
112.17 24264 1223.7 13250 0.11694 -0.038046 1.1868 -0.2072 2.389
112.83 24356 1242.9 13154 0.10968 -0.036296 1.1869 -0.20708 2.389
114.01 24509 1277.8 12985 0.097082 -0.033689 1.1869 -0.20687 2.3891
115.01 24628 1307.8 12841 0.086679 -0.031989 1.187 -0.20668 2.3892
115.29 24659 1316.2 12801 0.083847 -0.031559 1.187 -0.20663 2.3892
115.95 24729 1336.5 12705 0.077141 -0.030539 1.187 -0.2065 2.3892
117.13 24843 1373.1 12535 0.065535 -0.028476 1.1871 -0.20627 2.3893
118.13 24927 1404.6 12391 0.05616 -0.026249 1.1872 -0.20607 2.3894
118.4 24949 1413.4 12352 0.053672 -0.025543 1.1872 -0.20601 2.3894
119.02 24993 1433 12263 0.04833 -0.023869 1.1872 -0.20589 2.3895
120.3 25074 1474.4 12078 0.038129 -0.019774 1.1873 -0.20562 2.3896
121.91 25152 1526.8 11847 0.027965 -0.013505 1.1874 -0.20527 2.3897
123.4 25209 1576.4 11631 0.021198 -0.0065181 1.1875 -0.20493 2.3899
124.39 25240 1609.8 11489 0.017952 -0.0013305 1.1875 -0.2047 2.39
124.64 25247 1618.3 11453 0.017339 1.3419e-05 1.1875 -0.20465 2.39
