time (s) altitude (m) velocity (m/s) mass (kg) dynamic pressure (Pa)trajectory angle (rad) Lift (N)Drag (N)heading angle (rad) latitude (rad) angle of attack (rad) 
641.29 35983 2828.2 3300 28209 0.10953 29225 9649.1 1.814 -0.014433 0.25583
641.94 36183 2833.8 3290.4 27458 0.11075 29231 9754.8 1.814 -0.014158 0.2606
643.22 36589 2844.8 3271.5 26003 0.1132 29179 9930 1.814 -0.013612 0.27021
644.63 37051 2857 3250.5 24441 0.11593 28768 9954.1 1.814 -0.013004 0.27936
645.65 37390 2865.8 3235.5 23358 0.11783 27675 9607.2 1.814 -0.012567 0.28058
645.91 37479 2868.2 3231.6 23083 0.11829 27247 9440.4 1.814 -0.012453 0.27989
646.56 37698 2873.9 3222 22417 0.1194 26572 9225.2 1.814 -0.012174 0.28066
647.84 38141 2885.5 3203.1 21141 0.12148 25573 8968.9 1.8141 -0.011621 0.28451
649.25 38642 2898.5 3182.1 19788 0.12366 24532 8706.6 1.8141 -0.011005 0.28928
650.27 39007 2907.9 3167.1 18860 0.12513 23636 8430.9 1.8141 -0.010562 0.29141
650.53 39103 2910.4 3163.2 18624 0.12549 23401 8356.8 1.8141 -0.010447 0.29192
652.49 39828 2929.1 3134.2 16945 0.12808 22004 7976.4 1.8142 -0.0095867 0.29857
655.99 41164 2963.6 3082.4 14264 0.13204 19262 7100 1.8142 -0.0080416 0.30676
658.95 42338 2994.3 3038.5 12289 0.13465 16755 6199.2 1.8143 -0.0067169 0.30883
659.77 42669 3003 3026.4 11790 0.13523 16059 5938.5 1.8143 -0.0063489 0.30862
661.73 43469 3024.4 2997.4 10670 0.13643 14588 5401.9 1.8143 -0.0054625 0.30942
665.23 44925 3063.9 2945.6 8923.4 0.13792 12304 4570.6 1.8144 -0.0038686 0.31124
668.19 46184 3098.8 2901.8 7665.3 0.13866 10634 3959.1 1.8145 -0.0025002 0.31258
669.01 46536 3108.6 2889.6 7350.4 0.13879 10167 3779.9 1.8145 -0.0021197 0.31192
670.97 47383 3132.7 2860.6 6673.9 0.13897 9251.6 3441.1 1.8145 -0.0012029 0.31238
674.47 48910 3176.7 2808.9 5659.7 0.13894 7790.3 2885.2 1.8146 0.00044745 0.31079
677.43 50221 3215.5 2765 4914.3 0.13859 6689.8 2462.9 1.8146 0.0018658 0.30836
678.25 50585 3226.4 2752.8 4725.5 0.13845 6394.6 2347.3 1.8147 0.0022604 0.30707
680.21 51461 3252.9 2723.8 4320.7 0.13803 5812.9 2126.1 1.8147 0.0032116 0.30579
683.71 53032 3301.4 2672.1 3701.2 0.13708 4864.1 1756 1.8148 0.0049252 0.30079
686.67 54373 3343.9 2628.2 3235.9 0.13607 4163.8 1485 1.8148 0.0063991 0.29638
687.49 54744 3355.8 2616.1 3116.6 0.13576 3974.9 1410.7 1.8148 0.0068094 0.29457
689.45 55637 3384.8 2587 2845.8 0.13499 3595.3 1268 1.8149 0.0077987 0.29262
692.95 57232 3437.7 2535.3 2413.2 0.13349 2960.5 1025.4 1.8149 0.0095819 0.28675
695.91 58591 3483.9 2491.4 2091.9 0.1321 2504.4 853.87 1.815 0.011117 0.28199
696.73 58967 3496.8 2479.3 2010.1 0.13171 2386 810.1 1.815 0.011544 0.2804
698.69 59868 3528.3 2450.2 1825 0.13075 2153 729.36 1.815 0.012575 0.27925
702.19 61478 3585.5 2398.5 1531.8 0.12907 1809.3 614.83 1.8151 0.014434 0.27952
705.15 62849 3635.2 2354.6 1315.8 0.12771 1545.3 525 1.8152 0.016035 0.27845
705.97 63228 3649.2 2342.5 1261.1 0.12734 1462.7 495.04 1.8152 0.016481 0.27604
707.93 64138 3683 2313.4 1137.7 0.12643 1292.9 435.01 1.8152 0.017557 0.27215
711.43 65764 3744.8 2261.7 943.74 0.12475 1012.9 334.51 1.8153 0.019498 0.26166
714.39 67147 3798.6 2217.8 802.43 0.12326 817.05 264.88 1.8153 0.02117 0.25251
715.21 67529 3813.8 2205.7 766.83 0.12284 765.95 246.51 1.8153 0.021636 0.24929
716.5 68133 3837.8 2186.6 713.47 0.12217 706.1 226.66 1.8154 0.022375 0.24777
719.06 69329 3886.3 2148.7 617.33 0.12086 582.82 184.47 1.8154 0.023851 0.23988
721.89 70658 3941.4 2106.8 524.25 0.11922 400.53 119.54 1.8155 0.02551 0.20745
723.92 71609 3982.1 2076.7 464.58 0.11769 265.19 76.553 1.8155 0.026713 0.16937
724.45 71856 3992.8 2068.9 450.03 0.11723 239.61 69.359 1.8155 0.027028 0.16108
725.74 72458 4019.3 2049.8 416.28 0.11602 178.88 52.371 1.8155 0.027801 0.13876
728.3 73641 4072.9 2011.9 356.78 0.11321 92.253 32.415 1.8156 0.029348 0.094059
731.13 74933 4134 1970 300.99 0.10946 31.577 21.29 1.8156 0.031088 0.044669
733.16 75843 4178.8 1939.9 266.82 0.10637 5.2821 17.548 1.8156 0.03235 0.0091884
733.69 76076 4190.5 1932.1 258.66 0.10551 -1.1605e-15 16.804 1.8157 0.032681 0
733.69 76076 4190.5 1932.1 258.66 0.10551 -1.1605e-15 16.804 1.8157 0.032681 0
734.69 76517 4189.6 1932.1 241.17 0.10385 1.4298e-15 15.661 1.8157 0.033308 0
735.69 76948 4188.6 1932.1 225.17 0.10219 -5.4119e-16 14.616 1.8157 0.033935 0
736.69 77372 4187.6 1932.1 210.4 0.10054 1.0114e-16 13.652 1.8157 0.034562 0
737.69 77789 4186.7 1932.1 196.77 0.098877 9.1436e-16 12.762 1.8157 0.035189 0
738.69 78199 4185.8 1932.1 184.18 0.097217 5.9025e-16 11.941 1.8157 0.035815 0
739.69 78601 4184.9 1932.1 172.55 0.095557 -8.8475e-16 11.182 1.8157 0.036442 0
740.69 78997 4184 1932.1 161.79 0.093896 7.7774e-17 10.481 1.8158 0.037068 0
741.69 79386 4183.2 1932.1 151.84 0.092235 7.299e-17 9.8328 1.8158 0.037695 0
742.69 79768 4182.3 1932.1 142.63 0.090573 1.4398e-15 9.2328 1.8158 0.038321 0
743.69 80142 4181.5 1932.1 134.1 0.08891 9.723e-16 8.6774 1.8158 0.038948 0
744.69 80510 4180.7 1932.1 126.2 0.087247 7.4818e-16 8.163 1.8158 0.039574 0
745.69 80871 4179.9 1932.1 118.87 0.085583 8.9045e-16 7.6863 1.8158 0.0402 0
746.69 81225 4179.1 1932.1 112.07 0.083918 -2.9856e-16 7.2443 1.8158 0.040827 0
747.69 81572 4178.4 1932.1 105.77 0.082253 1.3135e-16 6.8343 1.8158 0.041453 0
748.69 81911 4177.6 1932.1 99.916 0.080588 0 6.4539 1.8159 0.042079 0
749.69 82244 4176.9 1932.1 94.478 0.078922 0 6.1006 1.8159 0.042705 0
750.69 82570 4176.2 1932.1 89.425 0.077255 0 5.7723 1.8159 0.043331 0
751.69 82889 4175.5 1932.1 84.727 0.075588 0 5.4672 1.8159 0.043956 0
752.69 83201 4174.8 1932.1 80.357 0.07392 0 5.1835 1.8159 0.044582 0
753.69 83505 4174.1 1932.1 76.29 0.072252 0 4.9196 1.8159 0.045208 0
754.69 83803 4173.5 1932.1 72.504 0.070584 0 4.674 1.8159 0.045834 0
755.69 84094 4172.8 1932.1 68.977 0.068915 0 4.4453 1.8159 0.046459 0
756.69 84378 4172.2 1932.1 65.691 0.067245 0 4.2322 1.8159 0.047085 0
757.69 84655 4171.6 1932.1 62.628 0.065575 0 4.0336 1.816 0.047711 0
758.69 84925 4171 1932.1 59.728 0.063905 0 3.8461 1.816 0.048336 0
759.69 85188 4170.4 1801.2 0 0.062234 0 0 1.816 0.048962 0
760.69 85443 4169.9 1801.2 0 0.060563 0 0 1.816 0.049587 0
761.69 85692 4169.4 1801.2 0 0.058891 0 0 1.816 0.050212 0
762.69 85934 4168.8 1801.2 0 0.057219 0 0 1.816 0.050838 0
763.69 86169 4168.3 1801.2 0 0.055547 0 0 1.816 0.051463 0
764.69 86397 4167.8 1801.2 0 0.053874 0 0 1.816 0.052088 0
765.69 86618 4167.4 1801.2 0 0.052201 0 0 1.816 0.052713 0
766.69 86832 4166.9 1801.2 0 0.050528 0 0 1.816 0.053338 0
767.69 87039 4166.5 1801.2 0 0.048854 0 0 1.816 0.053964 0
768.69 87239 4166 1801.2 0 0.04718 0 0 1.816 0.054589 0
769.69 87432 4165.6 1801.2 0 0.045506 0 0 1.8161 0.055214 0
770.69 87618 4165.2 1801.2 0 0.043831 0 0 1.8161 0.055839 0
771.69 87797 4164.9 1801.2 0 0.042156 0 0 1.8161 0.056464 0
772.69 87969 4164.5 1801.2 0 0.040481 0 0 1.8161 0.057089 0
773.69 88134 4164.2 1801.2 0 0.038806 0 0 1.8161 0.057714 0
774.69 88292 4163.8 1801.2 0 0.03713 0 0 1.8161 0.058339 0
775.69 88443 4163.5 1801.2 0 0.035454 0 0 1.8161 0.058963 0
776.69 88587 4163.2 1801.2 0 0.033778 0 0 1.8161 0.059588 0
777.69 88724 4162.9 1801.2 0 0.032102 0 0 1.8161 0.060213 0
778.69 88854 4162.7 1801.2 0 0.030425 0 0 1.8161 0.060838 0
779.69 88978 4162.4 1801.2 0 0.028748 0 0 1.8161 0.061463 0
780.69 89094 4162.2 1801.2 0 0.027072 0 0 1.8161 0.062088 0
781.69 89203 4162 1801.2 0 0.025394 0 0 1.8161 0.062712 0
782.69 89305 4161.8 1801.2 0 0.023717 0 0 1.8161 0.063337 0
783.69 89400 4161.6 1801.2 0 0.02204 0 0 1.8161 0.063962 0
784.69 89489 4161.4 1801.2 0 0.020362 0 0 1.8161 0.064587 0
785.69 89570 4161.3 1801.2 0 0.018685 0 0 1.8161 0.065211 0
786.69 89644 4161.1 1801.2 0 0.017007 0 0 1.8161 0.065836 0
787.69 89711 4161 1801.2 0 0.015329 0 0 1.8161 0.066461 0
788.69 89772 4160.9 1801.2 0 0.013651 0 0 1.8162 0.067085 0
789.69 89825 4160.8 1801.2 0 0.011973 0 0 1.8162 0.06771 0
790.69 89871 4160.8 1801.2 0 0.010295 0 0 1.8162 0.068335 0
791.69 89911 4160.7 1801.2 0 0.0086174 0 0 1.8162 0.068959 0
792.69 89943 4160.7 1801.2 0 0.0069393 0 0 1.8162 0.069584 0
793.69 89968 4160.6 1801.2 0 0.0052612 0 0 1.8162 0.070209 0
794.69 89987 4160.6 1801.2 0 0.003583 0 0 1.8162 0.070833 0
795.69 89998 4160.6 1801.2 0 0.0019049 0 0 1.8162 0.071458 0
796.69 90003 4160.7 1801.2 0 0.00022678 0 0 1.8162 0.072083 0
797.69 90000 4160.7 1801.2 0 0 0 0 1.8162 0.072707 0
