time (s) altitude (m) velocity (m/s) mass (kg)trajectory angle (rad) angle of attack (rad) heading angle (rad) latitude (rad)
0 90 30 29388 1.5691 0 1.6759 -0.2123 2.3868
0.88218 117.78 32.996 29261 1.5679 -0.0029386 1.721 -0.2123 2.3868
2.4534 173.89 38.447 29035 1.562 -0.0074567 1.7559 -0.2123 2.3868
3.7865 228.29 43.188 28843 1.5531 -0.010311 1.7674 -0.2123 2.3868
4.1545 244.42 44.515 28790 1.5501 -0.010958 1.7695 -0.2123 2.3868
5.0367 285.09 47.732 28663 1.5416 -0.012244 1.7734 -0.2123 2.3868
6.6079 364.61 53.581 28437 1.5228 -0.013594 1.7781 -0.2123 2.3868
7.941 439.29 58.67 28245 1.5032 -0.013742 1.7808 -0.2123 2.3868
8.3091 461.09 60.096 28192 1.4972 -0.01364 1.7814 -0.2123 2.3868
9.1913 515.45 63.552 28065 1.482 -0.013132 1.7827 -0.2123 2.3868
10.762 619.66 69.854 27838 1.4522 -0.011279 1.7846 -0.2123 2.3868
12.096 715.58 75.359 27646 1.4245 -0.0087265 1.7858 -0.2123 2.3868
12.464 743.29 76.905 27593 1.4165 -0.0078899 1.7861 -0.2123 2.3868
13.787 847.27 82.558 27403 1.387 -0.004465 1.7871 -0.21229 2.3868
16.144 1049.4 93.018 27064 1.3332 0.0036639 1.7885 -0.21229 2.3868
18.143 1238.1 102.31 26776 1.2892 0.012179 1.7895 -0.21228 2.3868
18.695 1293 104.95 26696 1.2777 0.014533 1.7897 -0.21228 2.3868
20.019 1429.4 111.38 26506 1.2515 0.019945 1.7903 -0.21227 2.3868
22.376 1689.9 123.26 26167 1.2104 0.027566 1.7912 -0.21225 2.3868
24.375 1928.8 133.74 25879 1.181 0.031658 1.7919 -0.21224 2.3868
24.927 1997.8 136.69 25800 1.1737 0.032526 1.7921 -0.21224 2.3868
26.251 2168.4 143.88 25609 1.1576 0.033981 1.7925 -0.21222 2.3868
28.607 2491.2 157.05 25270 1.1332 0.034906 1.7933 -0.2122 2.3868
30.607 2784.8 168.57 24983 1.1161 0.034736 1.7939 -0.21218 2.3868
31.159 2869.1 171.81 24903 1.1119 0.034785 1.794 -0.21217 2.3868
32.482 3077.1 179.7 24713 1.1032 0.034816 1.7944 -0.21216 2.3868
34.839 3469.1 194.12 24374 1.0921 0.034906 1.7951 -0.21213 2.3868
36.839 3824.2 206.75 24086 1.0872 0.034906 1.7956 -0.2121 2.3868
37.391 3926.1 210.3 24007 1.0866 0.034855 1.7958 -0.21209 2.3868
38.714 4177.4 218.92 23817 1.0866 0.034886 1.7961 -0.21207 2.3868
41.071 4650.9 234.66 23478 1.0913 0.034906 1.7968 -0.21203 2.3868
43.071 5080.3 248.41 23190 1.1002 0.034825 1.7974 -0.212 2.3868
43.623 5203.6 252.28 23111 1.1035 0.03483 1.7975 -0.21199 2.3868
44.946 5507.8 261.66 22921 1.1126 0.034906 1.7979 -0.21197 2.3867
47.303 6081.8 278.89 22582 1.1333 0.033606 1.7986 -0.21192 2.3867
49.302 6602.3 293.27 22295 1.151 0.030323 1.7993 -0.21189 2.3867
49.855 6751.3 296.94 22215 1.1548 0.029097 1.7995 -0.21188 2.3867
50.556 6943.4 301.46 22115 1.1589 0.027286 1.7997 -0.21187 2.3867
52.101 7377.5 310.78 21893 1.1642 0.022468 1.8002 -0.21184 2.3867
54.25 8002.5 322.6 21584 1.1611 0.01368 1.801 -0.2118 2.3867
56.674 8731.2 335.14 21235 1.141 0.00151 1.8018 -0.21175 2.3867
59.005 9448.8 347.59 20900 1.1056 -0.0094566 1.8025 -0.21169 2.3867
60.889 10037 358.58 20630 1.0685 -0.016363 1.803 -0.21165 2.3867
62.038 10400 365.73 20465 1.0433 -0.01977 1.8033 -0.21161 2.3867
62.318 10488 367.52 20424 1.0369 -0.020474 1.8034 -0.21161 2.3867
63.641 10908 376.27 20234 1.0056 -0.023364 1.8037 -0.21157 2.3867
65.998 11659 393.1 19895 0.94716 -0.02633 1.8042 -0.21149 2.3866
67.998 12297 408.82 19608 0.89717 -0.026699 1.8047 -0.21142 2.3866
68.55 12474 413.4 19529 0.8836 -0.026484 1.8048 -0.21139 2.3866
69.873 12897 424.85 19338 0.8518 -0.025644 1.805 -0.21134 2.3866
72.23 13650 446.83 19000 0.79814 -0.024155 1.8054 -0.21123 2.3866
74.23 14290 467.12 18712 0.75536 -0.02424 1.8057 -0.21113 2.3865
74.782 14467 472.99 18633 0.74386 -0.024657 1.8058 -0.21111 2.3865
75.664 14750 482.61 18506 0.72569 -0.025452 1.806 -0.21106 2.3865
77.235 15253 500.5 18280 0.69375 -0.027763 1.8062 -0.21097 2.3865
78.568 15679 516.45 18088 0.66679 -0.030748 1.8064 -0.21089 2.3865
78.936 15797 520.98 18035 0.65932 -0.031697 1.8064 -0.21087 2.3865
79.819 16078 532.06 17908 0.64136 -0.034239 1.8065 -0.21081 2.3865
81.39 16576 552.62 17682 0.60895 -0.039706 1.8067 -0.2107 2.3864
82.723 16996 570.94 17491 0.5809 -0.045227 1.8069 -0.21061 2.3864
83.091 17111 576.16 17438 0.57307 -0.046823 1.8069 -0.21058 2.3864
83.973 17386 588.95 17311 0.55418 -0.050698 1.807 -0.21052 2.3864
85.544 17869 612.85 17085 0.52048 -0.057208 1.8072 -0.21039 2.3864
86.877 18272 634.33 16893 0.49235 -0.061866 1.8073 -0.21028 2.3863
87.245 18382 640.46 16840 0.48474 -0.062992 1.8073 -0.21025 2.3863
88.128 18644 655.51 16713 0.4668 -0.065524 1.8074 -0.21017 2.3863
89.699 19102 683.56 16487 0.4361 -0.06911 1.8076 -0.21003 2.3863
91.032 19484 708.58 16295 0.41141 -0.071139 1.8077 -0.2099 2.3862
91.4 19588 715.68 16242 0.40483 -0.071586 1.8077 -0.20986 2.3862
92.282 19835 733.03 16115 0.38943 -0.072426 1.8078 -0.20977 2.3862
93.853 20267 765.07 15889 0.36329 -0.073271 1.8079 -0.20961 2.3862
95.186 20626 793.35 15697 0.34229 -0.073491 1.808 -0.20946 2.3861
95.555 20723 801.33 15644 0.33667 -0.07352 1.808 -0.20942 2.3861
96.437 20955 820.75 15517 0.32344 -0.073477 1.8081 -0.20931 2.3861
98.008 21359 856.33 15291 0.30066 -0.073177 1.8082 -0.20912 2.3861
99.341 21693 887.47 15099 0.28191 -0.072674 1.8083 -0.20895 2.386
99.709 21784 896.22 15046 0.2768 -0.072477 1.8083 -0.20891 2.386
101.03 22103 928.16 14855 0.25862 -0.071504 1.8084 -0.20873 2.386
103.39 22644 986.86 14516 0.22673 -0.06774 1.8085 -0.2084 2.3859
105.39 23073 1038.3 14227 0.20011 -0.062209 1.8086 -0.2081 2.3858
105.94 23186 1052.7 14148 0.19285 -0.060404 1.8086 -0.20801 2.3858
107.26 23445 1087.7 13957 0.17567 -0.055372 1.8087 -0.2078 2.3857
109.62 23867 1151.6 13618 0.14642 -0.045588 1.8088 -0.2074 2.3856
111.62 24184 1207.9 13329 0.1233 -0.038642 1.8089 -0.20705 2.3855
112.17 24264 1223.8 13250 0.11717 -0.037296 1.8089 -0.20694 2.3855
113.5 24445 1262.5 13059 0.10282 -0.034305 1.8089 -0.2067 2.3854
115.85 24721 1333.6 12719 0.078306 -0.030349 1.809 -0.20623 2.3853
117.85 24907 1396 12431 0.05885 -0.026522 1.8091 -0.20582 2.3852
118.4 24951 1413.5 12352 0.053819 -0.024965 1.8091 -0.2057 2.3852
119.73 25042 1455.9 12161 0.042693 -0.020891 1.8091 -0.20541 2.3851
122.08 25163 1532.7 11821 0.027501 -0.011457 1.8092 -0.20488 2.385
124.08 25236 1599.4 11533 0.019862 -0.0013004 1.8092 -0.2044 2.3849
124.64 25253 1618.2 11453 0.018448 0.001826 1.8092 -0.20427 2.3848
