time (s) altitude (m) velocity (m/s) mass (kg) dynamic pressure (Pa)trajectory angle (rad) Lift (N)Drag (N)heading angle (rad) latitude (rad) angle of attack (rad) 
655.43 36283 2826.4 3300 26900 0.11172 29217 9829.3 1.8143 -0.010313 0.26421
656.41 36593 2834.7 3285.6 25803 0.11358 29171 9958.4 1.8144 -0.0098981 0.27162
658.14 37160 2849.6 3259.9 23915 0.11685 28146 9742 1.8144 -0.0091564 0.27935
659.61 37655 2862.5 3238.1 22386 0.11943 26671 9288.2 1.8144 -0.0085243 0.28164
660.02 37794 2866.2 3232.1 21976 0.12011 26467 9267.1 1.8144 -0.0083493 0.28369
660.99 38132 2874.9 3217.7 21015 0.1217 25867 9154.1 1.8144 -0.0079291 0.28789
662.73 38745 2890.5 3192 19377 0.12445 24956 9019.7 1.8145 -0.0071777 0.29691
664.2 39279 2904.1 3170.2 18064 0.12665 23625 8596.4 1.8145 -0.0065372 0.30007
664.61 39429 2907.8 3164.2 17714 0.12721 23257 8476.8 1.8145 -0.0063599 0.30087
665.89 39906 2919.9 3145.2 16646 0.12893 22260 8177.7 1.8145 -0.0057991 0.30473
668.43 40874 2944.5 3107.6 14687 0.13196 20105 7457.2 1.8146 -0.0046824 0.30972
671.24 41981 2973 3066 12753 0.13466 17567 6531 1.8146 -0.0034337 0.31107
673.26 42794 2994.2 3036.1 11513 0.13617 16006 5972.9 1.8147 -0.0025321 0.31309
673.78 43007 2999.8 3028.4 11210 0.13652 15540 5791.6 1.8147 -0.0022968 0.31246
674.75 43406 3010.3 3014 10666 0.1371 14863 5550.4 1.8147 -0.0018581 0.31359
676.49 44124 3029.4 2988.3 9759.3 0.13799 13662 5112.8 1.8147 -0.0010732 0.31458
677.96 44741 3046 2966.5 9049.3 0.13859 12601 4702.6 1.8148 -0.00040347 0.31342
678.37 44912 3050.7 2960.5 8862.4 0.13872 12319 4593.8 1.8148 -0.00021794 0.31303
679.34 45324 3061.9 2946.1 8429.9 0.139 11687 4352.4 1.8148 0.0002279 0.31244
681.07 46063 3082.3 2920.4 7711.4 0.13936 10706 3988.8 1.8148 0.001026 0.31275
682.55 46696 3099.9 2898.6 7150.4 0.13956 10016 3746.6 1.8148 0.0017072 0.31469
682.95 46871 3104.8 2892.6 7003.1 0.13961 9805 3666.4 1.8148 0.0018959 0.31459
684.9 47716 3128.7 2863.7 6382.9 0.13972 8927.6 3334.2 1.8149 0.0028048 0.31435
688.37 49238 3172.5 2812.4 5415.9 0.13958 7517.1 2794.4 1.815 0.0044407 0.31262
691.31 50543 3211 2768.8 4705.2 0.13917 6484.5 2400.5 1.815 0.0058467 0.31103
692.13 50906 3221.8 2756.8 4525.1 0.13901 6193.2 2285.1 1.815 0.0062378 0.30952
694.07 51778 3248.1 2727.9 4151.8 0.13857 5649.1 2076.6 1.8151 0.0071806 0.30821
697.54 53340 3296.2 2676.6 3556.9 0.13758 4725 1714.4 1.8151 0.0088789 0.30304
700.49 54674 3338.2 2633 3110.2 0.13654 4041.5 1448.2 1.8152 0.01034 0.29838
701.3 55044 3350.1 2621 2995.7 0.13623 3856.9 1375.1 1.8152 0.010746 0.29648
703.25 55931 3378.8 2592.1 2735.7 0.13544 3489.3 1236.5 1.8152 0.011726 0.29453
706.72 57517 3431.2 2540.8 2320.5 0.13392 2874.3 1000.7 1.8153 0.013493 0.28862
709.66 58868 3476.9 2497.2 2012.1 0.13252 2429.2 832.06 1.8154 0.015014 0.28359
710.47 59241 3489.7 2485.2 1933.5 0.13212 2309.8 786.96 1.8154 0.015437 0.28159
712.42 60137 3520.9 2456.3 1755.9 0.13115 2078.9 705.64 1.8154 0.016458 0.27992
715.89 61737 3577.5 2405 1474.5 0.12943 1738.1 590 1.8155 0.0183 0.27914
718.83 63098 3626.8 2361.4 1267.2 0.12802 1484.3 503.75 1.8155 0.019886 0.27793
719.65 63475 3640.6 2349.4 1214.7 0.12764 1402.9 474.06 1.8156 0.020327 0.27522
721.59 64378 3674.1 2320.5 1096.3 0.1267 1239.1 416.06 1.8156 0.021393 0.27113
725.06 65991 3735.3 2269.2 910.16 0.12496 969.73 319.28 1.8156 0.023314 0.26035
728.01 67363 3788.6 2225.6 774.54 0.12341 779.09 251.24 1.8157 0.02497 0.25045
728.82 67742 3803.6 2213.5 740.37 0.12298 728.13 232.7 1.8157 0.025432 0.24673
730.77 68651 3839.9 2184.7 663.79 0.12195 657.09 211.05 1.8157 0.026545 0.24782
734.24 70273 3906.1 2133.3 544.45 0.12007 468.41 144.6 1.8158 0.028554 0.22487
737.18 71649 3964.2 2089.8 457.62 0.118 268.54 77.456 1.8159 0.030285 0.17283
737.99 72028 3980.6 2077.7 435.76 0.11728 230.05 66.628 1.8159 0.030768 0.1601
739.94 72933 4020.6 2048.9 387.47 0.11536 146.75 44.463 1.8159 0.031933 0.12611
743.41 74525 4093.9 1997.5 314.51 0.11117 52.082 24.084 1.816 0.034038 0.065556
746.35 75846 4158 1954 264.01 0.10683 8.0886 17.489 1.816 0.035855 0.014183
747.17 76205 4176 1941.9 251.7 0.10551 9.6794e-16 16.361 1.816 0.036362 0
747.17 76205 4176 1941.9 251.7 0.10551 9.6794e-16 16.361 1.816 0.036362 0
748.17 76645 4175 1941.9 234.71 0.10384 4.137e-16 15.251 1.816 0.036987 0
749.17 77074 4174.1 1941.9 219.17 0.10218 1.2994e-15 14.235 1.816 0.037611 0
750.17 77497 4173.1 1941.9 204.83 0.10051 1.6411e-15 13.299 1.8161 0.038236 0
751.17 77912 4172.2 1941.9 191.6 0.098838 1.1359e-15 12.434 1.8161 0.038861 0
752.17 78320 4171.3 1941.9 179.37 0.097168 5.7483e-16 11.636 1.8161 0.039485 0
753.17 78721 4170.4 1941.9 168.07 0.095498 -5.1169e-16 10.899 1.8161 0.040109 0
754.17 79115 4169.5 1941.9 157.62 0.093827 1.7175e-15 10.218 1.8161 0.040734 0
755.17 79502 4168.6 1941.9 147.96 0.092155 -4.5045e-16 9.5873 1.8161 0.041358 0
756.17 79882 4167.8 1941.9 139.01 0.090483 4.4548e-16 9.0041 1.8161 0.041982 0
757.17 80256 4167 1941.9 130.72 0.08881 4.7129e-16 8.4643 1.8162 0.042606 0
758.17 80622 4166.2 1941.9 123.04 0.087136 1.3407e-15 7.9642 1.8162 0.04323 0
759.17 80981 4165.4 1941.9 115.93 0.085462 1.161e-16 7.5008 1.8162 0.043854 0
760.17 81333 4164.6 1941.9 109.32 0.083788 -4.3356e-16 7.0711 1.8162 0.044478 0
761.17 81678 4163.8 1941.9 103.2 0.082113 5.0228e-16 6.6725 1.8162 0.045102 0
762.17 82016 4163.1 1941.9 97.508 0.080437 -5.8591e-18 6.3025 1.8162 0.045726 0
763.17 82347 4162.4 1941.9 92.225 0.078761 -2.3968e-16 5.9589 1.8162 0.04635 0
764.17 82671 4161.6 1941.9 87.314 0.077084 0 5.6397 1.8162 0.046974 0
765.17 82988 4160.9 1941.9 82.747 0.075407 0 5.343 1.8163 0.047597 0
766.17 83298 4160.3 1941.9 78.5 0.073729 0 5.0671 1.8163 0.048221 0
767.17 83601 4159.6 1941.9 74.547 0.07205 0 4.8104 1.8163 0.048844 0
768.17 83897 4158.9 1941.9 70.866 0.070372 0 4.5715 1.8163 0.049468 0
769.17 84186 4158.3 1941.9 67.438 0.068692 0 4.349 1.8163 0.050091 0
770.17 84467 4157.7 1941.9 64.243 0.067013 0 4.1417 1.8163 0.050715 0
771.17 84742 4157.1 1941.9 61.267 0.065333 0 3.9487 1.8163 0.051338 0
772.17 85010 4156.5 1811 0 0.063652 0 0 1.8163 0.051961 0
773.17 85271 4155.9 1811 0 0.061971 0 0 1.8163 0.052584 0
774.17 85525 4155.4 1811 0 0.06029 0 0 1.8164 0.053208 0
775.17 85772 4154.9 1811 0 0.058608 0 0 1.8164 0.053831 0
776.17 86012 4154.3 1811 0 0.056926 0 0 1.8164 0.054454 0
777.17 86245 4153.8 1811 0 0.055243 0 0 1.8164 0.055077 0
778.17 86470 4153.4 1811 0 0.05356 0 0 1.8164 0.0557 0
779.17 86689 4152.9 1811 0 0.051877 0 0 1.8164 0.056323 0
780.17 86901 4152.4 1811 0 0.050193 0 0 1.8164 0.056946 0
781.17 87106 4152 1811 0 0.048509 0 0 1.8164 0.057569 0
782.17 87304 4151.6 1811 0 0.046825 0 0 1.8164 0.058191 0
783.17 87495 4151.2 1811 0 0.04514 0 0 1.8164 0.058814 0
784.17 87678 4150.8 1811 0 0.043456 0 0 1.8164 0.059437 0
785.17 87855 4150.4 1811 0 0.04177 0 0 1.8164 0.06006 0
786.17 88025 4150.1 1811 0 0.040085 0 0 1.8164 0.060683 0
787.17 88188 4149.7 1811 0 0.038399 0 0 1.8165 0.061305 0
788.17 88344 4149.4 1811 0 0.036714 0 0 1.8165 0.061928 0
789.17 88492 4149.1 1811 0 0.035027 0 0 1.8165 0.062551 0
790.17 88634 4148.8 1811 0 0.033341 0 0 1.8165 0.063173 0
791.17 88769 4148.5 1811 0 0.031654 0 0 1.8165 0.063796 0
792.17 88897 4148.3 1811 0 0.029968 0 0 1.8165 0.064419 0
793.17 89018 4148 1811 0 0.028281 0 0 1.8165 0.065041 0
794.17 89131 4147.8 1811 0 0.026594 0 0 1.8165 0.065664 0
795.17 89238 4147.6 1811 0 0.024906 0 0 1.8165 0.066286 0
796.17 89338 4147.4 1811 0 0.023219 0 0 1.8165 0.066909 0
797.17 89431 4147.2 1811 0 0.021531 0 0 1.8165 0.067531 0
798.17 89517 4147 1811 0 0.019844 0 0 1.8165 0.068154 0
799.17 89595 4146.9 1811 0 0.018156 0 0 1.8165 0.068776 0
800.17 89667 4146.8 1811 0 0.016468 0 0 1.8165 0.069399 0
801.17 89732 4146.6 1811 0 0.01478 0 0 1.8165 0.070021 0
802.17 89790 4146.5 1811 0 0.013092 0 0 1.8165 0.070644 0
803.17 89841 4146.5 1811 0 0.011404 0 0 1.8165 0.071266 0
804.17 89884 4146.4 1811 0 0.0097154 0 0 1.8165 0.071889 0
805.17 89921 4146.3 1811 0 0.0080271 0 0 1.8165 0.072511 0
806.17 89951 4146.3 1811 0 0.0063388 0 0 1.8165 0.073134 0
807.17 89974 4146.3 1811 0 0.0046505 0 0 1.8165 0.073756 0
808.17 89989 4146.3 1811 0 0.0029622 0 0 1.8165 0.074379 0
809.17 89998 4146.3 1811 0 0.0012739 0 0 1.8165 0.075001 0
810.17 90000 4146.3 1811 0 0 0 0 1.8165 0.075623 0
