 5.10 2.50  0.00515  0.00700  0.02241 -0.00195 -0.01013 -0.21214 -0.03384 -0.02676    8932.6  4.322  6690.70  289.35
 5.10 3.17  0.00785  0.00725  0.02303 -0.01319 -0.01105 -0.23931 -0.03961 -0.02676   10890.5  4.254  7176.32  296.65
 5.10 3.83  0.01087  0.00765  0.02386 -0.02411 -0.01212 -0.26663 -0.04450 -0.02676   17728.7  4.186  7687.03  304.22
 5.10 4.50  0.01545  0.00822  0.02483 -0.03295 -0.01356 -0.40181 -0.05337 -0.02676   12353.5  4.118  8223.23  312.07
 5.10 5.17  0.01904  0.00888  0.02570 -0.03795 -0.01521 -0.31759 -0.06012 -0.02676   19861.0  4.050  8785.25  320.19
 5.10 5.83  0.02325  0.00967  0.02645 -0.04502 -0.01705 -0.37126 -0.06803 -0.02676   35874.8  3.982  9373.38  328.61
 5.10 6.50  0.02784  0.01065  0.02704 -0.05644 -0.01911 -0.40583 -0.07652 -0.02676   52848.9  3.913  9987.87  337.33
 7.10 2.50  0.00991  0.00605  0.02532 -0.00948 -0.00878 -0.25011 -0.03631 -0.02659   15765.2  5.735  4662.21  329.39
 7.10 3.17  0.01265  0.00639  0.02385 -0.01688 -0.00981 -0.24207 -0.04194 -0.02659   20059.0  5.616  5098.41  341.60
 7.10 3.83  0.01530  0.00685  0.02325 -0.02439 -0.01092 -0.23416 -0.04596 -0.02659   28754.1  5.497  5561.98  354.43
 7.10 4.50  0.01973  0.00748  0.02403 -0.03438 -0.01241 -0.38853 -0.05432 -0.02659   24343.8  5.378  6053.25  367.91
 7.10 5.17  0.02314  0.00820  0.02544 -0.03888 -0.01406 -0.30143 -0.06052 -0.02659   35259.5  5.260  6572.52  382.04
 7.10 5.83  0.02711  0.00904  0.02667 -0.04523 -0.01591 -0.34985 -0.06761 -0.02659   48994.9  5.143  7120.00  396.84
 7.10 6.50  0.03134  0.01003  0.02777 -0.05306 -0.01788 -0.37379 -0.07481 -0.02659   63628.9  5.027  7695.84  412.32
 9.10 2.50  0.00988  0.00570  0.01219 -0.01273 -0.00988 -0.26218 -0.01962 -0.02644   21722.7  6.960  3751.49  375.49
 9.10 3.17  0.01256  0.00607  0.01284 -0.01888 -0.01071 -0.23610 -0.02469 -0.02644   33439.4  6.776  4166.64  394.19
 9.10 3.83  0.01493  0.00654  0.01341 -0.02534 -0.01167 -0.21013 -0.02820 -0.02644   49484.6  6.593  4610.81  414.04
 9.10 4.50  0.01918  0.00717  0.01390 -0.03546 -0.01297 -0.37305 -0.03593 -0.02644   48942.8  6.413  5084.26  435.07
 9.10 5.17  0.02241  0.00788  0.01441 -0.03850 -0.01433 -0.28506 -0.04155 -0.02644   61892.8  6.236  5587.16  457.30
 9.10 5.83  0.02609  0.00871  0.01485 -0.04553 -0.01596 -0.32528 -0.04767 -0.02644   76197.5  6.062  6119.64  480.73
 9.10 6.50  0.02988  0.00966  0.01523 -0.05134 -0.01769 -0.33514 -0.05326 -0.02644   93353.7  5.891  6681.74  505.39
