time (s) altitude (m) velocity (m/s) mass (kg)trajectory angle (rad) angle of attack (rad) heading angle (rad) latitude (rad)
0 90 30 29209 1.5691 0 -1.1373 -0.2123 2.3868
0.441 300.99 31.497 29209 1.5533 -0.0012865 -1.1463 -0.2123 2.3868
1.2264 300.99 34.195 29209 1.5533 -0.0034441 -1.1603 -0.2123 2.3868
1.8929 300.99 36.512 29115 1.5533 -0.0051789 -1.1712 -0.2123 2.3868
2.0768 300.99 37.155 29089 1.5533 -0.0056338 -1.1737 -0.2123 2.3868
2.5178 300.99 38.706 29025 1.5533 -0.0066632 -1.1785 -0.2123 2.3868
3.3033 300.99 41.501 28912 1.5533 -0.0083062 -1.1839 -0.2123 2.3868
3.9697 300.99 43.898 28816 1.5533 -0.0095654 -1.188 -0.2123 2.3868
4.1537 300.99 44.566 28790 1.5533 -0.0098833 -1.1891 -0.2123 2.3868
5.0357 300.99 47.791 28663 1.5489 -0.011297 -1.1927 -0.2123 2.3868
6.6066 364.84 53.654 28436 1.5338 -0.013108 -1.1972 -0.2123 2.3868
7.9394 439.66 58.75 28245 1.5177 -0.013868 -1.1998 -0.2123 2.3868
8.3074 461.51 60.177 28192 1.5128 -0.013985 -1.2004 -0.2123 2.3868
9.1894 515.99 63.633 28065 1.5 -0.014104 -1.2016 -0.2123 2.3868
10.76 620.5 69.925 27838 1.4743 -0.013609 -1.2034 -0.2123 2.3868
12.093 716.77 75.41 27647 1.4498 -0.012432 -1.2045 -0.21231 2.3868
12.461 744.58 76.949 27594 1.4426 -0.012025 -1.2048 -0.21231 2.3868
12.916 779.7 78.867 27528 1.4335 -0.011483 -1.2052 -0.21231 2.3868
13.899 858.57 83.076 27387 1.4131 -0.010077 -1.2058 -0.21231 2.3868
15.211 969.48 88.82 27198 1.3846 -0.0076723 -1.2065 -0.21231 2.3868
16.592 1094 95.022 26999 1.3532 -0.0042586 -1.2072 -0.21232 2.3868
17.769 1205.8 100.43 26830 1.326 -0.0007166 -1.2077 -0.21232 2.3868
18.509 1279 103.91 26723 1.3093 0.001736 -1.208 -0.21232 2.3868
18.692 1297.4 104.77 26697 1.3051 0.0023915 -1.2081 -0.21232 2.3868
19.147 1343.9 106.94 26631 1.2948 0.0040874 -1.2082 -0.21233 2.3868
20.129 1447 111.7 26490 1.273 0.0078823 -1.2086 -0.21233 2.3868
21.441 1590.3 118.22 26301 1.2457 0.012806 -1.209 -0.21234 2.3868
22.822 1749 125.3 26102 1.219 0.017847 -1.2094 -0.21234 2.3868
23.999 1890.3 131.45 25933 1.1981 0.021545 -1.2097 -0.21235 2.3868
24.739 1981.8 135.39 25826 1.1859 0.023711 -1.2099 -0.21236 2.3868
24.922 2004.9 136.38 25800 1.1831 0.024228 -1.2099 -0.21236 2.3868
25.793 2116.4 141.1 25675 1.17 0.026608 -1.2101 -0.21237 2.3869
27.517 2347 150.65 25427 1.1475 0.03036 -1.2105 -0.21238 2.3869
29.428 2617.4 161.51 25152 1.1273 0.032921 -1.211 -0.2124 2.3869
30.797 2821.2 169.48 24955 1.1154 0.033685 -1.2113 -0.21241 2.3869
31.153 2875.8 171.58 24904 1.1127 0.033685 -1.2113 -0.21242 2.3869
31.814 2978.6 175.51 24809 1.108 0.033685 -1.2115 -0.21243 2.3869
32.992 3167.3 182.61 24639 1.101 0.033685 -1.2117 -0.21244 2.3869
33.992 3332.6 188.72 24496 1.096 0.033685 -1.2119 -0.21245 2.3869
34.268 3379 190.43 24456 1.0949 0.033685 -1.212 -0.21246 2.3869
34.929 3491.9 194.54 24361 1.0924 0.033685 -1.2121 -0.21246 2.3869
36.108 3699.4 201.96 24191 1.0891 0.033685 -1.2123 -0.21248 2.3869
37.107 3880.6 208.35 24048 1.0873 0.033685 -1.2125 -0.21249 2.3869
37.383 3931.8 210.13 24008 1.0871 0.033685 -1.2126 -0.2125 2.3869
38.706 4182.9 218.76 23818 1.0869 0.033685 -1.2128 -0.21252 2.3869
41.062 4656 234.51 23479 1.0913 0.033685 -1.2133 -0.21255 2.3869
43.062 5085 248.28 23191 1.1 0.033685 -1.2137 -0.21259 2.3869
43.614 5208.2 252.15 23112 1.1032 0.033685 -1.2138 -0.2126 2.3869
44.228 5347.6 256.49 23024 1.1072 0.033685 -1.214 -0.21261 2.3869
45.511 5648.6 265.72 22839 1.117 0.033685 -1.2142 -0.21263 2.387
47.115 6041.3 277.53 22609 1.1319 0.033685 -1.2146 -0.21266 2.387
48.61 6425.9 288.46 22394 1.1464 0.032712 -1.215 -0.21268 2.387
49.596 6688 295.35 22252 1.1552 0.031108 -1.2152 -0.2127 2.387
49.844 6755.4 296.98 22217 1.1571 0.030609 -1.2153 -0.2127 2.387
51.167 7121.1 305.42 22027 1.1657 0.027604 -1.2156 -0.21273 2.387
53.523 7798.7 318.93 21688 1.1719 0.020166 -1.2162 -0.21277 2.387
55.523 8395.4 329.39 21401 1.166 0.011787 -1.2168 -0.21281 2.387
56.075 8563.1 332.19 21321 1.1623 0.0092143 -1.2169 -0.21282 2.387
56.53 8702.3 334.53 21256 1.1587 0.0070515 -1.217 -0.21283 2.387
57.512 9005.2 339.63 21115 1.1492 0.0024664 -1.2173 -0.21285 2.387
58.824 9414.6 346.62 20926 1.1324 -0.0032914 -1.2176 -0.21287 2.387
60.206 9850.4 354.27 20728 1.1111 -0.0086 -1.2179 -0.2129 2.3871
61.383 10226 361.1 20558 1.0896 -0.01244 -1.2182 -0.21293 2.3871
62.123 10463 365.61 20452 1.0756 -0.014575 -1.2183 -0.21295 2.3871
62.305 10522 366.76 20426 1.072 -0.015052 -1.2183 -0.21296 2.3871
63.176 10803 372.31 20301 1.0543 -0.017228 -1.2185 -0.21298 2.3871
64.9 11364 383.99 20053 1.0176 -0.020496 -1.2188 -0.21303 2.3871
66.811 11991 398.01 19778 0.97553 -0.022449 -1.2191 -0.21309 2.3871
68.18 12443 408.8 19582 0.94514 -0.023017 -1.2193 -0.21313 2.3871
68.536 12561 411.72 19530 0.93733 -0.023064 -1.2194 -0.21315 2.3871
69.197 12781 417.24 19435 0.92287 -0.023046 -1.2195 -0.21317 2.3872
70.375 13174 427.49 19266 0.89759 -0.022937 -1.2196 -0.21322 2.3872
71.375 13509 436.55 19122 0.87659 -0.022715 -1.2198 -0.21326 2.3872
71.651 13601 439.11 19083 0.87086 -0.022664 -1.2198 -0.21327 2.3872
72.312 13824 445.35 18988 0.85729 -0.022615 -1.2199 -0.2133 2.3872
73.491 14222 456.93 18818 0.83372 -0.022729 -1.22 -0.21335 2.3872
74.49 14560 467.11 18674 0.81413 -0.023015 -1.2201 -0.21339 2.3872
74.766 14654 470 18635 0.80881 -0.023203 -1.2201 -0.21341 2.3872
75.637 14951 479.29 18510 0.79215 -0.023784 -1.2202 -0.21345 2.3873
77.361 15541 498.61 18262 0.75983 -0.025741 -1.2204 -0.21354 2.3873
79.272 16199 521.37 17987 0.72445 -0.029333 -1.2205 -0.21364 2.3873
80.641 16673 538.59 17790 0.69915 -0.032896 -1.2206 -0.21372 2.3874
80.997 16796 543.21 17739 0.69253 -0.033915 -1.2206 -0.21375 2.3874
81.658 17026 551.92 17644 0.6802 -0.035929 -1.2207 -0.21379 2.3874
82.836 17435 567.98 17474 0.65811 -0.039852 -1.2208 -0.21386 2.3874
83.836 17782 582.1 17330 0.63922 -0.043484 -1.2208 -0.21393 2.3874
84.112 17878 586.08 17290 0.634 -0.044508 -1.2208 -0.21395 2.3874
84.774 18108 595.78 17195 0.62149 -0.046956 -1.2209 -0.214 2.3875
85.952 18516 613.74 17026 0.59919 -0.051416 -1.2209 -0.21408 2.3875
86.951 18862 629.53 16882 0.58038 -0.055024 -1.221 -0.21416 2.3875
87.227 18957 634.03 16842 0.57524 -0.055952 -1.221 -0.21418 2.3875
88.098 19257 648.46 16717 0.55918 -0.058899 -1.221 -0.21425 2.3876
89.822 19848 678.49 16469 0.52843 -0.063932 -1.2211 -0.21439 2.3876
91.733 20499 713.83 16194 0.49604 -0.06817 -1.2212 -0.21457 2.3877
93.102 20963 740.47 15996 0.474 -0.07046 -1.2212 -0.21469 2.3877
93.458 21084 747.59 15945 0.46845 -0.070982 -1.2212 -0.21473 2.3877
94.781 21529 774.63 15755 0.44824 -0.072653 -1.2212 -0.21486 2.3878
97.137 22316 825.07 15415 0.4139 -0.074677 -1.2213 -0.21511 2.3879
99.136 22975 870.05 15127 0.38598 -0.075533 -1.2213 -0.21534 2.388
99.688 23155 882.81 15048 0.37842 -0.075685 -1.2213 -0.21541 2.388
101.01 23584 913.95 14857 0.36045 -0.075848 -1.2213 -0.21557 2.3881
103.37 24334 971.34 14518 0.32886 -0.07492 -1.2213 -0.21588 2.3882
105.37 24952 1021.9 14229 0.30239 -0.072527 -1.2213 -0.21616 2.3883
105.92 25120 1036.1 14150 0.29514 -0.071645 -1.2213 -0.21624 2.3883
106.58 25318 1053.3 14054 0.28647 -0.070485 -1.2213 -0.21634 2.3883
107.76 25664 1084.5 13885 0.27112 -0.068088 -1.2213 -0.21652 2.3884
108.76 25951 1111.3 13740 0.25818 -0.065697 -1.2213 -0.21667 2.3885
109.03 26029 1118.7 13701 0.25462 -0.064996 -1.2213 -0.21672 2.3885
109.7 26214 1136.7 13605 0.24617 -0.063264 -1.2213 -0.21682 2.3885
110.87 26535 1169.3 13435 0.23131 -0.059851 -1.2213 -0.21702 2.3886
111.87 26799 1197.3 13291 0.21891 -0.056896 -1.2213 -0.21719 2.3887
112.15 26871 1205.1 13251 0.21554 -0.056091 -1.2213 -0.21723 2.3887
113.02 27092 1230 13126 0.20504 -0.053525 -1.2212 -0.21739 2.3887
114.74 27510 1280.5 12877 0.18502 -0.048301 -1.2212 -0.2177 2.3888
116.66 27945 1338.2 12601 0.16423 -0.041891 -1.2212 -0.21806 2.389
118.02 28237 1380.9 12404 0.15043 -0.036592 -1.2211 -0.21833 2.3891
118.38 28309 1392.2 12352 0.14706 -0.035051 -1.2211 -0.2184 2.3891
119.04 28443 1413.4 12257 0.14095 -0.032132 -1.2211 -0.21854 2.3892
120.22 28671 1451.7 12087 0.13104 -0.026457 -1.2211 -0.21878 2.3893
121.22 28857 1484.6 11943 0.12339 -0.021127 -1.221 -0.219 2.3893
121.5 28907 1493.8 11903 0.12143 -0.019583 -1.221 -0.21906 2.3894
122.16 29026 1515.9 11807 0.11712 -0.015759 -1.221 -0.2192 2.3894
123.33 29231 1555.8 11637 0.11049 -0.0083131 -1.2209 -0.21947 2.3895
124.33 29400 1590 11632 0.10578 -0.0017087 -1.2209 -0.2197 2.3896
124.61 29447 1599.6 11632 0.10468 0.00015184 -1.2209 -0.21976 2.3896
