time (s) altitude (m) velocity (m/s) mass (kg) dynamic pressure (Pa)trajectory angle (rad) Lift (N)Drag (N)heading angle (rad) latitude (rad) angle of attack (rad) 
611.84 35247 2648.4 3300 27721 0.10794 30461 10347 1.817 -0.17247 0.26658
612.86 35540 2657 3267 26659 0.11008 30244 10390 1.817 -0.17206 0.27252
614.67 36081 2672.2 3258.1 24803 0.11397 30057 10610 1.8171 -0.17134 0.28511
616.21 36557 2685 3235.3 23278 0.11734 30165 10981 1.8171 -0.17072 0.2984
616.63 36690 2688.5 3229.1 22867 0.11826 30092 11028 1.8171 -0.17055 0.30158
617.65 37016 2697.1 3214 21898 0.12046 29541 10939 1.8172 -0.17013 0.30681
619.46 37615 2712.3 3187.2 20219 0.12434 27992 10474 1.8172 -0.1694 0.3124
621 38139 2725.6 3164.4 18868 0.12735 26272 9852.5 1.8172 -0.16877 0.31366
621.43 38287 2729.4 3158.1 18505 0.1281 25763 9661 1.8172 -0.1686 0.31363
622.44 38645 2738.5 3143 17656 0.12988 24774 9329.8 1.8173 -0.16818 0.31531
624.26 39297 2755.3 3116.2 16217 0.13271 22901 8657.2 1.8173 -0.16743 0.31667
625.79 39864 2769.9 3093.4 15071 0.13484 21117 7943.3 1.8174 -0.1668 0.31498
626.22 40023 2774.1 3087.2 14768 0.13538 20641 7752.5 1.8174 -0.16662 0.31446
627.24 40405 2784.1 3072.1 14062 0.13656 19567 7333.5 1.8174 -0.1662 0.31349
629.05 41100 2802.6 3045.3 12875 0.1383 17806 6655.9 1.8174 -0.16544 0.31212
630.59 41698 2818.7 3022.5 11942 0.13957 16482 6155.4 1.8175 -0.16479 0.31167
631.01 41865 2823.2 3016.2 11695 0.13988 16140 6027.4 1.8175 -0.16461 0.31166
632.03 42267 2834.1 3001.1 11123 0.14056 15367 5740.5 1.8175 -0.16418 0.31188
633.84 42993 2854.1 2974.3 10168 0.14153 14045 5245.5 1.8176 -0.16341 0.31182
635.38 43615 2871.4 2951.5 9421.2 0.1422 12926 4814.1 1.8176 -0.16275 0.31035
635.8 43788 2876.3 2945.3 9224.7 0.14235 12632 4700.6 1.8176 -0.16257 0.30993
636.82 44204 2888 2930.2 8770.2 0.14263 11972 4448.8 1.8176 -0.16213 0.30924
638.63 44953 2909.4 2903.4 8014.7 0.14298 10905 4046.1 1.8177 -0.16134 0.30852
640.17 45592 2927.8 2880.6 7425.9 0.14316 10108 3750.4 1.8177 -0.16067 0.30859
640.6 45770 2933 2874.3 7271 0.14318 9918.9 3683.4 1.8177 -0.16049 0.30906
641.94 46333 2949.4 2854.5 6804 0.14323 9368.3 3491.9 1.8178 -0.1599 0.31107
644.59 47456 2982.6 2815.2 5994.9 0.14317 8370.3 3135.9 1.8178 -0.15872 0.3141
647.53 48714 3020.4 2771.7 5244.9 0.14293 7385.3 2778.1 1.8179 -0.1574 0.31588
649.63 49623 3048.1 2740.5 4762.3 0.14263 6733.5 2537.3 1.818 -0.15645 0.31674
650.18 49861 3055.4 2732.4 4643.8 0.14254 6575 2479.2 1.818 -0.1562 0.31703
651.52 50443 3073.4 2712.6 4365.5 0.1423 6185.4 2332.1 1.818 -0.15558 0.31717
654.17 51604 3109.8 2673.3 3883.7 0.14171 5480.1 2058.3 1.8181 -0.15436 0.31625
657.11 52901 3151.1 2629.8 3424.6 0.14094 4791.3 1787 1.8181 -0.15298 0.31437
659.22 53835 3181.4 2598.6 3123.9 0.14031 4336.7 1609.6 1.8182 -0.15199 0.31261
659.77 54079 3189.4 2590.5 3049.4 0.14013 4213 1559.9 1.8182 -0.15173 0.31154
660.78 54533 3204.4 2575.4 2914.9 0.1398 4024.8 1488.9 1.8182 -0.15124 0.3114
662.6 55344 3231.3 2548.6 2687.4 0.13919 3706.2 1368.7 1.8183 -0.15037 0.31109
664.13 56035 3254.5 2525.9 2506.2 0.13867 3445.8 1269.5 1.8183 -0.14962 0.3104
664.56 56226 3260.9 2519.6 2458 0.13852 3375.6 1242.7 1.8183 -0.14942 0.31014
665.57 56685 3276.5 2504.5 2345.5 0.13816 3210.3 1179.2 1.8183 -0.14892 0.30938
667.39 57504 3304.5 2477.7 2155.9 0.13749 2908.4 1060 1.8184 -0.14803 0.30623
668.93 58202 3328.7 2454.9 2005.3 0.1369 2655 958.19 1.8184 -0.14727 0.30222
669.35 58395 3335.4 2448.6 1965.3 0.13673 2587.1 930.89 1.8184 -0.14706 0.30102
671.38 59322 3368.1 2418.5 1782.8 0.13589 2317.4 827.42 1.8185 -0.14604 0.29834
675.01 60981 3427.7 2364.8 1493.2 0.13431 1860.9 648.51 1.8185 -0.1442 0.28977
678.09 62396 3479.9 2319.3 1279.8 0.13288 1545.1 530.21 1.8186 -0.14261 0.28362
678.93 62788 3494.5 2306.7 1225.8 0.13249 1466.5 501.06 1.8186 -0.14217 0.28191
680.97 63729 3530 2276.6 1104 0.13154 1314.6 448.66 1.8186 -0.1411 0.28105
684.59 65412 3594.8 2222.9 912.42 0.12989 1049.2 353.93 1.8187 -0.13917 0.27437
687.67 66847 3651.4 2177.4 772.89 0.12843 835.61 276.16 1.8188 -0.13751 0.26293
688.52 67245 3667.3 2164.8 737.76 0.12801 783.15 257.16 1.8188 -0.13704 0.25967
689.86 67872 3692.6 2145 685.13 0.12736 725.59 238.34 1.8188 -0.13631 0.25928
692.51 69119 3743.6 2105.7 590.35 0.12607 588.43 188.98 1.8189 -0.13484 0.24893
695.45 70504 3801.9 2062.2 498.81 0.12437 396.17 119.39 1.8189 -0.13318 0.21301
697.56 71497 3844.8 2031 440.45 0.12277 262.07 75.73 1.819 -0.13198 0.17459
698.1 71755 3856.2 2022.9 426.19 0.12227 236.93 68.643 1.819 -0.13166 0.16615
700.14 72710 3899 1992.8 377 0.12024 151.13 45.225 1.819 -0.13048 0.13157
703.76 74391 3977.7 1939.1 303.09 0.11575 52.711 23.549 1.8191 -0.12835 0.068235
706.84 75789 4046.7 1893.6 252.35 0.11104 8.0617 16.825 1.8191 -0.12651 0.014859
707.69 76168 4066.1 1881 240.04 0.10959 -1e-15 15.691 1.8191 -0.12599 0
707.69 76168 4066.1 1881 240.04 0.10959 -1e-15 15.691 1.8191 -0.12599 0
708.69 76612 4065.1 1881 223.67 0.10785 -5.0175e-16 14.615 1.8191 -0.12539 0
709.69 77046 4064.1 1881 208.7 0.1061 -4.6817e-16 13.632 1.8191 -0.12478 0
710.69 77473 4063.1 1881 194.9 0.10435 1.1867e-15 12.726 1.8192 -0.12417 0
711.69 77893 4062.2 1881 182.17 0.10261 -4.0867e-16 11.89 1.8192 -0.12356 0
712.69 78305 4061.2 1881 170.43 0.10086 -1.0923e-15 11.119 1.8192 -0.12296 0
713.69 78711 4060.3 1881 159.58 0.099108 -1.0228e-15 10.408 1.8192 -0.12235 0
714.69 79109 4059.4 1881 149.56 0.097359 -3.3551e-16 9.7504 1.8192 -0.12174 0
715.69 79500 4058.5 1881 140.3 0.095608 8.5425e-16 9.143 1.8192 -0.12114 0
716.69 79884 4057.6 1881 131.73 0.093857 2.5329e-16 8.5815 1.8192 -0.12053 0
717.69 80260 4056.7 1881 123.8 0.092106 9.9184e-16 8.0621 1.8192 -0.11992 0
718.69 80630 4055.9 1881 116.46 0.090353 2.2393e-16 7.5813 1.8192 -0.11931 0
719.69 80992 4055.1 1881 109.66 0.0886 2.1085e-16 7.1361 1.8193 -0.11871 0
720.69 81348 4054.3 1881 103.35 0.086846 8.2804e-16 6.7236 1.8193 -0.1181 0
721.69 81696 4053.5 1881 97.509 0.085092 -2.3436e-16 6.3412 1.8193 -0.11749 0
722.69 82037 4052.7 1881 92.085 0.083337 -2.9511e-17 5.9865 1.8193 -0.11689 0
723.69 82370 4051.9 1881 87.052 0.081582 8.7878e-16 5.6574 1.8193 -0.11628 0
724.69 82697 4051.2 1881 82.377 0.079825 -3.6959e-16 5.3518 1.8193 -0.11567 0
725.69 83016 4050.5 1881 78.033 0.078069 3.0009e-16 5.068 1.8193 -0.11507 0
726.69 83329 4049.8 1881 73.995 0.076311 -2.3713e-17 4.8043 1.8193 -0.11446 0
727.69 83634 4049.1 1881 70.24 0.074554 -3.1514e-16 4.559 1.8193 -0.11386 0
728.69 83932 4048.4 1881 66.746 0.072795 3.1015e-16 4.3309 1.8194 -0.11325 0
729.69 84223 4047.7 1881 63.493 0.071036 -2.34e-16 4.1187 1.8194 -0.11264 0
730.69 84507 4047.1 1881 60.464 0.069277 -2.2284e-16 3.921 1.8194 -0.11204 0
731.69 84783 4046.5 1881 57.644 0.067517 -2.9557e-16 3.7371 1.8194 -0.11143 0
732.69 85053 4045.9 1750.1 0 0.065757 0 0 1.8194 -0.11082 0
733.69 85315 4045.3 1750.1 0 0.063996 0 0 1.8194 -0.11022 0
734.69 85570 4044.7 1750.1 0 0.062234 0 0 1.8194 -0.10961 0
735.69 85818 4044.2 1750.1 0 0.060473 -0 0 1.8194 -0.10901 0
736.69 86059 4043.6 1750.1 0 0.058711 0 0 1.8194 -0.1084 0
737.69 86292 4043.1 1750.1 0 0.056948 0 0 1.8194 -0.10779 0
738.69 86519 4042.6 1750.1 0 0.055185 0 0 1.8194 -0.10719 0
739.69 86738 4042.1 1750.1 0 0.053422 0 0 1.8194 -0.10658 0
740.69 86951 4041.7 1750.1 0 0.051658 -0 0 1.8194 -0.10598 0
741.69 87156 4041.2 1750.1 0 0.049894 0 0 1.8194 -0.10537 0
742.69 87354 4040.8 1750.1 0 0.048129 -0 0 1.8195 -0.10477 0
743.69 87545 4040.4 1750.1 0 0.046364 0 0 1.8195 -0.10416 0
744.69 87728 4040 1750.1 0 0.044599 0 0 1.8195 -0.10355 0
745.69 87905 4039.6 1750.1 0 0.042834 0 0 1.8195 -0.10295 0
746.69 88074 4039.2 1750.1 0 0.041068 0 0 1.8195 -0.10234 0
747.69 88237 4038.9 1750.1 0 0.039302 0 0 1.8195 -0.10174 0
748.69 88392 4038.5 1750.1 0 0.037536 -0 0 1.8195 -0.10113 0
749.69 88540 4038.2 1750.1 0 0.035769 -0 0 1.8195 -0.10053 0
750.69 88680 4037.9 1750.1 0 0.034002 -0 0 1.8195 -0.09992 0
751.69 88814 4037.6 1750.1 0 0.032235 0 0 1.8195 -0.099315 0
752.69 88941 4037.4 1750.1 0 0.030468 0 0 1.8195 -0.098709 0
753.69 89060 4037.1 1750.1 0 0.0287 -0 0 1.8195 -0.098104 0
754.69 89172 4036.9 1750.1 0 0.026933 -0 0 1.8195 -0.097498 0
755.69 89278 4036.7 1750.1 0 0.025165 0 0 1.8195 -0.096893 0
756.69 89376 4036.5 1750.1 0 0.023397 0 0 1.8195 -0.096287 0
757.69 89466 4036.3 1750.1 0 0.021629 0 0 1.8195 -0.095682 0
758.69 89550 4036.1 1750.1 0 0.019861 0 0 1.8195 -0.095077 0
759.69 89627 4036 1750.1 0 0.018092 0 0 1.8195 -0.094471 0
760.69 89696 4035.8 1750.1 0 0.016324 0 0 1.8195 -0.093866 0
761.69 89759 4035.7 1750.1 0 0.014555 -0 0 1.8195 -0.09326 0
762.69 89814 4035.6 1750.1 0 0.012786 -0 0 1.8195 -0.092655 0
763.69 89862 4035.6 1750.1 0 0.011018 0 0 1.8195 -0.09205 0
764.69 89903 4035.5 1750.1 0 0.0092487 0 0 1.8195 -0.091444 0
765.69 89936 4035.4 1750.1 0 0.0074798 0 0 1.8195 -0.090839 0
766.69 89963 4035.4 1750.1 0 0.0057109 0 0 1.8195 -0.090234 0
767.69 89982 4035.4 1750.1 0 0.003942 0 0 1.8195 -0.089628 0
768.69 89995 4035.4 1750.1 0 0.002173 0 0 1.8195 -0.089023 0
769.69 90000 4035.4 1750.1 0 0.00040411 -0 0 1.8195 -0.088418 0
770.69 89998 4035.5 1750.1 0 0 -0 0 1.8195 -0.087812 0
