time (s) altitude (m) longitude (rad) latitude (rad) velocity (m/s) trajectory angle (rad) heading angle (rad) angle of attack (rad) bank angle (rad) fuel mass (kg) 
124.64 25295 2.3868 -0.20874 1620.9 0.017257 1.8335 0.00013121 1562
129.73 25418 2.3864 -0.20748 1638.7 0.0136 1.8336 0.012728 1548.3
138.8 25645 2.3858 -0.20522 1674.3 0.017474 1.8338 0.013757 1521.7
146.49 25887 2.3852 -0.20325 1706.1 0.018256 1.8339 0.012345 1498.2
148.61 25950 2.3851 -0.2027 1715.3 0.018723 1.8339 0.012354 1491.5
153.71 26117 2.3847 -0.20138 1737.9 0.019152 1.834 0.012012 1475.1
162.78 26421 2.3841 -0.19897 1779.6 0.0187 1.8342 0.010598 1445
170.47 26669 2.3835 -0.19688 1815.2 0.016982 1.8343 0.0098761 1419.1
172.59 26733 2.3833 -0.1963 1824.9 0.016441 1.8343 0.01618 1412.1
177.69 26911 2.3829 -0.19489 1848.9 0.020161 1.8344 0.015073 1394.4
186.76 27216 2.3822 -0.19233 1890.1 0.014962 1.8345 0.0026515 1364.5
194.45 27425 2.3816 -0.19012 1926.2 0.01581 1.8346 0.033598 1338.5
196.57 27496 2.3815 -0.1895 1937.5 0.02523 1.8347 0.032587 1330.1
201.67 27770 2.381 -0.188 1960.9 0.026775 1.8348 0.00015065 1312.9
210.73 28074 2.3803 -0.18529 1999.7 0.0063472 1.8349 7.2222e-05 1285.8
218.43 28143 2.3797 -0.18295 2036.9 0.0095208 1.835 0.033601 1259.8
220.55 28204 2.3795 -0.1823 2048.2 0.016915 1.835 0.03075 1251.6
225.65 28419 2.379 -0.18071 2072.5 0.021503 1.8351 0.0095335 1233.8
234.71 28720 2.3783 -0.17785 2112.6 0.0087799 1.8352 6.4342e-05 1205.6
242.41 28828 2.3776 -0.17538 2148.2 0.0088786 1.8352 0.032215 1180
244.53 28881 2.3774 -0.17469 2158.5 0.016017 1.8353 0.017839 1171.8
249.62 29040 2.3769 -0.17303 2179 0.012264 1.8353 4.6621e-05 1155.3
258.69 29205 2.3761 -0.17002 2213.8 0.0059745 1.8354 0.018615 1126
266.39 29372 2.3754 -0.16744 2243.6 0.01746 1.8355 0.025826 1098.5
268.51 29474 2.3752 -0.16672 2251.2 0.019828 1.8355 0.025461 1091
273.6 29706 2.3747 -0.16498 2267.9 0.0185 1.8356 3.7977e-05 1074.5
282.67 29912 2.3739 -0.16186 2294.6 0.00091319 1.8356 3.3437e-05 1048
290.37 29872 2.3731 -0.15919 2318.4 -0.0010185 1.8357 0.024229 1023.3
292.49 29879 2.3729 -0.15844 2325.1 0.0024263 1.8357 0.023869 1015.7
297.58 29955 2.3724 -0.15665 2340.5 0.0091964 1.8358 0.023113 997.73
306.65 30155 2.3715 -0.15343 2364.2 0.0072729 1.8358 2.4494e-05 968.23
314.35 30215 2.3708 -0.15068 2382.5 -0.0010368 1.8359 0.01753 944.42
316.47 30204 2.3706 -0.14992 2388.1 0.0019752 1.8359 0.017193 936.94
321.56 30240 2.3701 -0.14808 2400.4 0.0038689 1.8359 0.015642 919.81
330.63 30348 2.3692 -0.14478 2420.7 0.0057853 1.836 0.014187 889.52
338.33 30467 2.3684 -0.14197 2436.9 0.0069678 1.836 0.014699 863.99
340.45 30504 2.3682 -0.14119 2441.2 0.0074112 1.8361 0.01472 856.96
345.54 30612 2.3677 -0.13931 2451.3 0.0090276 1.8361 0.014989 840.09
354.61 30761 2.3667 -0.13595 2468.4 0.0031426 1.8362 4.1619e-05 811.79
362.31 30749 2.366 -0.13307 2483 -0.0041668 1.8362 0.016575 788.18
364.43 30723 2.3657 -0.13228 2487.2 -0.0017678 1.8362 0.030091 780.86
369.52 30752 2.3652 -0.13037 2497.6 0.0070037 1.8362 0.03107 762.72
378.59 31178 2.3643 -0.12694 2512.7 0.032659 1.8363 0.054176 729.25
386.29 32109 2.3635 -0.12403 2519.4 0.065322 1.8364 0.06878 700.98
388.41 32488 2.3633 -0.12322 2520 0.073637 1.8364 0.072513 693.86
393.5 33555 2.3627 -0.1213 2519.4 0.092334 1.8365 0.078061 678.35
402.57 35940 2.3618 -0.11788 2514.8 0.11391 1.8367 0.07999 656.23
410.27 38173 2.361 -0.11499 2504.4 0.11466 1.8368 0.045067 647.71
412.39 38773 2.3608 -0.11419 2498.8 0.11096 1.8369 0.040135 648.62
420.03 40746 2.36 -0.11134 2484.8 0.096172 1.837 0.038241 648.62
433.63 43448 2.3586 -0.1063 2466.7 0.063496 1.8372 0.045519 648.62
445.17 44827 2.3574 -0.10203 2456.4 0.033647 1.8374 0.052644 648.62
448.36 45058 2.3571 -0.10085 2454.3 0.025137 1.8374 0.045462 648.62
456 45323 2.3563 -0.098037 2450.7 0.003054 1.8374 0.033624 648.62
469.6 44776 2.355 -0.093029 2448.2 -0.035539 1.8375 0.051851 648.62
481.14 43344 2.3538 -0.088786 2448.9 -0.065141 1.8374 0.046145 648.62
484.33 42807 2.3535 -0.087615 2449.5 -0.073379 1.8374 0.041006 648.62
489.42 41814 2.353 -0.085744 2450.8 -0.086037 1.8374 0.038982 648.62
498.49 39666 2.3521 -0.082414 2453.3 -0.10668 1.8373 0.037372 648.62
506.18 37530 2.3513 -0.079591 2453.9 -0.11897 1.8372 0.050148 648.62
508.31 36906 2.3511 -0.078812 2453.4 -0.1206 1.8372 0.057399 648.62
513.4 35409 2.3506 -0.076943 2457.5 -0.11744 1.8371 0.081819 642.79
522.47 33070 2.3496 -0.073595 2472.9 -0.08843 1.837 0.0864 618.17
530.16 31718 2.3489 -0.070729 2483.5 -0.052918 1.8369 0.065424 593.33
532.29 31465 2.3486 -0.069934 2488.1 -0.044125 1.8369 0.064637 585.41
537.38 31045 2.3481 -0.068023 2497.8 -0.022812 1.8369 0.049515 566.47
546.45 30847 2.3472 -0.064597 2515.9 0.0020878 1.8369 0.026625 533.38
554.14 30944 2.3464 -0.061671 2530.4 0.004565 1.8369 8.465e-05 508.04
556.27 30961 2.3462 -0.06086 2534.2 0.00092069 1.8369 0.019636 501.78
561.36 31014 2.3456 -0.058912 2543.6 0.0061536 1.837 0.019235 484.5
570.43 31152 2.3447 -0.055425 2559.5 0.0040197 1.837 0.00010025 455.76
578.12 31172 2.3439 -0.05245 2572.9 -0.00199 1.837 0.017962 432.15
580.25 31157 2.3436 -0.051626 2576.7 0.0014051 1.837 0.025727 424.77
585.34 31225 2.3431 -0.049645 2585.3 0.0076158 1.837 0.018095 407.39
594.41 31389 2.3421 -0.046102 2600.1 0.0043501 1.837 8.9498e-05 379.06
602.1 31415 2.3413 -0.04308 2612.6 -0.0011095 1.8371 0.017617 355.63
604.23 31408 2.3411 -0.042244 2616.1 0.0019189 1.8371 0.00030695 348.38
609.32 31394 2.3405 -0.040233 2624.5 -0.0023629 1.8371 0.0084405 332.86
618.39 31463 2.3396 -0.036637 2638 0.012973 1.8371 0.046897 301.25
626.08 32058 2.3387 -0.033576 2644.2 0.049243 1.8371 0.06619 271.48
628.21 32373 2.3385 -0.032731 2644.3 0.05936 1.8371 0.069867 263.71
633.3 33331 2.3379 -0.030708 2642.9 0.082368 1.8372 0.072673 246.62
642.37 35672 2.337 -0.027119 2637.2 0.11037 1.8373 0.075536 222.04
650.06 38000 2.3361 -0.024091 2624.8 0.11708 1.8375 0.055894 212.51
652.18 38647 2.3359 -0.023258 2618.2 0.11544 1.8375 0.054042 213.52
657.28 40148 2.3354 -0.02127 2606.8 0.1101 1.8376 0.051247 213.52
666.35 42571 2.3344 -0.017744 2590.4 0.094978 1.8377 0.052519 213.52
674.04 44303 2.3336 -0.014765 2579.2 0.079213 1.8378 0.058411 213.52
676.16 44724 2.3334 -0.013944 2576.6 0.07457 1.8378 0.061642 213.52
681.26 45628 2.3328 -0.011979 2570.6 0.063369 1.8379 0.069281 213.52
690.32 46858 2.3319 -0.0084862 2562 0.042113 1.838 0.066173 213.52
698.02 47498 2.3311 -0.0055286 2556.9 0.022667 1.838 0.065158 213.52
700.14 47606 2.3308 -0.0047128 2555.7 0.017257 1.838 0.065464 213.52
707.78 47751 2.33 -0.0017817 2552.7 -0.0023859 1.838 0.066665 213.52
721.38 47060 2.3286 0.0034323 2550.9 -0.037267 1.838 0.064864 213.52
732.93 45547 2.3274 0.007852 2552 -0.065126 1.8379 0.069048 213.52
736.11 44989 2.3271 0.0090716 2552.4 -0.072126 1.8379 0.064721 213.52
743.75 43425 2.3263 0.011995 2554.5 -0.088465 1.8378 0.05835 213.27
757.35 39912 2.3248 0.017195 2555.3 -0.11154 1.8376 0.05994 214.42
768.9 36558 2.3236 0.021609 2560.2 -0.11222 1.8374 0.079193 206.54
772.08 35661 2.3233 0.02283 2565.6 -0.10623 1.8373 0.079407 199.2
777.17 34358 2.3228 0.02479 2571.7 -0.092385 1.8373 0.078728 187.29
786.24 32586 2.3218 0.0283 2583.5 -0.058302 1.8371 0.062135 160.57
793.94 31720 2.321 0.031299 2595.9 -0.029568 1.8371 0.044741 134.26
796.06 31575 2.3208 0.032131 2599.6 -0.022858 1.8371 0.028568 126.78
801.15 31318 2.3202 0.034128 2609.1 -0.014579 1.8371 0.027762 109.57
810.22 31373 2.3192 0.037703 2620 0.025637 1.8371 0.076383 74.243
817.92 32539 2.3184 0.040731 2609.3 0.097366 1.8371 0.12806 40.702
820.04 33152 2.3182 0.04156 2600.6 0.11949 1.8371 0.14826 32.119
825.13 35078 2.3176 0.043522 2573.1 0.17097 1.8372 0.1739 13.556
834.2 39653 2.3167 0.04693 2521.4 0.21894 1.8375 0.14708 0.0094849
841.9 43886 2.3159 0.049756 2486.9 0.21826 1.8377 0.14512 2.935
844.02 45013 2.3157 0.050531 2479.6 0.21753 1.8378 0.17133 1.9881
