time (s) altitude (m) velocity (m/s) mass (kg) dynamic pressure (Pa)trajectory angle (rad) Lift (N)Drag (N)heading angle (rad) latitude (rad) angle of attack (rad) 
844.02 45013 2479.6 3300 5772.7 0.21753 6413 2206.7 1.8378 0.050531 0.26911
845.49 45800 2494.9 3278.2 5239.7 0.21589 5868.3 2024.7 1.8378 0.051068 0.27062
848.11 47197 2522.7 3239.5 4430.9 0.21284 5044.7 1749.8 1.8379 0.052032 0.2737
850.33 48379 2546.8 3206.6 3890.2 0.21014 4431.5 1536.4 1.8379 0.052859 0.27376
850.94 48705 2553.6 3197.5 3753.4 0.20937 4274 1481.3 1.838 0.053089 0.27368
852.41 49484 2570 3175.7 3445.5 0.20752 3949.8 1371.5 1.838 0.053643 0.27493
855.03 50867 2599.7 3137 2960.8 0.20418 3408.3 1184.1 1.8381 0.054638 0.27568
857.25 52036 2625.4 3104.1 2631.9 0.20127 2992.1 1034 1.8381 0.055491 0.27323
857.87 52357 2632.6 3095 2548.3 0.20046 2890.9 998 1.8381 0.055729 0.27281
859.34 53127 2650 3073.3 2358 0.19851 2677.6 923.92 1.8382 0.0563 0.27294
861.95 54491 2681.5 3034.5 2051.6 0.195 2305.1 791.34 1.8383 0.057327 0.27086
864.18 55642 2708.9 3001.6 1821.5 0.19199 2006.6 683.15 1.8383 0.058209 0.26712
864.79 55959 2716.5 2992.5 1762.4 0.19115 1934.5 657.5 1.8383 0.058454 0.26644
866.26 56716 2735 2970.8 1627.9 0.18914 1782.4 604.72 1.8384 0.059045 0.26592
868.88 58058 2768.4 2932 1412.2 0.18555 1515.3 509.43 1.8384 0.060106 0.26219
871.1 59189 2797.3 2899.1 1250.6 0.18248 1307.8 434.69 1.8385 0.061018 0.25755
871.71 59500 2805.4 2890 1209.2 0.18162 1258.3 417.22 1.8385 0.061271 0.25667
873.18 60244 2825 2868.3 1115.2 0.17959 1152.8 380.86 1.8385 0.061882 0.25548
875.8 61560 2860.4 2829.5 964.62 0.17596 968.12 315.1 1.8386 0.06298 0.2504
878.02 62668 2891 2796.6 852.26 0.17287 832.34 267.06 1.8386 0.063923 0.24585
878.64 62973 2899.5 2787.5 823.51 0.17202 800.57 256.15 1.8387 0.064185 0.2451
880.11 63701 2920.2 2765.8 758.3 0.16999 735.8 234.83 1.8387 0.064817 0.24477
882.72 64989 2957.6 2727 654.15 0.16642 623.9 197.56 1.8388 0.065954 0.24178
884.94 66073 2989.9 2694.1 576.61 0.1634 530.83 166.11 1.8388 0.06693 0.23579
885.56 66371 2998.9 2685.1 556.8 0.16257 507.08 158.1 1.8388 0.067201 0.234
886.29 66728 3009.8 2674.2 533.92 0.16157 483.25 150.27 1.8388 0.067528 0.23298
887.6 67360 3029.3 2654.8 495.37 0.15979 437.87 135.03 1.8389 0.068112 0.22916
888.71 67894 3046 2638.3 464.77 0.15828 402.8 123.31 1.8389 0.068611 0.22605
889.02 68041 3050.6 2633.8 456.64 0.15786 394.33 120.54 1.8389 0.068749 0.22548
889.75 68393 3061.8 2622.9 437.72 0.15686 374.87 114.18 1.8389 0.069082 0.22419
891.06 69018 3081.9 2603.5 405.86 0.15508 338.64 102.13 1.8389 0.069676 0.22021
892.17 69546 3099.1 2587.1 380.6 0.15357 311.78 93.313 1.839 0.070184 0.21746
892.48 69691 3103.8 2582.6 373.89 0.15316 305.39 91.268 1.839 0.070325 0.21703
893.45 70148 3119 2568.2 353.47 0.15185 285.45 84.854 1.839 0.07077 0.21535
895.36 71049 3149.3 2539.9 316.12 0.14927 246.14 72.025 1.839 0.071659 0.21013
897.49 72039 3183.4 2508.4 278.24 0.1464 207.98 60.22 1.8391 0.072654 0.20408
899.01 72743 3208.2 2485.9 253.94 0.14435 183.15 52.62 1.8391 0.073374 0.19895
899.4 72926 3214.7 2480.1 247.99 0.14382 177.57 50.982 1.8391 0.073562 0.19794
900.37 73370 3230.7 2465.7 233.99 0.14251 163.86 46.94 1.8391 0.074024 0.19489
902.29 74245 3262.8 2437.4 208.59 0.13988 129.03 36.279 1.8392 0.074945 0.17902
904.41 75206 3299 2406 183.7 0.13676 87.954 24.785 1.8392 0.075977 0.14922
905.93 75887 3325.4 2383.4 167.79 0.13433 62.234 18.379 1.8392 0.076723 0.12333
906.33 76063 3332.4 2377.6 163.9 0.13367 56.748 17.083 1.8392 0.076918 0.11693
907.01 76365 3344.4 2367.5 157.42 0.1325 49.309 15.298 1.8392 0.077256 0.10838
908.44 76992 3369.8 2346.4 144.74 0.12995 32.629 11.934 1.8393 0.077966 0.082676
910.22 77764 3402.1 2320 130.45 0.12653 17.139 9.3013 1.8393 0.078861 0.052907
911.88 78471 3432.6 2295.4 118.56 0.12311 5.9056 7.7619 1.8393 0.079703 0.023363
912.97 78929 3452.9 2279.2 111.41 0.12072 1.1728 7.1634 1.8393 0.080262 0.0049591
913.25 79043 3458.1 2275.1 109.69 0.12011 9.0239e-16 7.0178 1.8394 0.080404 0
913.25 79043 3458.1 2275.1 109.69 0.12011 9.0239e-16 7.0178 1.8394 0.080404 0
914.25 79458 3457 2275.1 102.49 0.11786 3.8325e-16 6.5645 1.8394 0.080917 0
915.25 79860 3455.9 2275.1 95.92 0.11561 -3.2282e-16 6.1505 1.8394 0.08143 0
916.25 80255 3454.8 2275.1 89.864 0.11336 6.7208e-17 5.7684 1.8394 0.081943 0
917.25 80642 3453.8 2275.1 84.279 0.11111 -2.8364e-16 5.4157 1.8394 0.082456 0
918.25 81021 3452.7 2275.1 79.125 0.10886 -2.6629e-16 5.0898 1.8394 0.082969 0
919.25 81392 3451.8 2275.1 74.364 0.1066 5.5616e-17 4.7886 1.8394 0.083482 0
920.25 81756 3450.8 2275.1 69.967 0.10435 5.2327e-17 4.51 1.8395 0.083995 0
921.25 82111 3449.8 2275.1 65.902 0.10209 -4.9287e-16 4.2522 1.8395 0.084507 0
922.25 82459 3448.9 2275.1 62.141 0.099832 -2.0913e-16 4.0135 1.8395 0.08502 0
923.25 82799 3448 2275.1 58.661 0.097574 -2.4129e-16 3.7924 1.8395 0.085533 0
924.25 83131 3447.1 2275.1 55.438 0.095314 2.2804e-16 3.5875 1.8395 0.086045 0
925.25 83455 3446.2 2275.1 52.453 0.093053 4.3152e-16 3.3974 1.8395 0.086558 0
926.25 83771 3445.4 2275.1 49.686 0.090791 -1.6722e-16 3.2212 1.8395 0.08707 0
927.25 84079 3444.6 2275.1 47.12 0.088528 2.2906e-16 3.0575 1.8396 0.087583 0
928.25 84380 3443.8 2275.1 44.739 0.086264 -5.8555e-17 2.9056 1.8396 0.088095 0
929.25 84673 3443 2275.1 42.529 0.083999 -5.5662e-17 2.7644 1.8396 0.088608 0
930.25 84958 3442.2 2275.1 40.435 0.081733 0 2.6296 1.8396 0.08912 0
931.25 85235 3441.5 2144.2 0 0.079467 -0 0 1.8396 0.089632 0
932.25 85504 3440.8 2144.2 0 0.077199 0 0 1.8396 0.090145 0
933.25 85766 3440.1 2144.2 0 0.074931 0 0 1.8396 0.090657 0
934.25 86019 3439.4 2144.2 0 0.072661 -0 0 1.8396 0.091169 0
935.25 86265 3438.7 2144.2 0 0.070391 -0 0 1.8396 0.091681 0
936.25 86503 3438.1 2144.2 0 0.06812 0 0 1.8397 0.092193 0
937.25 86733 3437.5 2144.2 0 0.065849 -0 0 1.8397 0.092705 0
938.25 86955 3436.9 2144.2 0 0.063576 -0 0 1.8397 0.093217 0
939.25 87170 3436.4 2144.2 0 0.061303 -0 0 1.8397 0.093729 0
940.25 87376 3435.8 2144.2 0 0.059029 -0 0 1.8397 0.094241 0
941.25 87575 3435.3 2144.2 0 0.056755 0 0 1.8397 0.094753 0
942.25 87766 3434.8 2144.2 0 0.05448 0 0 1.8397 0.095265 0
943.25 87949 3434.3 2144.2 0 0.052204 -0 0 1.8397 0.095777 0
944.25 88124 3433.9 2144.2 0 0.049928 -0 0 1.8397 0.096289 0
945.25 88292 3433.5 2144.2 0 0.047651 0 0 1.8397 0.096801 0
946.25 88452 3433 2144.2 0 0.045374 0 0 1.8397 0.097313 0
947.25 88603 3432.7 2144.2 0 0.043096 0 0 1.8397 0.097825 0
948.25 88747 3432.3 2144.2 0 0.040818 -0 0 1.8397 0.098337 0
949.25 88884 3431.9 2144.2 0 0.038539 -0 0 1.8397 0.098848 0
950.25 89012 3431.6 2144.2 0 0.03626 -0 0 1.8398 0.09936 0
951.25 89132 3431.3 2144.2 0 0.033981 -0 0 1.8398 0.099872 0
952.25 89245 3431 2144.2 0 0.031701 -0 0 1.8398 0.10038 0
953.25 89350 3430.8 2144.2 0 0.029421 0 0 1.8398 0.1009 0
954.25 89447 3430.5 2144.2 0 0.02714 0 0 1.8398 0.10141 0
955.25 89536 3430.3 2144.2 0 0.024859 0 0 1.8398 0.10192 0
956.25 89617 3430.1 2144.2 0 0.022578 0 0 1.8398 0.10243 0
957.25 89691 3430 2144.2 0 0.020297 0 0 1.8398 0.10294 0
958.25 89757 3429.8 2144.2 0 0.018015 -0 0 1.8398 0.10345 0
959.25 89814 3429.7 2144.2 0 0.015734 -0 0 1.8398 0.10397 0
960.25 89865 3429.6 2144.2 0 0.013452 -0 0 1.8398 0.10448 0
961.25 89907 3429.5 2144.2 0 0.01117 0 0 1.8398 0.10499 0
962.25 89941 3429.4 2144.2 0 0.0088879 0 0 1.8398 0.1055 0
963.25 89968 3429.4 2144.2 0 0.0066057 0 0 1.8398 0.10601 0
964.25 89986 3429.4 2144.2 0 0.0043236 0 0 1.8398 0.10652 0
965.25 89997 3429.4 2144.2 0 0.0020414 0 0 1.8398 0.10704 0
966.25 90000 3429.4 2144.2 0 0 0 0 1.8398 0.10755 0
