time (s) altitude (m) velocity (m/s) mass (kg)trajectory angle (rad) angle of attack (rad) heading angle (rad) latitude (rad)
0 90 30 29388 1.5691 0 1.6529 -0.2123 2.3868
0.44109 103.56 31.492 29325 1.5687 -0.0012338 1.6806 -0.2123 2.3868
1.2267 129.35 34.178 29211 1.5672 -0.0033526 1.7141 -0.2123 2.3868
1.8932 152.9 36.486 29115 1.5652 -0.0050221 1.7306 -0.2123 2.3868
2.0773 159.68 37.128 29089 1.5645 -0.0054619 1.7341 -0.2123 2.3868
2.5184 176.39 38.675 29025 1.5626 -0.0064916 1.7409 -0.2123 2.3868
3.304 207.87 41.458 28912 1.5583 -0.0081637 1.7495 -0.2123 2.3868
3.9705 236.29 43.849 28816 1.5539 -0.0093932 1.7546 -0.2123 2.3868
4.1545 244.42 44.514 28790 1.5525 -0.0097109 1.7557 -0.2123 2.3868
5.0367 285.1 47.73 28663 1.545 -0.011085 1.7603 -0.2123 2.3868
6.6079 364.61 53.576 28436 1.5281 -0.012698 1.7657 -0.2123 2.3868
7.941 439.31 58.659 28245 1.5103 -0.013143 1.7688 -0.2123 2.3868
8.3091 461.12 60.083 28192 1.5048 -0.01315 1.7695 -0.2123 2.3868
9.1913 515.5 63.534 28065 1.4909 -0.012952 1.7709 -0.2123 2.3868
10.762 619.77 69.82 27838 1.4633 -0.011771 1.773 -0.2123 2.3868
12.096 715.79 75.306 27646 1.4373 -0.0098625 1.7743 -0.2123 2.3868
12.464 743.52 76.846 27593 1.4298 -0.0092256 1.7747 -0.2123 2.3868
13.125 794.72 79.643 27498 1.416 -0.0079582 1.7752 -0.21229 2.3868
14.304 890.19 84.716 27328 1.3905 -0.0052778 1.7761 -0.21229 2.3868
15.303 975.5 89.112 27185 1.3682 -0.0025476 1.7768 -0.21229 2.3868
15.58 999.74 90.34 27145 1.362 -0.0017478 1.777 -0.21229 2.3868
16.241 1059.1 93.314 27050 1.3472 0.00024923 1.7774 -0.21229 2.3868
17.42 1169.1 98.719 26880 1.321 0.0041234 1.778 -0.21228 2.3868
18.419 1266.7 103.41 26736 1.299 0.0076993 1.7785 -0.21228 2.3868
18.695 1294.3 104.72 26696 1.2931 0.0086997 1.7786 -0.21228 2.3868
19.566 1383.5 108.92 26571 1.2747 0.011893 1.779 -0.21227 2.3868
21.29 1569.1 117.44 26323 1.2405 0.018031 1.7798 -0.21226 2.3868
23.202 1788.9 127.23 26048 1.2064 0.023778 1.7805 -0.21225 2.3868
24.571 1955.5 134.45 25851 1.1847 0.026968 1.781 -0.21224 2.3868
24.927 2000.1 136.36 25800 1.1794 0.027709 1.7811 -0.21224 2.3868
25.589 2084.4 139.93 25704 1.17 0.028995 1.7813 -0.21223 2.3868
26.767 2239.2 146.4 25535 1.1546 0.030918 1.7817 -0.21222 2.3868
27.767 2375.3 151.97 25391 1.1429 0.032143 1.782 -0.21221 2.3868
28.043 2413.6 153.53 25351 1.1398 0.032441 1.7821 -0.21221 2.3868
28.705 2506.9 157.28 25256 1.1329 0.03309 1.7823 -0.2122 2.3868
29.883 2677.9 164.05 25087 1.1217 0.03395 1.7827 -0.21219 2.3868
30.883 2827.9 169.88 24943 1.1134 0.034385 1.783 -0.21218 2.3868
31.159 2870.2 171.51 24903 1.1113 0.034485 1.783 -0.21218 2.3868
32.482 3077.8 179.4 24713 1.1023 0.034821 1.7834 -0.21216 2.3868
34.839 3468.9 193.84 24374 1.091 0.034905 1.7841 -0.21213 2.3868
36.839 3823.3 206.49 24086 1.0858 0.034731 1.7846 -0.2121 2.3868
37.391 3925 210.04 24007 1.0851 0.034727 1.7848 -0.21209 2.3868
38.273 4091.1 215.78 23880 1.0847 0.034717 1.785 -0.21208 2.3868
39.844 4398.1 226.16 23654 1.086 0.034705 1.7855 -0.21206 2.3868
41.177 4670.4 235.15 23463 1.0893 0.0347 1.7859 -0.21203 2.3868
41.545 4747.5 237.66 23410 1.0906 0.034707 1.786 -0.21203 2.3868
41.986 4841.2 240.69 23346 1.0923 0.034727 1.7861 -0.21202 2.3868
42.772 5011.1 246.12 23233 1.0959 0.03478 1.7863 -0.21201 2.3868
43.439 5158.5 250.78 23137 1.0996 0.034834 1.7865 -0.212 2.3868
43.623 5199.7 252.08 23111 1.1007 0.034846 1.7866 -0.21199 2.3868
44.064 5299.5 255.2 23048 1.1034 0.034872 1.7867 -0.21198 2.3868
44.849 5480.7 260.8 22935 1.1089 0.034833 1.7869 -0.21197 2.3868
45.516 5638 265.6 22839 1.1141 0.034657 1.7871 -0.21196 2.3867
45.7 5681.9 266.93 22812 1.1156 0.034582 1.7872 -0.21196 2.3867
46.109 5780.7 269.91 22754 1.119 0.034384 1.7873 -0.21195 2.3867
46.965 5991.3 276.17 22631 1.1265 0.033746 1.7876 -0.21193 2.3867
48.035 6262.5 284.1 22477 1.1364 0.032463 1.7879 -0.21191 2.3867
49.032 6523.3 291.31 22334 1.1451 0.03079 1.7882 -0.21189 2.3867
49.689 6699.2 295.77 22239 1.1498 0.029421 1.7884 -0.21188 2.3867
49.854 6744 296.88 22215 1.1509 0.02905 1.7885 -0.21188 2.3867
51.178 7108.4 305.28 22025 1.1577 0.025621 1.7889 -0.21185 2.3867
53.535 7782.9 318.79 21686 1.1598 0.017366 1.7897 -0.21181 2.3867
55.534 8375.9 329.31 21399 1.1495 0.0082737 1.7904 -0.21177 2.3867
56.086 8542.4 332.16 21320 1.1445 0.0054885 1.7906 -0.21176 2.3867
56.957 8807 336.67 21195 1.1349 0.0010739 1.7909 -0.21174 2.3867
58.681 9337.2 345.86 20947 1.1097 -0.0068806 1.7914 -0.2117 2.3867
60.593 9933.2 356.78 20672 1.074 -0.014061 1.7919 -0.21165 2.3867
61.962 10364 365.21 20475 1.0451 -0.018169 1.7923 -0.21162 2.3867
62.318 10477 367.48 20424 1.0372 -0.019082 1.7924 -0.21161 2.3867
62.77 10620 370.41 20359 1.0269 -0.02019 1.7925 -0.21159 2.3867
63.79 10944 377.21 20213 1.0032 -0.02237 1.7928 -0.21156 2.3867
65.274 11417 387.66 19999 0.96726 -0.02469 1.7931 -0.21151 2.3866
67.078 11993 401.31 19740 0.92271 -0.026197 1.7935 -0.21145 2.3866
69.024 12616 417.29 19460 0.87501 -0.026275 1.7939 -0.21137 2.3866
70.922 13224 434.18 19188 0.83016 -0.025535 1.7942 -0.21129 2.3866
72.587 13758 450.1 18948 0.79253 -0.025311 1.7945 -0.21122 2.3866
73.855 14164 462.93 18766 0.76474 -0.025791 1.7947 -0.21115 2.3866
74.602 14404 470.77 18659 0.74863 -0.026308 1.7948 -0.21111 2.3866
74.782 14461 472.69 18633 0.74479 -0.026463 1.7948 -0.2111 2.3866
75.664 14744 482.29 18506 0.72605 -0.027312 1.795 -0.21106 2.3865
77.235 15247 500.15 18280 0.69309 -0.02959 1.7952 -0.21097 2.3865
78.568 15672 516.08 18088 0.66531 -0.032386 1.7954 -0.21089 2.3865
78.936 15789 520.6 18035 0.65764 -0.033264 1.7954 -0.21086 2.3865
79.818 16069 531.67 17908 0.63922 -0.035562 1.7955 -0.21081 2.3865
81.39 16566 552.22 17682 0.60621 -0.040429 1.7957 -0.2107 2.3865
82.723 16983 570.56 17491 0.57793 -0.045311 1.7959 -0.21061 2.3864
83.091 17098 575.78 17438 0.57007 -0.046712 1.7959 -0.21058 2.3864
83.671 17278 584.17 17354 0.55766 -0.048943 1.796 -0.21054 2.3864
84.821 17631 601.32 17189 0.53311 -0.053301 1.7961 -0.21045 2.3864
86.095 18018 621.26 17005 0.50619 -0.057764 1.7963 -0.21034 2.3864
87.008 18291 636.17 16874 0.4873 -0.06061 1.7964 -0.21027 2.3864
87.245 18362 640.13 16840 0.48246 -0.061311 1.7964 -0.21025 2.3864
88.127 18623 655.18 16713 0.46474 -0.063784 1.7965 -0.21017 2.3863
89.699 19079 683.23 16487 0.43442 -0.067412 1.7966 -0.21003 2.3863
91.032 19459 708.25 16295 0.41003 -0.069631 1.7967 -0.2099 2.3863
91.4 19563 715.35 16242 0.40351 -0.070143 1.7967 -0.20986 2.3863
91.841 19686 723.97 16179 0.39583 -0.070695 1.7968 -0.20981 2.3863
92.627 19904 739.61 16065 0.38246 -0.071532 1.7968 -0.20973 2.3862
93.293 20087 753.16 15969 0.37143 -0.072083 1.7969 -0.20966 2.3862
93.477 20138 756.95 15943 0.36843 -0.072219 1.7969 -0.20964 2.3862
93.918 20257 766.1 15879 0.36132 -0.072517 1.7969 -0.2096 2.3862
94.704 20469 782.68 15766 0.34892 -0.072921 1.797 -0.20951 2.3862
95.37 20646 797.01 15670 0.33865 -0.073127 1.7971 -0.20943 2.3862
95.554 20695 801.01 15644 0.33585 -0.073169 1.7971 -0.20941 2.3862
95.995 20811 810.67 15580 0.32921 -0.073246 1.7971 -0.20936 2.3861
96.781 21016 828.12 15467 0.31758 -0.073267 1.7971 -0.20927 2.3861
97.448 21187 843.18 15371 0.3079 -0.073155 1.7972 -0.20919 2.3861
97.632 21234 847.38 15345 0.30526 -0.073109 1.7972 -0.20916 2.3861
98.073 21346 857.51 15281 0.29896 -0.072975 1.7972 -0.20911 2.3861
98.858 21543 875.78 15168 0.28789 -0.072614 1.7973 -0.20901 2.3861
99.525 21707 891.52 15072 0.27862 -0.072163 1.7973 -0.20892 2.386
99.709 21752 895.9 15046 0.27608 -0.072022 1.7973 -0.2089 2.386
100.59 21966 917.11 14919 0.26399 -0.071221 1.7974 -0.20878 2.386
102.16 22334 955.71 14692 0.24276 -0.06904 1.7975 -0.20856 2.386
103.5 22635 989.22 14500 0.22497 -0.066328 1.7976 -0.20837 2.3859
103.86 22715 998.59 14447 0.22009 -0.065471 1.7976 -0.20832 2.3859
104.75 22905 1021.2 14320 0.20843 -0.06322 1.7976 -0.20819 2.3859
106.32 23227 1062.2 14094 0.18787 -0.05842 1.7977 -0.20794 2.3858
107.65 23483 1097.6 13902 0.17074 -0.053585 1.7978 -0.20772 2.3858
108.02 23551 1107.5 13849 0.16609 -0.052199 1.7978 -0.20766 2.3857
108.6 23656 1123.2 13765 0.15883 -0.049994 1.7978 -0.20757 2.3857
109.75 23854 1154.7 13599 0.1448 -0.045728 1.7978 -0.20737 2.3857
111.02 24058 1190.4 13416 0.12978 -0.041458 1.7979 -0.20714 2.3856
111.94 24195 1216.4 13284 0.11935 -0.038789 1.7979 -0.20698 2.3856
112.17 24229 1223.3 13250 0.11669 -0.038133 1.7979 -0.20693 2.3856
112.45 24268 1231.3 13210 0.11359 -0.037379 1.798 -0.20688 2.3856
113.07 24353 1249.5 13120 0.10676 -0.035759 1.798 -0.20676 2.3855
113.96 24467 1275.7 12992 0.097207 -0.033653 1.798 -0.20659 2.3855
115.01 24591 1307.2 12841 0.086261 -0.031466 1.798 -0.20639 2.3854
116.09 24706 1340.2 12686 0.075337 -0.029375 1.7981 -0.20617 2.3854
117.07 24800 1370.8 12544 0.065773 -0.02735 1.7981 -0.20597 2.3853
117.84 24866 1394.9 12434 0.058628 -0.025561 1.7981 -0.20581 2.3853
118.29 24902 1409.4 12368 0.054516 -0.024394 1.7981 -0.20571 2.3853
118.4 24910 1412.9 12352 0.053542 -0.024104 1.7981 -0.20569 2.3853
118.68 24931 1421.8 12311 0.051133 -0.023367 1.7981 -0.20563 2.3853
119.3 24974 1441.7 12222 0.045956 -0.021617 1.7982 -0.20549 2.3852
120.19 25029 1470.3 12094 0.039126 -0.018828 1.7982 -0.20529 2.3852
121.24 25084 1504.4 11943 0.032113 -0.015089 1.7982 -0.20506 2.3851
122.32 25132 1539.8 11787 0.026245 -0.010717 1.7982 -0.20481 2.3851
123.3 25169 1572.4 11646 0.02201 -0.0063028 1.7982 -0.20457 2.385
124.07 25194 1598.2 11535 0.019369 -0.0026142 1.7983 -0.20439 2.385
124.53 25208 1613.8 11469 0.018096 -0.00036265 1.7983 -0.20428 2.3849
124.64 25211 1617.6 11453 0.017818 0.00018353 1.7983 -0.20425 2.3849
