time (s) altitude (m) longitude (rad) latitude (rad) velocity (m/s) trajectory angle (rad) heading angle (rad) angle of attack (rad) bank angle (rad) fuel mass (kg) Third Stage (flag)
124.64 25211 2.3849 -0.20425 1617.6 0.017818 1.7983 0.00018353 1.1108e-05 1562 1
126.34 25258 2.3848 -0.20383 1623.5 0.016435 1.7983 0.010442 2.5277e-05 1557.5 1
129.37 25340 2.3847 -0.20308 1635.1 0.017228 1.7984 0.012997 3.898e-05 1549 1
131.95 25414 2.3845 -0.20243 1644.9 0.017511 1.7984 0.011226 2.2038e-05 1541.7 1
132.66 25434 2.3845 -0.20226 1647.8 0.017535 1.7984 0.014302 1.8769e-05 1539.7 1
134.36 25484 2.3844 -0.20183 1654.5 0.018054 1.7985 0.012284 3.211e-05 1534.8 1
137.39 25576 2.3842 -0.20106 1666.8 0.018341 1.7985 0.011805 4.3157e-05 1525.9 1
139.97 25656 2.384 -0.20041 1677.4 0.018618 1.7986 0.011939 2.5007e-05 1518.2 1
140.68 25678 2.384 -0.20022 1680.3 0.018679 1.7986 0.012001 2.0993e-05 1516.1 1
142.38 25732 2.3839 -0.19979 1687.5 0.018824 1.7986 0.011721 3.5756e-05 1511 1
145.41 25829 2.3837 -0.19901 1700.5 0.018981 1.7987 0.011668 4.8161e-05 1501.6 1
147.98 25912 2.3835 -0.19834 1711.8 0.019124 1.7987 0.011788 2.8029e-05 1493.6 1
148.7 25936 2.3835 -0.19815 1714.9 0.019169 1.7987 0.01221 2.357e-05 1491.4 1
150.4 25992 2.3834 -0.19771 1722.5 0.019319 1.7988 0.011815 3.9841e-05 1485.9 1
153.43 26094 2.3832 -0.19691 1736.3 0.019426 1.7988 0.011608 5.3495e-05 1476.2 1
156 26181 2.383 -0.19623 1748.1 0.019454 1.7989 0.011481 2.9373e-05 1467.7 1
156.72 26205 2.383 -0.19604 1751.5 0.019445 1.7989 0.011949 2.2416e-05 1465.4 1
157.85 26244 2.3829 -0.19573 1756.8 0.019456 1.7989 0.011254 2.9651e-05 1461.6 1
159.87 26313 2.3828 -0.19519 1766.4 0.019229 1.7989 0.010501 3.5361e-05 1454.8 1
161.59 26371 2.3827 -0.19473 1774.5 0.018981 1.799 0.010926 2.3364e-05 1449 1
162.06 26387 2.3827 -0.1946 1776.7 0.018946 1.799 0.011141 2.1289e-05 1447.4 1
163.2 26425 2.3826 -0.19429 1782.1 0.018816 1.799 0.0106 2.9894e-05 1443.6 1
165.22 26492 2.3825 -0.19374 1791.5 0.018462 1.799 0.010477 3.7348e-05 1436.8 1
166.93 26549 2.3823 -0.19327 1799.5 0.018239 1.7991 0.011239 2.4829e-05 1431 1
167.41 26564 2.3823 -0.19314 1801.7 0.018219 1.7991 0.011523 2.2774e-05 1429.4 1
168.54 26601 2.3822 -0.19283 1807 0.018111 1.7991 0.010621 3.2342e-05 1425.6 1
170.57 26667 2.3821 -0.19227 1816.3 0.017647 1.7991 0.0099838 4.1409e-05 1418.8 1
172.28 26722 2.382 -0.1918 1824.3 0.017347 1.7991 0.011547 2.9708e-05 1413 1
172.75 26737 2.382 -0.19167 1826.5 0.01736 1.7992 0.01173 2.8616e-05 1411.4 1
174.46 26790 2.3818 -0.19119 1834.3 0.016803 1.7992 0.0086484 5.0562e-05 1405.7 1
177.49 26883 2.3816 -0.19034 1848.5 0.016817 1.7992 0.016642 7.2174e-05 1395.4 1
180.06 26969 2.3815 -0.18962 1860.8 0.019934 1.7993 0.022972 4.6653e-05 1386.3 1
180.77 26996 2.3814 -0.18942 1864.3 0.021035 1.7993 0.013949 3.8066e-05 1383.8 1
182.48 27062 2.3813 -0.18893 1872 0.019797 1.7993 0.0006014 5.5017e-05 1378.2 1
185.51 27158 2.3811 -0.18806 1885.7 0.013954 1.7994 2.1418e-05 7.1005e-05 1368.7 1
188.08 27222 2.3809 -0.18732 1897.9 0.013605 1.7994 0.026019 5.4654e-05 1360 1
188.79 27241 2.3809 -0.18712 1901.5 0.015525 1.7994 0.027083 4.6502e-05 1357.4 1
190.5 27298 2.3808 -0.18662 1909.9 0.018828 1.7995 0.022816 6.8109e-05 1351.2 1
193.53 27409 2.3806 -0.18574 1924.2 0.01847 1.7995 0.00028133 7.8725e-05 1341 1
196.1 27493 2.3804 -0.18498 1935.9 0.014924 1.7995 0.012094 5.5182e-05 1332.7 1
196.81 27512 2.3803 -0.18477 1939.3 0.015539 1.7996 0.017884 4.8527e-05 1330.2 1
198.52 27566 2.3802 -0.18427 1947.2 0.016437 1.7996 0.013112 7.0882e-05 1324.4 1
201.55 27657 2.38 -0.18337 1961.2 0.013674 1.7996 0.000155 8.591e-05 1314.5 1
204.12 27721 2.3798 -0.1826 1973.5 0.012201 1.7997 0.024265 6.7064e-05 1306 1
204.83 27738 2.3798 -0.18238 1977.1 0.014081 1.7997 0.028178 5.9454e-05 1303.3 1
206.54 27792 2.3796 -0.18187 1985.6 0.017535 1.7997 0.024717 8.7292e-05 1297.1 1
209.57 27902 2.3794 -0.18095 2000.1 0.017596 1.7998 0.00077342 9.4845e-05 1286.8 1
212.14 27984 2.3792 -0.18016 2011.9 0.014049 1.7998 0.011676 6.4434e-05 1278.6 1
212.85 28003 2.3792 -0.17995 2015.1 0.014581 1.7998 0.017784 5.8305e-05 1276.1 1
214.56 28056 2.3791 -0.17942 2023 0.015394 1.7998 0.013347 8.4714e-05 1270.2 1
217.59 28143 2.3788 -0.17849 2037 0.012683 1.7999 0.0001579 0.00010211 1260.4 1
220.16 28204 2.3786 -0.17769 2049.4 0.011149 1.7999 0.024358 8.2315e-05 1251.9 1
220.87 28221 2.3786 -0.17746 2053.1 0.012932 1.7999 0.028307 7.3851e-05 1249.3 1
222.58 28273 2.3785 -0.17693 2061.8 0.016531 1.7999 0.027522 0.00010963 1243 1
225.61 28383 2.3782 -0.17598 2076.7 0.01716 1.8 2.9637e-05 0.00010579 1232.6 1
228.18 28463 2.3781 -0.17516 2088.5 0.01199 1.8 0.00044826 5.8604e-05 1224.7 1
228.89 28479 2.378 -0.17494 2091.9 0.011365 1.8 0.0083301 5.7366e-05 1222.4 1
230.6 28519 2.3779 -0.17439 2099.8 0.010988 1.8001 0.01388 0.00010926 1216.7 1
233.63 28594 2.3776 -0.17342 2114.1 0.012875 1.8001 0.021566 0.00016282 1206.2 1
236.2 28672 2.3774 -0.17259 2126.3 0.015845 1.8001 0.022493 8.9068e-05 1197 1
236.91 28696 2.3774 -0.17236 2129.7 0.0166 1.8001 0.014457 6.6485e-05 1194.5 1
238.62 28755 2.3773 -0.17181 2137.2 0.015274 1.8002 1.9873e-05 8.3929e-05 1189 1
241.65 28836 2.377 -0.17082 2150.3 0.0096852 1.8002 1.851e-05 0.00010914 1179.6 1
244.22 28885 2.3768 -0.16997 2161.7 0.0091004 1.8002 0.026411 9.9593e-05 1171 1
244.93 28900 2.3768 -0.16974 2165.1 0.010655 1.8002 0.028207 8.5264e-05 1168.4 1
246.64 28945 2.3766 -0.16918 2172.8 0.013556 1.8003 0.024743 0.00012361 1162.2 1
249.67 29037 2.3764 -0.16817 2185.5 0.013276 1.8003 0.00077513 0.00012646 1152 1
252.24 29103 2.3762 -0.16731 2195.4 0.0098335 1.8003 0.011696 8.2841e-05 1143.9 1
252.95 29118 2.3761 -0.16708 2198.2 0.010247 1.8004 0.017831 7.6829e-05 1141.4 1
254.66 29158 2.376 -0.16651 2204.8 0.010844 1.8004 0.013606 0.00011148 1135.6 1
257.69 29223 2.3758 -0.16549 2216.2 0.008235 1.8004 0.0007242 0.00013231 1125.8 1
260.26 29265 2.3756 -0.16462 2226.2 0.0068113 1.8004 0.02556 0.00010771 1117.4 1
260.97 29276 2.3755 -0.16438 2229.2 0.008449 1.8004 0.029387 9.6817e-05 1114.8 1
262.67 29314 2.3754 -0.1638 2236.2 0.011427 1.8005 0.026161 0.00014038 1108.5 1
265.71 29395 2.3751 -0.16276 2247.5 0.011451 1.8005 0.0017131 0.00014243 1098.3 1
268.28 29453 2.3749 -0.16188 2256.2 0.0082352 1.8005 0.012212 9.4001e-05 1090.2 1
268.99 29465 2.3748 -0.16164 2258.6 0.0086542 1.8005 0.018402 8.8039e-05 1087.8 1
270.69 29501 2.3747 -0.16105 2264.4 0.0092993 1.8006 0.014255 0.00012808 1081.9 1
273.73 29557 2.3745 -0.16001 2274.5 0.0068142 1.8006 0.00077728 0.0001461 1072.2 1
276.3 29591 2.3742 -0.15911 2283.4 0.0052647 1.8006 0.024919 0.00011602 1063.8 1
277.01 29600 2.3742 -0.15887 2286 0.006771 1.8006 0.028874 0.00010593 1061.2 1
278.71 29633 2.374 -0.15827 2292.2 0.0094774 1.8007 0.025533 0.00015441 1055 1
281.75 29701 2.3738 -0.15721 2302.1 0.0094012 1.8007 0.0025672 0.00015901 1044.8 1
284.32 29750 2.3736 -0.15631 2309.8 0.0067048 1.8007 0.0149 0.00010779 1036.7 1
285.03 29760 2.3735 -0.15606 2312 0.0073153 1.8007 0.020773 0.00010075 1034.2 1
286.73 29792 2.3734 -0.15546 2317.3 0.0083764 1.8007 0.016851 0.00014535 1028.3 1
289.77 29845 2.3731 -0.15439 2326.2 0.0063624 1.8008 0.00066837 0.00015691 1018.5 1
292.34 29876 2.3729 -0.15348 2333.9 0.0043059 1.8008 0.021479 0.00011732 1010.2 1
293.05 29883 2.3729 -0.15323 2336.1 0.0054675 1.8008 0.02599 0.00010809 1007.7 1
294.75 29910 2.3727 -0.15262 2341.5 0.0074786 1.8008 0.022335 0.00015789 1001.6 1
297.79 29963 2.3725 -0.15154 2350.1 0.0068563 1.8009 0.003436 0.00016848 991.56 1
300.36 29999 2.3722 -0.15062 2357 0.0050875 1.8009 0.020791 0.00012023 983.26 1
301.07 30007 2.3722 -0.15036 2359.1 0.0061474 1.8009 0.025813 0.00011109 980.7 1
302.77 30037 2.372 -0.14975 2364.2 0.0081162 1.8009 0.022305 0.00016055 974.67 1
305.81 30094 2.3718 -0.14866 2372.3 0.0071868 1.8009 0.0013733 0.00016398 964.7 1
308.38 30130 2.3715 -0.14773 2378.6 0.0045329 1.801 0.01628 0.00011192 956.57 1
309.09 30137 2.3715 -0.14747 2380.5 0.0052238 1.801 0.021749 0.00010417 954.08 1
310.79 30162 2.3713 -0.14685 2385.1 0.0063544 1.801 0.017699 0.00015133 948.21 1
313.83 30203 2.3711 -0.14575 2392.4 0.0045635 1.801 0.0013213 0.00016204 938.41 1
316.4 30224 2.3709 -0.14481 2398.6 0.0026334 1.801 0.021707 0.00013285 930.16 1
317.11 30229 2.3708 -0.14455 2400.5 0.0037479 1.801 0.026271 0.00013748 927.6 1
319.66 30265 2.3706 -0.14362 2407.4 0.0073124 1.8011 0.026138 0.00026333 918.45 1
324.21 30348 2.3702 -0.14195 2418.2 0.0066053 1.8011 1.595e-05 0.00024284 903.42 1
328.07 30389 2.3698 -0.14053 2426.6 0.001896 1.8011 0.016182 0.00015759 891.43 1
329.14 30392 2.3698 -0.14014 2429.2 0.0030593 1.8012 0.025792 0.00013611 887.68 1
331.69 30416 2.3695 -0.13919 2435.1 0.0044498 1.8012 0.015736 0.00025792 878.93 1
336.24 30467 2.3691 -0.1375 2445.1 0.0044423 1.8012 0.014917 0.00033054 863.8 1
340.1 30509 2.3688 -0.13606 2453.5 0.0048602 1.8013 0.014472 0.00015715 850.89 1
341.17 30523 2.3687 -0.13567 2455.8 0.0047612 1.8013 0.014137 9.8401e-05 847.37 1
342.87 30543 2.3685 -0.13503 2459.4 0.0047848 1.8013 0.014696 0.00015532 841.7 1
345.91 30579 2.3683 -0.13389 2465.7 0.0049855 1.8013 0.015158 0.00019868 831.6 1
348.48 30612 2.368 -0.13293 2471.1 0.0052742 1.8013 0.015724 0.00011355 823.02 1
349.19 30621 2.368 -0.13266 2472.6 0.0053866 1.8013 0.018768 9.6247e-05 820.65 1
350.89 30646 2.3678 -0.13202 2476.1 0.0060792 1.8013 0.015839 0.00014404 814.89 1
353.93 30685 2.3676 -0.13088 2482.2 0.0039411 1.8014 2.7079e-05 0.00016498 805.25 1
356.5 30702 2.3673 -0.12991 2487.5 0.0015562 1.8014 0.018275 0.00011214 797.18 1
357.21 30705 2.3673 -0.12964 2488.9 0.0023686 1.8014 0.023245 0.00010003 794.69 1
358.91 30717 2.3671 -0.12899 2492.5 0.0033206 1.8014 0.017432 0.00017027 788.89 1
361.94 30745 2.3668 -0.12784 2498.7 0.004085 1.8014 0.017035 0.00022446 778.74 1
364.52 30774 2.3666 -0.12686 2504 0.0050783 1.8015 0.018265 0.00012822 770.06 1
365.23 30784 2.3665 -0.12659 2505.4 0.005362 1.8015 0.021397 0.00010991 767.67 1
366.93 30810 2.3664 -0.12594 2508.9 0.0064512 1.8015 0.0174 0.00015586 761.86 1
369.96 30854 2.3661 -0.12478 2514.9 0.0046293 1.8015 0.00019995 0.00016789 752.21 1
372.54 30876 2.3659 -0.1238 2520 0.0024383 1.8015 0.019541 0.00012891 744.14 1
373.25 30880 2.3658 -0.12353 2521.4 0.0033794 1.8015 0.024287 0.00011906 741.64 1
374.95 30899 2.3657 -0.12287 2525 0.0049247 1.8015 0.020045 0.0001749 735.77 1
377.98 30935 2.3654 -0.12171 2530.9 0.003835 1.8016 0.0021191 0.00018969 726.02 1
380.56 30953 2.3652 -0.12072 2535.8 0.0020274 1.8016 0.020068 0.0001372 717.9 1
381.27 30957 2.3651 -0.12044 2537.3 0.0029919 1.8016 0.024975 0.00012637 715.4 1
382.97 30974 2.3649 -0.11978 2540.8 0.0045912 1.8016 0.019943 0.00018569 709.53 1
386 31007 2.3647 -0.11861 2546.6 0.0036094 1.8016 0.0027797 0.0002012 699.77 1
388.58 31026 2.3644 -0.11761 2551.5 0.0020879 1.8016 0.021028 0.00016004 691.62 1
389.29 31029 2.3644 -0.11734 2552.9 0.0031178 1.8016 0.025965 0.00016389 689.11 1
391.84 31060 2.3641 -0.11634 2558 0.0056583 1.8017 0.019448 0.0002986 680.3 1
396.39 31117 2.3637 -0.11457 2566.5 0.0033057 1.8017 2.4898e-05 0.00030587 665.87 1
400.25 31136 2.3633 -0.11306 2573.8 0.0011232 1.8017 0.026707 0.00024913 653.67 1
401.32 31140 2.3632 -0.11265 2576 0.0035206 1.8017 0.026985 0.00020374 649.76 1
403.87 31173 2.363 -0.11165 2580.9 0.0058908 1.8017 0.017372 0.00031439 641 1
408.42 31230 2.3626 -0.10986 2589 0.0030072 1.8018 1.905e-05 0.00031578 626.71 1
412.28 31248 2.3622 -0.10834 2596.1 0.001313 1.8018 0.028171 0.00025471 614.47 1
413.35 31252 2.3621 -0.10791 2598.3 0.0038413 1.8018 0.029003 0.00017097 610.55 1
415.05 31274 2.362 -0.10724 2601.5 0.0057778 1.8018 0.019826 0.00022269 604.66 1
418.08 31318 2.3617 -0.10604 2606.8 0.0046032 1.8018 2.8522e-05 0.00021217 595.03 1
420.66 31339 2.3614 -0.10502 2611.2 0.0013193 1.8019 0.005455 0.00013824 587.29 1
421.37 31340 2.3614 -0.10474 2612.4 0.0010885 1.8019 0.012102 0.00012933 585.03 1
423.07 31346 2.3612 -0.10406 2615.4 0.0015192 1.8019 0.018018 0.00022423 579.44 1
426.1 31365 2.3609 -0.10285 2620.9 0.0032931 1.8019 0.01848 0.00029266 569.29 1
428.68 31391 2.3607 -0.10183 2625.4 0.004445 1.8019 0.016787 0.00016719 560.75 1
429.39 31400 2.3606 -0.10154 2626.6 0.004728 1.8019 0.01839 0.00014055 558.4 1
431.09 31422 2.3605 -0.10086 2629.5 0.0051249 1.8019 0.011111 0.00019871 552.83 1
434.12 31455 2.3602 -0.09965 2634.5 0.0026185 1.8019 3.6643e-05 0.00022625 543.49 1
436.7 31465 2.3599 -0.098619 2638.9 0.00086929 1.802 0.017978 0.00016216 535.5 1
437.41 31467 2.3599 -0.098333 2640.2 0.0016554 1.802 0.020972 0.00014282 533.07 1
439.11 31477 2.3597 -0.09765 2643.1 0.0027934 1.802 0.017814 0.00023002 527.37 1
442.14 31503 2.3594 -0.09643 2648.2 0.0033489 1.802 0.011966 0.00028732 517.49 1
444.72 31526 2.3592 -0.095393 2652.5 0.0036355 1.802 0.017912 0.00017156 509.15 1
445.43 31533 2.3591 -0.095106 2653.7 0.0041631 1.802 0.019121 0.00014453 506.77 1
447.13 31554 2.3589 -0.094419 2656.5 0.0047644 1.802 0.012143 0.00020747 501.19 1
450.16 31585 2.3586 -0.093193 2661.3 0.0025286 1.802 3.8355e-05 0.00024104 491.85 1
452.74 31595 2.3584 -0.092151 2665.5 0.00073192 1.802 0.017077 0.00016989 483.9 1
453.45 31597 2.3583 -0.091863 2666.7 0.0014762 1.8021 0.020224 0.00014862 481.49 1
455.15 31606 2.3582 -0.091172 2669.5 0.0025713 1.8021 0.017374 0.00023687 475.82 1
458.18 31630 2.3579 -0.08994 2674.4 0.0031166 1.8021 0.011659 0.00029452 465.99 1
460.76 31652 2.3576 -0.088893 2678.5 0.0034062 1.8021 0.017633 0.00017696 457.69 1
461.47 31659 2.3576 -0.088604 2679.6 0.0039372 1.8021 0.019002 0.00014903 455.32 1
463.17 31679 2.3574 -0.08791 2682.3 0.0045615 1.8021 0.011947 0.00021671 449.75 1
466.2 31709 2.3571 -0.086672 2687 0.0023814 1.8021 4.0247e-05 0.0002567 440.45 1
468.78 31718 2.3569 -0.08562 2691 0.00071214 1.8021 0.017515 0.00017955 432.52 1
469.49 31720 2.3568 -0.085329 2692.1 0.0015112 1.8021 0.021041 0.00015604 430.1 1
471.19 31730 2.3566 -0.084632 2694.8 0.0027496 1.8021 0.017274 0.00024165 424.44 1
474.22 31754 2.3563 -0.083389 2699.4 0.0027714 1.8022 0.0080015 0.00029526 414.75 1
476.79 31771 2.3561 -0.082332 2703.3 0.0025019 1.8022 0.018087 0.00018874 406.58 1
477.51 31776 2.356 -0.08204 2704.5 0.0031982 1.8022 0.021236 0.00016198 404.19 1
479.21 31795 2.3558 -0.081339 2707 0.0043948 1.8022 0.01546 0.00023583 398.55 1
482.24 31826 2.3555 -0.08009 2711.5 0.0028604 1.8022 2.1311e-09 0.00027323 389.17 1
484.81 31840 2.3553 -0.079029 2715.4 0.0011495 1.8022 0.018002 0.00019029 381.28 1
485.53 31842 2.3552 -0.078735 2716.4 0.0020622 1.8022 0.022274 0.00016711 378.86 1
487.23 31856 2.3551 -0.078032 2719 0.0035459 1.8022 0.017452 0.0002476 373.19 1
490.26 31882 2.3548 -0.076777 2723.4 0.0024224 1.8022 1.6432e-05 0.00027901 363.75 1
492.83 31892 2.3545 -0.075711 2727.2 0.00038277 1.8022 0.014906 0.00018643 355.95 1
493.54 31892 2.3544 -0.075417 2728.2 0.001075 1.8023 0.019483 0.00016598 353.57 1
495.25 31900 2.3543 -0.07471 2730.7 0.0021872 1.8023 0.016507 0.00026355 347.96 1
498.28 31921 2.354 -0.07345 2735.1 0.0024826 1.8023 0.0093999 0.00032868 338.29 1
500.85 31938 2.3537 -0.072379 2738.7 0.0025486 1.8023 0.017394 0.00020304 330.11 1
501.56 31943 2.3537 -0.072084 2739.8 0.0031723 1.8023 0.019628 0.00017213 327.75 1
503.27 31961 2.3535 -0.071374 2742.2 0.0041079 1.8023 0.013244 0.0002455 322.19 1
506.3 31990 2.3532 -0.070109 2746.4 0.0023681 1.8023 4.6529e-05 0.00028518 312.91 1
508.87 32000 2.3529 -0.069034 2750 0.00088781 1.8023 0.018099 0.00020816 305.03 1
509.58 32002 2.3529 -0.068737 2751 0.0018103 1.8023 0.021843 0.0001827 302.63 1
511.29 32015 2.3527 -0.068025 2753.4 0.0033034 1.8023 0.016959 0.00026794 296.98 1
514.32 32040 2.3524 -0.066754 2757.5 0.0022178 1.8023 5.0578e-05 0.00030388 287.6 1
516.89 32049 2.3521 -0.065675 2761 0.00055465 1.8024 0.017445 0.00021445 279.78 1
517.6 32050 2.3521 -0.065377 2762 0.0014895 1.8024 0.021983 0.00019167 277.37 1
519.31 32061 2.3519 -0.064661 2764.3 0.0030841 1.8024 0.017639 0.00027575 271.72 1
522.34 32086 2.3516 -0.063386 2768.4 0.0022083 1.8024 6.6855e-05 0.0002953 262.33 1
524.91 32095 2.3513 -0.062303 2771.8 0.00028033 1.8024 0.014457 0.00019017 254.57 1
525.62 32095 2.3513 -0.062003 2772.8 0.00098405 1.8024 0.018791 0.00015811 252.21 1
526.76 32099 2.3512 -0.061525 2774.3 0.0018841 1.8024 0.019405 0.00021176 248.48 1
528.78 32115 2.351 -0.060672 2777 0.0034347 1.8024 0.017334 0.00024446 241.84 1
530.5 32133 2.3508 -0.059947 2779.2 0.0039738 1.8024 0.0096136 0.00014579 236.36 1
530.97 32138 2.3507 -0.059747 2779.8 0.0038458 1.8024 0.0070715 0.00012937 234.89 1
532.11 32149 2.3506 -0.059267 2781.2 0.0030211 1.8024 0.00020399 0.00016408 231.48 1
534.13 32159 2.3504 -0.058412 2783.8 0.0006306 1.8024 4.9106e-05 0.0001957 225.56 1
535.84 32159 2.3502 -0.057686 2786.1 -4.9269e-05 1.8024 0.016161 0.00015047 220.3 1
536.32 32160 2.3502 -0.057485 2786.7 0.00036997 1.8024 0.01748 0.00014001 218.74 1
537.45 32162 2.3501 -0.057004 2788.2 0.0011118 1.8024 0.017329 0.0001972 215.05 1
539.47 32172 2.3499 -0.056147 2790.8 0.0023343 1.8024 0.016462 0.00024344 208.49 1
541.19 32185 2.3497 -0.055419 2792.9 0.003311 1.8024 0.016799 0.00015853 202.94 1
541.66 32190 2.3497 -0.055218 2793.5 0.0036058 1.8024 0.016218 0.00014376 201.41 1
542.8 32202 2.3496 -0.054736 2794.9 0.0039262 1.8024 0.010169 0.00018705 197.8 1
544.82 32222 2.3493 -0.053876 2797.4 0.0027117 1.8025 6.955e-05 0.00021427 191.69 1
546.54 32231 2.3492 -0.053147 2799.5 0.0012369 1.8025 0.0070691 0.00014695 186.59 1
547.01 32232 2.3491 -0.052945 2800.1 0.0012254 1.8025 0.0088831 0.00013577 185.11 1
548.15 32236 2.349 -0.052462 2801.5 0.0009284 1.8025 0.0069292 0.00018619 181.62 1
550.17 32239 2.3488 -0.0516 2804 0.00037632 1.8025 0.0096782 0.00023444 175.41 1
551.88 32242 2.3486 -0.050869 2806.1 0.0010166 1.8025 0.0202 0.00016777 169.94 1
552.36 32244 2.3486 -0.050667 2806.7 0.0015625 1.8025 0.021181 0.0001536 168.36 1
553.49 32250 2.3485 -0.050182 2808.1 0.0026141 1.8025 0.018354 0.00020592 164.63 1
555.51 32268 2.3483 -0.049319 2810.6 0.003451 1.8025 0.01091 0.00024053 158.17 1
557.23 32285 2.3481 -0.048586 2812.6 0.0033078 1.8025 0.0091318 0.00015638 152.85 1
557.7 32289 2.3481 -0.048383 2813.1 0.0032813 1.8025 0.0075737 0.0001419 151.38 1
558.84 32299 2.3479 -0.047898 2814.5 0.0025677 1.8025 0.00064098 0.00018479 147.98 1
560.86 32307 2.3477 -0.047033 2816.9 0.00031708 1.8025 4.0729e-05 0.00022144 142.08 1
562.58 32306 2.3476 -0.046298 2819 -0.00027367 1.8025 0.01638 0.00016457 136.84 1
563.05 32306 2.3475 -0.046095 2819.6 0.00018787 1.8025 0.017477 0.00015246 135.29 1
564.18 32308 2.3474 -0.045608 2820.9 0.00087958 1.8025 0.015366 0.00021113 131.63 1
566.21 32315 2.3472 -0.044741 2823.3 0.0016977 1.8025 0.013923 0.00026287 125.2 1
567.92 32325 2.347 -0.044004 2825.3 0.0026633 1.8025 0.019075 0.00017974 119.69 1
568.4 32329 2.347 -0.043801 2825.9 0.0031421 1.8025 0.019011 0.00016295 118.13 1
569.53 32341 2.3469 -0.043313 2827.2 0.003919 1.8025 0.014075 0.00020793 114.47 1
571.55 32362 2.3466 -0.042444 2829.5 0.0032921 1.8025 0.00043514 0.00022672 108.3 1
573.27 32375 2.3465 -0.041706 2831.4 0.0016511 1.8025 0.0041217 0.00015147 103.27 1
573.74 32376 2.3464 -0.041502 2832 0.0015185 1.8025 0.0071117 0.00014099 101.83 1
574.88 32381 2.3463 -0.041013 2833.3 0.00098356 1.8025 0.0035112 0.00019432 98.402 1
576.9 32382 2.3461 -0.040142 2835.6 -0.00026717 1.8025 0.00577 0.00025382 92.356 1
578.62 32381 2.3459 -0.039403 2837.6 8.8796e-05 1.8025 0.020534 0.00019372 86.976 1
579.09 32382 2.3459 -0.039198 2838.1 0.00072644 1.8025 0.022059 0.00017848 85.397 1
580.22 32386 2.3458 -0.038709 2839.4 0.0020403 1.8025 0.020819 0.00024003 81.647 1
582.25 32402 2.3456 -0.037836 2841.7 0.0034254 1.8026 0.012193 0.00026921 75.141 1
583.96 32419 2.3454 -0.037094 2843.5 0.003281 1.8026 0.0063883 0.00016059 69.859 1
584.44 32424 2.3453 -0.03689 2844 0.0031188 1.8026 0.0057959 0.00014477 68.423 1
585.57 32433 2.3452 -0.036399 2845.3 0.0023419 1.8026 6.3335e-05 0.00018568 65.049 1
587.59 32440 2.345 -0.035524 2847.6 0.00013908 1.8026 0.00010819 0.00023914 59.183 1
589.31 32438 2.3448 -0.034781 2849.5 -0.00020834 1.8026 0.018747 0.00021663 53.942 1
589.78 32438 2.3448 -0.034576 2850 0.00041693 1.8026 0.020972 0.00021399 52.371 1
591.48 32445 2.3446 -0.033838 2851.9 0.0021204 1.8026 0.018291 0.00038623 46.813 1
594.52 32470 2.3443 -0.032523 2855.1 0.0033002 1.8026 0.0081502 0.0004487 37.249 1
597.09 32491 2.344 -0.031406 2857.9 0.0018669 1.8026 6.2866e-05 0.00018584 29.569 1
597.8 32494 2.344 -0.031097 2858.7 0.0011557 1.8026 2.3764e-05 0.00016329 27.504 1
599.5 32495 2.3438 -0.030357 2860.5 -0.00054801 1.8026 0.0015074 0.00031579 22.555 1
602.54 32492 2.3435 -0.029038 2863.8 0.0011137 1.8026 0.03146 0.00067001 12.919 1
605.11 32526 2.3432 -0.027917 2866 0.0095038 1.8026 0.050938 0.00032637 3.5626 1
605.82 32549 2.3431 -0.027608 2866.4 0.012357 1.8026 0.058281 0 0.90261 1
605.82 32549 2.3431 -0.027608 2866.4 0.012357 1.8026 0.058281 0 0.90261 0
606.99 32610 2.343 -0.027101 2850.4 0.023782 1.8032 0.057729 0.077368 0.89451 0
609.06 32807 2.3428 -0.026207 2822.7 0.0428 1.8073 0.056578 0.24589 0.89111 0
610.83 33055 2.3426 -0.025456 2800.4 0.057133 1.8136 0.056492 0.374 0.88273 0
611.31 33135 2.3426 -0.02525 2794.3 0.060794 1.8158 0.056528 0.40823 0.88016 0
612.48 33346 2.3425 -0.024759 2780.3 0.068996 1.8213 0.05679 0.47732 0.86681 0
614.56 33779 2.3422 -0.023893 2756.3 0.081459 1.8331 0.058184 0.63777 0.86344 0
616.32 34194 2.342 -0.023167 2737 0.089731 1.8448 0.059578 0.75212 0.85359 0
616.81 34315 2.342 -0.022968 2731.9 0.091676 1.8481 0.059828 0.78095 0.85145 0
617.97 34612 2.3418 -0.022493 2720 0.095762 1.8562 0.060535 0.83624 0.8397 0
620.05 35166 2.3416 -0.021656 2699.8 0.10094 1.8713 0.062872 0.97434 0.83661 0
621.81 35651 2.3414 -0.020954 2683.7 0.1033 1.8844 0.064466 1.0552 0.82801 0
622.3 35785 2.3413 -0.020762 2679.5 0.10372 1.888 0.064743 1.0707 0.82613 0
623.46 36109 2.3411 -0.020302 2669.6 0.10437 1.8964 0.065407 1.1028 0.81588 0
625.54 36686 2.3409 -0.019491 2653 0.1043 1.911 0.067399 1.1743 0.81311 0
627.3 37169 2.3406 -0.01881 2639.8 0.10326 1.923 0.068576 1.1947 0.80552 0
627.79 37301 2.3405 -0.018623 2636.3 0.10292 1.9261 0.068771 1.1975 0.80381 0
628.96 37615 2.3404 -0.018177 2628.2 0.1019 1.9335 0.069212 1.2071 0.79464 0
631.03 38163 2.3401 -0.017389 2614.5 0.09965 1.946 0.070477 1.2169 0.79209 0
632.8 38616 2.3398 -0.016726 2603.7 0.097462 1.956 0.071165 1.2045 0.78522 0
633.28 38738 2.3397 -0.016544 2600.8 0.096845 1.9586 0.071276 1.2028 0.78364 0
634.45 39029 2.3396 -0.016109 2594.2 0.095268 1.9647 0.071518 1.2031 0.77522 0
636.53 39533 2.3392 -0.01534 2582.9 0.092263 1.975 0.072191 1.1907 0.77285 0
638.29 39945 2.339 -0.014692 2573.9 0.089615 1.9832 0.072534 1.1704 0.76648 0
638.78 40057 2.3389 -0.014514 2571.5 0.088875 1.9853 0.072589 1.1673 0.76501 0
639.94 40320 2.3387 -0.014088 2566 0.087039 1.9903 0.072703 1.1644 0.75714 0
642.02 40774 2.3383 -0.013335 2556.6 0.083642 1.9988 0.073008 1.1455 0.75489 0
643.78 41143 2.3381 -0.012699 2549 0.080696 2.0055 0.073151 1.1244 0.7489 0
644.27 41242 2.338 -0.012525 2547 0.079874 2.0073 0.073174 1.1211 0.7475 0
645.43 41476 2.3378 -0.012107 2542.4 0.077854 2.0115 0.073218 1.1172 0.74006 0
647.51 41876 2.3374 -0.011367 2534.4 0.074157 2.0185 0.073327 1.0974 0.7379 0
649.27 42200 2.3371 -0.010742 2528 0.070963 2.0242 0.073371 1.0777 0.7322 0
649.76 42286 2.337 -0.01057 2526.3 0.070072 2.0256 0.073378 1.0746 0.73085 0
650.93 42489 2.3368 -0.010159 2522.3 0.067896 2.0291 0.073389 1.0707 0.72373 0
653 42834 2.3365 -0.0094306 2515.4 0.063936 2.0351 0.073413 1.0524 0.72164 0
654.77 43110 2.3362 -0.0088152 2509.9 0.060523 2.0399 0.073419 1.035 0.71616 0
655.25 43183 2.3361 -0.0086458 2508.5 0.059571 2.0412 0.073421 1.0323 0.71486 0
656.42 43353 2.3359 -0.0082405 2505 0.057258 2.0442 0.073422 1.0289 0.70799 0
658.5 43640 2.3355 -0.0075215 2499.1 0.053068 2.0493 0.073428 1.0131 0.70596 0
660.26 43866 2.3352 -0.0069141 2494.3 0.049466 2.0535 0.073434 0.99828 0.70065 0
660.75 43925 2.3351 -0.0067468 2493 0.048463 2.0546 0.073436 0.996 0.69939 0
661.91 44062 2.3349 -0.0063466 2489.9 0.046034 2.0573 0.073441 0.9933 0.69271 0
663.99 44289 2.3345 -0.0056363 2484.7 0.041652 2.0618 0.073467 0.98043 0.69073 0
665.75 44463 2.3342 -0.0050359 2480.5 0.037894 2.0656 0.073493 0.96819 0.68556 0
666.24 44508 2.3341 -0.0048706 2479.4 0.03685 2.0666 0.073499 0.96634 0.68432 0
667.4 44611 2.3339 -0.0044749 2476.7 0.034329 2.069 0.073516 0.96439 0.6778 0
669.48 44775 2.3335 -0.0037723 2472.1 0.029796 2.0731 0.073585 0.95447 0.67586 0
671.24 44897 2.3332 -0.0031784 2468.3 0.025921 2.0766 0.073644 0.94464 0.67081 0
671.73 44927 2.3331 -0.0030148 2467.3 0.024847 2.0775 0.073655 0.94318 0.66959 0
672.9 44995 2.3329 -0.0026232 2464.9 0.022259 2.0797 0.073689 0.942 0.66319 0
674.97 45097 2.3325 -0.0019279 2460.7 0.017621 2.0836 0.073815 0.9349 0.66129 0
676.74 45165 2.3321 -0.00134 2457.3 0.013671 2.0869 0.073915 0.92724 0.65633 0
677.22 45180 2.332 -0.001178 2456.4 0.012579 2.0878 0.073933 0.92614 0.65513 0
678.39 45213 2.3318 -0.00079028 2454.2 0.0099504 2.0899 0.073987 0.92569 0.64884 0
680.47 45251 2.3314 -0.00010175 2450.4 0.0052583 2.0936 0.074181 0.9212 0.64697 0
682.23 45265 2.3311 0.00048047 2447.3 0.0012746 2.0968 0.074328 0.91547 0.64208 0
682.71 45266 2.331 0.00064089 2446.4 0.00017596 2.0977 0.074354 0.91469 0.6409 0
683.88 45263 2.3308 0.0010249 2444.4 -0.0024627 2.0998 0.074431 0.91495 0.63469 0
685.96 45239 2.3304 0.0017068 2440.9 -0.0071576 2.1035 0.074703 0.91288 0.63284 0
687.72 45199 2.33 0.0022834 2438 -0.011128 2.1066 0.074903 0.90887 0.62802 0
688.21 45185 2.3299 0.0024423 2437.2 -0.012221 2.1075 0.074939 0.90837 0.62685 0
689.37 45147 2.3297 0.0028226 2435.3 -0.014839 2.1096 0.075042 0.90932 0.62072 0
691.45 45060 2.3293 0.0034979 2431.9 -0.01948 2.1134 0.075401 0.9095 0.61889 0
693.21 44968 2.329 0.0040689 2429.1 -0.023389 2.1167 0.075661 0.90702 0.61411 0
693.7 44940 2.3289 0.0042262 2428.3 -0.024461 2.1176 0.075707 0.90678 0.61296 0
694.87 44867 2.3286 0.0046028 2426.5 -0.027025 2.1198 0.075841 0.90839 0.60689 0
696.94 44720 2.3282 0.0052713 2423.2 -0.031551 2.1238 0.076298 0.9107 0.60508 0
698.71 44577 2.3279 0.0058365 2420.5 -0.035343 2.1273 0.076626 0.9096 0.60035 0
699.19 44535 2.3278 0.0059922 2419.7 -0.036379 2.1282 0.076684 0.9096 0.59921 0
700.36 44429 2.3275 0.0063648 2417.8 -0.038851 2.1306 0.076851 0.91186 0.59317 0
702.44 44223 2.3271 0.0070262 2414.5 -0.043194 2.1349 0.077419 0.91619 0.59138 0
704.2 44032 2.3268 0.0075852 2411.7 -0.046807 2.1387 0.077822 0.91633 0.58669 0
704.68 43976 2.3267 0.0077392 2410.9 -0.04779 2.1397 0.077893 0.91654 0.58555 0
705.85 43839 2.3264 0.0081075 2409 -0.050128 2.1423 0.078098 0.91945 0.57956 0
707.93 43578 2.326 0.0087612 2405.5 -0.054207 2.1471 0.078789 0.92569 0.57778 0
709.69 43341 2.3257 0.0093134 2402.4 -0.057571 2.1513 0.079273 0.92693 0.57311 0
710.18 43273 2.3256 0.0094654 2401.6 -0.05848 2.1525 0.07936 0.92734 0.57199 0
711.34 43107 2.3253 0.0098291 2399.5 -0.060634 2.1555 0.079605 0.93087 0.56602 0
713.42 42796 2.3249 0.010474 2395.7 -0.064357 2.1609 0.080428 0.93887 0.56426 0
715.18 42518 2.3245 0.011019 2392.3 -0.067389 2.1658 0.080999 0.94101 0.55961 0
715.67 42439 2.3244 0.011168 2391.3 -0.068201 2.1671 0.081101 0.94158 0.5585 0
716.84 42246 2.3242 0.011527 2388.9 -0.070111 2.1705 0.08139 0.94569 0.55255 0
718.91 41891 2.3237 0.012162 2384.5 -0.07337 2.1769 0.082347 0.9552 0.5508 0
720.67 41578 2.3234 0.012698 2380.6 -0.075972 2.1826 0.083006 0.95799 0.54617 0
721.16 41489 2.3233 0.012845 2379.5 -0.076658 2.1842 0.083123 0.95867 0.54506 0
722.33 41275 2.323 0.013197 2376.7 -0.078257 2.1882 0.083455 0.96328 0.53912 0
724.4 40882 2.3226 0.01382 2371.5 -0.080924 2.1957 0.084541 0.9739 0.53738 0
726.17 40541 2.3222 0.014346 2366.8 -0.082982 2.2025 0.085279 0.97697 0.53277 0
726.65 40445 2.3221 0.01449 2365.4 -0.083509 2.2045 0.085411 0.9777 0.53166 0
727.82 40213 2.3218 0.014834 2362.1 -0.084715 2.2093 0.08578 0.98266 0.52573 0
729.9 39794 2.3214 0.015444 2355.8 -0.086641 2.2184 0.086977 0.99385 0.524 0
731.66 39432 2.321 0.015956 2350 -0.08802 2.2266 0.087776 0.99673 0.51939 0
732.15 39331 2.3209 0.016097 2348.4 -0.088349 2.229 0.087919 0.99744 0.51828 0
733.31 39089 2.3206 0.016432 2344.3 -0.08907 2.2349 0.088317 1.0025 0.51236 0
735.39 38654 2.3201 0.017025 2336.5 -0.090083 2.2459 0.089584 1.0135 0.51063 0
737.15 38283 2.3197 0.017521 2329.4 -0.09063 2.256 0.090415 1.0156 0.50603 0
737.64 38180 2.3196 0.017658 2327.3 -0.090718 2.2589 0.090563 1.0162 0.50492 0
738.8 37934 2.3194 0.017982 2322.2 -0.090847 2.2661 0.090971 1.0211 0.49899 0
740.88 37498 2.3189 0.018553 2312.6 -0.090755 2.2796 0.092252 1.0309 0.49727 0
742.64 37130 2.3185 0.019031 2303.8 -0.090301 2.2919 0.093069 1.0315 0.49266 0
743.13 37029 2.3183 0.019161 2301.3 -0.0901 2.2955 0.093213 1.0318 0.49156 0
744.3 36788 2.3181 0.019472 2295 -0.089523 2.3042 0.09361 1.0362 0.48562 0
746.37 36366 2.3176 0.020017 2283.2 -0.08812 2.3206 0.094826 1.0435 0.48389 0
748.14 36016 2.3171 0.020471 2272.4 -0.086485 2.3355 0.095571 1.042 0.47928 0
748.62 35921 2.317 0.020594 2269.3 -0.085945 2.3397 0.095701 1.0419 0.47817 0
749.79 35696 2.3167 0.020888 2261.7 -0.084546 2.3502 0.096058 1.0453 0.47222 0
751.87 35307 2.3162 0.021401 2247.4 -0.081625 2.3698 0.097117 1.0489 0.47049 0
753.63 34991 2.3158 0.021826 2234.6 -0.078637 2.3875 0.097727 1.0444 0.46587 0
754.12 34906 2.3156 0.021941 2230.9 -0.077713 2.3925 0.097831 1.0439 0.46476 0
755.28 34707 2.3153 0.022215 2221.9 -0.075389 2.4047 0.098119 1.0457 0.45878 0
757.36 34371 2.3148 0.02269 2205.2 -0.070782 2.4275 0.09893 1.0444 0.45705 0
759.12 34106 2.3144 0.02308 2190.3 -0.066316 2.4477 0.099348 1.0367 0.45241 0
759.61 34036 2.3142 0.023186 2186.1 -0.064981 2.4534 0.099417 1.0355 0.45129 0
760.77 33875 2.3139 0.023436 2175.8 -0.061679 2.4673 0.099614 1.0356 0.44529 0
762.85 33612 2.3134 0.023867 2157 -0.055329 2.4927 0.10011 1.0289 0.44355 0
764.61 33413 2.3129 0.024218 2140.5 -0.049394 2.5149 0.10031 1.0181 0.43888 0
765.1 33363 2.3128 0.024313 2135.8 -0.047664 2.5211 0.10034 1.0164 0.43776 0
766.27 33250 2.3124 0.024536 2124.6 -0.043438 2.536 0.10043 1.0147 0.43172 0
768.34 33076 2.3119 0.024918 2104.3 -0.035525 2.5631 0.10061 1.0034 0.42997 0
770.11 32958 2.3114 0.025228 2086.9 -0.028372 2.5862 0.10058 0.99036 0.42528 0
770.59 32930 2.3112 0.025311 2082 -0.026333 2.5926 0.10058 0.98828 0.42415 0
771.76 32872 2.3109 0.025506 2070.4 -0.021416 2.6079 0.10058 0.98543 0.41806 0
773.84 32800 2.3103 0.025838 2049.6 -0.012452 2.6352 0.10047 0.9712 0.4163 0
775.6 32769 2.3099 0.026105 2032.1 -0.0046215 2.658 0.10027 0.95723 0.41157 0
776.09 32765 2.3097 0.026176 2027.2 -0.0024374 2.6643 0.10024 0.955 0.41043 0
777.25 32766 2.3094 0.026342 2015.7 0.0027623 2.6792 0.10018 0.95154 0.40429 0
779.33 32797 2.3088 0.026625 1995.5 0.011978 2.7053 0.099863 0.93636 0.40251 0
781.09 32852 2.3083 0.026851 1978.6 0.019751 2.7268 0.099559 0.92275 0.39773 0
781.58 32872 2.3082 0.026911 1974 0.021872 2.7326 0.099508 0.92058 0.39658 0
782.74 32928 2.3078 0.027051 1963.1 0.026857 2.7464 0.099403 0.91705 0.39038 0
784.82 33055 2.3072 0.027288 1944.1 0.035442 2.7703 0.098985 0.90249 0.38858 0
786.58 33187 2.3067 0.027476 1928.5 0.042427 2.7897 0.098634 0.89007 0.38375 0
787.07 33228 2.3066 0.027526 1924.2 0.044294 2.7949 0.098574 0.8881 0.38259 0
788.24 33332 2.3063 0.027643 1914.3 0.048617 2.8072 0.098445 0.88482 0.37631 0
790.31 33539 2.3057 0.027839 1897 0.055838 2.8283 0.097962 0.87173 0.37448 0
792.08 33734 2.3052 0.027995 1883 0.061489 2.8452 0.097587 0.86086 0.36959 0
792.56 33791 2.3051 0.028036 1879.2 0.062964 2.8498 0.097525 0.85914 0.36841 0
793.73 33932 2.3047 0.028132 1870.3 0.066322 2.8604 0.097391 0.85627 0.36204 0
795.81 34200 2.3042 0.028294 1855 0.071732 2.8786 0.096915 0.84495 0.36019 0
797.57 34440 2.3037 0.028423 1842.6 0.075765 2.8931 0.096559 0.83569 0.35522 0
798.05 34508 2.3035 0.028457 1839.2 0.076785 2.897 0.096498 0.83422 0.35402 0
799.22 34675 2.3032 0.028536 1831.4 0.079048 2.9061 0.096364 0.83178 0.34754 0
801.3 34981 2.3026 0.028669 1818 0.082492 2.9215 0.095892 0.82222 0.34564 0
803.06 35248 2.3021 0.028774 1807.2 0.084849 2.9339 0.095544 0.81443 0.34058 0
803.55 35322 2.302 0.028802 1804.2 0.085408 2.9372 0.095485 0.81321 0.33936 0
804.71 35503 2.3017 0.028867 1797.4 0.086578 2.9448 0.095347 0.81118 0.33275 0
806.79 35828 2.3011 0.028977 1785.7 0.088113 2.9579 0.094878 0.80326 0.33081 0
808.55 36105 2.3006 0.029063 1776.3 0.088887 2.9683 0.094549 0.79684 0.32563 0
809.04 36182 2.3005 0.029086 1773.7 0.089018 2.9711 0.094494 0.79584 0.32437 0
810.21 36366 2.3002 0.02914 1767.8 0.089181 2.9776 0.094371 0.79424 0.31761 0
812.28 36692 2.2996 0.02923 1757.6 0.088989 2.9887 0.093967 0.78802 0.31561 0
814.05 36965 2.2992 0.029301 1749.4 0.088362 2.9976 0.093695 0.78302 0.3103 0
814.53 37040 2.299 0.029319 1747.1 0.088118 3 0.093651 0.78226 0.309 0
815.7 37219 2.2987 0.029363 1742 0.087404 3.0055 0.093558 0.78119 0.30207 0
817.78 37531 2.2982 0.029437 1733 0.085724 3.015 0.093261 0.77705 0.29998 0
819.54 37789 2.2977 0.029495 1725.8 0.083905 3.0227 0.09307 0.77374 0.2945 0
820.02 37859 2.2976 0.02951 1723.9 0.083343 3.0248 0.09304 0.77328 0.29316 0
821.19 38025 2.2972 0.029546 1719.3 0.081889 3.0296 0.092985 0.77298 0.28601 0
823.27 38311 2.2967 0.029605 1711.5 0.078961 3.0379 0.09282 0.77171 0.28383 0
825.03 38545 2.2962 0.029652 1705.2 0.076147 3.0446 0.092724 0.77073 0.27815 0
825.52 38608 2.2961 0.029664 1703.5 0.075321 3.0465 0.092711 0.77069 0.27675 0
827.85 38898 2.2955 0.02972 1695.5 0.071069 3.055 0.092653 0.77286 0.26922 0
832 39366 2.2944 0.029807 1682.3 0.062432 3.0693 0.092449 0.77376 0.26698 0
835.53 39711 2.2935 0.029868 1672.1 0.054212 3.0807 0.092301 0.76946 0.26103 0
836.5 39797 2.2932 0.029883 1669.4 0.051829 3.0837 0.092278 0.76913 0.25957 0
840 40073 2.2923 0.029931 1660.1 0.042848 3.0943 0.092285 0.77104 0.2517 0
846.23 40427 2.2907 0.029992 1645.2 0.025676 3.1123 0.092103 0.76449 0.24938 0
851.52 40584 2.2894 0.030022 1633.8 0.010381 3.1268 0.091763 0.74969 0.24319 0
852.98 40604 2.289 0.030027 1630.9 0.006102 3.1307 0.0917 0.7477 0.24169 0
856.48 40609 2.2881 0.030032 1624.2 -0.0042566 3.14 0.091593 0.74603 0.23351 0
862.71 40473 2.2865 0.030022 1613.1 -0.022775 3.1565 0.090662 0.73855 0.23122 0
868 40213 2.2852 0.029993 1604.4 -0.038305 3.1707 0.089423 0.73217 0.22495 0
869.46 40118 2.2848 0.029981 1602.1 -0.042524 3.1747 0.08916 0.73146 0.22349 0
871.79 39947 2.2843 0.02996 1598.5 -0.049184 3.1811 0.088843 0.73247 0.21514 0
875.94 39583 2.2832 0.029913 1592.2 -0.060735 3.193 0.08754 0.73625 0.21329 0
879.47 39216 2.2824 0.029864 1586.9 -0.070191 3.2036 0.086405 0.73929 0.20745 0
880.44 39106 2.2821 0.029849 1585.5 -0.072725 3.2066 0.086202 0.74 0.20632 0
882.77 38827 2.2815 0.029809 1581.9 -0.078644 3.214 0.085676 0.74414 0.19836 0
886.93 38278 2.2805 0.029729 1575.5 -0.08865 3.228 0.083734 0.7551 0.19688 0
890.45 37765 2.2797 0.029649 1569.9 -0.096547 3.2407 0.082221 0.75909 0.19012 0
891.43 37617 2.2794 0.029625 1568.3 -0.098591 3.2443 0.081952 0.75947 0.1884 0
892.59 37435 2.2791 0.029595 1566.4 -0.10097 3.2488 0.081782 0.76043 0.17654 0
894.67 37101 2.2786 0.029539 1562.8 -0.10492 3.2571 0.081227 0.76305 0.17167 0
896.43 36808 2.2782 0.029488 1559.6 -0.10803 3.2644 0.080861 0.76422 0.14791 0
896.92 36726 2.2781 0.029474 1558.7 -0.10884 3.2664 0.080801 0.76444 0.13991 0
898.08 36527 2.2778 0.029438 1556.5 -0.11068 3.2715 0.08066 0.76569 0.12777 0
900.16 36166 2.2773 0.029371 1552.3 -0.11359 3.281 0.080223 0.76831 0.1334 0
901.92 35853 2.2769 0.02931 1548.6 -0.11573 3.2894 0.079958 0.76858 0.12977 0
902.41 35766 2.2768 0.029293 1547.5 -0.11625 3.2918 0.079919 0.7686 0.13116 0
903.58 35555 2.2765 0.02925 1544.9 -0.11738 3.2976 0.079849 0.76912 0.13116 0
905.65 35178 2.276 0.029171 1539.9 -0.11897 3.3085 0.079724 0.76869 0.13116 0
907.42 34855 2.2756 0.029099 1535.4 -0.11984 3.3182 0.079737 0.76641 0.13116 0
907.9 34765 2.2755 0.029078 1534.1 -0.11999 3.321 0.079747 0.766 0.13116 0
909.07 34551 2.2752 0.029028 1530.9 -0.12021 3.3277 0.079804 0.76529 0.13116 0
911.15 34171 2.2747 0.028934 1524.8 -0.12001 3.3404 0.080041 0.7612 0.13116 0
912.91 33850 2.2743 0.02885 1519.3 -0.11921 3.3516 0.080233 0.75693 0.13116 0
913.39 33763 2.2742 0.028826 1517.7 -0.11888 3.3548 0.080263 0.75624 0.13116 0
914.56 33554 2.274 0.028766 1513.7 -0.11792 3.3626 0.080338 0.75482 0.13116 0
916.64 33188 2.2735 0.028656 1506.3 -0.11552 3.3772 0.080604 0.74925 0.13116 0
918.4 32886 2.2731 0.028558 1499.5 -0.11275 3.3902 0.080799 0.74477 0.13116 0
918.89 32805 2.273 0.02853 1497.5 -0.11187 3.3938 0.08083 0.74407 0.13116 0
920.05 32612 2.2727 0.028461 1492.7 -0.10956 3.4028 0.080898 0.74272 0.13116 0
922.13 32281 2.2722 0.028333 1483.7 -0.10472 3.4195 0.081108 0.73819 0.13116 0
923.89 32015 2.2719 0.028219 1475.5 -0.099872 3.4342 0.081236 0.73519 0.13116 0
924.38 31944 2.2718 0.028187 1473.2 -0.098418 3.4384 0.081256 0.73477 0.13116 0
926.71 31620 2.2712 0.028026 1461.5 -0.090802 3.459 0.081399 0.73211 0.13116 0
930.87 31121 2.2704 0.027716 1438.8 -0.074546 3.498 0.081818 0.72364 0.13116 0
934.39 30786 2.2696 0.02743 1417.8 -0.058306 3.533 0.082031 0.71878 0.13116 0
935.36 30709 2.2694 0.027347 1411.8 -0.053511 3.543 0.082054 0.71829 0.13116 0
