time (s) altitude (m) velocity (m/s) mass (kg) dynamic pressure (Pa)trajectory angle (rad) Lift (N)Drag (N)heading angle (rad) latitude (rad) angle of attack (rad) 
605.82 32549 2866.4 3300 49727 0.012357 17609 5489.4 1.8026 -0.027608 0.11707
607.03 32592 2880 3282.1 49855 0.012486 17776 5522.5 1.8026 -0.027081 0.11774
609.18 32671 2904.4 3250.3 50067 0.012837 18048 5575.1 1.8026 -0.026136 0.11882
611 32740 2925.2 3223.3 50227 0.013253 18286 5620.6 1.8026 -0.025328 0.1198
611.5 32760 2931 3215.9 50267 0.013387 18332 5628.5 1.8026 -0.025104 0.11998
612.71 32808 2944.9 3198 50356 0.013744 18529 5666.9 1.8026 -0.024566 0.12086
614.86 32898 2969.7 3166.2 50480 0.014513 18851 5727.7 1.8026 -0.0236 0.12234
616.68 32979 2991 3139.2 50547 0.015297 19139 5781.5 1.8027 -0.022774 0.12374
617.19 33002 2996.9 3131.7 50559 0.015536 19194 5790.6 1.8027 -0.022545 0.12402
618.39 33059 3011.1 3113.9 50572 0.016149 19453 5839.8 1.8027 -0.021994 0.12536
620.54 33168 3036.4 3082 50542 0.017406 19922 5924.8 1.8027 -0.021006 0.12791
622.37 33268 3058.1 3055 50455 0.018645 20359 6003.9 1.8027 -0.020162 0.13041
622.87 33297 3064.1 3047.6 50419 0.019016 20404 6008.8 1.8027 -0.019928 0.13074
623.67 33344 3073.5 3035.8 50353 0.019628 20733 6073 1.8027 -0.019558 0.13261
625.24 33443 3092.3 3012.5 50181 0.020959 21236 6166.1 1.8027 -0.018821 0.13564
626.98 33560 3113.3 2986.7 49920 0.022621 21892 6290 1.8027 -0.017999 0.1397
628.23 33651 3128.3 2968.3 49683 0.023937 22233 6377.2 1.8027 -0.017407 0.1418
628.55 33676 3132.2 2963.4 49614 0.02429 22266 6384 1.8027 -0.017253 0.14211
629.76 33770 3146.7 2945.6 49332 0.025668 22773 6518.5 1.8027 -0.016678 0.14511
631.91 33954 3172.7 2913.8 48716 0.028381 23658 6753.2 1.8027 -0.015646 0.15072
633.73 34126 3194.6 2886.8 48069 0.031035 25195 7153.6 1.8027 -0.014764 0.15911
634.24 34176 3200.6 2879.3 47867 0.031858 25906 7341.9 1.8027 -0.01452 0.16281
635.44 34304 3214.9 2861.4 47335 0.034117 28221 7962.6 1.8027 -0.013932 0.17474
637.59 34557 3239.9 2829.6 46206 0.038784 29727 8477.2 1.8027 -0.012879 0.18394
639.42 34799 3261.1 2802.6 45071 0.042948 29721 8498.8 1.8027 -0.011979 0.18705
639.92 34870 3267 2795.2 44731 0.044103 29644 8480.6 1.8028 -0.011729 0.18769
641.51 35109 3285.6 2771.6 43588 0.047773 29697 8524.6 1.8028 -0.01094 0.19129
644.65 35644 3322.9 2725.1 41032 0.055176 29666 8578 1.8028 -0.0093633 0.19937
648.14 36335 3364.7 2673.5 37817 0.063581 29609 8663.9 1.8028 -0.0075955 0.21088
650.64 36898 3394.9 2636.5 35326 0.069742 29525 8820.2 1.8028 -0.0063163 0.22033
651.29 37053 3402.8 2626.9 34659 0.071362 29236 8757.1 1.8028 -0.0059821 0.22171
652.49 37353 3417.5 2609 33403 0.074378 29484 8951.8 1.8029 -0.0053588 0.22872
654.64 37921 3443.8 2577.2 31125 0.079887 29399 9094.8 1.8029 -0.0042424 0.2398
656.47 38438 3466.3 2550.2 29174 0.084526 28346 8836.8 1.8029 -0.003289 0.24462
656.97 38587 3472.6 2542.8 28636 0.085765 27822 8674.2 1.8029 -0.0030247 0.24462
658.18 38953 3487.9 2524.9 27354 0.088626 26638 8317 1.8029 -0.0023895 0.245
660.33 39637 3515.9 2493.1 25111 0.093323 24366 7598.7 1.803 -0.0012516 0.24442
662.15 40248 3540.4 2466.1 23270 0.096907 22598 7053.3 1.803 -0.00027943 0.24455
662.65 40422 3547.3 2458.6 22774 0.09784 22107 6899.6 1.803 -9.8981e-06 0.24449
665.07 41280 3581.1 2422.9 20479 0.10194 19825 6185.5 1.803 0.0012891 0.24402
669.37 42908 3644.4 2359.2 16780 0.10789 16198 5055.6 1.8031 0.0036325 0.24354
673.01 44378 3701.1 2305.2 14057 0.11177 13608 4254.7 1.8031 0.0056522 0.24403
674.02 44796 3717.2 2290.3 13373 0.11269 12979 4062.7 1.8032 0.0062151 0.24448
676.43 45819 3756.6 2254.6 11847 0.11468 11654 3673.6 1.8032 0.0075741 0.24667
680.73 47710 3829.5 2191 9570.3 0.1176 9594.1 3055.6 1.8033 0.01003 0.2498
684.38 49376 3894 2137 8018 0.11955 8017.6 2556.2 1.8033 0.012149 0.2494
685.39 49846 3912.3 2122.1 7627.6 0.12 7602 2421.6 1.8033 0.012741 0.24885
687.8 50988 3956.9 2086.3 6755.3 0.12094 6678.4 2122.8 1.8034 0.014169 0.24753
692.1 53073 4039.3 2022.7 5513.8 0.12222 5337.8 1688.4 1.8035 0.016753 0.24413
695.75 54891 4112.1 1968.7 4597.8 0.123 4401 1393.7 1.8035 0.018988 0.2422
696.75 55400 4132.7 1953.8 4366.1 0.12317 4150.2 1313.5 1.8035 0.019611 0.24103
697.96 56015 4157.6 1935.9 4100 0.12337 3887.1 1231.2 1.8036 0.020363 0.24059
700.11 57122 4202.8 1904.1 3656.4 0.12366 3403.9 1073.4 1.8036 0.021713 0.23753
701.93 58073 4242 1877.1 3309.5 0.12384 3004.8 940.81 1.8036 0.022869 0.2334
702.44 58337 4252.9 1869.6 3218.4 0.12388 2906.3 908.53 1.8036 0.02319 0.23252
703.64 58973 4279.4 1851.8 3007.8 0.12395 2675 832.43 1.8037 0.023963 0.23007
705.79 60117 4327.4 1820 2659.4 0.124 2224.2 679.73 1.8037 0.025352 0.22057
707.62 61098 4369.2 1793 2389.7 0.12388 1786.7 530.5 1.8037 0.026543 0.20428
708.12 61370 4380.9 1785.5 2319.2 0.12381 1630.8 480.3 1.8037 0.026873 0.19562
709.71 62232 4418.3 1762 2108.2 0.1234 1221.6 351.1 1.8038 0.027922 0.17123
712.85 63946 4494.9 1715.4 1738.6 0.12177 581.13 181.41 1.8038 0.030025 0.11506
716.34 65846 4583.4 1663.8 1397.9 0.11873 188.59 101.91 1.8039 0.0324 0.055311
718.84 67196 4649 1626.8 1193.7 0.11583 28.683 77.676 1.8039 0.034131 0.011037
719.49 67544 4666.3 1617.2 1145.6 0.11497 0 73.415 1.8039 0.034585 0
719.49 67544 4666.3 1617.2 1145.6 0.11497 0 73.415 1.8039 0.034585 0
720.49 68079 4665.2 1617.2 1062.2 0.11362 0 68.022 1.804 0.035285 0
721.49 68605 4664.1 1617.2 985.73 0.11226 0 63.081 1.804 0.035985 0
722.49 69124 4663 1617.2 915.16 0.11091 0 58.523 1.804 0.036686 0
723.49 69637 4662 1617.2 850.01 0.10955 0 54.318 1.804 0.037386 0
724.49 70144 4660.9 1617.2 789.86 0.1082 0 50.438 1.804 0.038086 0
725.49 70644 4659.9 1617.2 734.29 0.10684 0 46.857 1.804 0.038786 0
726.49 71138 4658.9 1617.2 682.61 0.10548 0 43.531 1.8041 0.039485 0
727.49 71625 4657.9 1617.2 634.11 0.10413 0 40.418 1.8041 0.040185 0
728.49 72106 4656.9 1617.2 589.43 0.10277 0 37.552 1.8041 0.040884 0
729.49 72580 4655.9 1617.2 548.25 0.10141 0 34.911 1.8041 0.041584 0
730.49 73049 4655 1617.2 510.28 0.10005 0 32.478 1.8041 0.042283 0
731.49 73510 4654 1617.2 475.26 0.098691 0 30.235 1.8041 0.042982 0
732.49 73966 4653.1 1617.2 442.95 0.097331 0 28.166 1.8042 0.043682 0
733.49 74415 4652.2 1617.2 413.11 0.09597 0 26.256 1.8042 0.044381 0
734.49 74857 4651.3 1617.2 385.56 0.094609 0 24.494 1.8042 0.04508 0
735.49 75294 4650.4 1617.2 360.1 0.093248 0 22.865 1.8042 0.045778 0
736.49 75723 4649.6 1617.2 336.56 0.091886 0 21.361 1.8042 0.046477 0
737.49 76147 4648.7 1617.2 314.79 0.090523 0 19.97 1.8042 0.047176 0
738.49 76564 4647.9 1617.2 294.64 0.089161 0 18.684 1.8042 0.047874 0
739.49 76975 4647.1 1617.2 276 0.087797 0 17.493 1.8043 0.048573 0
740.49 77379 4646.2 1617.2 258.72 0.086434 0 16.391 1.8043 0.049271 0
741.49 77777 4645.4 1617.2 242.72 0.085069 0 15.37 1.8043 0.04997 0
742.49 78168 4644.7 1617.2 227.88 0.083705 0 14.424 1.8043 0.050668 0
743.49 78553 4643.9 1617.2 214.12 0.08234 0 13.548 1.8043 0.051366 0
744.49 78932 4643.1 1617.2 201.35 0.080974 0 12.734 1.8043 0.052064 0
745.49 79304 4642.4 1617.2 189.49 0.079609 0 11.979 1.8043 0.052762 0
746.49 79670 4641.7 1617.2 178.48 0.078242 0 11.278 1.8043 0.05346 0
747.49 80030 4641 1617.2 168.25 0.076876 0 10.627 1.8044 0.054158 0
748.49 80383 4640.2 1617.2 158.74 0.075509 0 10.023 1.8044 0.054856 0
749.49 80730 4639.6 1617.2 149.89 0.074141 0 9.4601 1.8044 0.055553 0
750.49 81071 4638.9 1617.2 141.66 0.072774 0 8.9369 1.8044 0.056251 0
751.49 81405 4638.2 1617.2 133.99 0.071406 0 8.45 1.8044 0.056949 0
752.49 81733 4637.6 1617.2 126.86 0.070037 0 7.9967 1.8044 0.057646 0
753.49 82054 4636.9 1617.2 120.2 0.068669 0 7.5745 1.8044 0.058343 0
754.49 82369 4636.3 1617.2 114 0.0673 0 7.181 1.8044 0.059041 0
755.49 82677 4635.7 1617.2 108.22 0.06593 0 6.8141 1.8044 0.059738 0
756.49 82980 4635.1 1617.2 102.82 0.064561 0 6.472 1.8045 0.060435 0
757.49 83276 4634.5 1617.2 97.785 0.06319 0 6.1527 1.8045 0.061133 0
758.49 83565 4634 1617.2 93.081 0.06182 0 5.8547 1.8045 0.06183 0
759.49 83848 4633.4 1617.2 88.687 0.06045 0 5.5763 1.8045 0.062527 0
760.49 84125 4632.9 1617.2 84.581 0.059079 0 5.3163 1.8045 0.063224 0
761.49 84395 4632.4 1617.2 80.742 0.057707 0 5.0733 1.8045 0.063921 0
762.49 84659 4631.8 1617.2 77.152 0.056336 0 4.8461 1.8045 0.064618 0
763.49 84917 4631.3 1617.2 73.745 0.054964 0 4.631 1.8045 0.065314 0
764.49 85168 4630.9 1486.3 0 0.053592 0 0 1.8045 0.066011 0
765.49 85413 4630.4 1486.3 0 0.05222 0 0 1.8045 0.066708 0
766.49 85651 4629.9 1486.3 0 0.050847 0 0 1.8046 0.067405 0
767.49 85884 4629.5 1486.3 0 0.049475 0 0 1.8046 0.068101 0
768.49 86109 4629 1486.3 0 0.048102 0 0 1.8046 0.068798 0
769.49 86329 4628.6 1486.3 0 0.046729 0 0 1.8046 0.069494 0
770.49 86542 4628.2 1486.3 0 0.045355 0 0 1.8046 0.070191 0
771.49 86748 4627.8 1486.3 0 0.043981 0 0 1.8046 0.070887 0
772.49 86949 4627.5 1486.3 0 0.042608 0 0 1.8046 0.071584 0
773.49 87143 4627.1 1486.3 0 0.041234 0 0 1.8046 0.07228 0
774.49 87330 4626.7 1486.3 0 0.039859 0 0 1.8046 0.072977 0
775.49 87511 4626.4 1486.3 0 0.038485 0 0 1.8046 0.073673 0
776.49 87686 4626.1 1486.3 0 0.03711 0 0 1.8046 0.074369 0
777.49 87855 4625.8 1486.3 0 0.035736 0 0 1.8046 0.075066 0
778.49 88017 4625.5 1486.3 0 0.034361 0 0 1.8046 0.075762 0
779.49 88172 4625.2 1486.3 0 0.032986 0 0 1.8047 0.076458 0
780.49 88322 4624.9 1486.3 0 0.03161 0 0 1.8047 0.077154 0
781.49 88465 4624.6 1486.3 0 0.030235 0 0 1.8047 0.07785 0
782.49 88601 4624.4 1486.3 0 0.028859 0 0 1.8047 0.078546 0
783.49 88732 4624.1 1486.3 0 0.027484 0 0 1.8047 0.079243 0
784.49 88856 4623.9 1486.3 0 0.026108 0 0 1.8047 0.079939 0
785.49 88973 4623.7 1486.3 0 0.024732 0 0 1.8047 0.080635 0
786.49 89084 4623.5 1486.3 0 0.023356 0 0 1.8047 0.081331 0
787.49 89189 4623.3 1486.3 0 0.02198 0 0 1.8047 0.082027 0
788.49 89287 4623.2 1486.3 0 0.020604 0 0 1.8047 0.082723 0
789.49 89379 4623 1486.3 0 0.019228 0 0 1.8047 0.083419 0
790.49 89465 4622.9 1486.3 0 0.017851 0 0 1.8047 0.084115 0
791.49 89545 4622.7 1486.3 0 0.016475 0 0 1.8047 0.084811 0
792.49 89618 4622.6 1486.3 0 0.015099 0 0 1.8047 0.085507 0
793.49 89684 4622.5 1486.3 0 0.013722 0 0 1.8047 0.086203 0
794.49 89744 4622.4 1486.3 0 0.012345 0 0 1.8047 0.086898 0
795.49 89798 4622.4 1486.3 0 0.010969 0 0 1.8047 0.087594 0
796.49 89846 4622.3 1486.3 0 0.0095922 0 0 1.8047 0.08829 0
797.49 89887 4622.2 1486.3 0 0.0082155 0 0 1.8047 0.088986 0
798.49 89922 4622.2 1486.3 0 0.0068388 0 0 1.8047 0.089682 0
799.49 89950 4622.2 1486.3 0 0.0054621 0 0 1.8047 0.090378 0
800.49 89972 4622.2 1486.3 0 0.0040853 0 0 1.8047 0.091074 0
801.49 89988 4622.2 1486.3 0 0.0027086 0 0 1.8048 0.09177 0
802.49 89997 4622.2 1486.3 0 0.0013319 0 0 1.8048 0.092466 0
803.49 90000 4622.2 1486.3 0 0 0 0 1.8048 0.093162 0
