time (s) altitude (m) velocity (m/s) mass (kg)trajectory angle (rad) angle of attack (rad) heading angle (rad) latitude (rad)
0 150 30 29388 1.5691 0 1.6653 -0.21673 2.3889
2.6464 241.41 39.153 29007 1.5619 -0.0067971 1.7596 -0.21673 2.3889
7.3598 466.2 56.5 28328 1.5187 -0.012513 1.7657 -0.21673 2.3889
11.359 722.53 72.365 27752 1.4544 -0.009406 1.7854 -0.21673 2.3889
12.463 804.29 76.957 27593 1.4335 -0.0076573 1.7812 -0.21673 2.3889
15.109 1019.9 88.348 27212 1.3791 -0.0019795 1.7832 -0.21672 2.3889
19.823 1473 110.2 26534 1.2801 0.01205 1.7857 -0.21671 2.3889
23.822 1927.8 130.44 25959 1.2082 0.023867 1.7873 -0.21668 2.3889
24.926 2065 136.29 25800 1.1916 0.026089 1.7877 -0.21667 2.3889
27.573 2415.1 150.74 25419 1.1575 0.030988 1.7886 -0.21665 2.3889
32.286 3116.6 177.95 24741 1.1179 0.034808 1.7901 -0.2166 2.3889
36.285 3797.3 202.5 24166 1.1033 0.034546 1.7912 -0.21655 2.3889
37.389 4000.2 209.53 24007 1.1018 0.03458 1.7916 -0.21653 2.3889
40.036 4515.1 226.79 23627 1.1039 0.034691 1.7923 -0.21649 2.3889
44.749 5542.9 259.3 22949 1.1285 0.034867 1.7937 -0.21642 2.3889
48.748 6538.9 287.86 22374 1.1615 0.029896 1.795 -0.21635 2.3888
49.852 6835.2 295.6 22216 1.1693 0.02663 1.7954 -0.21633 2.3888
52.499 7576.7 311.71 21835 1.1747 0.017214 1.7963 -0.21628 2.3888
57.212 8978.9 337.12 21158 1.1349 -0.0042702 1.7979 -0.21619 2.3888
61.211 10219 360.01 20583 1.0578 -0.018775 1.7991 -0.21609 2.3888
62.315 10566 367.18 20425 1.0328 -0.020615 1.7994 -0.21606 2.3888
64.962 11404 385.43 20044 0.96956 -0.024349 1.8 -0.21598 2.3888
69.675 12908 423.45 19367 0.85591 -0.024791 1.8009 -0.2158 2.3887
73.674 14188 461.95 18792 0.76763 -0.023595 1.8016 -0.21561 2.3887
74.778 14543 473.62 18633 0.74486 -0.024322 1.8018 -0.21556 2.3887
77.425 15393 503.56 18253 0.69185 -0.026907 1.8022 -0.21541 2.3886
82.138 16902 563.91 17575 0.59925 -0.038874 1.8028 -0.2151 2.3885
86.137 18159 623.44 16999 0.51966 -0.054371 1.8032 -0.2148 2.3885
87.241 18499 641.53 16841 0.49779 -0.058266 1.8033 -0.2147 2.3885
89.888 19299 688.03 16460 0.44788 -0.066405 1.8036 -0.21446 2.3884
94.601 20665 781.47 15781 0.36841 -0.073423 1.804 -0.21398 2.3883
98.6 21759 870.4 15205 0.31001 -0.071553 1.8043 -0.21351 2.3882
99.704 22050 896.35 15046 0.29499 -0.070291 1.8043 -0.21336 2.3881
102.35 22722 960.72 14665 0.26018 -0.065157 1.8045 -0.21301 2.388
107.06 23818 1081.7 13986 0.20162 -0.049962 1.8048 -0.21229 2.3879
111.06 24624 1191.1 13409 0.1565 -0.036008 1.8049 -0.21161 2.3877
112.17 24824 1222.8 13250 0.14523 -0.033508 1.805 -0.21141 2.3877
114.81 25263 1301.1 12869 0.11914 -0.028217 1.8051 -0.21091 2.3875
119.53 25894 1448.1 12189 0.078685 -0.018762 1.8052 -0.20993 2.3873
123.53 26292 1579.8 11612 0.055295 -0.0049861 1.8053 -0.20901 2.3871
124.63 26386 1617.3 11453 0.051691 0.00031133 1.8054 -0.20874 2.387
