time (s) altitude (m) velocity (m/s) mass (kg) dynamic pressure (Pa)trajectory angle (rad) Lift (N)Drag (N)heading angle (rad) latitude (rad) angle of attack (rad) 
553.96 34485 2865.4 3300 36552 0.066478 24345 7202.9 1.8091 -0.049116 0.1886
556.1 34904 2886.1 3268.3 34725 0.069774 29214 9001.3 1.8091 -0.048183 0.2217
559.92 35718 2921.5 3211.7 31358 0.077273 29387 9305.8 1.8092 -0.046505 0.23887
563.16 36482 2952.5 3163.7 28473 0.083182 27543 8781.4 1.8092 -0.045067 0.24427
564.05 36703 2961.2 3150.5 27686 0.084761 29222 9666.7 1.8092 -0.044667 0.25898
566.2 37256 2981.3 3118.8 25795 0.089123 29148 9892.8 1.8093 -0.043704 0.27141
570.02 38320 3017.5 3062.2 22505 0.096811 27517 9653.4 1.8093 -0.041975 0.28646
573.26 39300 3049.3 3014.2 19855 0.10277 25131 8960.9 1.8094 -0.040493 0.29326
574.15 39582 3058.3 3001 19154 0.10428 24525 8791.4 1.8094 -0.040081 0.29558
576.3 40279 3080.2 2969.2 17534 0.10773 23090 8380.8 1.8094 -0.039089 0.30134
580.12 41585 3120.7 2912.7 14880 0.1131 19993 7318.8 1.8095 -0.037306 0.30556
583.36 42752 3157 2864.7 12877 0.11668 17133 6241.2 1.8095 -0.035775 0.30348
584.25 43082 3167.4 2851.5 12365 0.1175 16455 5994 1.8096 -0.035349 0.30351
586.39 43888 3192.8 2819.7 11208 0.11929 15174 5568.1 1.8096 -0.034324 0.30715
590.21 45366 3239.5 2763.2 9381.2 0.12189 12855 4739.2 1.8097 -0.032477 0.30973
593.45 46659 3281 2715.2 8050.5 0.12345 10842 3964.2 1.8097 -0.03089 0.30599
594.35 47022 3292.8 2702 7717.2 0.12376 10339 3770.7 1.8097 -0.030448 0.30487
596.49 47899 3321.5 2670.2 7029.4 0.12439 9474.9 3462.2 1.8098 -0.029383 0.30614
600.31 49491 3374.3 2613.7 5934.1 0.12515 7905.8 2869 1.8099 -0.027463 0.30362
603.55 50867 3420.9 2565.7 5126.9 0.12537 6622.9 2365.3 1.8099 -0.02581 0.29716
604.45 51250 3434 2552.5 4934.8 0.12536 6325.6 2249.3 1.8099 -0.02535 0.29557
606.59 52175 3466 2520.7 4512.8 0.12527 5775.3 2048.8 1.81 -0.02424 0.2952
610.41 53841 3524.6 2464.2 3831.8 0.12491 4781.2 1669.5 1.81 -0.022237 0.29005
613.65 55271 3576.1 2416.2 3321 0.12437 4010.5 1374.9 1.8101 -0.020511 0.28366
614.55 55668 3590.6 2403 3190.2 0.12418 3824 1306.4 1.8101 -0.020031 0.28225
616.69 56625 3625.9 2371.2 2893.7 0.12371 3467.3 1185.9 1.8101 -0.01887 0.28221
620.51 58343 3690.2 2314.7 2421.3 0.12285 2881.2 984.19 1.8102 -0.016775 0.28094
623.75 59815 3746.5 2266.7 2071.9 0.12208 2441.8 831.61 1.8103 -0.014968 0.27917
624.64 60223 3762.3 2253.5 1983.1 0.12187 2331 793.7 1.8103 -0.014465 0.27867
626.79 61207 3800.6 2221.7 1782.8 0.12137 2091.8 712.88 1.8103 -0.013249 0.27834
630.61 62974 3870.7 2165.2 1467.3 0.12045 1646 553.73 1.8104 -0.011053 0.26979
633.85 64487 3932.2 2117.2 1237.3 0.11955 1305.5 430.35 1.8104 -0.0091588 0.2587
634.74 64907 3949.5 2104 1179.4 0.11928 1230.3 404.08 1.8105 -0.0086304 0.25672
636.89 65918 3991.5 2072.2 1049.8 0.11866 1097 360.54 1.8105 -0.0073546 0.25702
640.71 67731 4068.3 2015.7 848.25 0.11752 790.82 249.11 1.8106 -0.0050487 0.23775
643.95 69281 4136.1 1967.7 704.09 0.11608 475.73 139.45 1.8106 -0.0030574 0.19027
644.84 69710 4155.3 1954.5 668.32 0.11551 399.92 115.09 1.8106 -0.0025018 0.17525
646.98 70736 4202.2 1922.7 589.22 0.11392 253.02 73.806 1.8107 -0.0011594 0.13868
650.8 72549 4288.5 1866.2 467.35 0.11009 86.078 36.634 1.8107 0.0012695 0.071942
654.04 74061 4364.4 1818.2 384.02 0.10586 13.088 25.271 1.8108 0.0033701 0.015654
654.94 74472 4385.8 1805 363.93 0.10453 0 23.447 1.8108 0.0039567 0
654.94 74472 4385.8 1805 363.93 0.10453 0 23.447 1.8108 0.0039567 0
655.94 74929 4384.8 1805 338.83 0.103 0 21.821 1.8108 0.004614 0
656.94 75377 4383.9 1805 315.86 0.10148 0 20.333 1.8108 0.0052712 0
657.94 75818 4382.9 1805 294.68 0.09995 0 18.961 1.8108 0.0059284 0
658.94 76252 4382 1805 275.13 0.098422 0 17.695 1.8109 0.0065854 0
659.94 76679 4381.1 1805 257.08 0.096893 0 16.527 1.8109 0.0072423 0
660.94 77099 4380.2 1805 240.4 0.095364 0 15.448 1.8109 0.0078992 0
661.94 77513 4379.3 1805 224.99 0.093835 0 14.452 1.8109 0.008556 0
662.94 77920 4378.5 1805 210.73 0.092305 0 13.531 1.8109 0.0092127 0
663.94 78320 4377.6 1805 197.55 0.090774 0 12.679 1.8109 0.0098693 0
664.94 78714 4376.8 1805 185.34 0.089242 0 11.891 1.8109 0.010526 0
665.94 79100 4376 1805 174.04 0.087711 0 11.161 1.8109 0.011182 0
666.94 79480 4375.2 1805 163.57 0.086178 0 10.485 1.811 0.011839 0
667.94 79853 4374.4 1805 153.86 0.084646 0 9.8589 1.811 0.012495 0
668.94 80220 4373.6 1805 144.85 0.083112 0 9.2783 1.811 0.013151 0
669.94 80580 4372.8 1805 136.5 0.081578 0 8.7397 1.811 0.013807 0
670.94 80933 4372.1 1805 128.74 0.080044 0 8.2398 1.811 0.014464 0
671.94 81279 4371.4 1805 121.53 0.078509 0 7.7757 1.811 0.01512 0
672.94 81618 4370.7 1805 114.83 0.076974 0 7.3445 1.811 0.015776 0
673.94 81951 4370 1805 108.61 0.075439 0 6.9437 1.811 0.016432 0
674.94 82277 4369.3 1805 102.82 0.073903 0 6.5711 1.811 0.017087 0
675.94 82596 4368.6 1805 97.427 0.072366 0 6.2245 1.8111 0.017743 0
676.94 82909 4368 1805 92.409 0.070829 0 5.9018 1.8111 0.018399 0
677.94 83214 4367.3 1805 87.735 0.069292 0 5.6013 1.8111 0.019055 0
678.94 83513 4366.7 1805 83.379 0.067754 0 5.3214 1.8111 0.01971 0
679.94 83806 4366.1 1805 79.318 0.066216 0 5.0606 1.8111 0.020366 0
680.94 84091 4365.5 1805 75.531 0.064677 0 4.8174 1.8111 0.021021 0
681.94 84370 4364.9 1805 71.997 0.063139 0 4.5906 1.8111 0.021677 0
682.94 84642 4364.3 1805 68.699 0.061599 0 4.3789 1.8111 0.022332 0
683.94 84907 4363.8 1805 65.583 0.06006 0 4.1793 1.8111 0.022987 0
684.94 85166 4363.3 1674.1 0 0.05852 0 0 1.8111 0.023643 0
685.94 85418 4362.7 1674.1 0 0.05698 0 0 1.8112 0.024298 0
686.94 85663 4362.2 1674.1 0 0.055439 0 0 1.8112 0.024953 0
687.94 85901 4361.8 1674.1 0 0.053898 0 0 1.8112 0.025608 0
688.94 86133 4361.3 1674.1 0 0.052357 0 0 1.8112 0.026263 0
689.94 86358 4360.8 1674.1 0 0.050815 0 0 1.8112 0.026919 0
690.94 86576 4360.4 1674.1 0 0.049273 0 0 1.8112 0.027574 0
691.94 86787 4359.9 1674.1 0 0.047731 0 0 1.8112 0.028229 0
692.94 86992 4359.5 1674.1 0 0.046189 0 0 1.8112 0.028884 0
693.94 87190 4359.1 1674.1 0 0.044646 0 0 1.8112 0.029538 0
694.94 87381 4358.7 1674.1 0 0.043104 0 0 1.8112 0.030193 0
695.94 87565 4358.4 1674.1 0 0.041561 0 0 1.8112 0.030848 0
696.94 87743 4358 1674.1 0 0.040017 0 0 1.8112 0.031503 0
697.94 87914 4357.7 1674.1 0 0.038474 0 0 1.8112 0.032158 0
698.94 88078 4357.4 1674.1 0 0.03693 0 0 1.8112 0.032813 0
699.94 88236 4357 1674.1 0 0.035386 0 0 1.8113 0.033467 0
700.94 88387 4356.7 1674.1 0 0.033842 0 0 1.8113 0.034122 0
701.94 88531 4356.5 1674.1 0 0.032297 0 0 1.8113 0.034777 0
702.94 88668 4356.2 1674.1 0 0.030753 0 0 1.8113 0.035431 0
703.94 88799 4355.9 1674.1 0 0.029208 0 0 1.8113 0.036086 0
704.94 88922 4355.7 1674.1 0 0.027663 0 0 1.8113 0.036741 0
705.94 89040 4355.5 1674.1 0 0.026118 0 0 1.8113 0.037395 0
706.94 89150 4355.3 1674.1 0 0.024573 0 0 1.8113 0.03805 0
707.94 89254 4355.1 1674.1 0 0.023028 0 0 1.8113 0.038704 0
708.94 89350 4354.9 1674.1 0 0.021483 0 0 1.8113 0.039359 0
709.94 89441 4354.7 1674.1 0 0.019937 0 0 1.8113 0.040014 0
710.94 89524 4354.6 1674.1 0 0.018392 0 0 1.8113 0.040668 0
711.94 89601 4354.5 1674.1 0 0.016846 0 0 1.8113 0.041323 0
712.94 89671 4354.3 1674.1 0 0.0153 0 0 1.8113 0.041977 0
713.94 89734 4354.2 1674.1 0 0.013754 0 0 1.8113 0.042632 0
714.94 89791 4354.2 1674.1 0 0.012209 0 0 1.8113 0.043286 0
715.94 89840 4354.1 1674.1 0 0.010663 0 0 1.8113 0.043941 0
716.94 89883 4354 1674.1 0 0.0091166 0 0 1.8113 0.044595 0
717.94 89920 4354 1674.1 0 0.0075706 0 0 1.8113 0.04525 0
718.94 89949 4353.9 1674.1 0 0.0060246 0 0 1.8113 0.045904 0
719.94 89972 4353.9 1674.1 0 0.0044785 0 0 1.8113 0.046558 0
720.94 89988 4353.9 1674.1 0 0.0029325 0 0 1.8113 0.047213 0
721.94 89998 4353.9 1674.1 0 0.0013864 0 0 1.8113 0.047867 0
722.94 90000 4354 1674.1 0 0 0 0 1.8113 0.048522 0
