time (s) altitude (m) velocity (m/s) mass (kg)trajectory angle (rad) angle of attack (rad) heading angle (rad) latitude (rad)
0 90 30 29388 1.5691 0 -0.77788 -0.2123 2.3868
0.88202 117.78 33.006 29261 1.5684 -0.0028062 -0.75093 -0.2123 2.3868
2.453 173.91 38.473 29035 1.5639 -0.0071566 -0.72909 -0.2123 2.3868
3.7858 228.34 43.228 28843 1.5566 -0.010012 -0.72536 -0.2123 2.3868
4.1538 244.49 44.56 28790 1.5541 -0.010694 -0.72445 -0.2123 2.3868
5.0358 285.2 47.784 28663 1.5469 -0.012115 -0.72358 -0.2123 2.3868
6.6067 364.81 53.646 28437 1.5306 -0.013833 -0.72307 -0.2123 2.3868
7.9396 439.61 58.742 28245 1.5133 -0.014407 -0.72303 -0.2123 2.3868
8.3076 461.45 60.17 28192 1.508 -0.014449 -0.72307 -0.2123 2.3868
9.1896 515.91 63.628 28065 1.4945 -0.014341 -0.72316 -0.2123 2.3868
10.761 620.36 69.926 27838 1.4674 -0.013337 -0.72338 -0.2123 2.3868
12.093 716.55 75.419 27647 1.4418 -0.011613 -0.72359 -0.21231 2.3868
12.461 744.34 76.961 27594 1.4344 -0.011024 -0.72365 -0.21231 2.3868
13.784 848.68 82.601 27403 1.4067 -0.0084809 -0.72386 -0.21231 2.3868
16.141 1051.7 93.007 27064 1.3546 -0.0020402 -0.7242 -0.21231 2.3868
18.14 1241.3 102.22 26776 1.3103 0.0053222 -0.72446 -0.21232 2.3868
18.692 1296.4 104.84 26697 1.2985 0.0075617 -0.72453 -0.21232 2.3868
20.015 1433.5 111.24 26506 1.2715 0.012978 -0.72468 -0.21232 2.3868
22.371 1695.2 123.04 26167 1.2282 0.021519 -0.72494 -0.21233 2.3869
24.371 1935.2 133.45 25880 1.1972 0.027059 -0.72515 -0.21234 2.3869
24.923 2004.5 136.39 25800 1.1896 0.028331 -0.72521 -0.21234 2.3869
26.246 2175.7 143.53 25610 1.173 0.030961 -0.72534 -0.21235 2.3869
28.602 2499.9 156.6 25271 1.1489 0.033812 -0.72557 -0.21237 2.3869
30.601 2794.8 168.03 24983 1.1332 0.034504 -0.72577 -0.21238 2.3869
31.153 2879.5 171.24 24904 1.1295 0.034577 -0.72582 -0.21238 2.3869
32.476 3088.6 179.04 24714 1.122 0.034744 -0.72595 -0.21239 2.3869
34.833 3482.8 193.31 24375 1.113 0.034807 -0.72618 -0.21241 2.387
36.832 3840.3 205.79 24087 1.1098 0.034582 -0.72637 -0.21243 2.387
37.384 3942.9 209.29 24008 1.1096 0.034521 -0.72643 -0.21244 2.387
38.266 4110.5 214.95 23881 1.11 0.034492 -0.72652 -0.21245 2.387
39.837 4420.3 225.18 23655 1.1127 0.034488 -0.72668 -0.21246 2.387
41.17 4695 234.04 23463 1.1171 0.034523 -0.72683 -0.21248 2.387
41.538 4772.9 236.52 23411 1.1187 0.034544 -0.72687 -0.21248 2.387
42.42 4963.1 242.5 23284 1.1231 0.034646 -0.72697 -0.21249 2.387
43.991 5314.9 253.34 23058 1.1333 0.03487 -0.72715 -0.21251 2.3871
45.324 5627.2 262.73 22866 1.1441 0.034819 -0.72732 -0.21252 2.3871
45.692 5715.7 265.36 22814 1.1474 0.034701 -0.72736 -0.21253 2.3871
46.574 5932.1 271.69 22687 1.1558 0.034243 -0.72748 -0.21254 2.3871
48.145 6332.3 283.19 22461 1.1719 0.032559 -0.7277 -0.21255 2.3871
49.478 6687 292.71 22269 1.1848 0.030157 -0.7279 -0.21257 2.3871
49.845 6787.3 295.14 22217 1.1877 0.029361 -0.72795 -0.21257 2.3871
50.728 7031.4 300.83 22090 1.1939 0.027185 -0.72809 -0.21258 2.3872
52.298 7478.5 310.25 21864 1.2008 0.022384 -0.72835 -0.2126 2.3872
53.631 7868.8 317.66 21672 1.2019 0.01736 -0.72857 -0.21262 2.3872
53.999 7978.2 319.64 21620 1.2014 0.015839 -0.72863 -0.21262 2.3872
54.881 8242.9 324.28 21493 1.1985 0.011957 -0.72877 -0.21263 2.3872
56.452 8722.4 332.36 21267 1.1878 0.004424 -0.72903 -0.21265 2.3872
57.785 9136.4 339.23 21076 1.1732 -0.0020093 -0.72924 -0.21267 2.3872
58.153 9251.7 341.16 21023 1.1683 -0.0036602 -0.72929 -0.21268 2.3873
59.035 9529.7 345.91 20896 1.1553 -0.0074624 -0.72942 -0.21269 2.3873
60.606 10030 354.82 20670 1.1284 -0.013366 -0.72964 -0.21271 2.3873
61.939 10460 362.87 20479 1.1027 -0.017424 -0.72981 -0.21273 2.3873
62.307 10579 365.17 20426 1.0952 -0.018416 -0.72985 -0.21274 2.3873
63.189 10866 370.83 20299 1.0766 -0.02055 -0.72995 -0.21276 2.3873
64.76 11381 381.45 20073 1.042 -0.023465 -0.73012 -0.21279 2.3874
66.093 11822 391.05 19882 1.0117 -0.025035 -0.73025 -0.21282 2.3874
66.461 11944 393.8 19829 1.0032 -0.025351 -0.73028 -0.21282 2.3874
67.343 12237 400.57 19702 0.98294 -0.02593 -0.73035 -0.21284 2.3874
68.914 12763 413.26 19476 0.947 -0.026266 -0.73048 -0.21288 2.3875
70.246 13211 424.71 19285 0.91713 -0.025987 -0.73057 -0.21292 2.3875
70.614 13335 427.98 19232 0.90904 -0.025894 -0.73059 -0.21293 2.3875
71.496 13633 436.02 19105 0.8899 -0.02573 -0.73065 -0.21295 2.3876
73.067 14167 451.05 18879 0.85667 -0.025965 -0.73074 -0.213 2.3876
74.4 14623 464.51 18687 0.82915 -0.026873 -0.73081 -0.21304 2.3877
74.768 14749 468.35 18634 0.82162 -0.027224 -0.73083 -0.21305 2.3877
75.65 15052 477.76 18508 0.8037 -0.028239 -0.73087 -0.21308 2.3877
77.221 15593 495.25 18282 0.77201 -0.030803 -0.73093 -0.21314 2.3878
78.554 16054 510.85 18090 0.74513 -0.03382 -0.73098 -0.21319 2.3878
78.922 16182 515.28 18037 0.73768 -0.034759 -0.73099 -0.2132 2.3879
79.804 16488 526.13 17910 0.71976 -0.037192 -0.73102 -0.21324 2.3879
81.375 17033 546.28 17684 0.68754 -0.042259 -0.73106 -0.21331 2.388
82.708 17494 564.26 17493 0.65986 -0.047252 -0.73109 -0.21337 2.388
83.076 17621 569.38 17440 0.65216 -0.048681 -0.7311 -0.21338 2.3881
83.958 17926 581.95 17313 0.63369 -0.052105 -0.73111 -0.21343 2.3881
85.529 18465 605.42 17087 0.60098 -0.057818 -0.73113 -0.21351 2.3882
86.862 18920 626.5 16895 0.57382 -0.062034 -0.73114 -0.21358 2.3883
87.23 19045 632.51 16842 0.56648 -0.063092 -0.73115 -0.2136 2.3883
88.112 19344 647.27 16715 0.54919 -0.065479 -0.73115 -0.21365 2.3884
89.683 19872 674.75 16489 0.51956 -0.069021 -0.73115 -0.21374 2.3885
91.015 20317 699.25 16297 0.49569 -0.071253 -0.73115 -0.21383 2.3886
91.383 20440 706.2 16244 0.4893 -0.071777 -0.73115 -0.21385 2.3886
92.265 20732 723.18 16117 0.47432 -0.07288 -0.73115 -0.21391 2.3887
93.836 21248 754.52 15891 0.44879 -0.074244 -0.73113 -0.21402 2.3888
95.169 21683 782.18 15699 0.42817 -0.074866 -0.73112 -0.21411 2.3889
95.537 21802 789.99 15646 0.42264 -0.075012 -0.73111 -0.21414 2.3889
96.419 22087 808.98 15519 0.4096 -0.075348 -0.7311 -0.21421 2.389
97.99 22591 843.79 15292 0.38704 -0.076145 -0.73107 -0.21433 2.3891
99.323 23013 874.25 15100 0.36832 -0.077187 -0.73105 -0.21444 2.3893
99.691 23128 882.81 15047 0.36319 -0.07754 -0.73104 -0.21448 2.3893
100.25 23302 895.85 14967 0.35543 -0.078091 -0.73102 -0.21452 2.3894
101.49 23687 925.47 14788 0.33804 -0.079505 -0.73099 -0.21464 2.3895
103.27 24224 968.87 14532 0.31282 -0.081661 -0.73095 -0.2148 2.3897
105.36 24835 1021.6 14231 0.28229 -0.083079 -0.73088 -0.21501 2.3899
107.52 25431 1077.9 13919 0.25019 -0.082562 -0.7308 -0.21524 2.3902
109.48 25936 1130.7 13636 0.22079 -0.080219 -0.73072 -0.21546 2.3904
111.01 26303 1173.1 13415 0.19794 -0.077062 -0.73065 -0.21564 2.3906
111.93 26510 1198.8 13283 0.18438 -0.074661 -0.73061 -0.21575 2.3908
112.15 26558 1205.1 13251 0.18112 -0.074013 -0.7306 -0.21578 2.3908
112.71 26677 1221 13171 0.17298 -0.072316 -0.73057 -0.21585 2.3909
113.95 26928 1256.8 12992 0.15508 -0.067992 -0.73051 -0.21601 2.3911
115.73 27252 1309.3 12735 0.13061 -0.060501 -0.73041 -0.21624 2.3913
117.82 27580 1373.4 12433 0.10441 -0.049697 -0.73029 -0.21653 2.3917
119.98 27861 1442.7 12122 0.081517 -0.036287 -0.73016 -0.21685 2.392
121.94 28072 1508.3 11839 0.065199 -0.022123 -0.73003 -0.21715 2.3924
123.48 28213 1560.5 11617 0.05593 -0.0097583 -0.72992 -0.21739 2.3926
124.39 28291 1592.2 11485 0.05186 -0.0018885 -0.72986 -0.21754 2.3928
124.61 28309 1600 11453 0.051032 5.0017e-05 -0.72984 -0.21758 2.3929
