time (s) altitude (m) longitude (rad) latitude (rad) velocity (m/s) trajectory angle (rad) heading angle (rad) angle of attack (rad) bank angle (rad) fuel mass (kg) Third Stage (flag)
124.62 28968 2.3857 -0.20437 1604.1 0.11339 1.7051 1.2431e-06 0.11675 1562 1
127.49 29464 2.3857 -0.20366 1607.6 0.10195 1.7058 0.0017802 0.11329 1558.2 1
132.61 30220 2.3855 -0.20239 1613.9 0.081657 1.707 0.004838 0.099156 1552 1
136.96 30733 2.3853 -0.2013 1619.3 0.06484 1.7079 0.0092446 0.087471 1547 1
138.16 30855 2.3853 -0.201 1620.9 0.060367 1.7081 0.011088 0.085275 1545.7 1
141.03 31112 2.3852 -0.20028 1624.8 0.049761 1.7087 0.012212 0.077095 1542.5 1
146.15 31449 2.385 -0.19899 1632.2 0.031358 1.7095 0.016571 0.05526 1536.9 1
150.5 31619 2.3848 -0.19789 1639.2 0.016581 1.7101 0.019772 0.043916 1532.2 1
151.7 31648 2.3848 -0.19759 1641.2 0.012602 1.7103 0.021149 0.041851 1530.9 1
154.57 31685 2.3847 -0.19686 1646.3 0.0033633 1.7106 0.02243 0.035246 1527.7 1
159.7 31647 2.3845 -0.19555 1656.3 -0.012159 1.7111 0.026213 0.020799 1521.9 1
164.04 31516 2.3843 -0.19443 1665.7 -0.024073 1.7114 0.028966 0.016272 1516.6 1
165.24 31464 2.3843 -0.19412 1668.5 -0.027166 1.7115 0.030046 0.015341 1515.1 1
169.55 31231 2.3841 -0.19301 1679.1 -0.037374 1.7117 0.032048 0.0095589 1509.5 1
177.23 30646 2.3838 -0.191 1700.9 -0.051887 1.712 0.035571 0.0088427 1498.1 1
183.75 30019 2.3836 -0.18928 1722.9 -0.059845 1.7125 0.037223 0.021251 1486.7 1
185.55 29831 2.3835 -0.1888 1729.5 -0.061301 1.7127 0.038686 0.022563 1483.2 1
189.86 29365 2.3834 -0.18764 1746.8 -0.062556 1.7132 0.04111 0.021636 1473.9 1
197.55 28544 2.3831 -0.18555 1782.3 -0.056992 1.7144 0.045409 0.026002 1454.3 1
204.06 27944 2.3828 -0.18374 1816.7 -0.044076 1.7158 0.047697 0.035235 1434.2 1
205.86 27808 2.3827 -0.18324 1826.7 -0.039303 1.7164 0.048421 0.036788 1428.2 1
210.18 27549 2.3825 -0.18201 1851.7 -0.02568 1.7177 0.049081 0.035562 1413 1
217.86 27368 2.3822 -0.17978 1897.9 0.00014257 1.7202 0.043085 0.040471 1383.9 1
224.37 27488 2.3819 -0.17785 1937 0.01802 1.7225 0.036218 0.051443 1358.8 1
226.17 27558 2.3818 -0.17731 1947.6 0.021982 1.7232 0.034626 0.053084 1352 1
230.49 27778 2.3816 -0.17601 1972.4 0.029662 1.7248 0.030742 0.052282 1335.9 1
238.17 28306 2.3812 -0.17364 2014.5 0.038421 1.7273 0.027451 0.05506 1308.4 1
244.69 28843 2.3809 -0.1716 2047.8 0.042231 1.7294 0.025487 0.063861 1286.4 1
246.49 29000 2.3808 -0.17103 2056.6 0.042665 1.73 0.02404 0.065349 1280.6 1
250.8 29370 2.3806 -0.16966 2076.6 0.039635 1.7311 0.012148 0.064761 1267.6 1
258.48 29917 2.3802 -0.16718 2110 0.027966 1.7327 0.012007 0.069708 1246.3 1
265 30243 2.3798 -0.16505 2137.3 0.020179 1.7343 0.017138 0.078989 1228.5 1
266.8 30319 2.3797 -0.16446 2144.6 0.018298 1.7348 0.017917 0.080204 1223.6 1
271.11 30471 2.3795 -0.16302 2161.9 0.014273 1.736 0.018859 0.078943 1211.9 1
278.79 30650 2.379 -0.16045 2191.7 0.007256 1.738 0.018953 0.08032 1191.2 1
285.31 30716 2.3787 -0.15824 2216.4 0.0022076 1.7399 0.022323 0.085833 1173.3 1
287.11 30722 2.3785 -0.15762 2223.2 0.0013627 1.7405 0.02311 0.086276 1168.3 1
291.42 30726 2.3783 -0.15614 2239.4 -0.00069286 1.7419 0.022686 0.082695 1156.1 1
299.1 30685 2.3778 -0.15348 2267.8 -0.0038827 1.7441 0.022624 0.077971 1134 1
305.62 30611 2.3774 -0.15119 2291.7 -0.0058801 1.7461 0.022349 0.080234 1114.7 1
307.42 30586 2.3773 -0.15056 2298.2 -0.0063431 1.7466 0.021648 0.080119 1109.3 1
311.73 30515 2.377 -0.14903 2313.8 -0.0075869 1.7479 0.022053 0.075038 1096.1 1
319.41 30395 2.3765 -0.14628 2341.3 -0.0048067 1.7502 0.031958 0.066877 1071.1 1
325.93 30370 2.3761 -0.14392 2364.1 0.0022012 1.7524 0.031393 0.069087 1048.6 1
327.73 30385 2.376 -0.14327 2370.2 0.0036121 1.753 0.031055 0.06963 1042.4 1
330.61 30419 2.3758 -0.14222 2379.6 0.0063023 1.754 0.030736 0.06763 1032.5 1
335.73 30520 2.3754 -0.14034 2395.7 0.0098687 1.7555 0.025338 0.064842 1014.9 1
340.07 30627 2.3751 -0.13874 2408.5 0.0098889 1.7566 0.016529 0.066413 1000.7 1
341.27 30654 2.375 -0.13829 2411.9 0.0092011 1.7569 0.016128 0.066546 996.87 1
344.15 30713 2.3748 -0.13723 2420 0.0078057 1.7575 0.015921 0.064577 987.74 1
349.27 30794 2.3745 -0.13532 2434.2 0.0050749 1.7586 0.015124 0.062785 971.57 1
353.61 30834 2.3742 -0.13369 2445.9 0.0025212 1.7595 0.01463 0.065328 957.91 1
354.81 30841 2.3741 -0.13324 2449.1 0.0018056 1.7597 0.014462 0.065572 954.13 1
357.69 30848 2.3739 -0.13216 2456.8 0.00015814 1.7603 0.01463 0.063602 945.04 1
362.81 30830 2.3735 -0.13023 2470.5 -0.0027909 1.7613 0.015197 0.06136 928.76 1
367.15 30796 2.3732 -0.12858 2482.2 -0.0029068 1.7623 0.027383 0.06411 914.35 1
368.35 30788 2.3731 -0.12812 2485.5 -0.0017305 1.7627 0.027077 0.064501 910.12 1
371.23 30783 2.3729 -0.12702 2493.3 0.00020833 1.7635 0.026867 0.06292 900.1 1
376.35 30807 2.3725 -0.12506 2507 0.0035105 1.7648 0.025783 0.060202 882.2 1
380.69 30859 2.3721 -0.12338 2518.3 0.0059921 1.7659 0.025103 0.060265 867.04 1
381.89 30878 2.372 -0.12292 2521.4 0.0066436 1.7662 0.024625 0.060097 862.87 1
384.77 30934 2.3718 -0.12181 2528.5 0.0083417 1.7669 0.024455 0.057198 852.91 1
389.89 31040 2.3714 -0.11982 2543.1 0.0072037 1.7679 0.026483 0.051656 835.24 1
394.24 31102 2.3711 -0.11812 2557.4 0.0038646 1.7685 0.037387 0.051251 819.86 1
395.43 31112 2.371 -0.11765 2561 0.004383 1.7687 0.038559 0.051213 815.42 1
398.31 31146 2.3708 -0.11652 2569.7 0.0048668 1.7693 0.037119 0.049109 804.87 1
403.43 31212 2.3703 -0.1145 2584.6 0.0049495 1.7702 0.028094 0.048164 786.55 1
407.78 31265 2.37 -0.11278 2596.6 0.0041897 1.7709 0.026941 0.052244 771.47 1
408.98 31277 2.3699 -0.1123 2599.8 0.004248 1.7711 0.027453 0.052529 767.27 1
413.29 31327 2.3695 -0.11058 2611 0.0046639 1.7719 0.025833 0.050084 752.26 1
420.97 31422 2.3689 -0.1075 2629.7 0.0045909 1.7732 0.019131 0.052938 726.14 1
427.49 31495 2.3684 -0.10487 2644.5 0.0037574 1.7745 0.018116 0.06507 704.55 1
429.29 31512 2.3682 -0.10415 2648.4 0.0038984 1.7749 0.01729 0.067566 698.56 1
433.6 31556 2.3679 -0.1024 2657.4 0.0037372 1.7759 0.015528 0.069935 684.4 1
441.28 31629 2.3672 -0.099266 2672.4 0.0033945 1.7778 0.013341 0.084744 659.47 1
447.8 31686 2.3666 -0.096598 2684.1 0.0031261 1.7798 0.011493 0.10276 638.56 1
449.6 31701 2.3665 -0.09586 2687.1 0.0030083 1.7804 0.011216 0.10593 632.83 1
453.91 31735 2.3661 -0.094088 2694.2 0.0028512 1.7819 0.010265 0.10947 619.14 1
461.59 31791 2.3654 -0.090921 2705.9 0.0025592 1.7848 0.0086432 0.12715 594.96 1
468.11 31834 2.3648 -0.088226 2714.9 0.0023127 1.7877 0.0075771 0.14567 574.62 1
469.91 31845 2.3646 -0.087481 2717.2 0.0022695 1.7885 0.0071996 0.14889 569.03 1
474.22 31871 2.3642 -0.085692 2722.6 0.0021071 1.7906 0.006483 0.1528 555.67 1
481.9 31912 2.3635 -0.082501 2731.3 0.0018656 1.7946 0.0054277 0.1732 532.03 1
488.42 31944 2.3629 -0.079788 2737.8 0.00167 1.7984 0.0044919 0.19308 512.09 1
490.22 31952 2.3627 -0.079039 2739.5 0.0015924 1.7995 0.0041428 0.19449 506.6 1
493.1 31964 2.3624 -0.07784 2742.1 0.0014878 1.8012 0.0039651 0.19366 497.86 1
498.22 31984 2.3619 -0.075704 2746.3 0.0013603 1.8043 0.0032387 0.18871 482.33 1
502.56 31999 2.3615 -0.073891 2749.6 0.0011681 1.8068 0.0025401 0.17677 469.21 1
503.76 32003 2.3614 -0.07339 2750.4 0.0011033 1.8075 0.0050005 0.17152 465.6 1
506.64 32012 2.3611 -0.072189 2752.3 0.00096111 1.809 0.00078176 0.15566 456.96 1
511.76 32026 2.3606 -0.070049 2755.4 0.0019232 1.8112 0.0080311 0.1005 441.48 1
516.1 32090 2.3601 -0.068233 2756.8 0.010731 1.8129 0.021587 0.054966 427.57 1
517.3 32133 2.36 -0.067732 2756.8 0.01485 1.8133 0.035756 0.046505 423.59 1
520.18 32317 2.3597 -0.066531 2754.8 0.031459 1.8143 0.042098 0.033303 413.48 1
525.3 32985 2.3592 -0.064398 2748.4 0.064919 1.8158 0.055019 0.026273 396.08 1
529.64 33979 2.3587 -0.0626 2734 0.10472 1.8169 0.10281 0.01264 381.83 1
530.84 34344 2.3586 -0.062107 2726.5 0.12058 1.8171 0.10982 0 377.81 1
530.84 34344 2.3586 -0.062107 2726.5 0.12058 1.8171 0.10982 0 377.81 0
540.42 38289 2.3576 -0.058297 2624 0.17625 1.8491 0.087122 0.90308 377.8 0
557.48 45509 2.3554 -0.051887 2540.3 0.13537 1.9323 0.11507 1.5707 377.8 0
571.95 49434 2.3533 -0.046648 2491.1 0.091569 1.9609 0.14868 1.3843 377.8 0
575.95 50361 2.3528 -0.045226 2482.1 0.077567 1.9731 0.13865 1.5705 377.8 0
585.53 51796 2.3513 -0.041852 2463.4 0.043501 1.9898 0.14275 1.5691 377.8 0
602.59 52329 2.3486 -0.035942 2440.9 -0.018098 2.0159 0.14495 1.5691 377.8 0
617.06 50779 2.3461 -0.031023 2428.9 -0.069752 2.0393 0.13984 1.4718 377.8 0
621.06 50035 2.3455 -0.029682 2426.2 -0.083433 2.0465 0.14062 1.3844 377.8 0
630.63 47739 2.3438 -0.026503 2418.4 -0.11468 2.0679 0.14887 1.3839 377.78 0
647.69 42093 2.3406 -0.021032 2383.3 -0.15676 2.1406 0.17452 1.2347 377.79 0
662.17 36654 2.3375 -0.01682 2294.1 -0.15771 2.2821 0.17452 1.1881 377.78 0
666.16 35263 2.3366 -0.015784 2252.3 -0.1491 2.343 0.16518 1.1723 377.78 0
673.35 33073 2.3347 -0.014139 2161.6 -0.12806 2.4729 0.14849 1.2179 377.78 0
686.14 30096 2.3312 -0.012034 1985 -0.099086 2.7462 0.11044 1.317 377.78 0
696.99 28133 2.3281 -0.011203 1828.2 -0.095418 3.025 0.11189 1.4108 377.78 0
699.99 27606 2.3273 -0.011141 1776.9 -0.096676 3.1198 0.11608 1.4964 377.78 0
707.17 26417 2.3254 -0.01134 1640.7 -0.091772 3.3764 0.11586 1.3229 379.08 0
719.97 25201 2.3226 -0.012706 1541.3 -0.021164 3.8109 0.095975 1.1849 361.67 0
730.82 25321 2.3208 -0.014665 1632.8 0.025107 4.1078 0.078858 1.2916 322.34 0
733.82 25448 2.3204 -0.015318 1646.5 0.028667 4.1918 0.076518 1.343 312.33 0
741 25900 2.3196 -0.01703 1709.3 0.057125 4.3707 0.076621 1.0578 284.11 0
753.8 28736 2.3188 -0.020423 1801.1 0.2039 4.5935 0.099635 0.55654 233.99 0
764.65 33911 2.3186 -0.02339 1822.2 0.31614 4.6772 0.10262 0.46169 205.37 0
767.65 35649 2.3186 -0.024195 1819.7 0.32035 4.6902 0.090076 0.46854 201.81 0
774.83 39746 2.3186 -0.026103 1774.8 0.32229 4.7095 0.079412 0.47164 201.8 0
787.63 46484 2.3186 -0.029424 1722.1 0.28396 4.723 0.071386 0.48383 201.81 0
798.48 51257 2.3186 -0.03221 1688.9 0.23812 4.7286 0.075601 0.52913 201.73 0
801.48 52421 2.3186 -0.032974 1681.6 0.22365 4.7294 0.073711 0.54388 201.66 0
811.06 55604 2.3187 -0.035414 1661.1 0.17635 4.7317 0.072796 0.52738 201.5 0
828.12 59309 2.3188 -0.039746 1637.2 0.087011 4.7344 0.070553 0.54358 201.41 0
842.59 60439 2.3189 -0.043414 1629.4 0.0085148 4.7362 0.069988 0.60046 201.28 0
846.59 60424 2.3189 -0.044426 1629.2 -0.013304 4.7367 0.069935 0.60588 201.25 0
856.16 59809 2.3189 -0.046851 1632.2 -0.065443 4.738 0.068598 0.5828 201.17 0
873.22 56704 2.3191 -0.05117 1648.7 -0.1564 4.7409 0.063576 0.55509 201.06 0
887.7 52086 2.3192 -0.054837 1672.6 -0.22952 4.745 0.060107 0.56911 200.94 0
891.69 50499 2.3192 -0.055849 1680.6 -0.24867 4.7465 0.059526 0.56903 200.88 0
901.27 46197 2.3193 -0.058278 1700.4 -0.29043 4.7518 0.061458 0.53527 200.76 0
918.33 36936 2.3195 -0.062608 1728.6 -0.34008 4.7762 0.064229 0.47076 200.81 0
932.8 29084 2.3198 -0.066274 1694 -0.27923 4.8315 0.068912 0.3148 200.78 0
936.8 27371 2.32 -0.067283 1661.3 -0.22458 4.8561 0.077759 0.22236 200.79 0
946.38 25655 2.3204 -0.069724 1676.5 0.0085553 4.913 0.095327 0.18337 174.92 0
963.44 31022 2.3215 -0.073998 1689.6 0.33119 4.995 0.070943 0.2359 131.07 0
977.91 39372 2.3225 -0.077274 1513.8 0.33241 5.0221 0.046584 0.29745 144.71 0
981.9 41073 2.3227 -0.078109 1522.4 0.32573 5.0251 0.052631 0.3119 139.93 0
991.48 45424 2.3234 -0.080143 1486.3 0.28619 5.03 0.049864 0.26659 139.93 0
1008.5 51419 2.3246 -0.083721 1440.5 0.19592 5.0335 0.048218 0.26721 139.93 0
1023 54577 2.3256 -0.086735 1416.2 0.11054 5.0359 0.051307 0.38283 139.93 0
1027 55134 2.3259 -0.087564 1411.9 0.085949 5.0365 0.051675 0.40262 139.93 0
1036.6 55894 2.3266 -0.089549 1405.4 0.026553 5.038 0.050962 0.34088 139.93 0
1053.6 55255 2.3278 -0.093079 1407.7 -0.079646 5.0401 0.050668 0.26557 139.93 0
1068.1 52728 2.3288 -0.096069 1422.5 -0.16719 5.0426 0.05206 0.32121 139.93 0
1072.1 51714 2.3291 -0.096895 1428.5 -0.19051 5.0435 0.05228 0.33561 139.93 0
1079.3 49558 2.3296 -0.098378 1441 -0.23093 5.0454 0.050998 0.26222 139.93 0
1092.1 44693 2.3305 -0.10102 1467.5 -0.296 5.0488 0.051737 0.13756 139.93 0
1102.9 39675 2.3313 -0.10326 1489.6 -0.33691 5.0529 0.057453 0.1452 139.93 0
1105.9 38179 2.3315 -0.10388 1494.5 -0.34417 5.0548 0.059396 0.14887 139.93 0
1113.1 34515 2.3321 -0.10536 1496.1 -0.34729 5.0604 0.068638 0.11255 140.47 0
1125.9 28530 2.3331 -0.10804 1519.8 -0.2641 5.079 0.085346 0.10416 131.95 0
1136.8 25461 2.334 -0.11044 1592.8 -0.088389 5.1043 0.070515 0.096843 106.39 0
1139.8 25189 2.3343 -0.11114 1615.8 -0.026515 5.1119 0.064112 0.11094 96.683 0
1147 25690 2.3351 -0.11283 1681.2 0.1054 5.1307 0.057381 0.10348 70.735 0
1159.8 29915 2.3365 -0.11591 1769.9 0.25895 5.152 0.056035 0.082259 30.755 0
1170.6 35325 2.3377 -0.11854 1790.3 0.2895 5.1583 0.045165 0.063102 13.323 0
1173.6 36830 2.3381 -0.11926 1789.7 0.28656 5.1591 0.031853 0.095855 10.779 0
1180.8 40321 2.3389 -0.12099 1758.9 0.26683 5.1604 0.016022 0.076497 10.776 0
1193.6 45637 2.3404 -0.12402 1720.6 0.21325 5.1615 0.021093 0.13502 10.788 0
1204.4 49117 2.3416 -0.12657 1695.1 0.16542 5.1633 0.052261 0.26297 10.702 0
1207.4 49922 2.342 -0.12728 1689.6 0.15153 5.164 0.052614 0.27855 10.623 0
1217 51995 2.3431 -0.12951 1674.7 0.10633 5.1656 0.061592 0.18951 10.441 0
1234.1 53850 2.345 -0.13348 1659.1 0.023952 5.1675 0.081533 0.10517 10.402 0
1248.5 53582 2.3467 -0.13683 1656.5 -0.046147 5.1693 0.090828 0.20446 10.257 0
1252.5 53214 2.3471 -0.13775 1657.4 -0.065344 5.1702 0.093889 0.22049 10.201 0
1262.1 51821 2.3482 -0.13996 1662 -0.10972 5.172 0.1033 0.1208 10.089 0
1279.2 47693 2.3502 -0.14389 1674.8 -0.17826 5.1739 0.12391 0.005189 10.11 0
1293.7 42883 2.3519 -0.14721 1683.7 -0.21604 5.1756 0.12427 0.039107 10.087 0
1297.6 41420 2.3524 -0.14813 1684.2 -0.22109 5.1767 0.12274 0.061444 10.096 0
1307.2 37850 2.3535 -0.15032 1678.4 -0.21659 5.1788 0.12583 0.014006 9.8263 0
1324.3 33054 2.3554 -0.15417 1604.2 -0.11001 5.1836 0.12343 0.022454 10.676 0
1338.8 32063 2.3571 -0.15733 1544.6 0.024455 5.1889 0.10412 0.012838 5.127 0
1342.8 32321 2.3575 -0.15818 1557.1 0.044456 5.1893 0.10218 0.032261 0 0
1352.3 33479 2.3586 -0.16019 1493.6 0.10794 5.1926 0.088036 0.018391 0 0
1369.4 36619 2.3604 -0.16359 1414.8 0.1297 5.1948 0.054889 0.011657 0 0
1383.9 38875 2.3618 -0.16636 1375.3 0.088977 5.196 0.051719 0.01429 0 0
1387.9 39322 2.3623 -0.16711 1366.1 0.076785 5.1963 0.053083 0.06235 0 0
1397.4 40093 2.3632 -0.1689 1348.4 0.040923 5.1978 0.050688 0.016061 0 0
1414.5 40230 2.3649 -0.17205 1327.3 -0.028641 5.1985 0.057756 -0.0038193 0 0
1429 39200 2.3663 -0.17468 1312.6 -0.076121 5.1997 0.090367 0.019539 0 0
1433 38777 2.3667 -0.1754 1307.4 -0.084048 5.2004 0.10177 0.046374 0 0
1442.5 37664 2.3676 -0.17711 1292.7 -0.091682 5.2018 0.1195 -0.0013234 0 0
1459.6 35881 2.3692 -0.18009 1250.7 -0.06582 5.2025 0.13084 0.0036306 0 0
1474.1 35074 2.3706 -0.18253 1201.1 -0.023516 5.204 0.11908 2.0747e-05 0 0
1478.1 34991 2.3709 -0.18319 1186.9 -0.014047 5.204 0.12036 0.030306 0 0
1487.6 34976 2.3718 -0.18473 1150 0.010449 5.2055 0.11943 -0.0037131 0 0
1504.7 35458 2.3732 -0.18734 1082.7 0.035925 5.205 0.11687 -0.0014639 0 0
1519.2 36013 2.3743 -0.18944 1028.8 0.032124 5.2061 0.11495 0.0022742 0 0
1523.2 36132 2.3746 -0.19 1014.9 0.027224 5.2062 0.11433 0.047499 0 0
1532.8 36316 2.3754 -0.19132 983.09 0.010068 5.2081 0.11529 -0.0021062 0 0
1549.8 36146 2.3766 -0.19356 931.63 -0.033496 5.2068 0.11371 -0.016562 0 0
1564.3 35420 2.3776 -0.19537 891.83 -0.077425 5.2078 0.1078 0.026823 0 0
1568.3 35124 2.3779 -0.19585 881.14 -0.08974 5.2091 0.1069 0.064643 0 0
1577.9 34266 2.3785 -0.19699 854.54 -0.11634 5.2119 0.1062 0.00037976 0 0
1594.9 32375 2.3796 -0.1989 799.51 -0.14967 5.2092 0.10037 -0.028537 0 0
1609.4 30620 2.3804 -0.20042 740.86 -0.1641 5.2087 0.093229 0.021093 0 0
1613.4 30139 2.3806 -0.20081 722.41 -0.16657 5.2106 0.092224 0.05774 0 0
1623 29019 2.3811 -0.20172 673.95 -0.16978 5.2136 0.090574 -0.012467 0 0
1640 27186 2.3819 -0.20317 578.74 -0.17541 5.2061 0.089548 -0.034252 0 0
1654.5 25792 2.3825 -0.20422 498.3 -0.18641 5.2055 0.093011 0.031283 0 0
1658.5 25426 2.3826 -0.20448 477.54 -0.19035 5.2092 0.094046 0.070416 0 0
1668.1 24579 2.383 -0.20507 431.43 -0.2011 5.2148 0.098811 -0.010748 0 0
1685.1 23191 2.3835 -0.20598 363.19 -0.21177 5.2 0.10962 -0.042366 0 0
1699.6 22147 2.3838 -0.20664 320.42 -0.21411 5.1977 0.11122 0.041745 0 0
1703.6 21879 2.3839 -0.20682 311.16 -0.21616 5.2056 0.11117 0.078867 0 0
1713.2 21258 2.3841 -0.2072 291.8 -0.21701 5.2155 0.11243 -0.009064 0 0
1730.2 20236 2.3845 -0.20784 265.45 -0.22018 5.1928 0.10805 -0.046758 0 0
1744.7 19386 2.3848 -0.20834 250.69 -0.24583 5.1877 0.097358 0.043791 0 0
1748.7 19137 2.3848 -0.20848 248 -0.25875 5.1976 0.095644 0.090125 0 0
1755.9 18672 2.385 -0.20871 243.72 -0.27478 5.2097 0.092986 0.00082227 0 0
1768.7 17794 2.3852 -0.20912 238.03 -0.30469 5.1891 0.080533 -0.063297 0 0
1779.5 16983 2.3854 -0.20946 235.75 -0.33936 5.1821 0.069207 0.058685 0 0
1782.5 16744 2.3854 -0.20955 235.67 -0.34777 5.1931 0.067361 0.081678 0 0
1789.7 16158 2.3855 -0.20977 235.34 -0.35957 5.2022 0.061996 -0.017778 0 0
1802.5 15080 2.3857 -0.21016 235.14 -0.3697 5.1671 0.050202 -0.090468 0 0
1813.4 14167 2.3859 -0.2105 232.72 -0.36193 5.1507 0.046558 0.048781 0 0
1816.4 13923 2.3859 -0.21059 230.87 -0.35165 5.1626 0.045841 0.069873 0 0
1823.6 13377 2.386 -0.21081 224.75 -0.32952 5.167 0.042755 -0.041428 0 0
1836.3 12499 2.3862 -0.21118 209.15 -0.31918 5.1148 0.036241 -0.098488 0 0
1847.2 11795 2.3863 -0.21149 195.09 -0.33959 5.1104 0.035798 0.12288 0 0
1850.2 11599 2.3864 -0.21156 191.83 -0.34264 5.1369 0.036476 0.15374 0 0
1857.4 11141 2.3865 -0.21174 183.85 -0.34577 5.182 0.03832 0.090911 0 0
1870.2 10420 2.3866 -0.21204 167.23 -0.29763 5.2466 0.053722 0.11224 0 0
1881 9958.3 2.3868 -0.21225 150.55 -0.24599 5.4027 0.068005 0.35453 0 0
1884 9852.2 2.3868 -0.2123 146.3 -0.24987 5.4876 0.068626 0.4032 0 0
