time (s) altitude (m) longitude (rad) latitude (rad) velocity (m/s) trajectory angle (rad) heading angle (rad) angle of attack (rad) bank angle (rad) fuel mass (kg) 
100.54 24898 2.3868 -0.2123 1500 0.015966 1.525 0.010018 0.11385 1562
104.2 24978 2.3869 -0.21144 1507.6 0.013387 1.5274 0.011635 0.10462 1554.7
110.72 25099 2.3869 -0.2099 1522.2 0.011766 1.5311 0.015464 0.076566 1541.3
116.25 25201 2.387 -0.20858 1535.5 0.012613 1.5337 0.015941 0.062905 1529.5
117.77 25232 2.387 -0.20821 1539.3 0.01274 1.5343 0.016898 0.061219 1526.1
121.43 25306 2.387 -0.20733 1548.6 0.013501 1.5357 0.015901 0.052104 1518.1
127.95 25447 2.3871 -0.20574 1566.1 0.014195 1.5378 0.015504 0.041759 1503.4
133.48 25573 2.3871 -0.20438 1581.7 0.014775 1.5394 0.01557 0.050867 1490.5
135.01 25609 2.3871 -0.20401 1586.2 0.014935 1.54 0.016025 0.051974 1486.9
138.67 25697 2.3872 -0.2031 1597.2 0.015364 1.5412 0.015322 0.049852 1478.1
145.19 25860 2.3872 -0.20146 1617.6 0.015723 1.5433 0.015196 0.053351 1462.1
150.72 26003 2.3873 -0.20005 1635.8 0.016073 1.5454 0.01522 0.064548 1448.1
152.24 26043 2.3873 -0.19966 1641 0.016152 1.546 0.015872 0.0657 1444.2
155.9 26142 2.3873 -0.19872 1653.7 0.016326 1.5475 0.014596 0.063016 1434.6
162.42 26317 2.3873 -0.19702 1677.3 0.015864 1.5499 0.014151 0.061225 1417.1
167.95 26462 2.3874 -0.19557 1698.3 0.01522 1.552 0.013378 0.066147 1401.8
169.48 26501 2.3874 -0.19516 1704.2 0.014884 1.5525 0.014597 0.066544 1397.5
173.14 26595 2.3874 -0.19418 1718.9 0.015101 1.5539 0.015352 0.062139 1387
179.66 26771 2.3874 -0.19242 1746.2 0.01631 1.5562 0.016356 0.055553 1367.4
185.19 26940 2.3874 -0.1909 1770.4 0.018664 1.5582 0.01901 0.058484 1350.1
186.72 26992 2.3874 -0.19047 1777.2 0.019771 1.5588 0.022606 0.058731 1345.2
190.38 27130 2.3874 -0.18945 1793.1 0.021323 1.56 0.012683 0.054507 1333.6
196.9 27347 2.3875 -0.18761 1819.9 0.015184 1.5616 0.0065794 0.047355 1314.1
202.43 27494 2.3875 -0.18603 1843.7 0.016011 1.5632 0.031031 0.049884 1296.9
203.95 27543 2.3875 -0.18559 1850.9 0.020679 1.5638 0.02487 0.050449 1291.6
207.61 27685 2.3875 -0.18453 1866.2 0.019025 1.5647 0.00015962 0.048732 1280.5
214.13 27823 2.3875 -0.18261 1892.3 0.0034785 1.5657 3.1479e-05 0.049384 1262.3
219.66 27842 2.3875 -0.18097 1917.5 0.0048635 1.5674 0.036534 0.056557 1244.9
221.19 27865 2.3875 -0.18051 1925.3 0.010815 1.5682 0.037429 0.058815 1239.2
224.85 27986 2.3875 -0.1794 1943.3 0.022171 1.57 0.034125 0.06494 1226.1
231.37 28312 2.3875 -0.17741 1972.1 0.025311 1.5727 1.7432e-05 0.095432 1205.3
236.9 28530 2.3875 -0.17569 1994 0.012215 1.5743 2.6595e-05 0.12415 1189.9
238.43 28558 2.3875 -0.17522 2000.5 0.010617 1.575 0.00029174 0.12955 1185.4
242.09 28608 2.3875 -0.17407 2015.8 0.0035173 1.5763 1.6703e-05 0.14066 1175.1
248.6 28627 2.3875 -0.172 2045.3 0.0018425 1.5811 0.025893 0.1802 1154.8
254.13 28699 2.3875 -0.17022 2072.5 0.012794 1.5882 0.028604 0.21385 1135.5
255.66 28747 2.3874 -0.16973 2079.8 0.014727 1.5901 0.031046 0.22037 1130.3
259.32 28896 2.3874 -0.16853 2097.7 0.023184 1.5959 0.03256 0.23453 1117.4
265.84 29247 2.3874 -0.16638 2126.1 0.024927 1.6035 2.3916e-05 0.28311 1096.5
271.37 29479 2.3873 -0.16454 2146.7 0.012 1.6071 4.1754e-05 0.3216 1081.2
272.9 29509 2.3873 -0.16403 2152.6 0.0103 1.6087 0.014289 0.32996 1076.7
276.56 29586 2.3872 -0.16279 2166.7 0.0093254 1.6138 0.015603 0.3513 1065.5
283.08 29705 2.3871 -0.16058 2191 0.0074458 1.624 0.015817 0.41948 1045.4
288.61 29790 2.387 -0.15868 2211.1 0.006891 1.6346 0.02268 0.46596 1028.1
290.13 29814 2.387 -0.15815 2216.8 0.0076349 1.6381 0.020651 0.47385 1023.2
293.79 29879 2.3869 -0.15688 2229.9 0.0088787 1.6465 0.025907 0.48873 1011.4
300.31 30041 2.3867 -0.15461 2252.7 0.012867 1.6631 0.024554 0.51102 990.02
305.84 30193 2.3865 -0.15266 2269.9 0.0096954 1.6737 1.7572e-05 0.50125 973.15
307.37 30222 2.3864 -0.15212 2274.3 0.0059953 1.6749 0.0065705 0.49705 969.03
311.03 30263 2.3863 -0.15083 2285.3 0.0046584 1.6819 0.024027 0.47871 957.79
317.55 30360 2.386 -0.14851 2305.3 0.0086157 1.6961 0.023371 0.4157 936.75
323.08 30473 2.3857 -0.14653 2320.4 0.0073057 1.7043 0.0081779 0.36261 919.83
324.61 30494 2.3857 -0.14598 2324.2 0.0055111 1.7059 0.021731 0.3481 915.42
328.27 30554 2.3855 -0.14466 2334.2 0.0076644 1.7115 0.022557 0.32026 903.81
334.78 30647 2.3851 -0.1423 2350.4 0.0034383 1.7179 1.285e-05 0.2511 884.55
340.32 30652 2.3848 -0.14028 2363.6 -0.002595 1.7211 0.022987 0.20416 868.64
341.84 30640 2.3848 -0.13973 2367.7 -1.273e-05 1.7229 0.0263 0.19124 863.53
345.5 30653 2.3845 -0.13839 2377 0.0032513 1.7261 0.024392 0.16726 851.71
352.02 30758 2.3842 -0.13599 2392.7 0.0098599 1.7305 0.024894 0.11369 830.55
357.55 30899 2.3838 -0.13394 2404.4 0.010017 1.7326 1.5425e-06 0.090121 813.63
359.08 30933 2.3837 -0.13338 2407.1 0.0065811 1.7328 3.8466e-05 0.085646 809.55
362.74 30979 2.3835 -0.13202 2414.3 0.0042859 1.7338 0.015721 0.07455 798.85
369.26 31050 2.3831 -0.12958 2427.4 0.0052132 1.7354 0.015232 0.052665 779.01
374.79 31120 2.3827 -0.12751 2437.9 0.0042281 1.7364 0.015107 0.048346 762.51
376.31 31133 2.3827 -0.12694 2440.8 0.0044067 1.7367 0.011697 0.047976 757.89
379.97 31159 2.3824 -0.12556 2447.3 0.0010941 1.7372 0.0033518 0.042389 747.42
386.49 31127 2.382 -0.1231 2459.1 -0.0041943 1.738 0.014033 0.042113 728.57
392.02 31082 2.3816 -0.121 2469.9 -0.00058168 1.7391 0.027588 0.051143 711.05
393.55 31085 2.3815 -0.12042 2472.9 0.0015263 1.7395 0.026917 0.051311 706
397.21 31117 2.3813 -0.11902 2479.6 0.0042455 1.7403 0.015834 0.045546 694.28
403.73 31150 2.3809 -0.11653 2491.1 -0.0011846 1.7411 1.399e-05 0.037731 675.08
409.26 31104 2.3805 -0.1144 2501.4 -0.0041286 1.7418 0.026433 0.041076 658.41
410.79 31090 2.3804 -0.11381 2504.4 -0.00081065 1.7422 0.026984 0.041723 653.08
414.45 31112 2.3802 -0.1124 2511.2 0.004808 1.743 0.02641 0.037834 640.68
420.97 31203 2.3797 -0.10988 2522.7 0.0044359 1.7438 1.8884e-05 0.03616 620.35
426.5 31227 2.3793 -0.10773 2532.3 -0.0012301 1.7444 0.018532 0.042174 604.04
428.02 31219 2.3792 -0.10713 2535.1 0.0010828 1.7447 0.026433 0.042595 598.88
431.68 31260 2.379 -0.1057 2541.5 0.0067471 1.7455 0.02681 0.039003 586.48
438.2 31386 2.3785 -0.10315 2552.2 0.0066693 1.7464 2.1652e-05 0.039907 566.21
443.73 31441 2.3781 -0.10097 2561.2 0.00065255 1.7471 0.017237 0.048044 550.13
445.26 31440 2.378 -0.10037 2563.8 0.0026802 1.7474 0.019307 0.048657 545.08
448.92 31472 2.3778 -0.098928 2569.8 0.0042341 1.7481 0.016752 0.043961 533.51
455.44 31564 2.3773 -0.096348 2580.2 0.0065991 1.7492 0.017423 0.04292 513.05
460.97 31668 2.3769 -0.094151 2588.7 0.0076425 1.7501 0.011544 0.05225 495.98
462.5 31698 2.3768 -0.093543 2590.9 0.007025 1.7504 0.01087 0.052611 491.45
467.98 31790 2.3764 -0.091354 2599.1 0.0059757 1.7512 0.012439 0.040986 475.05
477.76 31919 2.3757 -0.08744 2613.3 0.0040923 1.7524 0.011373 0.034094 446.1
486.06 31986 2.3751 -0.084102 2625.2 0.0018923 1.7535 0.012122 0.052983 421.79
488.35 31995 2.3749 -0.083178 2628.5 0.00158 1.7539 0.013183 0.055007 415.04
493.84 32013 2.3745 -0.080959 2636.4 0.00083656 1.7548 0.01219 0.043513 398.83
503.62 32015 2.3737 -0.076991 2650.3 -0.00062646 1.756 0.012269 0.032332 369.88
511.91 31992 2.3731 -0.073609 2662.1 -0.0013311 1.757 0.012223 0.048774 345.04
514.2 31984 2.3729 -0.072673 2665.4 -0.0015121 1.7574 0.01363 0.052487 338.14
517.86 31970 2.3726 -0.071175 2670.6 -0.0013134 1.7581 0.013047 0.047762 326.99
524.38 31950 2.3721 -0.068499 2679.7 -0.0010127 1.759 0.012772 0.043291 307.03
529.91 31937 2.3717 -0.066222 2687.5 -0.00070322 1.7599 0.012348 0.05005 289.98
531.44 31934 2.3716 -0.065592 2689.6 -0.00064926 1.7602 0.013293 0.050802 285.27
535.1 31929 2.3713 -0.064081 2694.6 -0.00030782 1.7607 0.012178 0.044914 273.9
541.62 31926 2.3707 -0.061383 2703.6 -0.00015323 1.7616 0.011354 0.039869 253.66
547.15 31923 2.3703 -0.059087 2711.1 -0.00026459 1.7624 0.010483 0.048704 236.46
548.68 31922 2.3702 -0.058452 2713.1 -0.00038227 1.7627 0.011351 0.049865 231.72
552.34 31918 2.3699 -0.056929 2718.1 -0.00041751 1.7632 0.010718 0.04454 220.28
558.85 31915 2.3694 -0.054209 2726.8 0.0002959 1.7641 0.013065 0.037522 199.7
564.38 31931 2.3689 -0.051894 2734 0.0019951 1.7649 0.013228 0.0451 182
565.91 31941 2.3688 -0.051254 2735.9 0.002361 1.7651 0.01366 0.047161 177.14
569.57 31969 2.3685 -0.049719 2740.6 0.0034394 1.7657 0.01341 0.044189 165.44
576.09 32053 2.3679 -0.046978 2748.5 0.0059722 1.7667 0.014846 0.042136 144.6
581.62 32156 2.3675 -0.044647 2755 0.0071987 1.7676 0.0091089 0.052645 127.24
583.15 32186 2.3673 -0.044003 2756.8 0.0066497 1.7678 0.0074632 0.054145 122.64
586.81 32242 2.367 -0.042456 2761.1 0.0038878 1.7683 5.4701e-05 0.050298 111.89
593.33 32236 2.3665 -0.039696 2769.2 -0.004374 1.7689 4.4796e-05 0.046392 93.33
598.86 32147 2.366 -0.037349 2776.2 -0.0056525 1.7696 0.020219 0.045983 76.449
600.38 32126 2.3659 -0.036699 2777.9 -0.0033996 1.7699 0.037119 0.043009 71.298
604.04 32129 2.3656 -0.035147 2774.1 0.0050187 1.7707 0.036496 0.031068 58.458
610.56 32490 2.365 -0.032343 2860.6 0.03896 1.7714 0.094449 0.0040018 32.546
616.09 33526 2.3645 -0.029889 2947.9 0.094741 1.7718 0.13831 0.0087524 7.0972
617.62 34000 2.3643 -0.029202 2919.7 0.11075 1.7721 0.1534 0 0.41482
617.62 34000 2.3643 -0.029202 2919.7 0.11075 1.7721 0.1534 0 0.41482
621.02 35407 2.364 -0.027722 2842.7 0.17387 1.782 0.14299 0.27565 0.41215
627.07 38872 2.3634 -0.025207 2753.8 0.2279 1.8222 0.12245 0.79638 0.41141
632.21 42094 2.3629 -0.023155 2710.9 0.23099 1.853 0.10834 1.1878 0.40936
633.63 42968 2.3627 -0.022595 2701.6 0.22931 1.8596 0.10575 1.2757 0.40886
637.03 45014 2.3623 -0.021265 2683.2 0.2215 1.8726 0.10111 1.4257 0.40612
643.08 48428 2.3616 -0.018921 2658.3 0.20354 1.8879 0.089083 1.5063 0.40541
648.22 51074 2.3609 -0.016948 2642.3 0.18807 1.8957 0.082246 1.3367 0.40333
649.63 51767 2.3607 -0.016406 2638.4 0.18391 1.8974 0.081035 1.3287 0.40285
653.03 53359 2.3603 -0.015107 2629.8 0.17371 1.9008 0.07865 1.3221 0.39456
659.09 55959 2.3595 -0.012803 2616.6 0.15518 1.9053 0.072491 1.2423 0.39657
664.22 57927 2.3588 -0.010854 2607.2 0.1393 1.9079 0.069616 1.1273 0.39153
665.64 58432 2.3586 -0.010317 2604.8 0.1349 1.9085 0.069205 1.1108 0.39048
669.04 59575 2.3582 -0.0090305 2599.6 0.12424 1.9097 0.068423 1.0979 0.37461
675.09 61373 2.3574 -0.0067426 2591.4 0.10506 1.9115 0.066787 1.0275 0.37773
680.23 62659 2.3567 -0.0048043 2585.7 0.088623 1.9127 0.066481 0.95518 0.36907
681.65 62975 2.3565 -0.0042696 2584.3 0.084067 1.9129 0.066448 0.94435 0.36821
685.05 63664 2.356 -0.0029886 2581.2 0.073095 1.9136 0.066415 0.93532 0.35171
691.1 64651 2.3552 -0.00070884 2576.7 0.053452 1.9145 0.06681 0.89464 0.35296
696.24 65247 2.3545 0.0012238 2573.9 0.03671 1.9152 0.067557 0.85488 0.34365
697.65 65373 2.3543 0.0017571 2573.3 0.032081 1.9154 0.067707 0.84885 0.34269
701.05 65605 2.3539 0.0030352 2572.1 0.020964 1.9158 0.068041 0.84529 0.3278
707.11 65777 2.353 0.0053104 2570.8 0.001155 1.9165 0.06935 0.82671 0.32785
712.24 65681 2.3523 0.00724 2570.7 -0.015645 1.9171 0.070526 0.80617 0.31885
713.66 65616 2.3522 0.0077725 2570.8 -0.020277 1.9173 0.070742 0.80347 0.31759
717.06 65390 2.3517 0.0090489 2571.3 -0.031374 1.9177 0.071285 0.8049 0.30251
723.11 64748 2.3509 0.011322 2572.9 -0.051052 1.9184 0.073393 0.8012 0.30255
728.25 63964 2.3502 0.013249 2575.2 -0.067637 1.9191 0.075165 0.79113 0.29352
729.67 63709 2.35 0.013782 2575.9 -0.07219 1.9193 0.075513 0.78993 0.29228
733.07 63030 2.3495 0.015057 2577.9 -0.083063 1.9199 0.076486 0.79383 0.27634
739.12 61585 2.3487 0.017328 2582.1 -0.10219 1.921 0.079844 0.79754 0.27738
744.26 60125 2.348 0.019254 2586.2 -0.1181 1.9222 0.082472 0.79164 0.2688
745.67 59685 2.3478 0.019785 2587.4 -0.12243 1.9226 0.082994 0.79103 0.26768
749.07 58566 2.3473 0.021059 2590.4 -0.13269 1.9236 0.084553 0.79657 0.25169
755.13 56350 2.3465 0.023327 2595.9 -0.15036 1.926 0.089729 0.8041 0.25524
760.26 54257 2.3458 0.025249 2600.4 -0.16452 1.9289 0.09355 0.79842 0.24895
761.68 53646 2.3456 0.025779 2601.6 -0.16825 1.9298 0.094286 0.7977 0.24903
765.08 52127 2.3451 0.027048 2604.3 -0.17685 1.9325 0.096599 0.80315 0.23835
771.13 49242 2.3442 0.029305 2607.6 -0.19042 1.939 0.10417 0.80673 0.24103
776.27 46646 2.3435 0.031212 2607.7 -0.19921 1.9474 0.10938 0.79619 0.23635
777.69 45911 2.3433 0.031736 2607.1 -0.20103 1.9503 0.11035 0.79508 0.23666
781.09 44128 2.3428 0.03299 2604.1 -0.20401 1.9587 0.11321 0.79884 0.23007
787.14 40941 2.3418 0.035204 2590 -0.20235 1.9814 0.12053 0.80583 0.23074
792.28 38341 2.341 0.037049 2565.2 -0.19097 2.0119 0.12348 0.81396 0.2272
793.69 37661 2.3408 0.037551 2555.7 -0.1858 2.0226 0.12379 0.81846 0.22698
797.09 36129 2.3402 0.038737 2527.5 -0.16954 2.0534 0.12475 0.84217 0.22369
803.15 33869 2.339 0.04076 2456.9 -0.12864 2.1298 0.12434 0.91971 0.22271
808.28 32531 2.3379 0.042351 2379.7 -0.086115 2.2159 0.12049 0.9716 0.22011
809.7 32263 2.3376 0.042765 2356.8 -0.073877 2.2421 0.11978 0.97894 0.21947
812.25 31890 2.337 0.043477 2314.1 -0.051474 2.2915 0.11876 1.0052 0.21606
816.79 31550 2.3359 0.044639 2237.8 -0.014927 2.3833 0.11476 1.0585 0.21504
820.64 31539 2.3349 0.045514 2176.4 0.011576 2.4603 0.11147 1.0625 0.21234
821.71 31573 2.3346 0.045738 2160.1 0.018608 2.4807 0.11091 1.0628 0.21168
824.25 31717 2.3339 0.046244 2122.7 0.033819 2.5286 0.10972 1.0776 0.20816
828.79 32146 2.3327 0.047047 2061.9 0.055579 2.6078 0.10579 1.0852 0.20709
832.65 32640 2.3316 0.047638 2016.9 0.069964 2.6668 0.10309 1.0519 0.20431
833.71 32794 2.3313 0.047788 2005.4 0.073671 2.6816 0.10266 1.0464 0.20362
836.26 33187 2.3306 0.048127 1979.4 0.081169 2.7152 0.10187 1.0436 0.19999
840.8 33955 2.3293 0.048664 1938.3 0.091074 2.7679 0.099377 1.0102 0.19888
844.65 34651 2.3282 0.049064 1908.1 0.096981 2.8055 0.097866 0.96307 0.19602
845.72 34848 2.3279 0.049166 1900.4 0.098307 2.8148 0.097654 0.95545 0.19532
848.26 35328 2.3272 0.049399 1882.9 0.10058 2.8358 0.097384 0.94515 0.19059
852.8 36188 2.3259 0.049775 1854.9 0.10225 2.8684 0.096629 0.90333 0.18991
856.66 36913 2.3249 0.050059 1834 0.10177 2.8918 0.096305 0.86612 0.18668
857.72 37110 2.3246 0.050133 1828.6 0.10133 2.8977 0.096287 0.86074 0.18612
861.12 37730 2.3237 0.050357 1812.4 0.098974 2.9152 0.096638 0.84716 0.17945
867.17 38771 2.322 0.050714 1786.7 0.092091 2.942 0.097785 0.79344 0.17957
872.31 39576 2.3206 0.050981 1767.6 0.084291 2.9609 0.098605 0.74867 0.17569
873.73 39784 2.3202 0.05105 1762.7 0.081818 2.9656 0.098785 0.74155 0.1753
877.13 40253 2.3193 0.051208 1751.7 0.075331 2.9763 0.099544 0.72739 0.16053
883.18 40980 2.3177 0.051464 1733.9 0.062374 2.9933 0.10161 0.68824 0.16437
888.32 41481 2.3163 0.051659 1720.4 0.050293 3.0061 0.10279 0.66569 0.15773
889.73 41599 2.3159 0.05171 1716.9 0.046773 3.0095 0.10301 0.66194 0.15798
893.13 41846 2.315 0.051826 1709 0.03806 3.0173 0.10392 0.65095 0.12739
899.19 42157 2.3134 0.052014 1696 0.022176 3.0304 0.10673 0.62172 0.13865
904.32 42290 2.3121 0.052158 1686 0.0085002 3.041 0.10844 0.60759 0.12568
905.74 42306 2.3117 0.052194 1683.4 0.0046937 3.0439 0.10879 0.60411 0.1262
910.84 42288 2.3104 0.052318 1674.5 -0.0088229 3.0541 0.11135 0.57197 0.097748
919.92 41984 2.308 0.052503 1659.4 -0.030888 3.0718 0.1171 0.51352 0.10763
927.62 41484 2.306 0.052626 1647.2 -0.04733 3.0873 0.11844 0.51424 0.096565
929.75 41311 2.3055 0.052655 1643.8 -0.051605 3.0919 0.11862 0.51281 0.098131
934.85 40840 2.3042 0.052712 1635.7 -0.060811 3.103 0.11968 0.48422 0.049911
943.93 39849 2.3019 0.052778 1619.8 -0.072374 3.1236 0.12044 0.44733 0.068712
951.63 38914 2.3 0.052794 1604.6 -0.077677 3.1432 0.11801 0.47356 0.051452
953.76 38648 2.2994 0.052791 1600.1 -0.078563 3.1494 0.11752 0.47689 0.055179
958.86 38007 2.2982 0.052772 1588.5 -0.078867 3.1645 0.1165 0.45554 0.0023041
967.94 36908 2.2959 0.052689 1564.7 -0.073799 3.1936 0.10958 0.45929 0.0147
975.64 36066 2.2941 0.052567 1541.8 -0.066995 3.2224 0.10149 0.52966 0.00052505
977.77 35850 2.2936 0.052523 1535.1 -0.065178 3.2315 0.099995 0.54262 0.0055126
982.87 35363 2.2924 0.052401 1518.3 -0.059846 3.2544 0.09644 0.56286 0.0054931
991.95 34606 2.2902 0.052115 1486.9 -0.051678 3.2998 0.085367 0.65061 0.0054215
999.65 34041 2.2885 0.051798 1459.7 -0.04879 3.3437 0.078038 0.73011 0.0053665
1001.8 33890 2.288 0.051698 1452 -0.048473 3.3567 0.076858 0.74283 0.0053567
1005.2 33653 2.2873 0.051527 1439.6 -0.047974 3.3782 0.075428 0.76356 0.0053245
1011.2 33238 2.286 0.051184 1417 -0.048339 3.4191 0.070857 0.82325 0.0052063
1016.4 32883 2.2849 0.050856 1397.6 -0.050226 3.4562 0.067777 0.85618 0.0051186
1017.8 32783 2.2846 0.050759 1392.2 -0.050786 3.4668 0.067241 0.86193 0.0051046
1021.2 32541 2.2839 0.050515 1379.1 -0.052294 3.493 0.066021 0.88551 0.005057
1027.2 32094 2.2827 0.050041 1355.2 -0.055593 3.5429 0.063998 0.92087 0.0048766
1032.4 31703 2.2817 0.049599 1334.1 -0.057687 3.5883 0.063972 0.91089 0.0047444
1033.8 31594 2.2815 0.04947 1328 -0.057739 3.6013 0.063906 0.90968 0.0047263
1037.2 31334 2.2808 0.049149 1313.1 -0.057713 3.6333 0.063718 0.91814 0.0046584
1043.2 30885 2.2798 0.048538 1285.2 -0.056317 3.6941 0.063633 0.92124 0.0043802
1048.4 30527 2.2789 0.04798 1259.8 -0.052799 3.7489 0.064187 0.90181 0.0041743
1049.8 30434 2.2787 0.04782 1252.4 -0.051234 3.7644 0.064245 0.90083 0.0041536
1054.9 30128 2.2779 0.047222 1225.1 -0.045557 3.8226 0.064362 0.91672 0.004056
1064 29699 2.2766 0.046083 1171.6 -0.032072 3.9337 0.066875 0.89333 0.0035637
1071.7 29492 2.2757 0.045055 1120.7 -0.01317 4.0305 0.070434 0.81644 0.0031786
1073.8 29469 2.2755 0.044765 1105.8 -0.0062348 4.0565 0.071029 0.80546 0.003165
1078.9 29478 2.275 0.044063 1069.2 0.009405 4.1187 0.072293 0.78835 0.0029212
1088 29688 2.2742 0.042804 1002.1 0.034661 4.2238 0.075714 0.74039 0.0015127
1095.7 30008 2.2737 0.041749 945.02 0.049466 4.3043 0.077528 0.71623 0.00017619
1097.8 30109 2.2736 0.041462 929.6 0.051516 4.3251 0.077703 0.71471 0
