time (s) altitude (m) velocity (m/s) mass (kg) dynamic pressure (Pa)trajectory angle (rad) Lift (N)Drag (N)heading angle (rad) latitude (rad) angle of attack (rad) 
617.62 34000 2919.7 3300 40956 0.11075 12641 4086.4 1.7721 -0.029202 0.10538
619.85 34718 2944.1 3267 37203 0.1096 13575 4177.8 1.7721 -0.028209 0.11997
624.26 36144 2992.4 3201.8 30804 0.10922 16749 4867.8 1.7722 -0.02622 0.16353
629.14 37763 3046 3129.4 24937 0.11084 16806 4928.7 1.7723 -0.023977 0.19007
632.65 38956 3085.7 3077.5 21399 0.11169 14876 4372.7 1.7723 -0.022346 0.19421
633.56 39270 3096.3 3064.1 20564 0.11181 14352 4219 1.7724 -0.021919 0.19474
636.94 40448 3136.3 3014 17735 0.11211 13503 4008.2 1.7724 -0.020317 0.20707
642.97 42590 3210.3 2924.8 13626 0.11221 11314 3432.9 1.7725 -0.017414 0.21958
648.08 44440 3276.7 2849 10923 0.11108 8282.3 2445.9 1.7726 -0.014897 0.2064
649.49 44953 3295.8 2828.1 10286 0.11039 7725.1 2277 1.7726 -0.014193 0.20499
652.88 46180 3342.6 2778 8923.9 0.10865 6686.2 1966.8 1.7727 -0.012489 0.20462
658.9 48356 3429.6 2688.8 7074.9 0.10485 4981.9 1445.6 1.7728 -0.0093917 0.1958
664.02 50178 3507.3 2613.1 5878.8 0.10089 3781.3 1075.2 1.7729 -0.0067 0.18388
665.43 50675 3529.4 2592.2 5590.8 0.099693 3548.6 1004.9 1.7729 -0.0059461 0.18221
668.81 51856 3583.3 2542.1 5007.1 0.096801 3114 873.55 1.7729 -0.0041194 0.17966
674.84 53914 3683 2452.9 4147.5 0.091488 2397.6 670.31 1.773 -0.00079549 0.17077
679.95 55611 3771.5 2377.2 3544.3 0.086853 1945.6 548.89 1.7731 0.0020983 0.16451
681.36 56071 3796.5 2356.3 3395.5 0.085579 1848.1 522.75 1.7731 0.0029095 0.16351
684.75 57158 3857.6 2306.2 3066.8 0.08256 1634.5 465.32 1.7731 0.0048761 0.16109
690.77 59041 3970.6 2217 2567.4 0.077291 1297.2 374.2 1.7732 0.0084584 0.15516
695.89 60584 4070.8 2141.3 2216.7 0.07299 1097.5 320.13 1.7733 0.011581 0.15301
697.3 61001 4099.1 2120.4 2129.9 0.071854 1050.5 306.23 1.7733 0.012457 0.1526
700.68 61986 4168.4 2070.3 1937.7 0.0692 937.5 273.01 1.7733 0.014582 0.15057
706.71 63692 4296.6 1981 1643.5 0.064738 770.08 223.76 1.7734 0.018456 0.14727
711.82 65093 4410.5 1905.3 1434.3 0.0613 677.34 196.07 1.7734 0.021838 0.14806
713.24 65473 4442.8 1884.4 1382.1 0.06043 652.82 188.78 1.7734 0.022787 0.14809
716.62 66374 4521.8 1834.3 1265.4 0.058437 589.53 170.17 1.7734 0.025091 0.14669
722.65 67946 4668.4 1745.1 1083.8 0.055268 500.61 144.12 1.7735 0.029297 0.14577
727.76 69255 4799.1 1669.4 951.47 0.053051 451.14 129.42 1.7735 0.032973 0.14836
729.17 69614 4836.3 1648.5 917.87 0.052534 436.57 125.13 1.7735 0.034006 0.14866
732.56 70472 4927.4 1598.4 841.84 0.051413 397.69 113.74 1.7736 0.036514 0.14792
738.58 71999 5097.3 1509.2 717.7 0.04989 340.5 96.59 1.7736 0.041101 0.1485
743.7 73307 5249.7 1433.5 623.85 0.049151 302.73 85.049 1.7737 0.045116 0.15107
745.11 73672 5293.3 1412.6 599.68 0.049049 291.08 81.575 1.7737 0.046246 0.15116
748.49 74558 5400.3 1362.5 544.44 0.048931 259.48 72.359 1.7737 0.048992 0.14943
754.52 76181 5601.5 1273.3 454.6 0.049105 201.08 55.708 1.7737 0.054022 0.14234
759.63 77616 5784 1197.6 386.09 0.049549 155.22 43.416 1.7738 0.058438 0.13342
761.04 78023 5836.5 1176.7 368.35 0.049711 142.82 40.24 1.7738 0.059682 0.13017
763.27 78675 5921.3 1143.7 341.36 0.049997 125.26 35.695 1.7738 0.061668 0.1255
767.68 80005 6097.1 1078.4 291.57 0.050413 72.904 23.665 1.7739 0.065685 0.097021
772.57 81529 6305.8 1006 242.59 0.050012 24.89 14.307 1.7739 0.07028 0.048928
776.07 82636 6465.3 954.2 211.95 0.048936 4.9815 11.863 1.774 0.07367 0.012696
776.98 82924 6508.2 940.73 204.63 0.048546 0.0065485 11.566 1.774 0.074564 0
776.98 82924 6508.2 940.73 204.63 0.048546 0.0065485 11.566 1.774 0.074564 0
777.98 83240 6507.8 940.73 193.97 0.048061 0.0062433 10.957 1.774 0.075551 0
778.98 83551 6507.4 940.73 183.99 0.047575 0.0059556 10.387 1.774 0.076537 0
779.98 83859 6506.9 940.73 174.59 0.047089 0.0056828 9.8497 1.774 0.077524 0
780.98 84164 6506.5 940.73 165.73 0.046604 0.0054243 9.344 1.774 0.07851 0
781.98 84465 6506.1 940.73 157.38 0.046118 0.0051791 8.8676 1.774 0.079496 0
782.98 84763 6505.7 940.73 149.51 0.045632 0.0049471 8.4191 1.774 0.080482 0
783.98 85059 6505.3 809.83 0 0.045146 0 0 1.774 0.081468 0
784.98 85351 6504.9 809.83 0 0.04466 0 0 1.7741 0.082454 0
785.98 85639 6504.5 809.83 0 0.044174 0 0 1.7741 0.083439 0
786.98 85925 6504.1 809.83 0 0.043687 0 0 1.7741 0.084425 0
787.98 86207 6503.7 809.83 0 0.043201 0 0 1.7741 0.085411 0
788.98 86487 6503.3 809.83 0 0.042715 0 0 1.7741 0.086396 0
789.98 86763 6503 809.83 0 0.042228 0 0 1.7741 0.087382 0
790.98 87036 6502.6 809.83 0 0.041742 0 0 1.7741 0.088367 0
791.98 87306 6502.2 809.83 0 0.041255 0 0 1.7741 0.089352 0
792.98 87572 6501.9 809.83 0 0.040768 0 0 1.7741 0.090337 0
793.98 87836 6501.5 809.83 0 0.040282 0 0 1.7742 0.091322 0
794.98 88096 6501.2 809.83 0 0.039795 0 0 1.7742 0.092307 0
795.98 88353 6500.8 809.83 0 0.039308 0 0 1.7742 0.093292 0
796.98 88607 6500.5 809.83 0 0.038821 0 0 1.7742 0.094277 0
797.98 88857 6500.2 809.83 0 0.038334 0 0 1.7742 0.095262 0
798.98 89105 6499.8 809.83 0 0.037847 0 0 1.7742 0.096247 0
799.98 89349 6499.5 809.83 0 0.03736 0 0 1.7742 0.097231 0
800.98 89591 6499.2 809.83 0 0.036873 0 0 1.7742 0.098216 0
801.98 89829 6498.9 809.83 0 0.036386 0 0 1.7742 0.099201 0
802.98 90063 6498.6 809.83 0 0.035899 0 0 1.7743 0.10019 0
803.98 90295 6498.2 809.83 0 0.035411 0 0 1.7743 0.10117 0
804.98 90523 6497.9 809.83 0 0.034924 0 0 1.7743 0.10215 0
805.98 90749 6497.6 809.83 0 0.034436 0 0 1.7743 0.10314 0
806.98 90971 6497.4 809.83 0 0.033949 0 0 1.7743 0.10412 0
807.98 91190 6497.1 809.83 0 0.033461 0 0 1.7743 0.10511 0
808.98 91406 6496.8 809.83 0 0.032974 0 0 1.7743 0.10609 0
809.98 91618 6496.5 809.83 0 0.032486 0 0 1.7743 0.10707 0
810.98 91828 6496.2 809.83 0 0.031999 0 0 1.7743 0.10806 0
811.98 92034 6496 809.83 0 0.031511 0 0 1.7744 0.10904 0
812.98 92237 6495.7 809.83 0 0.031023 0 0 1.7744 0.11003 0
813.98 92437 6495.4 809.83 0 0.030535 0 0 1.7744 0.11101 0
814.98 92634 6495.2 809.83 0 0.030047 0 0 1.7744 0.11199 0
815.98 92827 6494.9 809.83 0 0.02956 0 0 1.7744 0.11298 0
816.98 93018 6494.7 809.83 0 0.029072 0 0 1.7744 0.11396 0
817.98 93205 6494.5 809.83 0 0.028584 0 0 1.7744 0.11494 0
818.98 93389 6494.2 809.83 0 0.028096 0 0 1.7744 0.11593 0
819.98 93570 6494 809.83 0 0.027608 0 0 1.7744 0.11691 0
820.98 93747 6493.8 809.83 0 0.027119 0 0 1.7745 0.11789 0
821.98 93922 6493.5 809.83 0 0.026631 0 0 1.7745 0.11888 0
822.98 94093 6493.3 809.83 0 0.026143 0 0 1.7745 0.11986 0
823.98 94261 6493.1 809.83 0 0.025655 0 0 1.7745 0.12084 0
824.98 94426 6492.9 809.83 0 0.025167 0 0 1.7745 0.12183 0
825.98 94588 6492.7 809.83 0 0.024678 0 0 1.7745 0.12281 0
826.98 94747 6492.5 809.83 0 0.02419 0 0 1.7745 0.12379 0
827.98 94902 6492.3 809.83 0 0.023702 0 0 1.7745 0.12478 0
828.98 95054 6492.1 809.83 0 0.023213 0 0 1.7745 0.12576 0
829.98 95203 6491.9 809.83 0 0.022725 0 0 1.7746 0.12674 0
830.98 95349 6491.7 809.83 0 0.022237 0 0 1.7746 0.12773 0
831.98 95492 6491.6 809.83 0 0.021748 0 0 1.7746 0.12871 0
832.98 95632 6491.4 809.83 0 0.02126 0 0 1.7746 0.12969 0
833.98 95768 6491.2 809.83 0 0.020771 0 0 1.7746 0.13067 0
834.98 95901 6491.1 809.83 0 0.020283 0 0 1.7746 0.13166 0
835.98 96031 6490.9 809.83 0 0.019794 0 0 1.7746 0.13264 0
836.98 96158 6490.8 809.83 0 0.019305 0 0 1.7746 0.13362 0
837.98 96282 6490.6 809.83 0 0.018817 0 0 1.7746 0.13461 0
838.98 96403 6490.5 809.83 0 0.018328 0 0 1.7747 0.13559 0
839.98 96520 6490.3 809.83 0 0.017839 0 0 1.7747 0.13657 0
840.98 96634 6490.2 809.83 0 0.017351 0 0 1.7747 0.13755 0
841.98 96745 6490.1 809.83 0 0.016862 0 0 1.7747 0.13854 0
842.98 96853 6489.9 809.83 0 0.016373 0 0 1.7747 0.13952 0
843.98 96958 6489.8 809.83 0 0.015885 0 0 1.7747 0.1405 0
844.98 97059 6489.7 809.83 0 0.015396 0 0 1.7747 0.14148 0
845.98 97157 6489.6 809.83 0 0.014907 0 0 1.7747 0.14247 0
846.98 97253 6489.5 809.83 0 0.014418 0 0 1.7747 0.14345 0
847.98 97345 6489.4 809.83 0 0.01393 0 0 1.7747 0.14443 0
848.98 97433 6489.3 809.83 0 0.013441 0 0 1.7748 0.14541 0
849.98 97519 6489.2 809.83 0 0.012952 0 0 1.7748 0.1464 0
850.98 97601 6489.1 809.83 0 0.012463 0 0 1.7748 0.14738 0
851.98 97681 6489 809.83 0 0.011974 0 0 1.7748 0.14836 0
852.98 97757 6489 809.83 0 0.011485 0 0 1.7748 0.14934 0
853.98 97830 6488.9 809.83 0 0.010996 0 0 1.7748 0.15032 0
854.98 97900 6488.8 809.83 0 0.010508 0 0 1.7748 0.15131 0
855.98 97966 6488.7 809.83 0 0.010019 0 0 1.7748 0.15229 0
856.98 98030 6488.7 809.83 0 0.0095299 0 0 1.7748 0.15327 0
857.98 98090 6488.6 809.83 0 0.009041 0 0 1.7749 0.15425 0
858.98 98147 6488.6 809.83 0 0.0085521 0 0 1.7749 0.15524 0
859.98 98201 6488.5 809.83 0 0.0080632 0 0 1.7749 0.15622 0
860.98 98252 6488.5 809.83 0 0.0075743 0 0 1.7749 0.1572 0
861.98 98299 6488.5 809.83 0 0.0070854 0 0 1.7749 0.15818 0
862.98 98344 6488.4 809.83 0 0.0065965 0 0 1.7749 0.15916 0
863.98 98385 6488.4 809.83 0 0.0061076 0 0 1.7749 0.16015 0
864.98 98423 6488.4 809.83 0 0.0056188 0 0 1.7749 0.16113 0
865.98 98458 6488.4 809.83 0 0.0051299 0 0 1.7749 0.16211 0
866.98 98489 6488.3 809.83 0 0.004641 0 0 1.7749 0.16309 0
867.98 98518 6488.3 809.83 0 0.0041521 0 0 1.775 0.16407 0
868.98 98543 6488.3 809.83 0 0.0036632 0 0 1.775 0.16506 0
869.98 98565 6488.3 809.83 0 0.0031744 0 0 1.775 0.16604 0
870.98 98584 6488.3 809.83 0 0.0026855 0 0 1.775 0.16702 0
871.98 98600 6488.4 809.83 0 0.0021967 0 0 1.775 0.168 0
872.98 98613 6488.4 809.83 0 0.0017078 0 0 1.775 0.16898 0
873.98 98622 6488.4 809.83 0 0.001219 0 0 1.775 0.16997 0
874.98 98629 6488.4 809.83 0 0.00073021 0 0 1.775 0.17095 0
875.98 98632 6488.4 809.83 0 0.00024141 0 0 1.775 0.17193 0
876.98 98632 6488.5 809.83 0 0 0 0 1.7751 0.17291 0
