time (s) altitude (m) velocity (m/s) mass (kg)trajectory angle (rad) angle of attack (rad) heading angle (rad) latitude (rad)
0 90 30 29388 1.5691 0 1.6646 -0.2123 2.3868
0.44108 103.56 31.492 29325 1.5687 -0.0011858 1.6917 -0.2123 2.3868
1.2267 129.35 34.178 29211 1.5673 -0.00323 1.7247 -0.2123 2.3868
1.8932 152.9 36.486 29115 1.5653 -0.0048547 1.741 -0.2123 2.3868
2.0772 159.67 37.128 29089 1.5646 -0.0052856 1.7445 -0.2123 2.3868
2.5183 176.39 38.674 29025 1.5628 -0.0062992 1.7513 -0.2123 2.3868
3.3039 207.86 41.458 28912 1.5586 -0.0079664 1.7599 -0.2123 2.3868
3.9704 236.29 43.849 28816 1.5542 -0.0092183 1.7651 -0.2123 2.3868
4.1545 244.42 44.513 28790 1.5529 -0.0095459 1.7662 -0.2123 2.3868
5.0366 285.09 47.729 28663 1.5455 -0.01098 1.7708 -0.2123 2.3868
6.6078 364.61 53.574 28437 1.5288 -0.012629 1.7763 -0.2123 2.3868
7.9409 439.31 58.657 28245 1.5113 -0.013038 1.7794 -0.2123 2.3868
8.3089 461.11 60.081 28192 1.506 -0.013047 1.78 -0.2123 2.3868
9.1911 515.49 63.531 28065 1.4922 -0.012863 1.7815 -0.2123 2.3868
10.762 619.77 69.814 27838 1.465 -0.011633 1.7836 -0.2123 2.3868
12.095 715.8 75.297 27646 1.4394 -0.0096125 1.7849 -0.2123 2.3868
12.463 743.54 76.835 27593 1.4321 -0.0089594 1.7853 -0.2123 2.3868
13.125 794.75 79.629 27498 1.4185 -0.0076851 1.7858 -0.21229 2.3868
14.303 890.24 84.697 27329 1.3935 -0.0050492 1.7867 -0.21229 2.3868
15.303 975.57 89.086 27185 1.3717 -0.0024123 1.7874 -0.21229 2.3868
15.579 999.83 90.312 27145 1.3656 -0.0016479 1.7876 -0.21229 2.3868
16.241 1059.2 93.28 27050 1.351 0.00023931 1.788 -0.21229 2.3868
17.419 1169.2 98.675 26880 1.3251 0.0038396 1.7886 -0.21228 2.3868
18.419 1266.9 103.36 26736 1.3034 0.0071094 1.7891 -0.21228 2.3868
18.695 1294.6 104.67 26696 1.2975 0.0080199 1.7892 -0.21228 2.3868
19.357 1362.1 107.84 26601 1.2836 0.01022 1.7895 -0.21228 2.3868
20.535 1486.8 113.59 26432 1.2595 0.014106 1.7901 -0.21227 2.3868
21.535 1596.9 118.59 26288 1.24 0.0173 1.7905 -0.21226 2.3868
21.811 1628 119.98 26248 1.2348 0.018156 1.7906 -0.21226 2.3868
22.473 1703.8 123.36 26153 1.2227 0.020183 1.7908 -0.21226 2.3868
23.651 1843.3 129.48 25983 1.2024 0.023527 1.7913 -0.21225 2.3868
24.651 1966.2 134.77 25839 1.1866 0.026016 1.7916 -0.21224 2.3868
24.927 2000.8 136.25 25800 1.1824 0.026658 1.7917 -0.21224 2.3868
25.588 2085.2 139.82 25705 1.1729 0.028141 1.7919 -0.21223 2.3868
26.767 2240 146.27 25535 1.1573 0.030394 1.7923 -0.21222 2.3868
27.767 2376.1 151.84 25391 1.1455 0.031851 1.7926 -0.21222 2.3868
28.043 2414.5 153.39 25351 1.1425 0.032206 1.7927 -0.21221 2.3868
28.704 2507.7 157.14 25256 1.1355 0.032989 1.7929 -0.21221 2.3868
29.883 2678.8 163.9 25087 1.1245 0.034021 1.7933 -0.21219 2.3868
30.882 2828.9 169.72 24943 1.1163 0.03451 1.7936 -0.21218 2.3868
31.158 2871.2 171.34 24903 1.1143 0.034614 1.7937 -0.21218 2.3868
32.482 3078.9 179.22 24713 1.1056 0.034906 1.794 -0.21216 2.3868
34.838 3470.3 193.63 24374 1.0945 0.034809 1.7947 -0.21213 2.3868
36.838 3825 206.25 24086 1.0894 0.034706 1.7953 -0.2121 2.3868
37.39 3926.8 209.8 24007 1.0888 0.034802 1.7954 -0.2121 2.3868
38.713 4177.7 218.41 23817 1.0887 0.034902 1.7958 -0.21208 2.3868
41.07 4650.6 234.13 23478 1.0934 0.034899 1.7965 -0.21204 2.3868
43.07 5079.5 247.88 23191 1.1022 0.034846 1.797 -0.21201 2.3868
43.622 5202.6 251.74 23111 1.1055 0.03487 1.7972 -0.212 2.3868
44.077 5305.8 254.95 23046 1.1084 0.034901 1.7973 -0.21199 2.3868
45.06 5533.5 261.96 22905 1.1155 0.034907 1.7976 -0.21197 2.3867
46.372 5848.6 271.44 22716 1.1265 0.034361 1.798 -0.21195 2.3867
47.754 6194.6 281.63 22517 1.1393 0.032862 1.7985 -0.21192 2.3867
48.931 6501.1 290.16 22348 1.1497 0.030855 1.7988 -0.2119 2.3867
49.671 6699.1 295.22 22242 1.1552 0.029224 1.7991 -0.21189 2.3867
49.854 6748.5 296.44 22216 1.1564 0.028786 1.7991 -0.21188 2.3867
50.736 6990.5 302.11 22089 1.1613 0.026452 1.7994 -0.21187 2.3867
52.307 7433.3 311.52 21863 1.1657 0.021358 1.8 -0.21184 2.3867
53.64 7819.5 318.93 21671 1.1644 0.016041 1.8004 -0.21181 2.3867
54.008 7927.6 320.91 21619 1.1631 0.014432 1.8005 -0.21181 2.3867
54.449 8058 323.25 21555 1.1611 0.012434 1.8007 -0.2118 2.3867
55.235 8292.2 327.36 21442 1.156 0.0087555 1.801 -0.21178 2.3867
55.901 8492.7 330.81 21346 1.1503 0.0055416 1.8012 -0.21177 2.3867
56.085 8548.3 331.76 21320 1.1484 0.0046557 1.8012 -0.21177 2.3867
56.526 8682.1 334.04 21257 1.1437 0.0025278 1.8014 -0.21176 2.3867
57.312 8921.9 338.12 21144 1.1338 -0.0011939 1.8016 -0.21174 2.3867
57.978 9126.6 341.64 21048 1.1242 -0.004229 1.8018 -0.21172 2.3867
58.162 9183.4 342.62 21021 1.1213 -0.0050444 1.8019 -0.21172 2.3867
58.743 9363 345.78 20938 1.1118 -0.0075631 1.8021 -0.21171 2.3867
59.892 9720.7 352.28 20773 1.0909 -0.012079 1.8024 -0.21168 2.3867
61.167 10121 359.89 20590 1.0651 -0.016289 1.8028 -0.21165 2.3867
62.08 10409 365.59 20459 1.0453 -0.018841 1.803 -0.21162 2.3867
62.317 10484 367.11 20424 1.04 -0.019424 1.8031 -0.21161 2.3867
63.199 10763 372.88 20298 1.0198 -0.02143 1.8033 -0.21159 2.3867
64.77 11264 383.7 20072 0.98229 -0.024082 1.8037 -0.21154 2.3866
66.103 11690 393.46 19880 0.94965 -0.025331 1.804 -0.2115 2.3866
66.471 11808 396.27 19827 0.94061 -0.025543 1.804 -0.21148 2.3866
66.912 11949 399.68 19764 0.92978 -0.025723 1.8041 -0.21147 2.3866
67.698 12201 405.93 19651 0.91055 -0.02589 1.8043 -0.21144 2.3866
68.365 12414 411.4 19555 0.89437 -0.025875 1.8044 -0.21141 2.3866
68.549 12473 412.94 19529 0.88993 -0.02586 1.8045 -0.2114 2.3866
68.99 12615 416.67 19465 0.87935 -0.025803 1.8045 -0.21139 2.3866
69.775 12867 423.49 19353 0.8607 -0.025635 1.8047 -0.21135 2.3866
70.442 13081 429.45 19257 0.84513 -0.025433 1.8048 -0.21133 2.3866
70.626 13140 431.13 19230 0.84087 -0.025376 1.8048 -0.21132 2.3866
71.508 13424 439.33 19103 0.82072 -0.025095 1.805 -0.21128 2.3866
73.079 13929 454.67 18878 0.78594 -0.024869 1.8053 -0.2112 2.3866
74.412 14358 468.41 18686 0.75741 -0.025256 1.8055 -0.21114 2.3865
74.78 14477 472.32 18633 0.74966 -0.025481 1.8055 -0.21112 2.3865
75.361 14663 478.61 18550 0.73755 -0.025878 1.8056 -0.21109 2.3865
76.51 15033 491.43 18384 0.71389 -0.02703 1.8058 -0.21102 2.3865
77.785 15443 506.27 18201 0.68799 -0.029064 1.806 -0.21095 2.3865
78.697 15736 517.29 18070 0.66952 -0.030978 1.8061 -0.21089 2.3865
78.935 15813 520.22 18036 0.66472 -0.031529 1.8061 -0.21088 2.3865
79.817 16095 531.28 17909 0.64688 -0.03369 1.8062 -0.21082 2.3865
81.388 16597 551.82 17683 0.61493 -0.038443 1.8064 -0.21072 2.3864
82.721 17020 570.13 17491 0.58752 -0.043366 1.8066 -0.21062 2.3864
83.089 17136 575.34 17438 0.57989 -0.04478 1.8066 -0.2106 2.3864
83.971 17413 588.11 17311 0.56155 -0.048237 1.8067 -0.21053 2.3864
85.543 17902 611.95 17085 0.5289 -0.054342 1.8069 -0.21041 2.3864
86.876 18311 633.35 16893 0.50158 -0.059168 1.807 -0.2103 2.3863
87.244 18423 639.46 16840 0.49415 -0.060399 1.8071 -0.21027 2.3863
88.126 18689 654.44 16713 0.47661 -0.063251 1.8072 -0.21019 2.3863
89.697 19156 682.38 16487 0.44646 -0.067475 1.8073 -0.21005 2.3863
91.03 19546 707.31 16295 0.4221 -0.070089 1.8074 -0.20992 2.3862
91.398 19652 714.38 16242 0.41558 -0.07071 1.8074 -0.20988 2.3862
92.28 19905 731.67 16115 0.40029 -0.072013 1.8075 -0.20979 2.3862
93.851 20349 763.59 15889 0.3742 -0.073522 1.8076 -0.20963 2.3862
95.185 20717 791.77 15697 0.35315 -0.073969 1.8077 -0.20948 2.3861
95.553 20818 799.72 15644 0.3475 -0.074026 1.8078 -0.20944 2.3861
96.435 21056 819.07 15517 0.33422 -0.07403 1.8078 -0.20934 2.3861
98.006 21473 854.53 15291 0.31137 -0.073486 1.8079 -0.20915 2.3861
99.339 21818 885.59 15099 0.29267 -0.072396 1.808 -0.20898 2.386
99.707 21912 894.31 15046 0.2876 -0.072026 1.8081 -0.20893 2.386
100.58 22131 915.19 14920 0.27573 -0.071022 1.8081 -0.20882 2.386
102.3 22552 957.5 14672 0.25265 -0.068204 1.8082 -0.20858 2.3859
104.21 22998 1005.7 14397 0.22758 -0.063396 1.8083 -0.2083 2.3858
105.58 23302 1041.1 14199 0.20995 -0.058992 1.8084 -0.20809 2.3858
105.94 23379 1050.4 14148 0.20542 -0.057746 1.8084 -0.20804 2.3858
106.6 23519 1067.8 14053 0.19707 -0.055412 1.8084 -0.20793 2.3858
107.78 23759 1099.1 13883 0.18244 -0.051135 1.8085 -0.20774 2.3857
108.78 23955 1126.1 13739 0.17033 -0.047464 1.8085 -0.20758 2.3857
109.05 24007 1133.6 13699 0.16705 -0.046468 1.8085 -0.20753 2.3857
109.72 24130 1151.8 13604 0.15929 -0.04409 1.8086 -0.20742 2.3856
110.89 24339 1184.8 13434 0.14585 -0.040105 1.8086 -0.20721 2.3856
111.89 24506 1213.3 13290 0.13484 -0.037074 1.8087 -0.20703 2.3855
112.17 24551 1221.2 13250 0.13186 -0.036286 1.8087 -0.20698 2.3855
113.05 24689 1246.9 13123 0.12253 -0.033881 1.8087 -0.20681 2.3855
114.62 24917 1293.7 12896 0.10653 -0.030347 1.8088 -0.20651 2.3854
115.96 25092 1334.3 12704 0.093535 -0.027972 1.8088 -0.20625 2.3853
116.32 25137 1345.7 12651 0.09004 -0.027316 1.8088 -0.20617 2.3853
117.21 25240 1373.1 12524 0.081867 -0.02571 1.8088 -0.20599 2.3853
118.78 25404 1422.8 12297 0.068192 -0.022217 1.8089 -0.20566 2.3852
120.11 25525 1465.7 12105 0.057847 -0.018314 1.8089 -0.20537 2.3851
120.48 25556 1477.6 12052 0.05526 -0.017086 1.8089 -0.20528 2.3851
120.92 25591 1492 11989 0.052334 -0.015546 1.8089 -0.20519 2.3851
121.71 25650 1517.7 11875 0.047665 -0.012604 1.809 -0.20501 2.385
122.37 25697 1539.7 11779 0.044256 -0.0098907 1.809 -0.20485 2.385
122.56 25709 1545.7 11753 0.043392 -0.0091229 1.809 -0.20481 2.385
123 25738 1560.4 11689 0.041441 -0.0072553 1.809 -0.2047 2.385
123.78 25787 1586.8 11576 0.038391 -0.0038214 1.809 -0.20452 2.3849
124.45 25827 1609.5 11480 0.036237 -0.00082057 1.809 -0.20435 2.3849
124.63 25838 1615.8 11453 0.035713 8.1872e-06 1.809 -0.20431 2.3849
