time (s) altitude (m) longitude (rad) latitude (rad) velocity (m/s) trajectory angle (rad) heading angle (rad) angle of attack (rad) bank angle (rad) fuel mass (kg) Third Stage (flag)
124.63 25838 2.3849 -0.20431 1615.8 0.035713 1.809 8.1872e-06 1.1217e-05 1562 1
126.64 25950 2.3847 -0.20382 1621.5 0.033354 1.8091 0.012051 2.8683e-05 1557.2 1
130.22 26140 2.3845 -0.20293 1632.6 0.032431 1.8091 0.013266 4.5287e-05 1548.3 1
133.26 26298 2.3843 -0.20218 1641.8 0.030596 1.8092 0.012237 2.5389e-05 1540.9 1
134.09 26339 2.3843 -0.20197 1644.5 0.030175 1.8092 0.016212 1.9973e-05 1538.8 1
136.1 26439 2.3842 -0.20147 1650.8 0.029797 1.8093 0.015363 3.7368e-05 1533.8 1
139.68 26613 2.3839 -0.20057 1662.1 0.029021 1.8093 0.0169 5.2005e-05 1524.8 1
142.72 26759 2.3837 -0.1998 1671.8 0.029047 1.8094 0.01935 3.1029e-05 1517.1 1
143.56 26800 2.3837 -0.19958 1674.5 0.029186 1.8094 0.019959 2.4285e-05 1514.9 1
145.56 26899 2.3836 -0.19907 1681 0.02955 1.8094 0.020167 4.6039e-05 1509.7 1
149.14 27080 2.3833 -0.19816 1692.6 0.030289 1.8095 0.021413 6.4255e-05 1500.4 1
152.18 27238 2.3831 -0.19737 1702.6 0.03115 1.8096 0.022525 3.6815e-05 1492.5 1
153.02 27282 2.3831 -0.19716 1705.3 0.03141 1.8096 0.023051 2.8472e-05 1490.3 1
155.03 27391 2.383 -0.19664 1711.9 0.032007 1.8096 0.022602 5.4519e-05 1485 1
158.6 27590 2.3827 -0.1957 1723.6 0.032485 1.8097 0.02169 7.3504e-05 1475.7 1
161.64 27760 2.3825 -0.19491 1733.5 0.032356 1.8098 0.021279 4.3669e-05 1467.8 1
162.48 27807 2.3825 -0.19469 1736.3 0.032261 1.8098 0.021425 4.079e-05 1465.6 1
166.5 28031 2.3822 -0.19362 1749.4 0.032123 1.8099 0.024523 0.00011768 1455.1 1
173.65 28460 2.3817 -0.19171 1773.7 0.036924 1.81 0.03636 0.00015455 1435.8 1
179.72 28899 2.3813 -0.19007 1794.3 0.044485 1.8101 0.037645 8.0316e-05 1419.3 1
181.4 29037 2.3812 -0.18961 1799.6 0.045818 1.8102 0.037229 4.0059e-05 1415 1
184.41 29292 2.381 -0.18879 1809 0.04827 1.8102 0.038098 8.9008e-05 1407.3 1
189.78 29780 2.3806 -0.18731 1824.8 0.05117 1.8103 0.035045 0.00011712 1394.2 1
194.33 30200 2.3803 -0.18605 1836.3 0.048568 1.8104 0.017904 6.0047e-05 1384.1 1
195.59 30310 2.3802 -0.1857 1839 0.046153 1.8105 0.011899 3.8508e-05 1381.6 1
198.6 30546 2.38 -0.18485 1845.3 0.038196 1.8105 1.9785e-06 8.8812e-05 1376.1 1
203.97 30838 2.3797 -0.18335 1856.8 0.020597 1.8106 1.5729e-06 0.00011557 1366.9 1
208.52 30960 2.3793 -0.18206 1867.3 0.0095217 1.8107 0.022101 6.2664e-05 1358.7 1
209.78 30981 2.3792 -0.1817 1870.5 0.0080818 1.8107 0.025097 5.3033e-05 1356.2 1
215.81 31044 2.3788 -0.17999 1887.2 0.0036102 1.8108 0.036452 0.00017885 1344.1 1
226.54 31082 2.378 -0.17689 1919.5 0.00062944 1.8109 0.035436 0.00021617 1321.5 1
235.65 31071 2.3774 -0.17422 1947.5 -0.0023374 1.811 0.036426 0.00011491 1302 1
238.16 31056 2.3772 -0.17347 1955.7 -0.0023064 1.8111 0.034828 4.184e-05 1296.4 1
242.18 31034 2.3769 -0.17228 1968.6 -0.0031319 1.8111 0.034309 0.00011167 1287.5 1
249.34 30985 2.3764 -0.17013 1992.4 -0.0035295 1.8112 0.035896 0.00014287 1271.2 1
255.41 30947 2.3759 -0.16828 2013.4 -0.0026237 1.8113 0.035605 7.4654e-05 1256.9 1
257.09 30939 2.3758 -0.16777 2019.2 -0.002366 1.8113 0.035222 4.2466e-05 1252.9 1
261.1 30923 2.3755 -0.16653 2033.4 -0.0014642 1.8113 0.035682 0.00011463 1243.2 1
268.26 30918 2.3749 -0.16431 2059 0.00092955 1.8114 0.035423 0.00015381 1225.6 1
274.33 30942 2.3744 -0.16241 2081 0.0027966 1.8115 0.032722 8.1644e-05 1210.4 1
276.01 30953 2.3743 -0.16188 2087 0.0030736 1.8115 0.032757 3.4372e-05 1206.2 1
278.02 30967 2.3742 -0.16124 2094.3 0.0035324 1.8115 0.032638 6.2485e-05 1201.1 1
281.6 30997 2.3739 -0.1601 2107.3 0.0044764 1.8116 0.032977 8.3919e-05 1192 1
284.63 31028 2.3736 -0.15913 2118.2 0.0053355 1.8116 0.032324 4.5365e-05 1184.3 1
285.47 31038 2.3736 -0.15886 2121.2 0.0055324 1.8116 0.032326 3.4881e-05 1182.2 1
287.48 31062 2.3734 -0.15821 2128.4 0.0060419 1.8116 0.032158 6.5607e-05 1177 1
291.06 31112 2.3731 -0.15705 2140.9 0.0069439 1.8117 0.032067 8.7867e-05 1167.8 1
294.09 31160 2.3729 -0.15606 2151.3 0.0076985 1.8117 0.031879 4.6852e-05 1160 1
294.93 31174 2.3728 -0.15579 2154.1 0.0078959 1.8117 0.031885 3.6289e-05 1157.9 1
296.94 31209 2.3726 -0.15513 2160.8 0.008352 1.8117 0.03157 6.8344e-05 1152.7 1
300.52 31277 2.3723 -0.15395 2172.5 0.0090251 1.8118 0.031011 9.1465e-05 1143.6 1
303.55 31338 2.3721 -0.15295 2182.1 0.0094497 1.8118 0.030562 4.821e-05 1135.8 1
304.39 31355 2.372 -0.15267 2184.7 0.0095431 1.8118 0.030547 3.719e-05 1133.7 1
306.4 31397 2.3719 -0.15201 2190.9 0.0097142 1.8118 0.029898 6.9453e-05 1128.5 1
309.98 31474 2.3716 -0.15082 2201.6 0.00971 1.8119 0.028664 9.2614e-05 1119.5 1
313.01 31538 2.3713 -0.1498 2210.5 0.0094355 1.8119 0.028011 4.911e-05 1111.9 1
313.85 31556 2.3712 -0.14952 2213 0.0093338 1.8119 0.028043 3.7901e-05 1109.8 1
315.86 31597 2.3711 -0.14884 2218.7 0.0090562 1.8119 0.027656 7.0387e-05 1104.8 1
319.44 31666 2.3708 -0.14764 2228.8 0.0084389 1.812 0.027392 9.321e-05 1095.9 1
322.48 31721 2.3705 -0.14661 2237.2 0.0078436 1.812 0.027186 4.9368e-05 1088.3 1
323.31 31736 2.3704 -0.14632 2239.5 0.0076647 1.812 0.027253 3.799e-05 1086.3 1
325.32 31770 2.3703 -0.14564 2244.9 0.0072171 1.812 0.026864 7.179e-05 1081.3 1
328.9 31824 2.37 -0.14442 2254.5 0.0063076 1.8121 0.026527 9.4888e-05 1072.4 1
331.94 31864 2.3697 -0.14338 2262.4 0.0054809 1.8121 0.026353 5.5427e-05 1065 1
332.77 31875 2.3696 -0.14309 2264.6 0.0052457 1.8121 0.026306 5.1724e-05 1062.9 1
336.79 31917 2.3693 -0.14171 2274.9 0.0040729 1.8121 0.025965 0.00014189 1053 1
343.95 31966 2.3687 -0.13923 2292.9 0.001875 1.8122 0.025503 0.00017551 1035.3 1
350.02 31979 2.3682 -0.13711 2307.8 1.5288e-05 1.8122 0.025132 0.00010171 1020.2 1
351.7 31978 2.368 -0.13653 2311.9 -0.00048713 1.8123 0.024989 5.7401e-05 1016 1
355.71 31967 2.3677 -0.13512 2321.6 -0.0018308 1.8123 0.02449 0.00017067 1005.9 1
362.87 31929 2.367 -0.13259 2339 -0.0022942 1.8123 0.030298 0.00025382 987.48 1
368.94 31906 2.3665 -0.13043 2354 -0.00047271 1.8124 0.030382 0.00010964 971.22 1
370.62 31906 2.3663 -0.12983 2358.1 -0.00015239 1.8124 0.030372 4.3237e-05 966.73 1
372.63 31907 2.3662 -0.12911 2362.9 0.00043086 1.8124 0.030476 7.44e-05 961.3 1
376.2 31915 2.3658 -0.12782 2371.3 0.0014237 1.8124 0.029577 9.393e-05 951.61 1
379.24 31928 2.3656 -0.12673 2378.3 0.0020988 1.8125 0.028842 4.9844e-05 943.38 1
380.08 31932 2.3655 -0.12643 2380.1 0.0022691 1.8125 0.029084 3.8327e-05 941.11 1
382.09 31944 2.3653 -0.1257 2384.6 0.00271 1.8125 0.029083 7.0597e-05 935.66 1
385.67 31971 2.365 -0.12441 2392.3 0.0036347 1.8125 0.029248 9.921e-05 925.91 1
388.7 31999 2.3647 -0.1233 2398.6 0.003914 1.8125 0.023686 6.0061e-05 917.72 1
389.54 32007 2.3646 -0.123 2400.3 0.0036742 1.8125 0.02361 4.7015e-05 915.51 1
391.55 32024 2.3645 -0.12227 2404.4 0.0034198 1.8126 0.023681 9.1392e-05 910.16 1
395.13 32047 2.3641 -0.12096 2411.2 0.001687 1.8126 0.014815 0.0001268 900.87 1
398.16 32050 2.3639 -0.11985 2416.8 -0.0011416 1.8126 0.014527 6.9288e-05 893.2 1
399 32047 2.3638 -0.11954 2418.3 -0.0017464 1.8126 0.014189 5.3733e-05 891.05 1
401.01 32033 2.3636 -0.11881 2422 -0.0036221 1.8126 0.014135 0.00010245 885.95 1
404.59 31996 2.3633 -0.11749 2428.9 -0.0043355 1.8126 0.032401 0.00013895 876.35 1
407.62 31973 2.363 -0.11637 2435 -0.0011096 1.8127 0.041693 7.8723e-05 867.46 1
408.46 31973 2.3629 -0.11606 2436.6 -5.1369e-05 1.8127 0.04157 6.73e-05 864.97 1
411.48 31986 2.3626 -0.11495 2442.5 0.0031826 1.8127 0.033515 0.00015053 856.1 1
416.84 32029 2.3622 -0.11295 2452.3 0.0023278 1.8127 0.01286 0.0001871 841.47 1
421.4 32038 2.3617 -0.11126 2460.2 -0.00071204 1.8127 0.025636 0.00010238 829.47 1
422.65 32035 2.3616 -0.11079 2462.6 7.9825e-05 1.8128 0.034202 6.9807e-05 825.85 1
425.67 32044 2.3613 -0.10966 2468.5 0.0024996 1.8128 0.034143 0.00016232 817.08 1
431.03 32108 2.3608 -0.10765 2478.6 0.0069483 1.8128 0.033491 0.00021306 801.43 1
435.59 32201 2.3604 -0.10594 2486.6 0.0091372 1.8128 0.024171 0.00010718 788.52 1
436.84 32230 2.3603 -0.10546 2488.7 0.0089408 1.8129 0.024309 6.9469e-05 785.12 1
439.86 32298 2.36 -0.10432 2493.8 0.0091097 1.8129 0.023838 0.00015396 776.89 1
445.22 32409 2.3595 -0.10229 2502.4 0.0069903 1.8129 0.013855 0.00019694 762.79 1
449.78 32468 2.3591 -0.10056 2509.2 0.0029358 1.8129 0.014199 9.7936e-05 751.32 1
451.04 32475 2.359 -0.10008 2511.2 0.0021469 1.8129 0.023009 6.4853e-05 748.1 1
454.05 32491 2.3587 -0.098934 2516.1 0.0019305 1.813 0.022649 0.00014795 740.09 1
459.42 32503 2.3582 -0.096883 2524.7 -0.00041935 1.813 0.014538 0.00020323 726.15 1
463.97 32484 2.3577 -0.095138 2532 -0.0028997 1.813 0.022789 0.00011387 714.36 1
465.23 32474 2.3576 -0.094655 2534.1 -0.0026191 1.813 0.022619 7.471e-05 710.92 1
468.24 32453 2.3573 -0.093496 2539.1 -0.0034439 1.813 0.014895 0.0001661 702.91 1
473.61 32362 2.3568 -0.091427 2547.5 -0.010411 1.813 4.1495e-07 0.0002186 689.48 1
478.16 32208 2.3564 -0.089666 2555 -0.015353 1.8131 0.024144 0.00012353 677.66 1
479.42 32158 2.3562 -0.089179 2557.5 -0.014121 1.8131 0.024509 8.1864e-05 673.87 1
482.43 32054 2.356 -0.088009 2563.1 -0.012841 1.8131 0.025099 0.00018967 665 1
487.8 31897 2.3554 -0.08592 2573.1 -0.0097973 1.8131 0.025298 0.00025786 648.72 1
492.35 31800 2.355 -0.08414 2581.6 -0.0066036 1.8131 0.025772 0.00013629 634.54 1
493.61 31780 2.3549 -0.083648 2584 -0.0056005 1.8131 0.026662 8.857e-05 630.56 1
496.62 31747 2.3546 -0.082466 2589.5 -0.0029499 1.8131 0.026632 0.00020041 620.94 1
501.99 31742 2.3541 -0.080355 2599.3 0.0023012 1.8131 0.026686 0.00026519 603.61 1
506.54 31790 2.3536 -0.078558 2607.1 0.0053553 1.8132 0.017677 0.00013917 589.14 1
507.8 31808 2.3535 -0.078061 2609.2 0.0053079 1.8132 0.01197 9.0895e-05 585.32 1
510.81 31841 2.3532 -0.076867 2613.9 0.0024916 1.8132 1.2518e-06 0.00019941 576.65 1
516.18 31816 2.3527 -0.074737 2622.4 -0.0060886 1.8132 2.0457e-06 0.00025962 561.81 1
520.74 31719 2.3522 -0.072924 2630.2 -0.0087204 1.8132 0.019803 0.00013401 548.23 1
521.99 31691 2.3521 -0.072422 2632.5 -0.0076059 1.8132 0.019797 7.5709e-05 544.11 1
524 31654 2.3519 -0.07162 2636.1 -0.0065219 1.8132 0.019867 0.00013304 537.62 1
527.58 31602 2.3515 -0.070188 2642.4 -0.004339 1.8132 0.020247 0.00017139 525.92 1
530.62 31576 2.3512 -0.068971 2647.8 -0.0023127 1.8132 0.019964 8.9824e-05 515.89 1
531.45 31571 2.3512 -0.068634 2649.2 -0.0017626 1.8133 0.019979 6.9097e-05 513.11 1
533.46 31565 2.351 -0.067827 2652.7 -0.00050594 1.8133 0.018773 0.0001256 506.46 1
537.04 31570 2.3506 -0.066386 2658.8 0.0013887 1.8133 0.017768 0.00016232 494.64 1
540.08 31587 2.3503 -0.065161 2663.8 0.0030575 1.8133 0.018942 8.4235e-05 484.59 1
540.91 31595 2.3502 -0.064823 2665.2 0.0036128 1.8133 0.019581 6.5166e-05 481.8 1
542.92 31618 2.35 -0.064011 2668.5 0.0052681 1.8133 0.021803 0.00011798 475.06 1
546.5 31682 2.3496 -0.062561 2674.2 0.0077514 1.8133 0.01543 0.00015164 463.18 1
549.54 31744 2.3493 -0.06133 2678.8 0.0065793 1.8133 9.9707e-06 7.8376e-05 453.74 1
550.38 31757 2.3493 -0.060989 2680.1 0.0053335 1.8133 0.00038574 6.0852e-05 451.3 1
552.38 31779 2.3491 -0.060172 2683.1 0.0029176 1.8133 2.7184e-06 0.00010962 445.38 1
555.96 31788 2.3487 -0.058716 2688.5 -0.00082448 1.8133 0.0045521 0.00014421 434.73 1
559 31776 2.3484 -0.057477 2693.3 -0.0015498 1.8133 0.016556 7.4698e-05 425.24 1
559.84 31773 2.3483 -0.057135 2694.6 -0.0010094 1.8133 0.018233 5.2089e-05 422.48 1
561.18 31771 2.3482 -0.056587 2696.7 -0.00025386 1.8134 0.017827 7.5574e-05 418.09 1
563.56 31773 2.3479 -0.055611 2700.5 0.00095451 1.8134 0.016936 9.384e-05 410.27 1
565.59 31781 2.3477 -0.054782 2703.6 0.0019613 1.8134 0.017662 5.6179e-05 403.65 1
566.14 31784 2.3477 -0.054553 2704.5 0.0022871 1.8134 0.018145 4.88e-05 401.81 1
567.48 31794 2.3475 -0.054004 2706.5 0.0030975 1.8134 0.018382 7.4668e-05 397.39 1
569.87 31819 2.3473 -0.053025 2710.2 0.0047487 1.8134 0.019809 9.4826e-05 389.51 1
571.89 31849 2.3471 -0.052193 2713.2 0.0063004 1.8134 0.019617 5.6082e-05 382.8 1
572.45 31859 2.347 -0.051963 2714 0.0066953 1.8134 0.018743 4.8967e-05 380.96 1
573.79 31885 2.3469 -0.051411 2715.9 0.0072385 1.8134 0.012881 7.4447e-05 376.62 1
576.18 31929 2.3466 -0.050429 2719.3 0.0058945 1.8134 8.1798e-06 9.4117e-05 369.33 1
578.2 31955 2.3464 -0.049594 2722.1 0.0032736 1.8134 1.9907e-05 5.6135e-05 363.43 1
578.76 31959 2.3464 -0.049363 2722.9 0.0027199 1.8134 0.00046171 4.9212e-05 361.77 1
580.1 31966 2.3462 -0.04881 2724.9 0.0011821 1.8134 0 7.6067e-05 357.83 1
582.48 31966 2.346 -0.047824 2728.4 -0.0011326 1.8134 0.0048603 9.9261e-05 350.74 1
584.51 31957 2.3458 -0.046987 2731.3 -0.0015395 1.8134 0.015502 6.1177e-05 344.44 1
585.07 31955 2.3457 -0.046755 2732.1 -0.0012314 1.8134 0.016864 5.3727e-05 342.63 1
586.4 31952 2.3456 -0.0462 2734.1 -0.00054004 1.8134 0.017135 8.3476e-05 338.27 1
588.79 31952 2.3453 -0.045211 2737.6 0.00067098 1.8134 0.016439 0.0001086 330.52 1
590.81 31959 2.3451 -0.044371 2740.5 0.0015942 1.8134 0.016089 6.593e-05 323.95 1
591.37 31961 2.3451 -0.044139 2741.3 0.0018499 1.8134 0.016526 5.7842e-05 322.14 1
592.71 31969 2.3449 -0.043582 2743.2 0.0025028 1.8134 0.016598 8.9319e-05 317.79 1
595.1 31990 2.3447 -0.042589 2746.6 0.003951 1.8134 0.018996 0.00011545 309.99 1
597.12 32016 2.3445 -0.041746 2749.4 0.0056077 1.8134 0.020594 6.9767e-05 303.31 1
597.68 32026 2.3444 -0.041513 2750.2 0.0060974 1.8134 0.020037 6.1098e-05 301.46 1
599.02 32050 2.3443 -0.040955 2752 0.0068796 1.8135 0.014159 9.3331e-05 297.11 1
601.4 32093 2.344 -0.039959 2755.1 0.0058002 1.8135 5.3637e-06 0.00011901 289.83 1
603.43 32119 2.3438 -0.039113 2757.7 0.0032386 1.8135 2.3461e-05 7.1909e-05 283.95 1
603.99 32123 2.3438 -0.03888 2758.5 0.0027236 1.8135 0.00087007 6.3209e-05 282.3 1
605.33 32130 2.3436 -0.038319 2760.3 0.0012847 1.8135 0 9.7768e-05 278.38 1
607.71 32131 2.3434 -0.037321 2763.6 -0.0010691 1.8135 0.0035717 0.00012759 271.35 1
609.74 32122 2.3432 -0.036472 2766.3 -0.0016705 1.8135 0.01417 7.8694e-05 265.14 1
610.29 32120 2.3431 -0.036238 2767 -0.001396 1.8135 0.015655 6.9111e-05 263.34 1
611.63 32116 2.343 -0.035676 2768.9 -0.00080343 1.8135 0.015815 0.00010645 259.05 1
614.02 32114 2.3427 -0.034674 2772.1 0.00022797 1.8135 0.015215 0.00013728 251.38 1
616.04 32117 2.3425 -0.033823 2774.8 0.0010286 1.8135 0.015029 8.3528e-05 244.89 1
616.6 32119 2.3425 -0.033588 2775.5 0.0012557 1.8135 0.015135 7.3347e-05 243.1 1
617.94 32125 2.3423 -0.033025 2777.3 0.0016823 1.8135 0.013201 0.00011246 238.82 1
620.33 32137 2.3421 -0.03202 2780.4 0.0020254 1.8135 0.012084 0.00014463 231.27 1
622.35 32150 2.3419 -0.031166 2783 0.0026101 1.8135 0.016485 8.8111e-05 224.82 1
622.91 32154 2.3418 -0.030931 2783.7 0.0029818 1.8135 0.017335 7.7318e-05 223 1
624.25 32167 2.3417 -0.030365 2785.4 0.0038429 1.8135 0.017382 0.00011766 218.65 1
626.63 32197 2.3414 -0.029358 2788.4 0.0051414 1.8135 0.014988 0.00014893 210.96 1
628.66 32228 2.3412 -0.028502 2790.9 0.0055953 1.8135 0.010951 8.8922e-05 204.58 1
629.22 32236 2.3412 -0.028265 2791.6 0.0055684 1.8135 0.0097145 7.7695e-05 202.84 1
630.56 32256 2.341 -0.027698 2793.2 0.0051705 1.8135 0.0056782 0.00011727 198.76 1
632.94 32285 2.3408 -0.026688 2796.1 0.0032535 1.8135 6.1342e-06 0.00014726 191.7 1
634.97 32297 2.3405 -0.02583 2798.6 0.0010252 1.8135 2.561e-05 9.4303e-05 185.83 1
635.52 32299 2.3405 -0.025593 2799.3 0.0004726 1.8135 6.7486e-06 8.8748e-05 184.19 1
637.53 32294 2.3403 -0.02474 2801.8 -0.0017598 1.8135 0.00078014 0.0001791 178.37 1
641.11 32271 2.3399 -0.023219 2806.3 -0.0020348 1.8135 0.020153 0.00025815 167.3 1
644.15 32269 2.3396 -0.021927 2810.1 0.0023078 1.8135 0.026523 0.00015098 157.08 1
644.98 32277 2.3395 -0.02157 2811.1 0.0034667 1.8135 0.027074 0.00011828 154.27 1
646.99 32306 2.3393 -0.020713 2813.5 0.0065515 1.8135 0.023417 0.00020277 147.48 1
650.57 32379 2.3389 -0.019186 2817.5 0.0069794 1.8136 7.2933e-06 0.00024053 136.33 1
653.61 32424 2.3386 -0.017889 2821 0.0029483 1.8136 1.2072e-05 0.00013027 127.71 1
654.45 32429 2.3385 -0.01753 2822 0.0023973 1.8136 0.004547 0.00010542 125.23 1
656.45 32439 2.3383 -0.016671 2824.3 0.00079463 1.8136 5.1366e-06 0.00018529 119.36 1
660.03 32425 2.3379 -0.015138 2828.5 -0.0033841 1.8136 6.673e-06 0.0002567 109.11 1
663.07 32391 2.3376 -0.013835 2832.2 -0.0036029 1.8136 0.024295 0.00017536 99.789 1
663.91 32384 2.3375 -0.013475 2833.2 -0.0019658 1.8136 0.025087 0.00014261 96.911 1
665.92 32381 2.3373 -0.012612 2835.5 0.001009 1.8136 0.026871 0.00030315 90.17 1
669.49 32428 2.3369 -0.011073 2839.3 0.0088053 1.8136 0.039335 0.0004884 77.748 1
672.53 32543 2.3366 -0.0097662 2841.9 0.018395 1.8136 0.045973 0.00030612 66.799 1
673.37 32590 2.3365 -0.0094052 2842.5 0.021161 1.8136 0.046962 0.00024121 63.788 1
675.38 32732 2.3363 -0.0085397 2843.6 0.0284 1.8136 0.052191 0.00047299 56.548 1
678.95 33090 2.3359 -0.0069982 2844.5 0.042152 1.8136 0.057778 0.00070647 43.873 1
681.99 33506 2.3356 -0.0056911 2843.8 0.054476 1.8137 0.067859 0.00046048 33.493 1
682.83 33640 2.3355 -0.0053305 2843.3 0.058217 1.8137 0.07735 0.00037505 30.665 1
684.84 34002 2.3353 -0.004467 2840.8 0.068493 1.8137 0.085604 0.00066222 23.874 1
688.42 34791 2.3349 -0.002933 2834.5 0.087307 1.8138 0.10112 0.00092704 12.422 1
691.45 35613 2.3346 -0.0016371 2826 0.10472 1.8138 0.13249 0.00037811 3.3 1
692.29 35867 2.3345 -0.0012805 2822.8 0.11025 1.8139 0.13809 0 0.81781 1
692.29 35867 2.3345 -0.0012805 2822.8 0.11025 1.8139 0.13809 0 0.81781 0
693.52 36275 2.3343 -0.00076081 2803 0.12618 1.8147 0.13469 0.09073 0.81701 0
695.71 37116 2.3341 0.00015326 2772 0.14946 1.8203 0.12701 0.28127 0.81669 0
697.56 37917 2.3339 0.00091786 2749.7 0.16389 1.828 0.12104 0.43159 0.8157 0
698.07 38149 2.3339 0.0011273 2744 0.16711 1.8303 0.11927 0.47399 0.81536 0
699.3 38720 2.3337 0.0016267 2731.5 0.17356 1.8362 0.11636 0.55626 0.81323 0
701.49 39772 2.3335 0.0025077 2712.1 0.18088 1.8471 0.10841 0.74563 0.81266 0
703.35 40683 2.3333 0.0032477 2698.1 0.18343 1.8562 0.10348 0.87668 0.81091 0
703.86 40935 2.3332 0.0034509 2694.6 0.18373 1.8586 0.10249 0.90826 0.81048 0
705.09 41540 2.3331 0.0039364 2686.6 0.18384 1.8641 0.10046 0.96898 0.80807 0
707.28 42608 2.3328 0.0047959 2673.9 0.1821 1.8731 0.0946 1.1123 0.80736 0
709.13 43498 2.3326 0.0055206 2664.5 0.17908 1.8799 0.09131 1.1843 0.80543 0
709.65 43741 2.3325 0.00572 2662.1 0.17812 1.8816 0.090751 1.1973 0.80494 0
710.87 44315 2.3323 0.0061969 2656.5 0.17562 1.8855 0.089489 1.2224 0.80269 0
713.06 45315 2.3321 0.0070431 2647.5 0.1706 1.8916 0.085631 1.2605 0.80181 0
714.92 46137 2.3318 0.0077582 2640.7 0.16599 1.8961 0.083286 1.2476 0.79994 0
715.43 46360 2.3318 0.0079552 2638.9 0.16471 1.8972 0.082892 1.2442 0.79945 0
716.25 46712 2.3317 0.0082697 2636.1 0.16262 1.8989 0.082467 1.2409 0.79547 0
717.71 47327 2.3315 0.0088287 2631.4 0.15884 1.9018 0.08113 1.2235 0.79543 0
718.95 47836 2.3313 0.0093021 2627.6 0.1556 1.904 0.080289 1.2061 0.79303 0
719.29 47975 2.3313 0.0094326 2626.6 0.1547 1.9046 0.080148 1.2033 0.79283 0
720.11 48304 2.3311 0.0097453 2624.2 0.15252 1.9059 0.079801 1.198 0.78843 0
721.57 48878 2.331 0.010301 2620.1 0.14862 1.9081 0.078713 1.176 0.78844 0
722.8 49352 2.3308 0.010772 2616.9 0.14527 1.9099 0.078031 1.1573 0.78569 0
723.14 49481 2.3307 0.010902 2616 0.14435 1.9103 0.077918 1.1542 0.78531 0
723.96 49787 2.3306 0.011214 2613.9 0.14211 1.9114 0.077637 1.1483 0.78085 0
725.42 50319 2.3304 0.011767 2610.4 0.1381 1.9131 0.076762 1.1257 0.78051 0
726.66 50758 2.3303 0.012236 2607.5 0.13467 1.9145 0.076217 1.1076 0.77731 0
727 50877 2.3302 0.012366 2606.8 0.13372 1.9149 0.076127 1.1047 0.7766 0
727.82 51159 2.3301 0.012676 2605 0.13142 1.9157 0.075903 1.0989 0.77203 0
729.28 51649 2.3299 0.013227 2601.9 0.12732 1.9172 0.075211 1.0776 0.77114 0
730.52 52052 2.3297 0.013695 2599.3 0.12381 1.9183 0.074784 1.061 0.76755 0
730.86 52162 2.3297 0.013824 2598.7 0.12284 1.9186 0.074714 1.0583 0.76658 0
731.68 52420 2.3296 0.014133 2597.1 0.12051 1.9193 0.07454 1.053 0.76194 0
733.14 52867 2.3294 0.014683 2594.3 0.11632 1.9205 0.074004 1.0337 0.76054 0
734.37 53234 2.3292 0.015149 2592.1 0.11275 1.9214 0.073679 1.0189 0.75673 0
734.72 53333 2.3292 0.015278 2591.5 0.11176 1.9217 0.073626 1.0165 0.75561 0
735.53 53567 2.3291 0.015586 2590.1 0.10938 1.9223 0.073494 1.0118 0.75103 0
736.99 53971 2.3289 0.016134 2587.6 0.10512 1.9233 0.073092 0.99477 0.74926 0
738.23 54302 2.3287 0.016599 2585.7 0.10148 1.9241 0.072853 0.98187 0.74536 0
738.57 54391 2.3286 0.016728 2585.1 0.10048 1.9243 0.072814 0.97978 0.74418 0
739.39 54600 2.3285 0.017035 2583.9 0.098057 1.9248 0.072718 0.97571 0.73972 0
740.85 54961 2.3283 0.017583 2581.7 0.093731 1.9256 0.072429 0.96098 0.73771 0
742.09 55254 2.3281 0.018047 2580 0.090043 1.9263 0.072263 0.94986 0.73382 0
742.43 55333 2.3281 0.018175 2579.5 0.089022 1.9265 0.072235 0.94806 0.73263 0
743.25 55518 2.328 0.018482 2578.4 0.086568 1.9269 0.072169 0.94461 0.72832 0
744.71 55835 2.3278 0.019028 2576.5 0.082184 1.9277 0.071976 0.93207 0.72617 0
745.94 56091 2.3276 0.019491 2575 0.078449 1.9283 0.07187 0.9226 0.72234 0
746.29 56159 2.3276 0.019619 2574.6 0.077416 1.9285 0.071853 0.92107 0.72116 0
747.11 56320 2.3274 0.019925 2573.6 0.074933 1.9288 0.071812 0.91819 0.71701 0
748.56 56592 2.3272 0.02047 2572 0.0705 1.9295 0.071699 0.90767 0.71479 0
749.8 56811 2.3271 0.020933 2570.6 0.066725 1.93 0.071644 0.89966 0.71103 0
750.14 56869 2.327 0.021061 2570.3 0.065681 1.9302 0.071635 0.89838 0.70988 0
750.96 57004 2.3269 0.021366 2569.4 0.063174 1.9305 0.071615 0.89601 0.7059 0
752.42 57232 2.3267 0.021911 2568 0.058699 1.9311 0.07157 0.88728 0.70363 0
753.66 57413 2.3265 0.022373 2566.9 0.054892 1.9316 0.071558 0.88056 0.69997 0
754 57460 2.3265 0.0225 2566.5 0.053839 1.9317 0.071556 0.87949 0.69884 0
754.82 57571 2.3264 0.022805 2565.8 0.051312 1.932 0.071555 0.87757 0.69501 0
756.28 57754 2.3262 0.023349 2564.6 0.046805 1.9326 0.071567 0.87041 0.69273 0
757.52 57897 2.326 0.02381 2563.6 0.042972 1.933 0.071591 0.8648 0.68917 0
757.86 57934 2.3259 0.023938 2563.4 0.041912 1.9331 0.071596 0.86391 0.68806 0
758.68 58019 2.3258 0.024243 2562.8 0.03937 1.9334 0.07161 0.8624 0.68436 0
760.13 58158 2.3256 0.024786 2561.7 0.034837 1.9339 0.071673 0.8566 0.68209 0
761.37 58262 2.3254 0.025246 2560.9 0.030985 1.9343 0.071729 0.85196 0.67861 0
761.71 58289 2.3254 0.025373 2560.7 0.02992 1.9345 0.071739 0.85123 0.67753 0
762.53 58349 2.3253 0.025678 2560.2 0.027367 1.9347 0.071767 0.85007 0.67393 0
763.99 58443 2.3251 0.026221 2559.4 0.022816 1.9352 0.071874 0.84546 0.67168 0
765.23 58509 2.3249 0.026681 2558.7 0.018951 1.9356 0.071959 0.84167 0.66828 0
765.57 58525 2.3248 0.026808 2558.6 0.017883 1.9357 0.071974 0.84108 0.66722 0
766.39 58560 2.3247 0.027112 2558.2 0.015323 1.936 0.072015 0.84023 0.66371 0
767.85 58608 2.3245 0.027654 2557.5 0.010762 1.9364 0.072162 0.83667 0.66148 0
769.09 58636 2.3243 0.028114 2557 0.0068903 1.9368 0.072273 0.83361 0.65814 0
769.43 58642 2.3243 0.02824 2556.9 0.0058212 1.9369 0.072293 0.83314 0.6571 0
770.25 58651 2.3242 0.028545 2556.6 0.0032577 1.9372 0.072346 0.83257 0.65366 0
771.71 58655 2.324 0.029086 2556.1 -0.0013061 1.9376 0.072531 0.82995 0.65147 0
772.94 58645 2.3238 0.029545 2555.8 -0.0051782 1.938 0.072668 0.82755 0.64818 0
773.28 58640 2.3237 0.029672 2555.7 -0.006247 1.9381 0.072692 0.82719 0.64715 0
774.1 58624 2.3236 0.029976 2555.5 -0.0088092 1.9384 0.072757 0.82687 0.64376 0
775.56 58583 2.3234 0.030517 2555.2 -0.013369 1.9388 0.072981 0.8251 0.6416 0
776.8 58534 2.3232 0.030975 2554.9 -0.017234 1.9392 0.073143 0.82328 0.63835 0
777.14 58519 2.3232 0.031102 2554.9 -0.018301 1.9393 0.073171 0.82302 0.63733 0
777.96 58478 2.3231 0.031405 2554.8 -0.020858 1.9396 0.073248 0.82293 0.63397 0
779.42 58391 2.3229 0.031946 2554.6 -0.025405 1.9401 0.073512 0.82195 0.63185 0
780.66 58305 2.3227 0.032404 2554.5 -0.029258 1.9405 0.0737 0.82066 0.62864 0
781 58279 2.3226 0.032531 2554.5 -0.030321 1.9406 0.073733 0.82049 0.62762 0
781.82 58213 2.3225 0.032834 2554.5 -0.032867 1.9408 0.073822 0.82063 0.62427 0
783.28 58082 2.3223 0.033374 2554.5 -0.037393 1.9413 0.074128 0.82038 0.62219 0
784.51 57958 2.3221 0.033832 2554.5 -0.041226 1.9417 0.074344 0.81959 0.619 0
784.86 57921 2.3221 0.033958 2554.5 -0.042283 1.9418 0.074382 0.81951 0.61799 0
785.67 57830 2.322 0.034261 2554.6 -0.044815 1.9421 0.074485 0.81986 0.61463 0
787.13 57655 2.3218 0.034801 2554.7 -0.049311 1.9426 0.074836 0.82033 0.61259 0
788.37 57493 2.3216 0.035258 2554.8 -0.053116 1.9431 0.075083 0.82001 0.60942 0
788.71 57446 2.3215 0.035385 2554.9 -0.054164 1.9432 0.075126 0.82001 0.60841 0
789.53 57330 2.3214 0.035687 2555 -0.056675 1.9435 0.075244 0.82059 0.60503 0
790.99 57111 2.3212 0.036226 2555.2 -0.061131 1.944 0.075644 0.82175 0.60304 0
792.23 56912 2.321 0.036683 2555.5 -0.064899 1.9445 0.075924 0.8219 0.59988 0
792.57 56855 2.321 0.03681 2555.6 -0.065936 1.9447 0.075974 0.82197 0.59887 0
793.39 56714 2.3208 0.037112 2555.7 -0.06842 1.945 0.076109 0.82277 0.59547 0
794.85 56451 2.3206 0.03765 2556.1 -0.072824 1.9456 0.076563 0.82463 0.59352 0
796.08 56215 2.3205 0.038107 2556.4 -0.076544 1.9461 0.07688 0.82523 0.59036 0
796.43 56148 2.3204 0.038233 2556.5 -0.077568 1.9463 0.076936 0.82538 0.58935 0
797.25 55983 2.3203 0.038535 2556.7 -0.080017 1.9466 0.07709 0.8264 0.58591 0
798.7 55677 2.3201 0.039073 2557.2 -0.084356 1.9473 0.077603 0.82896 0.58402 0
799.94 55404 2.3199 0.03953 2557.6 -0.088016 1.9479 0.077962 0.83 0.58086 0
800.28 55327 2.3198 0.039655 2557.7 -0.089022 1.948 0.078025 0.83023 0.57985 0
801.1 55138 2.3197 0.039957 2558 -0.091429 1.9485 0.078199 0.83148 0.57637 0
802.56 54790 2.3195 0.040495 2558.5 -0.095686 1.9492 0.078779 0.83476 0.57453 0
803.8 54482 2.3193 0.04095 2558.9 -0.099271 1.9499 0.079182 0.83623 0.57136 0
804.14 54395 2.3193 0.041076 2559 -0.10026 1.9501 0.079254 0.83654 0.57037 0
804.96 54182 2.3192 0.041377 2559.3 -0.10261 1.9505 0.07945 0.83803 0.56683 0
806.42 53792 2.3189 0.041914 2559.9 -0.10677 1.9514 0.080102 0.84203 0.56505 0
807.66 53449 2.3188 0.042369 2560.3 -0.11026 1.9522 0.080553 0.84393 0.56188 0
808 53352 2.3187 0.042495 2560.4 -0.11122 1.9524 0.080634 0.84432 0.56089 0
808.82 53117 2.3186 0.042796 2560.8 -0.1135 1.953 0.080854 0.84605 0.5573 0
810.27 52687 2.3184 0.043332 2561.3 -0.11754 1.954 0.081583 0.85077 0.55557 0
811.51 52310 2.3182 0.043786 2561.7 -0.12092 1.9549 0.082087 0.85309 0.5524 0
811.85 52204 2.3181 0.043911 2561.8 -0.12184 1.9552 0.082177 0.85355 0.55143 0
812.67 51946 2.318 0.044212 2562.1 -0.12405 1.9558 0.082422 0.85552 0.54778 0
814.13 51477 2.3178 0.044747 2562.6 -0.12793 1.957 0.083232 0.86094 0.54611 0
815.37 51067 2.3176 0.0452 2563 -0.13117 1.9581 0.083789 0.86363 0.54292 0
815.71 50952 2.3176 0.045326 2563.1 -0.13206 1.9584 0.08389 0.86416 0.54198 0
816.53 50673 2.3174 0.045625 2563.4 -0.13416 1.9592 0.084161 0.86636 0.53827 0
817.99 50166 2.3172 0.046159 2563.7 -0.13785 1.9607 0.085053 0.8724 0.53665 0
819.23 49725 2.317 0.046612 2564 -0.14091 1.962 0.085664 0.8754 0.53346 0
819.57 49602 2.317 0.046737 2564.1 -0.14174 1.9624 0.085775 0.87598 0.53253 0
820.39 49303 2.3169 0.047036 2564.2 -0.14372 1.9633 0.086073 0.87839 0.52873 0
821.85 48761 2.3166 0.047568 2564.4 -0.14715 1.9651 0.087046 0.88495 0.52718 0
823.08 48291 2.3165 0.048019 2564.4 -0.14998 1.9668 0.087709 0.88817 0.52397 0
823.42 48160 2.3164 0.048144 2564.4 -0.15075 1.9673 0.087831 0.8888 0.52307 0
824.24 47843 2.3163 0.048442 2564.4 -0.15256 1.9684 0.088154 0.89138 0.51917 0
825.7 47269 2.316 0.048973 2564.3 -0.15568 1.9707 0.089202 0.89835 0.51768 0
826.94 46772 2.3159 0.049422 2564 -0.15822 1.9728 0.089914 0.90169 0.51445 0
827.28 46634 2.3158 0.049547 2563.9 -0.1589 1.9734 0.090045 0.90234 0.51357 0
828.1 46300 2.3157 0.049844 2563.7 -0.16049 1.9749 0.090391 0.90507 0.50957 0
829.56 45698 2.3155 0.050372 2563.1 -0.16319 1.9777 0.091506 0.91231 0.50814 0
830.8 45179 2.3153 0.05082 2562.3 -0.16533 1.9804 0.092257 0.91566 0.50488 0
831.14 45035 2.3152 0.050943 2562.1 -0.16589 1.9812 0.092396 0.91632 0.50402 0
831.96 44687 2.3151 0.051239 2561.5 -0.1672 1.9831 0.092761 0.91915 0.4999 0
833.42 44061 2.3148 0.051764 2560.1 -0.16934 1.9868 0.093926 0.92654 0.49853 0
834.65 43525 2.3146 0.052209 2558.7 -0.17095 1.9902 0.094705 0.92979 0.49523 0
835 43376 2.3146 0.052332 2558.2 -0.17136 1.9912 0.094848 0.93043 0.49439 0
835.81 43018 2.3145 0.052625 2557.1 -0.17229 1.9938 0.095225 0.93333 0.49017 0
837.27 42376 2.3142 0.053147 2554.7 -0.17369 1.9986 0.096419 0.94072 0.48885 0
838.51 41828 2.314 0.053588 2552.3 -0.17463 2.0032 0.097208 0.94377 0.48551 0
838.85 41677 2.314 0.053709 2551.5 -0.17484 2.0045 0.097353 0.94438 0.48469 0
839.67 41313 2.3138 0.054 2549.7 -0.17526 2.0078 0.097733 0.94732 0.48039 0
841.13 40664 2.3136 0.054516 2545.8 -0.17571 2.0142 0.098925 0.95458 0.47909 0
842.37 40113 2.3134 0.054953 2542.1 -0.17575 2.0202 0.099701 0.95731 0.47572 0
842.71 39962 2.3133 0.055073 2541 -0.17571 2.0219 0.099843 0.95788 0.4749 0
843.53 39598 2.3132 0.05536 2538.1 -0.17549 2.0263 0.10021 0.96079 0.47055 0
844.99 38954 2.3129 0.055869 2532.4 -0.1747 2.0347 0.10137 0.96774 0.46926 0
846.22 38411 2.3127 0.056298 2526.8 -0.1736 2.0426 0.1021 0.97002 0.46586 0
846.57 38262 2.3126 0.056416 2525.2 -0.17322 2.0449 0.10223 0.97051 0.46504 0
847.39 37907 2.3125 0.056698 2521 -0.17218 2.0507 0.10258 0.97333 0.46063 0
848.84 37282 2.3122 0.057198 2512.8 -0.16983 2.0618 0.10364 0.97967 0.45935 0
850.08 36761 2.312 0.057618 2505 -0.1673 2.0721 0.1043 0.98126 0.45592 0
850.42 36619 2.3119 0.057733 2502.7 -0.1665 2.0751 0.10442 0.98163 0.45509 0
851.24 36282 2.3118 0.058009 2496.9 -0.16444 2.0826 0.10473 0.98419 0.45064 0
852.7 35694 2.3115 0.058495 2485.6 -0.16018 2.097 0.10566 0.98936 0.44935 0
853.94 35211 2.3113 0.058902 2475 -0.15592 2.1103 0.10621 0.98984 0.44589 0
854.28 35080 2.3112 0.059014 2471.9 -0.15463 2.1141 0.1063 0.99001 0.44505 0
855.1 34772 2.311 0.05928 2464.2 -0.15137 2.1237 0.10656 0.99202 0.44056 0
856.56 34243 2.3107 0.059748 2449.4 -0.14487 2.1419 0.1073 0.99507 0.43926 0
857.8 33816 2.3105 0.060139 2435.8 -0.13863 2.1586 0.10771 0.99378 0.43576 0
858.14 33702 2.3104 0.060246 2431.8 -0.13679 2.1634 0.10778 0.99363 0.43492 0
858.96 33435 2.3102 0.0605 2422.1 -0.13216 2.1752 0.10797 0.99467 0.43038 0
860.41 32987 2.3099 0.060945 2403.6 -0.12321 2.1974 0.1085 0.99429 0.42906 0
861.65 32634 2.3097 0.061315 2386.9 -0.11485 2.2174 0.10877 0.99045 0.42553 0
861.99 32542 2.3096 0.061416 2382.1 -0.11241 2.2231 0.10881 0.98982 0.42468 0
862.81 32329 2.3094 0.061654 2370.4 -0.10639 2.2371 0.10893 0.98942 0.42009 0
864.27 31983 2.3091 0.062071 2348.6 -0.09495 2.263 0.10923 0.98429 0.41876 0
865.51 31724 2.3088 0.062414 2329.4 -0.084526 2.2857 0.10935 0.97722 0.41519 0
865.85 31658 2.3087 0.062507 2323.9 -0.081541 2.2921 0.10937 0.97599 0.41433 0
866.67 31510 2.3085 0.062727 2310.8 -0.074242 2.3077 0.10942 0.9738 0.40969 0
868.13 31284 2.3081 0.063109 2286.8 -0.060671 2.3359 0.10952 0.96318 0.40835 0
869.37 31130 2.3078 0.063423 2266.1 -0.048588 2.3601 0.10951 0.95273 0.40474 0
869.71 31094 2.3077 0.063507 2260.3 -0.045175 2.3669 0.1095 0.95087 0.40387 0
870.53 31018 2.3075 0.063707 2246.5 -0.036917 2.383 0.10951 0.94689 0.39918 0
871.99 30922 2.3072 0.064052 2221.7 -0.021852 2.4118 0.10944 0.9312 0.39782 0
873.22 30880 2.3068 0.064333 2200.7 -0.0087394 2.436 0.10932 0.91798 0.39417 0
873.56 30875 2.3067 0.064409 2195 -0.0050926 2.4426 0.1093 0.91561 0.39329 0
874.38 30873 2.3065 0.064587 2181.2 0.0036416 2.4584 0.10926 0.91026 0.38854 0
875.84 30910 2.3061 0.064894 2157 0.01925 2.486 0.10906 0.89102 0.38717 0
877.08 30978 2.3058 0.065143 2136.9 0.0325 2.5086 0.10886 0.87627 0.38348 0
877.42 31003 2.3057 0.06521 2131.5 0.036126 2.5147 0.10883 0.87365 0.38259 0
878.24 31074 2.3055 0.065368 2118.6 0.044718 2.5292 0.10876 0.86763 0.37778 0
879.7 31234 2.3051 0.065638 2096.1 0.059737 2.554 0.10847 0.84707 0.37639 0
880.94 31404 2.3048 0.065858 2077.8 0.072146 2.574 0.10821 0.83234 0.37265 0
881.28 31457 2.3047 0.065917 2072.9 0.075488 2.5793 0.10817 0.82976 0.37175 0
882.1 31591 2.3044 0.066056 2061.2 0.083319 2.5919 0.10808 0.82379 0.36688 0
883.56 31860 2.304 0.066295 2041.2 0.096699 2.6131 0.10771 0.80417 0.36547 0
884.79 32117 2.3037 0.066489 2025.1 0.10745 2.63 0.10742 0.79083 0.36168 0
885.14 32192 2.3036 0.066542 2020.8 0.11029 2.6345 0.10737 0.78854 0.36077 0
885.95 32379 2.3034 0.066665 2010.6 0.11687 2.6449 0.10726 0.78323 0.35583 0
887.41 32735 2.303 0.066877 1993.4 0.12782 2.6624 0.10685 0.76621 0.3544 0
888.65 33059 2.3026 0.06705 1979.6 0.13634 2.6761 0.10653 0.75514 0.35055 0
888.99 33152 2.3025 0.067097 1975.9 0.13855 2.6797 0.10648 0.75328 0.34963 0
889.81 33379 2.3023 0.067207 1967.3 0.14361 2.6881 0.10636 0.74893 0.34462 0
891.27 33800 2.3019 0.067398 1952.7 0.15182 2.7022 0.10593 0.73534 0.34316 0
892.51 34172 2.3016 0.067554 1941 0.15799 2.7131 0.1056 0.72684 0.33925 0
892.85 34277 2.3015 0.067596 1937.9 0.15956 2.716 0.10555 0.72543 0.3383 0
893.67 34531 2.3013 0.067696 1930.7 0.16309 2.7227 0.10542 0.72211 0.33321 0
895.13 34995 2.3009 0.06787 1918.3 0.16864 2.7338 0.10498 0.712 0.33172 0
896.36 35397 2.3005 0.068013 1908.5 0.17261 2.7425 0.10466 0.7059 0.32774 0
896.71 35509 2.3004 0.068052 1905.9 0.17359 2.7448 0.1046 0.7049 0.32678 0
897.52 35780 2.3002 0.068144 1899.8 0.17574 2.7501 0.10448 0.70252 0.3216 0
898.98 36268 2.2998 0.068304 1889.4 0.17892 2.7589 0.10405 0.69543 0.32007 0
900.22 36685 2.2995 0.068437 1881.1 0.18098 2.7657 0.10374 0.69132 0.31601 0
900.56 36801 2.2994 0.068473 1878.8 0.18145 2.7676 0.10369 0.69064 0.31503 0
901.38 37079 2.2992 0.068558 1873.6 0.18242 2.7718 0.10358 0.68901 0.30976 0
902.84 37576 2.2988 0.068708 1864.8 0.1836 2.7788 0.1032 0.68428 0.30819 0
904.08 37997 2.2985 0.068833 1857.7 0.18408 2.7843 0.10293 0.68166 0.30404 0
904.42 38113 2.2984 0.068867 1855.8 0.18413 2.7857 0.10289 0.68122 0.30303 0
905.24 38391 2.2981 0.068947 1851.4 0.18412 2.7891 0.10279 0.68014 0.29767 0
906.7 38884 2.2978 0.069089 1843.8 0.18367 2.7947 0.10245 0.67707 0.29604 0
907.94 39299 2.2974 0.069207 1837.6 0.18287 2.7992 0.10221 0.67546 0.29181 0
908.28 39413 2.2973 0.069239 1836 0.18259 2.8003 0.10217 0.67519 0.29076 0
909.1 39685 2.2971 0.069316 1832.2 0.1818 2.8031 0.10208 0.67446 0.28537 0
910.55 40165 2.2967 0.069451 1825.6 0.18005 2.8077 0.10177 0.67244 0.28364 0
911.79 40567 2.2964 0.069564 1820.3 0.17822 2.8113 0.10156 0.67143 0.27932 0
912.13 40677 2.2963 0.069595 1818.8 0.17767 2.8122 0.10152 0.67125 0.27822 0
912.95 40939 2.2961 0.069669 1815.5 0.17626 2.8145 0.10145 0.67071 0.27281 0
914.41 41399 2.2957 0.069798 1809.7 0.17347 2.8183 0.10122 0.66921 0.27095 0
915.65 41783 2.2954 0.069907 1805.1 0.17084 2.8213 0.10107 0.66845 0.26654 0
915.99 41887 2.2953 0.069937 1803.8 0.17008 2.8221 0.10104 0.66831 0.26539 0
916.81 42136 2.2951 0.070008 1800.9 0.16818 2.8239 0.10099 0.66781 0.25997 0
918.27 42570 2.2947 0.070133 1795.8 0.16457 2.8271 0.10084 0.66638 0.25796 0
919.51 42930 2.2944 0.070239 1791.7 0.16131 2.8296 0.10074 0.66556 0.25345 0
919.85 43028 2.2943 0.070267 1790.6 0.16038 2.8303 0.10073 0.6654 0.25222 0
920.67 43261 2.2941 0.070336 1788 0.15809 2.8318 0.10071 0.66482 0.24678 0
922.13 43665 2.2937 0.070458 1783.5 0.15385 2.8345 0.10066 0.66299 0.24461 0
923.36 43999 2.2934 0.07056 1779.8 0.15008 2.8367 0.10063 0.66183 0.23999 0
923.7 44090 2.2933 0.070589 1778.9 0.14902 2.8372 0.10063 0.6616 0.23871 0
926.16 44721 2.2926 0.070789 1772.1 0.14109 2.8412 0.1007 0.6559 0.23239 0
930.54 45750 2.2915 0.071139 1761.2 0.12591 2.8473 0.10069 0.64447 0.23042 0
934.25 46525 2.2905 0.071429 1753 0.11213 2.8519 0.10048 0.64246 0.22537 0
935.28 46723 2.2902 0.071509 1750.9 0.1082 2.853 0.10046 0.64174 0.22411 0
938.96 47372 2.2893 0.071791 1744 0.093692 2.857 0.10049 0.63553 0.21746 0
945.52 48288 2.2876 0.072283 1733.5 0.066738 2.8633 0.10006 0.62876 0.21538 0
951.09 48817 2.2861 0.072691 1726.5 0.042997 2.8681 0.099268 0.63535 0.21005 0
952.63 48922 2.2857 0.072802 1724.8 0.036329 2.8694 0.099138 0.63593 0.20872 0
956.32 49102 2.2848 0.073066 1721.3 0.020233 2.8724 0.098995 0.63303 0.20179 0
962.88 49167 2.2831 0.073529 1716.6 -0.0086756 2.8776 0.098114 0.63221 0.19953 0
968.45 48967 2.2816 0.073914 1714 -0.033283 2.8821 0.097115 0.63948 0.19389 0
969.99 48870 2.2812 0.074019 1713.5 -0.040063 2.8834 0.09695 0.64047 0.19245 0
973.67 48566 2.2803 0.074269 1712.7 -0.056219 2.8864 0.09671 0.63859 0.185 0
980.24 47775 2.2786 0.074705 1712.3 -0.084506 2.8923 0.095265 0.64282 0.18256 0
985.81 46859 2.2772 0.075066 1712.9 -0.10784 2.8978 0.093654 0.6561 0.17647 0
987.34 46567 2.2768 0.075164 1713.2 -0.11414 2.8994 0.093366 0.65877 0.1749 0
989.19 46196 2.2763 0.07528 1713.7 -0.12158 2.9015 0.093199 0.65968 0.16707 0
992.47 45477 2.2754 0.075486 1714.5 -0.13447 2.9054 0.092617 0.66327 0.16428 0
995.25 44812 2.2747 0.075657 1715.2 -0.14499 2.9091 0.092192 0.6663 0.1577 0
996.02 44620 2.2745 0.075703 1715.4 -0.14782 2.9102 0.092121 0.66677 0.15593 0
997.86 44144 2.274 0.075815 1715.9 -0.15445 2.9129 0.091964 0.66721 0.14685 0
1001.1 43246 2.2732 0.076009 1716.6 -0.16564 2.9182 0.091405 0.66963 0.14391 0
1003.9 42436 2.2725 0.07617 1717 -0.17445 2.9233 0.090985 0.67215 0.13641 0
1004.7 42206 2.2723 0.076213 1717.1 -0.17676 2.9248 0.090913 0.67255 0.13446 0
1006.5 41641 2.2718 0.076317 1717.2 -0.18203 2.9286 0.090754 0.67306 0.12368 0
1009.8 40597 2.271 0.076496 1716.9 -0.19043 2.9363 0.090204 0.67558 0.12045 0
1012.6 39678 2.2702 0.076643 1716 -0.19641 2.9437 0.089804 0.67802 0.11158 0
1013.4 39420 2.27 0.076682 1715.6 -0.19786 2.9459 0.089737 0.67839 0.10931 0
1015.2 38793 2.2696 0.076775 1714.5 -0.2009 2.9516 0.089598 0.67893 0.096194 0
1018.5 37660 2.2687 0.076933 1711.6 -0.20467 2.9632 0.08913 0.68108 0.092132 0
1021.3 36689 2.268 0.077058 1707.8 -0.206 2.9746 0.088812 0.68273 0.080879 0
1022.1 36420 2.2678 0.077091 1706.5 -0.20602 2.9781 0.088768 0.68294 0.077822 0
1025.7 35141 2.2668 0.077238 1698.8 -0.20376 2.9966 0.088491 0.68401 0.060144 0
1032.3 32967 2.2652 0.077449 1676.8 -0.18842 3.0397 0.087529 0.68914 0.053238 0
1037.9 31341 2.2637 0.077561 1648.2 -0.16224 3.0881 0.086994 0.69298 0.032956 0
1039.4 30944 2.2633 0.077579 1638.5 -0.1527 3.1035 0.086988 0.69318 0.025102 0
