time (s) altitude (m) velocity (m/s) mass (kg) dynamic pressure (Pa)trajectory angle (rad) Lift (N)Drag (N)heading angle (rad) latitude (rad) angle of attack (rad) 
692.29 35867 2822.8 3300 28607 0.11025 29279 9620.6 1.8139 -0.0012805 0.25374
692.94 36069 2828.4 3290.4 27839 0.11147 29200 9689.1 1.8139 -0.0010053 0.25798
694.22 36477 2839.4 3271.5 26352 0.11391 29194 9890.3 1.8139 -0.00045898 0.26783
695.64 36942 2851.6 3250.4 24756 0.11668 29120 10074 1.8139 0.00014902 0.27925
696.65 37283 2860.4 3235.4 23649 0.11863 28009 9722.9 1.8139 0.00058602 0.28052
696.92 37373 2862.7 3231.5 23367 0.11911 27509 9519 1.8139 0.00069978 0.27939
697.57 37594 2868.5 3221.9 22687 0.12023 26797 9287.9 1.8139 0.00097857 0.28001
698.85 38040 2880 3202.9 21384 0.12234 25642 8955 1.814 0.001532 0.28285
700.27 38544 2893.1 3181.9 20004 0.12451 24336 8559 1.814 0.002148 0.28561
701.28 38913 2902.6 3166.8 19059 0.12594 23296 8211 1.814 0.0025908 0.28651
701.55 39009 2905.2 3162.9 18819 0.12629 23040 8126.9 1.814 0.0027061 0.28682
702.84 39487 2917.6 3143.8 17681 0.12795 22159 7903.9 1.814 0.0032719 0.29142
705.4 40456 2942.6 3105.8 15593 0.13095 20342 7388.2 1.8141 0.0043986 0.29952
708.24 41564 2971.4 3063.8 13530 0.13373 18049 6617.9 1.8141 0.0056586 0.30417
710.28 42378 2992.8 3033.7 12207 0.13534 16477 6070.5 1.8142 0.0065685 0.30667
710.81 42592 2998.5 3025.8 11883 0.13571 15981 5878.4 1.8142 0.006806 0.30589
711.79 42993 3009.1 3011.3 11302 0.13633 15288 5636.4 1.8142 0.0072487 0.30711
713.54 43714 3028.4 2985.4 10335 0.13728 14073 5202 1.8142 0.0080409 0.30854
715.03 44333 3045.2 2963.4 9576.7 0.13792 12985 4789.8 1.8143 0.0087169 0.30761
715.44 44505 3049.9 2957.3 9377.3 0.13807 12707 4686.1 1.8143 0.0089041 0.30749
716.42 44918 3061.2 2942.8 8915.8 0.13838 12139 4484.9 1.8143 0.0093542 0.30849
718.17 45661 3081.8 2916.8 8149 0.13883 11155 4130.4 1.8143 0.01016 0.30967
719.66 46297 3099.5 2894.8 7550.5 0.13908 10297 3805.3 1.8144 0.010847 0.30883
720.07 46474 3104.5 2888.8 7393.3 0.13913 10077 3723.3 1.8144 0.011038 0.30873
721.05 46898 3116.5 2874.2 7029.9 0.13922 9630.2 3565.3 1.8144 0.011496 0.30981
722.8 47658 3138.2 2848.3 6469 0.1393 8885.6 3291.5 1.8144 0.012316 0.31037
724.29 48307 3156.9 2826.3 6031.4 0.13928 8203.5 3024.3 1.8144 0.013016 0.30823
724.7 48487 3162.2 2820.2 5915.6 0.13925 8035.4 2960.1 1.8145 0.01321 0.30794
725.68 48919 3174.8 2805.7 5646.3 0.13917 7690.9 2835.6 1.8145 0.013676 0.30852
727.43 49693 3197.6 2779.8 5195 0.13898 7059.6 2598.4 1.8145 0.014511 0.308
728.92 50352 3217.2 2757.8 4839 0.13873 6498.2 2377.9 1.8145 0.015224 0.30544
729.33 50535 3222.7 2751.7 4744.9 0.13865 6360.1 2325 1.8145 0.015422 0.30504
730.31 50973 3236 2737.1 4526.1 0.13844 6073.3 2220.4 1.8146 0.015897 0.30526
732.06 51757 3259.9 2711.2 4192.2 0.13802 5586.6 2033.8 1.8146 0.016748 0.30376
733.54 52424 3280.5 2689.2 3925.9 0.13761 5158 1863.7 1.8146 0.017475 0.30076
733.96 52609 3286.2 2683.2 3855 0.13749 5053.2 1823.3 1.8146 0.017676 0.30027
734.94 53052 3300.1 2668.6 3689.3 0.13718 4834.5 1743 1.8147 0.018161 0.30019
736.69 53843 3325 2642.7 3408.9 0.1366 4420 1583.6 1.8147 0.019029 0.29796
738.17 54517 3346.6 2620.7 3185.5 0.13606 4064.1 1443.1 1.8147 0.01977 0.29464
738.58 54703 3352.6 2614.6 3126.1 0.1359 3977.7 1410.2 1.8147 0.019976 0.2941
739.57 55150 3367 2600.1 2987.4 0.13552 3795.9 1343.8 1.8147 0.02047 0.29379
741.32 55948 3393.1 2574.1 2753.4 0.13481 3453.8 1213.1 1.8148 0.021355 0.29118
742.8 56626 3415.5 2552.2 2567.5 0.13417 3167.8 1101.9 1.8148 0.022112 0.28789
743.21 56813 3421.8 2546.1 2518.1 0.13399 3098.2 1075.7 1.8148 0.022322 0.28734
744.2 57263 3436.9 2531.5 2403 0.13355 2950.1 1022.3 1.8148 0.022826 0.28689
745.95 58065 3464 2505.6 2209.2 0.13275 2672.9 917.58 1.8149 0.02373 0.28403
747.43 58746 3487.4 2483.6 2055.6 0.13204 2446.2 831.4 1.8149 0.024502 0.28086
747.84 58935 3493.9 2477.5 2014.8 0.13184 2391.4 811.81 1.8149 0.024716 0.28037
748.83 59386 3509.6 2463 1920 0.13136 2273.9 771.47 1.8149 0.025231 0.27998
750.58 60192 3537.9 2437.1 1760.7 0.13051 2078.5 704.72 1.8149 0.026154 0.27939
752.06 60876 3562.2 2415.1 1634.6 0.1298 1930.2 655.24 1.815 0.026943 0.27947
752.47 61066 3568.9 2409 1601.2 0.12961 1888.5 640.82 1.815 0.027162 0.27925
753.46 61519 3585.2 2394.4 1523.5 0.12915 1799.2 611.37 1.815 0.027688 0.2795
755.21 62328 3614.5 2368.5 1393.1 0.12833 1638.5 556.47 1.815 0.028631 0.27872
756.69 63016 3639.7 2346.5 1290.2 0.12765 1496.2 506.17 1.8151 0.029437 0.276
757.1 63206 3646.7 2340.5 1263 0.12746 1459.9 493.46 1.8151 0.02966 0.27538
758.4 63806 3669 2321.3 1180.3 0.12686 1350.3 455.17 1.8151 0.030368 0.27341
760.96 64997 3713.9 2283.4 1030.3 0.12564 1129.8 375.67 1.8151 0.031782 0.26552
763.8 66320 3764.8 2241.3 883.7 0.12422 919.28 300.14 1.8152 0.033371 0.25616
765.83 67270 3802.1 2211.2 790.19 0.12317 793.43 255.77 1.8152 0.034522 0.25015
766.36 67517 3811.9 2203.4 767.35 0.12289 765.71 246.31 1.8152 0.034823 0.24912
767.27 67944 3828.9 2189.9 729.3 0.12242 723.05 232.16 1.8152 0.035344 0.24806
769.18 68836 3864.9 2161.6 655.03 0.12145 637.51 203.47 1.8153 0.036442 0.24505
771.57 69953 3910.7 2126.3 571.56 0.12019 499.92 155.04 1.8153 0.037828 0.22744
773.79 70995 3954.5 2093.5 502.46 0.11874 343.37 101.03 1.8154 0.039134 0.19178
775.25 71680 3984.1 2071.8 460.07 0.11757 257.17 74.299 1.8154 0.040004 0.16681
775.62 71852 3991.6 2066.3 449.96 0.11725 237.73 68.84 1.8154 0.040224 0.16019
776.53 72278 4010.3 2052.8 425.86 0.1164 197.4 57.486 1.8154 0.04077 0.14618
778.44 73163 4050 2024.6 379.56 0.11443 122.53 38.965 1.8154 0.041919 0.11199
780.82 74259 4100.8 1989.3 328.82 0.11152 59.851 25.783 1.8155 0.043373 0.071062
783.05 75265 4149.3 1956.4 287.94 0.1084 19.841 19.508 1.8155 0.044744 0.031775
784.51 75918 4181.7 1934.7 264.04 0.10611 3.7322 17.305 1.8155 0.045657 0.0065743
784.88 76081 4190 1929.2 258.38 0.10551 2.0701e-15 16.786 1.8155 0.045888 0
784.88 76081 4190 1929.2 258.38 0.10551 2.0701e-15 16.786 1.8155 0.045888 0
785.88 76522 4189 1929.2 240.91 0.10385 -7.3343e-16 15.644 1.8156 0.046515 0
786.88 76953 4188 1929.2 224.92 0.10219 1.6579e-15 14.6 1.8156 0.047141 0
787.88 77377 4187.1 1929.2 210.18 0.10053 9.7666e-16 13.637 1.8156 0.047768 0
788.88 77794 4186.2 1929.2 196.56 0.098874 9.4489e-17 12.749 1.8156 0.048395 0
789.88 78203 4185.3 1929.2 183.99 0.097214 4.717e-16 11.929 1.8156 0.049022 0
790.88 78606 4184.4 1929.2 172.37 0.095553 -6.3525e-16 11.171 1.8156 0.049648 0
791.88 79002 4183.5 1929.2 161.62 0.093892 -5.9565e-16 10.471 1.8156 0.050275 0
792.88 79391 4182.6 1929.2 151.68 0.09223 7.2915e-17 9.8229 1.8157 0.050901 0
793.88 79772 4181.8 1929.2 142.48 0.090568 2.5114e-16 9.2236 1.8157 0.051528 0
794.88 80147 4181 1929.2 133.96 0.088905 -4.2931e-17 8.6688 1.8157 0.052154 0
795.88 80515 4180.1 1929.2 126.07 0.087241 9.1408e-16 8.155 1.8157 0.05278 0
796.88 80875 4179.3 1929.2 118.75 0.085577 1.1893e-16 7.6788 1.8157 0.053406 0
797.88 81229 4178.6 1929.2 111.96 0.083912 9.8224e-16 7.2374 1.8157 0.054032 0
798.88 81576 4177.8 1929.2 105.67 0.082247 -2.8148e-16 6.8278 1.8157 0.054659 0
799.88 81916 4177.1 1929.2 99.819 0.080581 0 6.4478 1.8157 0.055284 0
800.88 82248 4176.3 1929.2 94.388 0.078915 0 6.0949 1.8158 0.05591 0
801.88 82574 4175.6 1929.2 89.34 0.077248 0 5.767 1.8158 0.056536 0
802.88 82893 4174.9 1929.2 84.648 0.07558 0 5.4622 1.8158 0.057162 0
803.88 83205 4174.2 1929.2 80.282 0.073912 0 5.1789 1.8158 0.057788 0
804.88 83509 4173.6 1929.2 76.22 0.072244 0 4.9152 1.8158 0.058414 0
805.88 83807 4172.9 1929.2 72.438 0.070575 0 4.6699 1.8158 0.059039 0
806.88 84098 4172.3 1929.2 68.915 0.068905 0 4.4414 1.8158 0.059665 0
807.88 84382 4171.6 1929.2 65.633 0.067236 0 4.2286 1.8158 0.06029 0
808.88 84658 4171 1929.2 62.573 0.065565 0 4.0302 1.8158 0.060916 0
809.88 84928 4170.5 1929.2 59.675 0.063895 0 3.8428 1.8159 0.061541 0
810.88 85191 4169.9 1798.3 0 0.062223 0 0 1.8159 0.062167 0
811.88 85447 4169.3 1798.3 0 0.060552 0 0 1.8159 0.062792 0
812.88 85696 4168.8 1798.3 0 0.05888 0 0 1.8159 0.063417 0
813.88 85937 4168.3 1798.3 0 0.057208 0 0 1.8159 0.064042 0
814.88 86172 4167.8 1798.3 0 0.055535 0 0 1.8159 0.064668 0
815.88 86400 4167.3 1798.3 0 0.053862 0 0 1.8159 0.065293 0
816.88 86621 4166.8 1798.3 0 0.052189 0 0 1.8159 0.065918 0
817.88 86835 4166.4 1798.3 0 0.050515 0 0 1.8159 0.066543 0
818.88 87042 4165.9 1798.3 0 0.048841 0 0 1.8159 0.067168 0
819.88 87242 4165.5 1798.3 0 0.047166 0 0 1.8159 0.067793 0
820.88 87434 4165.1 1798.3 0 0.045492 0 0 1.8159 0.068418 0
821.88 87620 4164.7 1798.3 0 0.043817 0 0 1.816 0.069043 0
822.88 87799 4164.3 1798.3 0 0.042141 0 0 1.816 0.069668 0
823.88 87971 4164 1798.3 0 0.040466 0 0 1.816 0.070293 0
824.88 88136 4163.6 1798.3 0 0.03879 0 0 1.816 0.070918 0
825.88 88294 4163.3 1798.3 0 0.037114 0 0 1.816 0.071543 0
826.88 88445 4163 1798.3 0 0.035438 0 0 1.816 0.072167 0
827.88 88589 4162.7 1798.3 0 0.033761 0 0 1.816 0.072792 0
828.88 88726 4162.4 1798.3 0 0.032085 0 0 1.816 0.073417 0
829.88 88856 4162.1 1798.3 0 0.030408 0 0 1.816 0.074042 0
830.88 88979 4161.9 1798.3 0 0.028731 0 0 1.816 0.074667 0
831.88 89095 4161.7 1798.3 0 0.027054 0 0 1.816 0.075291 0
832.88 89204 4161.4 1798.3 0 0.025376 0 0 1.816 0.075916 0
833.88 89307 4161.2 1798.3 0 0.023699 0 0 1.816 0.076541 0
834.88 89402 4161.1 1798.3 0 0.022021 0 0 1.816 0.077165 0
835.88 89490 4160.9 1798.3 0 0.020343 0 0 1.816 0.07779 0
836.88 89571 4160.7 1798.3 0 0.018665 0 0 1.816 0.078415 0
837.88 89645 4160.6 1798.3 0 0.016987 0 0 1.816 0.079039 0
838.88 89712 4160.5 1798.3 0 0.015309 0 0 1.816 0.079664 0
839.88 89772 4160.4 1798.3 0 0.013631 0 0 1.816 0.080289 0
840.88 89826 4160.3 1798.3 0 0.011952 0 0 1.816 0.080913 0
841.88 89872 4160.2 1798.3 0 0.010274 0 0 1.8161 0.081538 0
842.88 89911 4160.2 1798.3 0 0.0085955 0 0 1.8161 0.082162 0
843.88 89943 4160.1 1798.3 0 0.006917 0 0 1.8161 0.082787 0
844.88 89969 4160.1 1798.3 0 0.0052386 0 0 1.8161 0.083412 0
845.88 89987 4160.1 1798.3 0 0.0035601 0 0 1.8161 0.084036 0
846.88 89998 4160.1 1798.3 0 0.0018816 0 0 1.8161 0.084661 0
847.88 90003 4160.1 1798.3 0 0.0002031 0 0 1.8161 0.085285 0
848.88 90000 4160.2 1798.3 0 0 0 0 1.8161 0.08591 0
