time (s) altitude (m) velocity (m/s) mass (kg)trajectory angle (rad) angle of attack (rad) heading angle (rad) latitude (rad)
0 90 30 29388 1.5691 0 1.6689 -0.2123 2.3868
0.88216 117.78 32.996 29261 1.568 -0.0025464 1.7153 -0.2123 2.3868
2.4534 173.89 38.446 29035 1.5627 -0.0065688 1.7527 -0.2123 2.3868
3.7864 228.28 43.186 28843 1.5548 -0.0092163 1.7652 -0.2123 2.3868
4.1545 244.42 44.514 28790 1.552 -0.0098328 1.7675 -0.2123 2.3868
5.0366 285.09 47.73 28663 1.5444 -0.011165 1.7719 -0.2123 2.3868
6.6078 364.61 53.576 28437 1.5272 -0.012694 1.7771 -0.2123 2.3868
7.9409 439.3 58.66 28245 1.5092 -0.013046 1.7801 -0.2123 2.3868
8.3089 461.11 60.084 28192 1.5038 -0.013042 1.7808 -0.2123 2.3868
9.1911 515.48 63.536 28065 1.4897 -0.012858 1.7822 -0.2123 2.3868
10.762 619.75 69.824 27838 1.4618 -0.011695 1.7842 -0.2123 2.3868
12.095 715.75 75.312 27646 1.4356 -0.009793 1.7855 -0.2123 2.3868
12.463 743.48 76.852 27593 1.428 -0.0091777 1.7858 -0.2123 2.3868
13.787 847.59 82.489 27403 1.3997 -0.0066296 1.7869 -0.21229 2.3868
16.143 1050.1 92.883 27064 1.3464 -4.3156e-05 1.7884 -0.21229 2.3868
18.143 1239 102.1 26776 1.3013 0.0075003 1.7894 -0.21228 2.3868
18.695 1293.9 104.73 26696 1.2894 0.0096764 1.7897 -0.21228 2.3868
20.018 1430.6 111.14 26506 1.262 0.014941 1.7903 -0.21227 2.3868
22.375 1691.3 122.98 26167 1.2181 0.023367 1.7912 -0.21226 2.3868
24.375 1930.3 133.44 25879 1.1866 0.028718 1.7919 -0.21224 2.3868
24.927 1999.2 136.39 25800 1.1788 0.029869 1.7921 -0.21224 2.3868
26.25 2169.8 143.57 25609 1.1618 0.032347 1.7926 -0.21223 2.3868
28.607 2492.4 156.71 25270 1.1368 0.03474 1.7933 -0.21221 2.3868
30.606 2785.9 168.21 24983 1.12 0.034863 1.7939 -0.21218 2.3868
31.159 2870.2 171.45 24903 1.1159 0.034819 1.7941 -0.21218 2.3868
32.482 3078.2 179.31 24713 1.1073 0.03468 1.7944 -0.21216 2.3868
34.839 3470.1 193.71 24374 1.0962 0.034688 1.7951 -0.21213 2.3868
36.838 3825.3 206.31 24086 1.0914 0.034838 1.7957 -0.2121 2.3868
37.39 3927.2 209.85 24007 1.0908 0.034845 1.7958 -0.2121 2.3868
38.272 4093.6 215.56 23880 1.0906 0.03487 1.7961 -0.21208 2.3868
39.844 4401.3 225.91 23654 1.0924 0.034862 1.7965 -0.21206 2.3868
41.177 4674.2 234.87 23463 1.0961 0.034812 1.7969 -0.21204 2.3868
41.545 4751.5 237.37 23410 1.0974 0.034801 1.797 -0.21203 2.3868
42.427 4940.4 243.42 23283 1.1013 0.034791 1.7973 -0.21202 2.3868
43.998 5289.9 254.38 23057 1.1103 0.034906 1.7977 -0.21199 2.3868
45.331 5600 263.87 22866 1.1202 0.034898 1.7981 -0.21197 2.3867
45.699 5688 266.53 22813 1.1233 0.034793 1.7982 -0.21196 2.3867
46.581 5902.9 272.93 22686 1.1311 0.03435 1.7985 -0.21194 2.3867
48.152 6300.5 284.52 22460 1.1461 0.032653 1.799 -0.21192 2.3867
49.486 6652.9 294.05 22268 1.1579 0.030197 1.7994 -0.21189 2.3867
49.854 6752.5 296.48 22216 1.1605 0.029391 1.7996 -0.21188 2.3867
50.764 7002.9 302.33 22085 1.1659 0.027094 1.7999 -0.21187 2.3867
52.73 7560.6 313.95 21802 1.1716 0.020831 1.8006 -0.21183 2.3867
55.354 8336.1 327.96 21425 1.163 0.009352 1.8015 -0.21178 2.3867
58.117 9180.8 342.3 21028 1.1317 -0.0046015 1.8024 -0.21172 2.3867
60.471 9916.8 355.51 20690 1.0896 -0.014367 1.8031 -0.21167 2.3867
61.952 10385 364.58 20477 1.0585 -0.018851 1.8035 -0.21163 2.3867
62.317 10502 366.9 20424 1.0504 -0.019874 1.8036 -0.21162 2.3867
63.199 10783 372.65 20298 1.0302 -0.022005 1.8038 -0.21159 2.3867
64.77 11286 383.42 20072 0.99259 -0.024884 1.8042 -0.21155 2.3866
66.103 11715 393.14 19880 0.95974 -0.026335 1.8045 -0.2115 2.3866
66.471 11833 395.93 19827 0.95061 -0.026611 1.8046 -0.21149 2.3866
67.354 12118 402.8 19701 0.92872 -0.027053 1.8047 -0.21146 2.3866
68.925 12625 415.69 19475 0.89013 -0.027083 1.8051 -0.2114 2.3866
70.258 13056 427.33 19283 0.85822 -0.026562 1.8053 -0.21134 2.3866
70.626 13175 430.65 19230 0.8496 -0.026435 1.8054 -0.21133 2.3866
71.508 13460 438.84 19103 0.82924 -0.026109 1.8055 -0.21129 2.3866
73.079 13969 454.13 18878 0.79407 -0.025957 1.8058 -0.21121 2.3866
74.412 14401 467.85 18686 0.76514 -0.026537 1.806 -0.21115 2.3865
74.78 14520 471.76 18633 0.75727 -0.026819 1.8061 -0.21113 2.3865
75.663 14806 481.33 18506 0.73856 -0.02763 1.8062 -0.21108 2.3865
77.234 15315 499.15 18280 0.70565 -0.029979 1.8064 -0.21099 2.3865
78.567 15746 515.03 18088 0.67785 -0.032963 1.8066 -0.21091 2.3865
78.935 15865 519.54 18036 0.67015 -0.033885 1.8067 -0.21089 2.3865
79.817 16149 530.58 17909 0.65165 -0.036287 1.8068 -0.21084 2.3865
81.388 16653 551.08 17683 0.61843 -0.041357 1.807 -0.21073 2.3864
82.721 17077 569.37 17491 0.58991 -0.046362 1.8071 -0.21064 2.3864
83.089 17194 574.58 17438 0.58199 -0.047763 1.8072 -0.21061 2.3864
83.972 17471 587.37 17311 0.56297 -0.051161 1.8073 -0.21055 2.3864
85.543 17960 611.25 17085 0.5293 -0.056989 1.8075 -0.21042 2.3864
86.876 18369 632.7 16893 0.50132 -0.061438 1.8076 -0.21031 2.3863
87.244 18480 638.82 16840 0.49374 -0.062562 1.8076 -0.21028 2.3863
87.618 18593 645.13 16786 0.48611 -0.063695 1.8077 -0.21025 2.3863
88.469 18848 659.82 16664 0.46907 -0.066152 1.8077 -0.21017 2.3863
89.724 19220 682.34 16483 0.44474 -0.069288 1.8079 -0.21006 2.3863
91.283 19673 711.67 16259 0.41597 -0.072165 1.808 -0.20991 2.3862
93.018 20166 746.04 16009 0.38579 -0.074066 1.8081 -0.20973 2.3862
94.789 20657 782.9 15754 0.3569 -0.074905 1.8083 -0.20954 2.3862
96.452 21106 819.1 15515 0.33127 -0.075014 1.8084 -0.20935 2.3861
97.874 21480 851.18 15310 0.31032 -0.07474 1.8085 -0.20918 2.3861
98.938 21754 875.86 15157 0.29508 -0.074334 1.8086 -0.20904 2.386
99.559 21911 890.5 15067 0.28632 -0.074029 1.8086 -0.20896 2.386
99.707 21948 894.04 15046 0.28424 -0.073951 1.8086 -0.20895 2.386
100.59 22167 915.21 14919 0.27195 -0.073434 1.8087 -0.20883 2.386
102.16 22546 953.78 14692 0.2503 -0.071979 1.8087 -0.20861 2.3859
103.49 22855 987.3 14500 0.2321 -0.070029 1.8088 -0.20842 2.3859
103.86 22938 996.68 14447 0.2271 -0.06939 1.8088 -0.20837 2.3859
104.74 23133 1019.4 14320 0.21511 -0.067724 1.8089 -0.20824 2.3858
106.32 23465 1060.4 14094 0.19383 -0.063965 1.809 -0.20799 2.3858
107.65 23729 1095.9 13902 0.1759 -0.059946 1.809 -0.20778 2.3857
108.02 23799 1105.8 13849 0.171 -0.058768 1.809 -0.20772 2.3857
108.9 23961 1129.8 13722 0.15932 -0.05585 1.8091 -0.20757 2.3857
110.47 24229 1173.1 13495 0.13898 -0.050501 1.8091 -0.2073 2.3856
111.8 24436 1210.8 13303 0.12229 -0.046049 1.8092 -0.20706 2.3855
112.17 24490 1221.3 13250 0.11779 -0.044882 1.8092 -0.20699 2.3855
113.05 24612 1246.9 13123 0.1072 -0.042125 1.8092 -0.20683 2.3855
114.62 24807 1293.5 12896 0.089059 -0.037701 1.8093 -0.20652 2.3854
115.96 24950 1334.1 12704 0.074402 -0.034392 1.8093 -0.20626 2.3853
116.33 24986 1345.4 12651 0.070481 -0.033486 1.8093 -0.20618 2.3853
117.21 25065 1373 12524 0.06134 -0.031282 1.8094 -0.206 2.3853
118.78 25182 1422.9 12297 0.046156 -0.02678 1.8094 -0.20567 2.3852
120.11 25260 1466 12105 0.034763 -0.022049 1.8094 -0.20538 2.3851
120.48 25278 1478.1 12052 0.031928 -0.020588 1.8094 -0.20529 2.3851
121.36 25316 1507 11925 0.025793 -0.016892 1.8095 -0.20509 2.385
122.93 25367 1559.1 11698 0.01719 -0.0093677 1.8095 -0.20473 2.385
124.27 25397 1604.1 11506 0.012163 -0.0020546 1.8095 -0.20441 2.3849
124.63 25404 1616.7 11453 0.011139 1.9292e-05 1.8095 -0.20432 2.3849
