time (s) altitude (m) velocity (m/s) mass (kg)trajectory angle (rad) angle of attack (rad) heading angle (rad) latitude (rad)
0 90 30 29385 1.5691 0 1.1403 -0.2123 2.3868
0.88186 117.77 32.996 29258 1.5682 -0.00174 1.2324 -0.2123 2.3868
2.4525 173.86 38.446 29032 1.5645 -0.0044342 1.3128 -0.2123 2.3868
3.7851 228.24 43.185 28840 1.5591 -0.0061697 1.3403 -0.2123 2.3868
4.153 244.37 44.512 28787 1.5572 -0.0065765 1.3457 -0.2123 2.3868
5.0349 285.03 47.726 28660 1.552 -0.0074493 1.3553 -0.2123 2.3868
6.6055 364.53 53.564 28434 1.5405 -0.0084875 1.3664 -0.2123 2.3868
7.9381 439.23 58.635 28242 1.5284 -0.0088081 1.3726 -0.2123 2.3868
8.306 461.04 60.054 28189 1.5247 -0.0088399 1.374 -0.2123 2.3868
9.1879 515.44 63.49 28062 1.5152 -0.0088234 1.3768 -0.2123 2.3868
10.759 619.82 69.736 27836 1.4964 -0.0083708 1.3808 -0.2123 2.3868
12.091 716.02 75.167 27644 1.4785 -0.007541 1.3834 -0.2123 2.3868
12.459 743.83 76.688 27591 1.4732 -0.0072727 1.384 -0.2123 2.3868
13.16 798.32 79.611 27490 1.4629 -0.0067209 1.3851 -0.2123 2.3868
14.705 925.42 86.177 27268 1.4389 -0.0052586 1.3871 -0.21229 2.3868
16.852 1118.4 95.585 26959 1.4027 -0.0025394 1.3894 -0.21229 2.3868
19.276 1358.9 106.63 26610 1.3599 0.0013395 1.3914 -0.21228 2.3868
21.607 1613.3 117.73 26274 1.3189 0.0055264 1.393 -0.21227 2.3868
23.489 1835.4 127.04 26003 1.2865 0.0089732 1.3941 -0.21226 2.3868
24.638 1978.3 132.88 25838 1.2676 0.011066 1.3947 -0.21226 2.3868
24.918 2014 134.32 25798 1.2631 0.011571 1.3949 -0.21226 2.3868
25.8 2128.6 138.9 25671 1.2492 0.013161 1.3953 -0.21225 2.3868
27.371 2340.9 147.24 25445 1.2259 0.01592 1.396 -0.21224 2.3868
28.703 2529.5 154.49 25253 1.2077 0.018159 1.3966 -0.21223 2.3868
29.071 2582.9 156.51 25200 1.203 0.018762 1.3968 -0.21222 2.3868
29.953 2713.5 161.42 25074 1.1922 0.02019 1.3971 -0.21222 2.3868
31.524 2954.7 170.32 24848 1.1751 0.022585 1.3978 -0.2122 2.3868
32.856 3168.4 178.04 24656 1.1629 0.024426 1.3983 -0.21219 2.3868
33.224 3228.8 180.2 24603 1.1599 0.02491 1.3984 -0.21218 2.3868
34.106 3376.4 185.42 24476 1.1534 0.026037 1.3987 -0.21217 2.3868
35.677 3648.9 194.89 24250 1.1443 0.027807 1.3993 -0.21215 2.3869
37.009 3890 203.1 24059 1.1391 0.029013 1.3998 -0.21214 2.3869
37.377 3958.3 205.4 24006 1.1381 0.02931 1.3999 -0.21213 2.3869
38.259 4124.9 210.94 23879 1.1364 0.029973 1.4002 -0.21212 2.3869
39.83 4432.5 221 23653 1.1357 0.030816 1.4008 -0.2121 2.3869
41.162 4705 229.72 23462 1.1373 0.031114 1.4012 -0.21208 2.3869
41.53 4782.1 232.15 23409 1.1381 0.031146 1.4014 -0.21207 2.3869
42.412 4970.4 238.03 23282 1.1405 0.031151 1.4017 -0.21206 2.3869
43.983 5318.3 248.69 23056 1.1466 0.030701 1.4022 -0.21203 2.3869
45.315 5626.3 257.89 22865 1.153 0.029766 1.4027 -0.21201 2.3869
45.683 5713.5 260.45 22812 1.1549 0.029444 1.4028 -0.21201 2.3869
46.565 5926.3 266.64 22685 1.1596 0.028575 1.4032 -0.21199 2.3869
48.136 6319 277.8 22459 1.1684 0.026483 1.4037 -0.21197 2.3869
49.468 6665.9 287.22 22268 1.175 0.024087 1.4042 -0.21194 2.3869
49.836 6763.9 289.75 22215 1.1765 0.023361 1.4044 -0.21194 2.3869
50.718 7002.3 295.62 22088 1.1791 0.021528 1.4047 -0.21192 2.3869
52.289 7438.9 305.46 21863 1.1804 0.017796 1.4053 -0.21189 2.3869
53.621 7820.1 313.3 21671 1.1777 0.014154 1.4058 -0.21187 2.3869
53.989 7926.9 315.4 21618 1.1763 0.013114 1.406 -0.21186 2.3869
54.871 8185.4 320.33 21491 1.1719 0.010568 1.4063 -0.21184 2.3869
56.442 8654.2 328.89 21266 1.16 0.0058891 1.4069 -0.21181 2.3869
57.774 9059.2 336.1 21074 1.1461 0.0018572 1.4074 -0.21178 2.3869
58.142 9172.1 338.12 21021 1.1418 0.00076183 1.4075 -0.21178 2.3869
59.024 9444.5 342.98 20895 1.1303 -0.0018517 1.4078 -0.21176 2.3869
60.595 9935.3 351.83 20669 1.1064 -0.0062471 1.4083 -0.21172 2.3869
61.927 10357 359.82 20477 1.0838 -0.0096052 1.4087 -0.21169 2.3869
62.295 10474 362.09 20425 1.0772 -0.010479 1.4089 -0.21168 2.3869
62.957 10685 366.28 20329 1.065 -0.012018 1.4091 -0.21166 2.3869
64.135 11064 374.04 20160 1.0424 -0.014579 1.4094 -0.21162 2.3869
65.134 11388 380.96 20017 1.0224 -0.016543 1.4097 -0.21159 2.3869
65.41 11478 382.93 19977 1.0168 -0.017064 1.4097 -0.21159 2.387
66.072 11694 387.76 19882 1.0031 -0.018284 1.4099 -0.21156 2.387
67.249 12080 396.71 19713 0.97828 -0.020304 1.4102 -0.21153 2.387
68.249 12410 404.67 19569 0.95678 -0.021859 1.4105 -0.21149 2.387
68.525 12501 406.93 19529 0.95079 -0.022276 1.4105 -0.21148 2.387
69.186 12721 412.44 19434 0.93634 -0.023255 1.4107 -0.21145 2.387
70.364 13113 422.62 19265 0.91038 -0.024925 1.4109 -0.21141 2.387
71.364 13447 431.63 19121 0.88818 -0.026278 1.4112 -0.21137 2.387
71.64 13540 434.18 19081 0.88204 -0.026651 1.4112 -0.21136 2.387
72.301 13762 440.4 18986 0.86729 -0.027538 1.4113 -0.21133 2.387
73.479 14158 451.85 18817 0.84098 -0.029134 1.4116 -0.21127 2.387
74.478 14495 461.97 18673 0.81866 -0.030527 1.4118 -0.21122 2.387
74.754 14588 464.82 18634 0.81251 -0.030919 1.4118 -0.21121 2.387
75.416 14811 471.79 18539 0.79777 -0.031869 1.4119 -0.21118 2.387
76.594 15209 484.6 18369 0.7716 -0.033642 1.4122 -0.21112 2.387
77.593 15547 495.91 18225 0.7495 -0.035249 1.4123 -0.21106 2.387
77.869 15640 499.1 18186 0.74342 -0.035706 1.4124 -0.21104 2.387
78.531 15863 506.88 18091 0.72888 -0.036816 1.4125 -0.21101 2.387
79.709 16261 521.19 17921 0.70318 -0.038893 1.4127 -0.21093 2.3871
80.708 16597 533.83 17777 0.68158 -0.040768 1.4128 -0.21087 2.3871
80.984 16690 537.39 17738 0.67565 -0.041297 1.4129 -0.21085 2.3871
81.645 16912 546.1 17643 0.66153 -0.042578 1.413 -0.21081 2.3871
82.823 17307 562.13 17473 0.63669 -0.044928 1.4131 -0.21073 2.3871
83.823 17640 576.3 17329 0.61599 -0.046988 1.4133 -0.21066 2.3871
84.099 17732 580.3 17290 0.61034 -0.04756 1.4133 -0.21064 2.3871
84.76 17952 590.07 17194 0.59692 -0.048936 1.4134 -0.21059 2.3871
85.938 18341 608.09 17025 0.57351 -0.051384 1.4135 -0.21049 2.3871
86.938 18670 624 16881 0.55418 -0.053436 1.4137 -0.21041 2.3871
87.213 18761 628.5 16841 0.54894 -0.053996 1.4137 -0.21039 2.3871
88.095 19050 643.18 16715 0.53248 -0.055763 1.4138 -0.21032 2.3872
89.666 19560 670.5 16488 0.50429 -0.058676 1.414 -0.21018 2.3872
90.999 19991 694.85 16297 0.48158 -0.060809 1.4141 -0.21005 2.3872
91.367 20109 701.77 16244 0.47551 -0.061349 1.4142 -0.21002 2.3872
92.248 20392 718.67 16117 0.46129 -0.062579 1.4143 -0.20993 2.3872
93.819 20892 749.89 15891 0.43707 -0.06432 1.4144 -0.20977 2.3872
95.152 21314 777.49 15699 0.41756 -0.065244 1.4146 -0.20962 2.3873
95.52 21430 785.28 15646 0.41232 -0.065435 1.4146 -0.20958 2.3873
96.401 21707 804.24 15519 0.40002 -0.0658 1.4147 -0.20948 2.3873
97.972 22196 839.01 15292 0.37884 -0.065908 1.4148 -0.20929 2.3873
99.305 22608 869.46 15100 0.36149 -0.065381 1.415 -0.20913 2.3873
99.673 22721 878.01 15047 0.35679 -0.065171 1.415 -0.20908 2.3874
100.55 22990 898.76 14920 0.34564 -0.06457 1.4151 -0.20897 2.3874
102.13 23465 936.56 14694 0.32612 -0.062986 1.4152 -0.20876 2.3874
103.46 23862 969.42 14502 0.30982 -0.06108 1.4153 -0.20857 2.3874
103.83 23971 978.61 14449 0.30536 -0.060503 1.4153 -0.20851 2.3874
104.71 24229 1000.9 14322 0.29472 -0.059039 1.4154 -0.20838 2.3875
106.28 24680 1041.2 14096 0.27594 -0.056069 1.4155 -0.20814 2.3875
107.61 25054 1076.2 13903 0.26022 -0.053191 1.4156 -0.20793 2.3875
107.98 25155 1086 13850 0.25592 -0.052373 1.4157 -0.20787 2.3876
108.86 25395 1109.7 13723 0.2457 -0.050371 1.4157 -0.20773 2.3876
110.43 25812 1152.7 13497 0.22783 -0.046689 1.4158 -0.20746 2.3876
111.76 26153 1190.1 13305 0.21308 -0.043491 1.4159 -0.20722 2.3877
112.13 26245 1200.6 13252 0.20908 -0.042613 1.416 -0.20715 2.3877
113.01 26462 1225.9 13124 0.19964 -0.040507 1.416 -0.20699 2.3877
114.58 26835 1272.2 12898 0.18336 -0.036825 1.4161 -0.20669 2.3877
115.92 27138 1312.4 12706 0.17014 -0.0338 1.4162 -0.20643 2.3878
116.28 27219 1323.6 12653 0.16659 -0.032978 1.4162 -0.20635 2.3878
117.17 27410 1350.9 12525 0.15828 -0.031022 1.4163 -0.20617 2.3878
118.74 27735 1400.5 12299 0.14422 -0.027618 1.4164 -0.20584 2.3879
120.07 27997 1443.5 12107 0.13311 -0.024803 1.4164 -0.20555 2.3879
120.44 28067 1455.6 12053 0.13019 -0.024029 1.4165 -0.20546 2.3879
121.32 28231 1484.6 11926 0.12348 -0.02218 1.4165 -0.20526 2.388
122.89 28510 1537.1 11700 0.1127 -0.018895 1.4166 -0.2049 2.388
124.22 28735 1582.5 11507 0.10455 -0.016111 1.4167 -0.20457 2.3881
124.59 28796 1595.2 11454 0.10237 -0.015341 1.4167 -0.20448 2.3881
