time (s) altitude (m) velocity (m/s) mass (kg) dynamic pressure (Pa)trajectory angle (rad) Lift (N)Drag (N)heading angle (rad) latitude (rad) angle of attack (rad) 
701.68 36041 2848.3 3300 28354 0.11893 27620 8876.1 1.8122 0.0055356 0.24548
702.67 36378 2857 3285.4 27086 0.12058 27633 9056.6 1.8122 0.0059602 0.25317
704.43 36993 2872.5 3259.3 24923 0.12358 27332 9215 1.8123 0.0067193 0.26594
705.93 37530 2885.8 3237.1 23188 0.12602 25674 8685.4 1.8123 0.0073663 0.2677
706.34 37680 2889.6 3231 22726 0.12663 25277 8564.8 1.8123 0.0075455 0.26854
707.33 38044 2898.7 3216.4 21647 0.12807 24719 8454.9 1.8123 0.0079757 0.27349
709.09 38705 2915 3190.3 19826 0.13054 23642 8225.4 1.8124 0.008745 0.28177
710.59 39278 2929.2 3168.1 18381 0.13243 21884 7605.7 1.8124 0.009401 0.28146
711 39438 2933.2 3162 17999 0.13289 21440 7452.9 1.8124 0.0095826 0.28156
711.99 39825 2942.8 3147.4 17111 0.13396 20688 7245.3 1.8124 0.010019 0.28439
713.75 40525 2960.4 3121.3 15623 0.13568 19257 6807.3 1.8124 0.010799 0.28811
715.25 41128 2975.6 3099.2 14454 0.13692 17641 6204.5 1.8125 0.011465 0.28619
715.66 41296 2979.9 3093 14147 0.1372 17253 6065.6 1.8125 0.011649 0.28605
716.65 41702 2990.3 3078.4 13434 0.13785 16540 5841.3 1.8125 0.012092 0.28789
718.41 42431 3009.2 3052.3 12248 0.13884 15259 5418.7 1.8125 0.012884 0.29021
719.91 43058 3025.6 3030.2 11321 0.13949 13983 4943.4 1.8126 0.013561 0.28849
720.32 43232 3030.2 3024.1 11078 0.13963 13670 4830.3 1.8126 0.013748 0.28831
721.31 43651 3041.3 3009.4 10516 0.13993 13076 4636.8 1.8126 0.014198 0.2898
723.07 44402 3061.4 2983.3 9584.8 0.14035 12036 4287 1.8126 0.015004 0.29174
724.57 45045 3078.8 2961.2 8860.2 0.14056 11057 3925.7 1.8127 0.015691 0.2905
724.98 45224 3083.7 2955.1 8670.3 0.14059 10813 3837.5 1.8127 0.015882 0.29037
725.97 45653 3095.5 2940.4 8231.7 0.14063 10339 3681.3 1.8127 0.01634 0.29178
727.73 46421 3116.8 2914.3 7506.4 0.14062 9516.6 3402.2 1.8127 0.017159 0.29363
729.22 47076 3135.1 2892.2 6948.4 0.14052 8753.1 3118.8 1.8127 0.017859 0.29235
729.64 47258 3140.3 2886.1 6813.5 0.14047 8576.6 3054.3 1.8128 0.018053 0.29219
730.63 47694 3152.7 2871.4 6499.6 0.14033 8228.9 2937.2 1.8128 0.018519 0.29333
732.39 48473 3175 2845.4 5974.1 0.14004 7600.3 2716.9 1.8128 0.019354 0.29429
733.88 49138 3194.3 2823.2 5560.3 0.13972 7010.4 2493.7 1.8128 0.020067 0.29246
734.3 49322 3199.7 2817.1 5451.1 0.13961 6865.1 2440.2 1.8128 0.020264 0.29223
735.29 49763 3212.6 2802.5 5197.5 0.13935 6573.2 2340 1.8129 0.020739 0.29306
737.05 50552 3236 2776.4 4773.9 0.13884 6047.8 2153 1.8129 0.02159 0.29338
738.54 51223 3256.2 2754.2 4451 0.13836 5583.8 1976.8 1.8129 0.022316 0.2914
738.96 51409 3261.8 2748.1 4371.1 0.13821 5476.2 1936.8 1.8129 0.022517 0.29113
739.95 51854 3275.4 2733.5 4184.3 0.13786 5258 1860.9 1.813 0.023001 0.29171
741.71 52649 3299.8 2707.4 3868.4 0.13721 4852.3 1713.5 1.813 0.023868 0.29131
743.2 53326 3320.8 2685.3 3616.7 0.13661 4482.6 1571.6 1.813 0.024609 0.28892
743.62 53512 3326.7 2679.1 3549.7 0.13644 4391.4 1537.8 1.813 0.024815 0.28855
744.61 53961 3340.8 2664.5 3393.5 0.13602 4201.3 1470.5 1.813 0.025308 0.28868
746.37 54761 3366.3 2638.4 3129.9 0.13526 3838.9 1335.3 1.8131 0.026193 0.28682
747.86 55441 3388.2 2616.3 2920.3 0.13457 3515.5 1209.3 1.8131 0.026948 0.28318
748.28 55629 3394.4 2610.2 2864.7 0.13437 3435.6 1179.1 1.8131 0.027158 0.28246
748.94 55929 3404.2 2600.4 2777.7 0.13405 3324.8 1139.1 1.8131 0.027493 0.28207
750.11 56464 3421.8 2583 2628.4 0.13347 3116.9 1061.4 1.8131 0.028093 0.28029
751.11 56919 3436.9 2568.2 2507.3 0.13296 2947.3 998.47 1.8132 0.028605 0.2786
751.38 57045 3441.1 2564.2 2474.8 0.13282 2905.1 983.43 1.8132 0.028746 0.27833
752.04 57346 3451.1 2554.4 2398.2 0.13248 2811.9 950.84 1.8132 0.029086 0.27807
753.22 57882 3469.2 2537 2267 0.13186 2638.6 888.82 1.8132 0.029695 0.27662
754.21 58337 3484.7 2522.3 2160.7 0.13133 2494.7 836.95 1.8132 0.030213 0.27504
754.49 58463 3489 2518.2 2132.1 0.13119 2458.5 824.41 1.8132 0.030357 0.27479
755.15 58764 3499.4 2508.4 2065 0.13083 2377.7 797.26 1.8132 0.030702 0.27452
756.32 59302 3518 2491 1950 0.1302 2227.7 745.4 1.8133 0.031318 0.27303
757.32 59758 3533.9 2476.3 1856.9 0.12966 2103.6 702.15 1.8133 0.031844 0.27145
757.6 59883 3538.3 2472.2 1831.9 0.12951 2072.5 691.56 1.8133 0.03199 0.2712
758.26 60185 3548.9 2462.4 1773.1 0.12915 2002.8 668.23 1.8133 0.03234 0.27091
759.43 60723 3567.9 2445 1672.6 0.12851 1873.3 623.56 1.8133 0.032965 0.26933
760.43 61179 3584.3 2430.3 1591.3 0.12796 1766.7 586.52 1.8133 0.033498 0.26771
760.7 61305 3588.8 2426.2 1569.5 0.12781 1740 577.44 1.8133 0.033646 0.26744
761.36 61608 3599.7 2416.4 1518.2 0.12744 1679.7 557.29 1.8133 0.034001 0.26707
762.54 62146 3619.2 2399 1430.6 0.1268 1567.1 518.41 1.8134 0.034635 0.26526
763.53 62603 3635.9 2384.3 1359.7 0.12624 1475.1 486.51 1.8134 0.035176 0.26351
763.81 62729 3640.6 2380.2 1340.7 0.12609 1452.2 478.77 1.8134 0.035326 0.26323
764.47 63031 3651.8 2370.4 1296.1 0.12573 1400.5 461.54 1.8134 0.035686 0.2628
765.64 63570 3671.8 2353.1 1219.9 0.12508 1304.4 428.47 1.8134 0.03633 0.26092
766.64 64027 3689 2338.3 1158.4 0.12452 1226.8 401.78 1.8134 0.036878 0.25923
766.91 64154 3693.7 2334.2 1141.9 0.12437 1207.5 395.33 1.8134 0.03703 0.25897
767.33 64344 3700.9 2328.1 1117.4 0.12414 1180.7 386.58 1.8135 0.037261 0.25885
768.26 64771 3717.2 2314.3 1064.2 0.12363 1120.8 366.81 1.8135 0.037776 0.25828
769.59 65381 3740.5 2294.7 992.13 0.12292 1035.1 337.88 1.8135 0.038517 0.25665
771.15 66100 3768.4 2271.5 912.67 0.12207 931.79 301.85 1.8135 0.039396 0.25294
772.77 66842 3797.6 2247.6 836.65 0.12118 824.94 263.67 1.8135 0.04031 0.24714
774.24 67517 3824.5 2225.8 772.42 0.12035 732.43 231.43 1.8136 0.041147 0.2406
775.38 68044 3845.7 2208.9 725.39 0.11968 667.51 209.59 1.8136 0.041805 0.23559
776.07 68359 3858.5 2198.7 698.5 0.11927 634.62 198.77 1.8136 0.0422 0.2335
776.23 68435 3861.6 2196.3 692.13 0.11917 627.96 196.65 1.8136 0.042296 0.23328
776.65 68627 3869.4 2190.1 676.38 0.11893 611.12 191.27 1.8136 0.042536 0.23261
777.58 69054 3887 2176.3 642.32 0.11837 567.84 176.71 1.8136 0.043075 0.22912
778.91 69664 3912.3 2156.7 596.33 0.11756 500.58 153.47 1.8137 0.04385 0.22112
780.47 70383 3942.7 2133.5 545.92 0.11655 416.67 124.35 1.8137 0.04477 0.2073
782.09 71124 3974.4 2109.6 497.8 0.11539 332.75 97.578 1.8137 0.045726 0.18887
783.56 71796 4003.8 2087.9 456.58 0.11422 261.62 75.474 1.8137 0.046602 0.16984
784.7 72319 4027.1 2070.9 426.75 0.11321 214.61 62.224 1.8137 0.047291 0.15469
785.39 72631 4041.1 2060.7 409.84 0.11258 192.37 55.936 1.8138 0.047705 0.14745
785.55 72707 4044.6 2058.3 405.85 0.11242 188.64 54.87 1.8138 0.047805 0.14645
786.08 72945 4055.4 2050.5 393.49 0.11192 173.96 50.708 1.8138 0.048122 0.14155
787.23 73468 4079.4 2033.4 367.55 0.11077 135.28 41.246 1.8138 0.048826 0.12346
788.84 74191 4113.3 2009.6 334.34 0.109 91.919 31.157 1.8138 0.04981 0.09906
790.65 74999 4152.3 1982.8 300.58 0.10678 52.705 23.236 1.8138 0.050931 0.069051
792.4 75767 4190.4 1957 271.52 0.10441 25.39 18.855 1.8139 0.052019 0.04082
793.8 76379 4221.6 1936.1 250.28 0.10233 9.2667 16.577 1.8139 0.052906 0.017061
794.66 76748 4240.8 1923.4 238.24 0.10098 1.755 15.493 1.8139 0.05345 0.0034178
794.87 76838 4245.6 1920.3 235.4 0.10065 1.3956e-15 15.237 1.8139 0.053583 0
794.87 76838 4245.6 1920.3 235.4 0.10065 1.3956e-15 15.237 1.8139 0.053583 0
795.87 77265 4244.6 1920.3 219.89 0.099027 -9.8655e-16 14.227 1.8139 0.054219 0
796.87 77681 4243.7 1920.3 205.68 0.097407 -6.0148e-16 13.303 1.8139 0.054855 0
797.87 78090 4242.8 1920.3 192.56 0.095787 1.1917e-15 12.449 1.814 0.05549 0
798.87 78492 4241.9 1920.3 180.42 0.094166 2.0598e-15 11.659 1.814 0.056126 0
799.87 78888 4241.1 1920.3 169.2 0.092544 0 10.93 1.814 0.056761 0
800.87 79276 4240.2 1920.3 158.81 0.090922 0 10.255 1.814 0.057397 0
801.87 79658 4239.4 1920.3 149.2 0.0893 0 9.6304 1.814 0.058032 0
802.87 80032 4238.6 1920.3 140.29 0.087676 0 9.052 1.814 0.058667 0
803.87 80400 4237.8 1920.3 132.03 0.086053 0 8.5161 1.814 0.059303 0
804.87 80761 4237 1920.3 124.38 0.084428 0 8.0195 1.814 0.059938 0
805.87 81115 4236.2 1920.3 117.28 0.082803 0 7.5588 1.8141 0.060573 0
806.87 81462 4235.5 1920.3 110.68 0.081178 0 7.1314 1.8141 0.061208 0
807.87 81802 4234.7 1920.3 104.56 0.079552 0 6.7346 1.8141 0.061843 0
808.87 82135 4234 1920.3 98.877 0.077925 0 6.3661 1.8141 0.062478 0
809.87 82461 4233.3 1920.3 93.589 0.076298 0 6.0236 1.8141 0.063112 0
810.87 82780 4232.6 1920.3 88.672 0.074671 0 5.7052 1.8141 0.063747 0
811.87 83092 4231.9 1920.3 84.098 0.073043 0 5.409 1.8141 0.064382 0
812.87 83398 4231.3 1920.3 79.839 0.071415 0 5.1335 1.8141 0.065017 0
813.87 83696 4230.6 1920.3 75.874 0.069786 0 4.8769 1.8142 0.065651 0
814.87 83988 4230 1920.3 72.179 0.068157 0 4.638 1.8142 0.066286 0
815.87 84272 4229.4 1920.3 68.736 0.066527 0 4.4153 1.8142 0.06692 0
816.87 84550 4228.8 1920.3 65.525 0.064897 0 4.2078 1.8142 0.067555 0
817.87 84821 4228.2 1920.3 62.527 0.063266 0 4.0141 1.8142 0.068189 0
818.87 85085 4227.6 1789.4 0 0.061635 0 0 1.8142 0.068823 0
819.87 85342 4227.1 1789.4 0 0.060004 0 0 1.8142 0.069458 0
820.87 85592 4226.6 1789.4 0 0.058372 0 0 1.8142 0.070092 0
821.87 85835 4226.1 1789.4 0 0.05674 0 0 1.8142 0.070726 0
822.87 86071 4225.6 1789.4 0 0.055108 0 0 1.8142 0.07136 0
823.87 86300 4225.1 1789.4 0 0.053475 0 0 1.8143 0.071994 0
824.87 86523 4224.6 1789.4 0 0.051842 0 0 1.8143 0.072629 0
825.87 86738 4224.1 1789.4 0 0.050209 0 0 1.8143 0.073263 0
826.87 86947 4223.7 1789.4 0 0.048575 0 0 1.8143 0.073897 0
827.87 87148 4223.3 1789.4 0 0.046941 0 0 1.8143 0.074531 0
828.87 87343 4222.9 1789.4 0 0.045307 0 0 1.8143 0.075165 0
829.87 87531 4222.5 1789.4 0 0.043672 0 0 1.8143 0.075798 0
830.87 87712 4222.1 1789.4 0 0.042037 0 0 1.8143 0.076432 0
831.87 87886 4221.8 1789.4 0 0.040402 0 0 1.8143 0.077066 0
832.87 88053 4221.4 1789.4 0 0.038767 0 0 1.8143 0.0777 0
833.87 88213 4221.1 1789.4 0 0.037131 0 0 1.8143 0.078334 0
834.87 88366 4220.8 1789.4 0 0.035495 0 0 1.8143 0.078968 0
835.87 88512 4220.5 1789.4 0 0.033859 0 0 1.8143 0.079601 0
836.87 88652 4220.2 1789.4 0 0.032223 0 0 1.8143 0.080235 0
837.87 88784 4219.9 1789.4 0 0.030586 0 0 1.8143 0.080869 0
838.87 88910 4219.7 1789.4 0 0.02895 0 0 1.8144 0.081502 0
839.87 89029 4219.4 1789.4 0 0.027313 0 0 1.8144 0.082136 0
840.87 89140 4219.2 1789.4 0 0.025676 0 0 1.8144 0.08277 0
841.87 89245 4219 1789.4 0 0.024039 0 0 1.8144 0.083403 0
842.87 89343 4218.8 1789.4 0 0.022402 0 0 1.8144 0.084037 0
843.87 89434 4218.7 1789.4 0 0.020764 0 0 1.8144 0.08467 0
844.87 89518 4218.5 1789.4 0 0.019127 0 0 1.8144 0.085304 0
845.87 89596 4218.4 1789.4 0 0.017489 0 0 1.8144 0.085938 0
846.87 89666 4218.2 1789.4 0 0.015852 0 0 1.8144 0.086571 0
847.87 89729 4218.1 1789.4 0 0.014214 0 0 1.8144 0.087205 0
848.87 89786 4218 1789.4 0 0.012576 0 0 1.8144 0.087838 0
849.87 89835 4218 1789.4 0 0.010938 0 0 1.8144 0.088472 0
850.87 89878 4217.9 1789.4 0 0.0093003 0 0 1.8144 0.089105 0
851.87 89914 4217.8 1789.4 0 0.0076623 0 0 1.8144 0.089739 0
852.87 89943 4217.8 1789.4 0 0.0060243 0 0 1.8144 0.090372 0
853.87 89965 4217.8 1789.4 0 0.0043863 0 0 1.8144 0.091006 0
854.87 89980 4217.8 1789.4 0 0.0027483 0 0 1.8144 0.091639 0
855.87 89988 4217.8 1789.4 0 0.0011103 0 0 1.8144 0.092273 0
856.87 89989 4217.8 1789.4 0 0 0 0 1.8144 0.092907 0
