time (s) altitude (m) velocity (m/s) mass (kg)trajectory angle (rad) angle of attack (rad) heading angle (rad) latitude (rad)
0 90 30 29388 1.5691 0 1.6974 -0.2123 2.3868
0.44108 103.56 31.492 29324 1.5687 -0.0010853 1.7228 -0.2123 2.3868
1.2267 129.35 34.178 29211 1.5674 -0.0029558 1.7541 -0.2123 2.3868
1.8932 152.9 36.486 29115 1.5655 -0.0044431 1.77 -0.2123 2.3868
2.0772 159.67 37.128 29089 1.5649 -0.0048377 1.7734 -0.2123 2.3868
2.5183 176.39 38.675 29025 1.5632 -0.0057662 1.7802 -0.2123 2.3868
3.3039 207.86 41.458 28912 1.5593 -0.0072979 1.7888 -0.2123 2.3868
3.9704 236.29 43.849 28816 1.5552 -0.0084554 1.794 -0.2123 2.3868
4.1544 244.42 44.513 28789 1.554 -0.0087594 1.7951 -0.2123 2.3868
5.0366 285.09 47.728 28662 1.5472 -0.0101 1.7998 -0.2123 2.3868
6.6077 364.61 53.573 28436 1.5317 -0.011679 1.8054 -0.2123 2.3868
7.9408 439.32 58.652 28244 1.5155 -0.012123 1.8086 -0.2123 2.3868
8.3088 461.13 60.075 28191 1.5105 -0.012152 1.8093 -0.2123 2.3868
9.191 515.52 63.521 28064 1.4977 -0.012057 1.8108 -0.2123 2.3868
10.762 619.84 69.796 27838 1.4723 -0.011113 1.8129 -0.2123 2.3868
12.095 715.92 75.266 27646 1.4484 -0.0094592 1.8144 -0.2123 2.3868
12.463 743.68 76.8 27593 1.4414 -0.0089181 1.8147 -0.2123 2.3868
13.125 794.94 79.585 27498 1.4287 -0.0078649 1.8153 -0.2123 2.3868
14.303 890.54 84.634 27328 1.405 -0.0056804 1.8162 -0.21229 2.3868
15.303 975.99 89.007 27184 1.3842 -0.0034866 1.8169 -0.21229 2.3868
15.579 1000.3 90.228 27145 1.3783 -0.0028488 1.8171 -0.21229 2.3868
16.241 1059.7 93.178 27049 1.3642 -0.00127 1.8175 -0.21229 2.3868
17.419 1170 98.534 26880 1.339 0.0017712 1.8182 -0.21228 2.3868
18.419 1267.9 103.19 26736 1.3178 0.0045758 1.8187 -0.21228 2.3868
18.695 1295.6 104.49 26696 1.3119 0.0053644 1.8188 -0.21228 2.3868
19.357 1363.3 107.64 26601 1.2981 0.0072776 1.8192 -0.21228 2.3868
20.535 1488.2 113.36 26431 1.274 0.010726 1.8197 -0.21227 2.3868
21.535 1598.6 118.32 26287 1.2542 0.013648 1.8201 -0.21227 2.3868
21.811 1629.8 119.7 26248 1.2489 0.014442 1.8202 -0.21226 2.3868
22.472 1705.8 123.06 26153 1.2364 0.016336 1.8205 -0.21226 2.3868
23.651 1845.7 129.14 25983 1.2154 0.019561 1.8209 -0.21225 2.3868
24.651 1968.8 134.4 25839 1.1987 0.022089 1.8213 -0.21225 2.3868
24.927 2003.5 135.87 25799 1.1942 0.022758 1.8214 -0.21224 2.3868
25.588 2088 139.42 25704 1.1841 0.024324 1.8216 -0.21224 2.3868
26.767 2243.1 145.85 25535 1.1673 0.026842 1.822 -0.21223 2.3868
27.766 2379.4 151.4 25391 1.1545 0.028647 1.8223 -0.21222 2.3868
28.042 2417.8 152.95 25351 1.1512 0.029107 1.8224 -0.21222 2.3868
28.704 2511.1 156.68 25256 1.1436 0.030158 1.8226 -0.21221 2.3868
29.882 2682.3 163.42 25086 1.1315 0.031713 1.8229 -0.2122 2.3868
30.882 2832.4 169.22 24943 1.1227 0.032673 1.8232 -0.21219 2.3868
31.158 2874.7 170.84 24903 1.1204 0.032903 1.8233 -0.21218 2.3868
31.82 2977.5 174.75 24808 1.1155 0.033402 1.8235 -0.21218 2.3868
32.998 3165.8 181.81 24638 1.108 0.034022 1.8239 -0.21216 2.3868
33.998 3331 187.89 24495 1.1028 0.034266 1.8241 -0.21215 2.3868
34.274 3377.4 189.59 24455 1.1016 0.034311 1.8242 -0.21215 2.3868
34.936 3490.5 193.68 24360 1.099 0.034386 1.8244 -0.21214 2.3868
36.114 3697.4 201.06 24190 1.0955 0.034383 1.8247 -0.21212 2.3868
37.114 3878.9 207.43 24047 1.0937 0.034269 1.825 -0.21211 2.3868
37.39 3930 209.2 24007 1.0933 0.034237 1.8251 -0.2121 2.3868
38.713 4180.8 217.78 23817 1.0928 0.034078 1.8255 -0.21208 2.3868
41.07 4653.2 233.46 23478 1.0964 0.034098 1.8261 -0.21205 2.3868
43.069 5081.4 247.18 23190 1.1044 0.034456 1.8267 -0.21201 2.3867
43.621 5204.3 251.03 23111 1.1075 0.034557 1.8268 -0.212 2.3867
44.077 5307.2 254.24 23045 1.1103 0.034608 1.827 -0.212 2.3867
45.06 5534.5 261.23 22904 1.1172 0.034575 1.8273 -0.21198 2.3867
46.372 5849 270.7 22716 1.1277 0.033935 1.8277 -0.21196 2.3867
47.753 6194.2 280.86 22517 1.14 0.032401 1.8281 -0.21193 2.3867
48.93 6499.9 289.4 22348 1.15 0.030396 1.8285 -0.21191 2.3867
49.67 6697.3 294.48 22242 1.1553 0.0288 1.8287 -0.2119 2.3867
49.853 6746.7 295.71 22215 1.1565 0.028374 1.8288 -0.21189 2.3867
51.176 7110.6 304.17 22025 1.1629 0.024891 1.8292 -0.21187 2.3867
53.533 7784.2 317.79 21686 1.1643 0.016588 1.83 -0.21183 2.3867
55.533 8376.6 328.41 21399 1.1535 0.0075729 1.8307 -0.21179 2.3867
56.085 8542.8 331.28 21320 1.1484 0.0049066 1.8308 -0.21178 2.3867
56.956 8807.2 335.81 21195 1.1386 0.00072293 1.8311 -0.21176 2.3867
58.68 9337 345.04 20947 1.1132 -0.0069472 1.8316 -0.21172 2.3867
60.591 9932.8 355.99 20672 1.0778 -0.013896 1.8322 -0.21167 2.3867
61.961 10364 364.43 20475 1.0491 -0.017799 1.8326 -0.21164 2.3866
62.316 10476 366.7 20424 1.0412 -0.018675 1.8326 -0.21163 2.3866
62.978 10686 371.01 20329 1.0264 -0.02018 1.8328 -0.21161 2.3866
64.156 11061 378.96 20160 0.99896 -0.022372 1.8331 -0.21157 2.3866
65.156 11380 386.03 20016 0.97509 -0.023703 1.8333 -0.21154 2.3866
65.432 11468 388.04 19976 0.96845 -0.024018 1.8334 -0.21153 2.3866
66.094 11680 392.96 19881 0.95242 -0.024676 1.8335 -0.21151 2.3866
67.272 12058 402.08 19712 0.92378 -0.02545 1.8338 -0.21147 2.3866
68.272 12378 410.19 19568 0.89956 -0.025724 1.834 -0.21143 2.3866
68.548 12467 412.48 19529 0.89292 -0.025776 1.834 -0.21142 2.3866
69.21 12680 418.1 19433 0.87708 -0.025861 1.8341 -0.21139 2.3866
70.388 13059 428.49 19264 0.84924 -0.025937 1.8344 -0.21134 2.3866
71.388 13380 437.71 19120 0.82605 -0.026001 1.8345 -0.2113 2.3866
71.664 13469 440.31 19081 0.81973 -0.026038 1.8346 -0.21129 2.3866
72.325 13682 446.68 18986 0.8047 -0.026143 1.8347 -0.21126 2.3865
73.504 14062 458.43 18816 0.77837 -0.02657 1.8349 -0.2112 2.3865
74.504 14383 468.81 18672 0.75643 -0.027266 1.835 -0.21115 2.3865
74.78 14472 471.75 18633 0.75042 -0.027505 1.8351 -0.21114 2.3865
75.441 14685 478.9 18538 0.73612 -0.028136 1.8352 -0.2111 2.3865
76.62 15064 492.07 18368 0.71089 -0.029661 1.8354 -0.21104 2.3865
77.619 15384 503.67 18224 0.68964 -0.031424 1.8355 -0.21098 2.3865
77.895 15473 506.94 18185 0.68379 -0.031961 1.8355 -0.21096 2.3865
78.557 15684 514.91 18090 0.66977 -0.033326 1.8356 -0.21092 2.3864
79.735 16060 529.56 17920 0.64482 -0.036152 1.8358 -0.21085 2.3864
80.735 16378 542.46 17776 0.62361 -0.038971 1.8359 -0.21078 2.3864
81.011 16465 546.09 17737 0.61774 -0.039785 1.8359 -0.21076 2.3864
81.882 16740 557.81 17611 0.5992 -0.042446 1.836 -0.2107 2.3864
83.606 17279 582.11 17363 0.56245 -0.048212 1.8362 -0.21058 2.3864
85.518 17867 610.97 17088 0.52202 -0.0548 1.8364 -0.21043 2.3863
86.887 18281 633.01 16891 0.49372 -0.05907 1.8366 -0.21032 2.3863
87.243 18387 638.92 16840 0.48652 -0.060117 1.8366 -0.21029 2.3863
87.905 18584 650.14 16745 0.4733 -0.062002 1.8367 -0.21023 2.3863
89.083 18931 670.82 16575 0.45041 -0.065037 1.8368 -0.21013 2.3862
90.083 19221 689.07 16431 0.4317 -0.067214 1.8368 -0.21004 2.3862
90.359 19301 694.21 16392 0.42665 -0.067769 1.8369 -0.21001 2.3862
91.02 19490 706.74 16296 0.41475 -0.069036 1.8369 -0.20995 2.3862
92.199 19823 729.73 16127 0.39424 -0.070929 1.837 -0.20983 2.3861
93.199 20101 749.87 15983 0.37751 -0.072135 1.8371 -0.20972 2.3861
93.475 20177 755.54 15943 0.37299 -0.072428 1.8371 -0.20969 2.3861
94.345 20415 773.69 15818 0.35899 -0.073243 1.8372 -0.2096 2.3861
96.069 20878 810.85 15569 0.33235 -0.074107 1.8373 -0.20941 2.386
97.981 21375 853.89 15294 0.30425 -0.073807 1.8374 -0.20918 2.386
99.35 21721 885.83 15097 0.28489 -0.072943 1.8375 -0.20901 2.3859
99.706 21809 894.28 15046 0.27994 -0.072629 1.8375 -0.20896 2.3859
101.03 22131 926.2 14855 0.26178 -0.071281 1.8376 -0.20879 2.3859
103.39 22679 984.86 14516 0.23005 -0.067315 1.8377 -0.20846 2.3858
105.39 23113 1036.2 14228 0.20357 -0.062169 1.8378 -0.20816 2.3857
105.94 23228 1050.7 14148 0.19632 -0.060555 1.8379 -0.20807 2.3857
106.6 23362 1068.1 14053 0.18769 -0.058542 1.8379 -0.20797 2.3856
107.78 23590 1099.5 13883 0.17245 -0.05481 1.838 -0.20778 2.3856
108.78 23774 1126.5 13739 0.15974 -0.051531 1.838 -0.20761 2.3855
109.05 23823 1134 13699 0.15626 -0.050627 1.838 -0.20757 2.3855
109.72 23938 1152.2 13604 0.14803 -0.048455 1.838 -0.20745 2.3855
110.89 24131 1185.1 13434 0.13367 -0.044682 1.8381 -0.20725 2.3854
111.89 24284 1213.5 13290 0.12182 -0.041645 1.8381 -0.20707 2.3854
112.17 24324 1221.5 13250 0.11861 -0.040834 1.8381 -0.20702 2.3854
112.83 24417 1240.7 13155 0.11102 -0.038918 1.8381 -0.2069 2.3853
114.01 24572 1275.4 12985 0.097881 -0.035708 1.8382 -0.20667 2.3853
115.01 24691 1305.5 12841 0.087131 -0.033187 1.8382 -0.20648 2.3852
115.29 24722 1313.8 12801 0.08423 -0.032503 1.8382 -0.20643 2.3852
115.95 24792 1334.1 12705 0.077406 -0.030876 1.8382 -0.20629 2.3852
117.13 24906 1370.7 12536 0.065744 -0.027922 1.8383 -0.20605 2.3851
118.13 24991 1402.3 12391 0.056437 -0.025248 1.8383 -0.20585 2.385
118.4 25012 1411.1 12352 0.053978 -0.024467 1.8383 -0.20579 2.385
119.06 25060 1432.2 12256 0.048306 -0.022543 1.8383 -0.20565 2.385
120.24 25135 1470.3 12086 0.039102 -0.018698 1.8383 -0.20539 2.3849
121.24 25188 1502.8 11942 0.032408 -0.014934 1.8384 -0.20516 2.3848
121.52 25201 1511.8 11902 0.030774 -0.013837 1.8384 -0.2051 2.3848
122.18 25230 1533.6 11807 0.027254 -0.011119 1.8384 -0.20495 2.3848
123.36 25275 1572.7 11637 0.022131 -0.0058855 1.8384 -0.20467 2.3847
124.36 25307 1606.5 11493 0.018834 -0.0011079 1.8384 -0.20443 2.3846
124.63 25316 1616 11453 0.018117 0.00021838 1.8384 -0.20437 2.3846
