time (s) altitude (m) longitude (rad) latitude (rad) velocity (m/s) trajectory angle (rad) heading angle (rad) angle of attack (rad) bank angle (rad) fuel mass (kg) 
124.63 25316 2.3846 -0.20437 1616 0.018117 1.8384 0.00021838 1300
127.09 25382 2.3844 -0.20377 1624.4 0.015759 1.8385 0.0092827 1293.6
131.47 25492 2.3841 -0.20269 1640.6 0.015342 1.8385 0.010529 1281.7
135.18 25584 2.3839 -0.20177 1654.8 0.014445 1.8386 0.01012 1271.3
136.2 25608 2.3838 -0.20151 1658.9 0.014368 1.8386 0.013204 1268.4
138.66 25668 2.3836 -0.2009 1668.8 0.014885 1.8387 0.012117 1261.3
143.04 25780 2.3833 -0.19979 1687.1 0.015647 1.8387 0.012532 1248.2
146.75 25881 2.3831 -0.19884 1703.3 0.016706 1.8388 0.012765 1236.8
147.77 25911 2.383 -0.19858 1707.8 0.016985 1.8388 0.013685 1233.7
150.23 25985 2.3828 -0.19794 1718.9 0.018184 1.8388 0.014345 1225.8
154.61 26133 2.3825 -0.1968 1739.3 0.021119 1.8389 0.01589 1211.5
158.32 26280 2.3822 -0.19582 1757.1 0.024159 1.839 0.016229 1199
159.34 26324 2.3821 -0.19555 1762.1 0.024966 1.839 0.017838 1195.5
161.8 26438 2.382 -0.1949 1774.1 0.027426 1.839 0.018503 1187
166.18 26680 2.3816 -0.19372 1795.3 0.035671 1.8391 0.031323 1171.5
169.89 26964 2.3814 -0.19271 1813.3 0.050395 1.8392 0.047984 1157.6
170.92 27063 2.3813 -0.19243 1818.3 0.055793 1.8392 0.048643 1153.7
172.55 27242 2.3811 -0.19198 1825.9 0.063773 1.8392 0.048552 1147.5
175.47 27619 2.3809 -0.19118 1838.8 0.076956 1.8393 0.048185 1136.9
177.95 27993 2.3807 -0.19049 1848.9 0.086846 1.8394 0.047376 1128.3
178.63 28104 2.3807 -0.1903 1851.6 0.089327 1.8394 0.047048 1126
180.27 28384 2.3806 -0.18985 1857.7 0.094787 1.8394 0.045948 1120.7
183.18 28921 2.3803 -0.18903 1867.5 0.10261 1.8395 0.043258 1111.8
185.66 29407 2.3801 -0.18834 1875 0.10734 1.8395 0.041361 1104.8
186.34 29545 2.3801 -0.18815 1876.9 0.10838 1.8396 0.040924 1103
187.98 29882 2.3799 -0.18769 1881.2 0.11038 1.8396 0.039734 1098.8
190.9 30494 2.3797 -0.18686 1888.1 0.11231 1.8397 0.037211 1091.8
193.37 31019 2.3795 -0.18616 1893.1 0.11247 1.8398 0.036024 1086.5
194.06 31164 2.3795 -0.18597 1894.4 0.11233 1.8398 0.035867 1085.1
196.51 31684 2.3793 -0.18527 1898.6 0.11092 1.8398 0.03076 1080.3
200.89 32576 2.3789 -0.18403 1904.4 0.10275 1.84 0.0096571 1073.1
204.6 33262 2.3786 -0.18297 1907.7 0.090818 1.84 0.0015072 1068.3
205.63 33436 2.3785 -0.18267 1908.3 0.087391 1.8401 0.003293 1067.2
208.08 33825 2.3783 -0.18197 1903.5 0.078968 1.8401 0.0025802 1067.2
212.46 34416 2.378 -0.18072 1896 0.063413 1.8402 0.0034781 1067.2
216.17 34815 2.3777 -0.17967 1890.4 0.049991 1.8403 0.0048245 1067.2
217.2 34908 2.3776 -0.17938 1889 0.046258 1.8403 0.0059471 1067.2
219.66 35101 2.3774 -0.17868 1885.8 0.037296 1.8403 0.0055646 1067.2
224.03 35342 2.3771 -0.17744 1880.8 0.021139 1.8404 0.0066622 1067.2
227.74 35442 2.3768 -0.17639 1877.3 0.0074626 1.8405 0.0080731 1067.2
228.77 35453 2.3767 -0.1761 1876.4 0.0037013 1.8405 0.0091051 1067.2
231.23 35449 2.3765 -0.17541 1874.4 -0.0052565 1.8405 0.0090603 1067.2
235.6 35341 2.3762 -0.17418 1871.3 -0.021062 1.8405 0.010914 1067.2
239.31 35149 2.3759 -0.17313 1869.2 -0.034068 1.8406 0.013121 1067.2
240.34 35081 2.3758 -0.17284 1868.6 -0.037576 1.8406 0.014496 1067.2
241.98 34957 2.3756 -0.17238 1867.8 -0.04308 1.8406 0.014519 1067.2
244.9 34697 2.3754 -0.17157 1866.4 -0.052646 1.8406 0.01643 1067.2
247.37 34436 2.3752 -0.17087 1865.3 -0.060335 1.8406 0.019305 1067.2
248.05 34358 2.3752 -0.17068 1865 -0.062367 1.8406 0.019938 1067.2
249.69 34160 2.375 -0.17022 1864.3 -0.06717 1.8406 0.01987 1067.2
252.61 33773 2.3748 -0.16941 1862.9 -0.075163 1.8406 0.025036 1067.2
255.08 33414 2.3746 -0.16872 1861.6 -0.080671 1.8406 0.035104 1067.2
255.77 33311 2.3746 -0.16852 1861.1 -0.08187 1.8406 0.037391 1067.2
257.41 33055 2.3744 -0.16806 1931.7 -0.082549 1.8406 0.043123 1058.4
260.32 32578 2.3742 -0.16718 2057.5 -0.080123 1.8406 0.055134 1040.4
262.8 32171 2.374 -0.16642 2029.1 -0.078367 1.8406 0.056523 1039.1
263.48 32063 2.3739 -0.16621 2044.2 -0.077461 1.8406 0.056977 1036.2
265.94 31678 2.3737 -0.16545 2052.6 -0.073908 1.8406 0.057109 1030.5
270.31 31040 2.3733 -0.1641 2068.7 -0.065605 1.8406 0.054383 1019.3
274.03 30558 2.373 -0.16294 2083.7 -0.057112 1.8406 0.051405 1008.9
275.05 30437 2.3729 -0.16262 2088.1 -0.054561 1.8406 0.05094 1005.8
277.51 30167 2.3727 -0.16184 2098.8 -0.048059 1.8406 0.04901 998.36
281.88 29769 2.3723 -0.16045 2119.1 -0.035998 1.8406 0.044063 984.29
285.6 29517 2.372 -0.15926 2137.6 -0.025904 1.8406 0.040026 971.77
286.62 29461 2.3719 -0.15893 2142.8 -0.023168 1.8406 0.039101 968.23
288.26 29384 2.3717 -0.1584 2151.3 -0.018833 1.8406 0.03775 962.51
291.18 29284 2.3715 -0.15745 2166.5 -0.011452 1.8406 0.034626 952.17
293.65 29235 2.3712 -0.15664 2179.5 -0.0056809 1.8407 0.032369 943.3
294.34 29227 2.3712 -0.15642 2183.1 -0.0041528 1.8407 0.031666 940.84
295.97 29216 2.371 -0.15588 2191.7 -0.00064528 1.8407 0.03061 934.93
298.89 29229 2.3708 -0.15491 2207.1 0.0053015 1.8407 0.02903 924.36
301.37 29270 2.3705 -0.15408 2220 0.0098112 1.8407 0.026263 915.42
302.05 29285 2.3705 -0.15386 2223.5 0.010881 1.8407 0.025214 912.97
303.69 29329 2.3703 -0.15331 2231.5 0.013358 1.8407 0.025248 907.12
306.61 29431 2.37 -0.15232 2244.8 0.017504 1.8408 0.023142 896.74
309.08 29536 2.3698 -0.15148 2254.9 0.01974 1.8408 0.016513 888.19
309.76 29567 2.3697 -0.15125 2257.5 0.019922 1.8408 0.015859 885.9
312.22 29681 2.3695 -0.15041 2265.8 0.020509 1.8408 0.013126 877.74
316.6 29875 2.3691 -0.14891 2278.1 0.017339 1.8409 0.0006736 864.06
320.31 30002 2.3687 -0.14764 2288 0.011697 1.8409 0.0027252 853.1
321.33 30027 2.3686 -0.14728 2290.8 0.010714 1.8409 0.0094017 850
323.79 30083 2.3684 -0.14643 2297.7 0.0082234 1.8409 0.00060247 842.6
328.17 30130 2.368 -0.14492 2310 0.00084041 1.841 0.00071276 829.92
331.88 30129 2.3676 -0.14362 2321.1 0.00044594 1.841 0.031019 818.19
332.91 30133 2.3675 -0.14326 2324.4 0.0031512 1.841 0.023219 814.5
335.36 30152 2.3672 -0.1424 2331.9 0.0021938 1.841 0.000143 806.79
339.74 30135 2.3668 -0.14086 2344.8 -0.0059631 1.841 0.00024212 793.99
343.45 30077 2.3665 -0.13954 2355.3 -0.0052084 1.841 0.032625 781.8
344.48 30068 2.3663 -0.13918 2358.5 -0.0021811 1.8411 0.030593 777.96
346.93 30070 2.3661 -0.13831 2365.9 0.0026767 1.8411 0.029117 769.1
351.31 30143 2.3657 -0.13674 2378.3 0.011035 1.8411 0.028878 753.35
355.02 30270 2.3653 -0.13541 2387.9 0.017363 1.8411 0.025651 740.17
356.05 30315 2.3652 -0.13504 2390.4 0.018687 1.8411 0.01231 736.62
358.5 30420 2.3649 -0.13415 2395.5 0.016723 1.8412 0.00047615 729
362.88 30563 2.3645 -0.13257 2404.4 0.010135 1.8412 0.00015331 716.1
366.59 30631 2.3641 -0.13123 2411.7 0.0053459 1.8412 0.00054419 705.14
367.62 30643 2.364 -0.13085 2413.7 0.0038217 1.8412 0.00055814 702.15
370.07 30657 2.3638 -0.12996 2418.4 0.0005382 1.8412 0.00020082 694.92
374.45 30627 2.3633 -0.12836 2426.7 -0.0060259 1.8413 0.00016114 682.11
378.16 30561 2.3629 -0.127 2434.4 -0.0075103 1.8413 0.023698 670.46
379.19 30543 2.3628 -0.12663 2436.9 -0.0056072 1.8413 0.024292 666.84
380.83 30525 2.3627 -0.12603 2440.6 -0.0034659 1.8413 0.025258 661.18
383.74 30516 2.3624 -0.12495 2447.3 0.0008488 1.8413 0.025706 650.97
386.22 30531 2.3621 -0.12404 2452.5 0.0037148 1.8413 0.017488 642.41
386.9 30538 2.362 -0.12379 2453.9 0.0039843 1.8413 0.016531 640.14
388.54 30556 2.3619 -0.12318 2457 0.0047764 1.8413 0.016245 634.66
391.46 30597 2.3616 -0.1221 2462.5 0.0067195 1.8413 0.019886 624.82
393.93 30644 2.3613 -0.12118 2466.7 0.0089599 1.8413 0.01993 616.39
394.62 30660 2.3612 -0.12093 2467.7 0.0094787 1.8414 0.015864 614.09
396.25 30698 2.3611 -0.12032 2470.5 0.0089633 1.8414 0.0036236 608.87
399.17 30750 2.3608 -0.11923 2475.4 0.0051578 1.8414 0.00030659 600.08
401.65 30775 2.3605 -0.11831 2479.7 0.0038893 1.8414 0.017848 592.32
402.33 30782 2.3604 -0.11806 2480.8 0.0045832 1.8414 0.017078 590.01
404.79 30816 2.3602 -0.11714 2485.1 0.0061544 1.8414 0.017272 581.86
409.16 30880 2.3597 -0.1155 2492.8 0.0046879 1.8414 0.00028904 568.09
412.88 30901 2.3593 -0.1141 2499.4 -0.00094288 1.8414 0.00068351 557.14
413.9 30896 2.3592 -0.11372 2501.3 -0.0018419 1.8414 0.013191 554
416.36 30886 2.359 -0.11279 2505.8 -0.001334 1.8415 0.014434 546.03
420.73 30878 2.3585 -0.11114 2513.7 -0.00010821 1.8415 0.014361 531.73
424.45 30883 2.3581 -0.10973 2520.4 0.0013826 1.8415 0.017171 519.46
425.47 30887 2.358 -0.10934 2522.2 0.0021004 1.8415 0.017816 516.02
427.93 30906 2.3577 -0.10841 2526.5 0.0039428 1.8415 0.020196 507.75
432.3 30983 2.3573 -0.10674 2534.2 0.011199 1.8415 0.0363 492.4
436.02 31144 2.3569 -0.10532 2539.9 0.024252 1.8416 0.056161 478.4
437.04 31214 2.3568 -0.10493 2541.2 0.029101 1.8416 0.06108 474.38
439.5 31435 2.3565 -0.10399 2543.5 0.041784 1.8416 0.067139 464.73
443.87 32022 2.356 -0.10232 2546.1 0.063196 1.8416 0.066055 448.38
447.59 32696 2.3557 -0.1009 2546.9 0.079106 1.8417 0.075693 435.76
448.61 32907 2.3555 -0.1005 2546.7 0.083851 1.8417 0.079166 432.4
451.07 33464 2.3553 -0.099566 2545.8 0.094071 1.8417 0.079911 424.83
455.45 34596 2.3548 -0.0979 2543.2 0.10872 1.8418 0.082008 413.01
459.16 35664 2.3544 -0.096489 2540.3 0.11728 1.8419 0.079267 404.63
460.18 35971 2.3543 -0.0961 2539.5 0.11888 1.8419 0.078994 402.59
462.64 36721 2.3541 -0.095169 2537.7 0.12183 1.842 0.07568 397.87
467.02 38074 2.3536 -0.093513 2530.6 0.12149 1.842 0.049097 394.09
470.73 39190 2.3532 -0.092113 2521.2 0.1161 1.8421 0.038128 394.96
471.75 39487 2.3531 -0.091727 2519.5 0.11441 1.8421 0.040313 394.67
473.39 39952 2.3529 -0.091111 2516.2 0.11151 1.8422 0.03979 394.67
476.31 40748 2.3526 -0.090016 2510.9 0.10582 1.8422 0.038895 394.67
478.78 41388 2.3524 -0.089088 2506.7 0.10057 1.8423 0.039276 394.67
479.47 41559 2.3523 -0.088831 2505.6 0.099079 1.8423 0.039417 394.67
481.11 41958 2.3521 -0.088218 2503 0.095398 1.8423 0.039412 394.67
484.02 42628 2.3518 -0.087126 2498.8 0.088596 1.8424 0.041081 394.67
486.5 43158 2.3515 -0.086201 2495.4 0.082665 1.8424 0.043505 394.67
487.18 43297 2.3515 -0.085946 2494.6 0.081009 1.8424 0.043966 394.67
488.82 43620 2.3513 -0.085334 2492.5 0.076985 1.8424 0.044592 394.67
491.74 44152 2.351 -0.084246 2489.1 0.069703 1.8425 0.047648 394.67
494.21 44562 2.3507 -0.083323 2486.4 0.063465 1.8425 0.050778 394.67
494.9 44669 2.3507 -0.083068 2485.7 0.061734 1.8425 0.051411 394.67
497.35 45027 2.3504 -0.082153 2483.3 0.055486 1.8425 0.054749 394.67
501.73 45569 2.35 -0.080524 2479.3 0.044438 1.8426 0.064493 394.67
505.44 45935 2.3496 -0.079144 2476.4 0.03514 1.8426 0.068167 394.67
506.47 46021 2.3495 -0.078763 2475.6 0.032545 1.8426 0.068244 394.67
508.92 46200 2.3492 -0.077851 2474 0.026285 1.8426 0.068167 394.67
513.3 46424 2.3488 -0.076226 2471.5 0.015007 1.8427 0.068492 394.67
517.01 46517 2.3484 -0.074849 2469.8 0.005347 1.8427 0.067689 394.67
518.04 46527 2.3483 -0.074469 2469.4 0.0026629 1.8427 0.066364 394.67
520.49 46524 2.348 -0.073558 2468.5 -0.0037951 1.8427 0.066978 394.67
524.87 46421 2.3476 -0.071937 2467.4 -0.015241 1.8427 0.06765 394.67
528.58 46237 2.3472 -0.070562 2466.7 -0.024887 1.8427 0.066773 394.67
529.61 46170 2.3471 -0.070183 2466.6 -0.027543 1.8427 0.066407 394.67
532.06 45984 2.3468 -0.069273 2466.4 -0.033871 1.8427 0.066626 394.67
536.44 45558 2.3464 -0.067654 2466.3 -0.044958 1.8427 0.065646 394.67
540.15 45104 2.346 -0.06628 2466.5 -0.05429 1.8427 0.059045 394.67
541.18 44963 2.3459 -0.065901 2466.6 -0.056893 1.8427 0.057138 394.67
543.64 44599 2.3456 -0.064993 2467 -0.063115 1.8426 0.05361 394.67
548.01 43858 2.3452 -0.063375 2467.9 -0.074168 1.8426 0.047419 394.67
551.72 43136 2.3448 -0.062002 2469 -0.083383 1.8426 0.045218 394.67
552.75 42922 2.3447 -0.061624 2469.3 -0.085863 1.8426 0.044527 394.67
555.21 42384 2.3444 -0.060716 2470.1 -0.09172 1.8425 0.042986 394.67
559.58 41338 2.344 -0.059099 2471.5 -0.1017 1.8425 0.041437 394.67
563.29 40370 2.3436 -0.057727 2472.6 -0.10941 1.8424 0.043255 394.67
564.32 40091 2.3435 -0.057348 2472.9 -0.11135 1.8424 0.043878 394.67
566.78 39402 2.3432 -0.056441 2473.4 -0.11557 1.8424 0.047293 394.67
571.15 38120 2.3428 -0.054825 2473.6 -0.12125 1.8423 0.052769 394.67
574.87 36996 2.3424 -0.053455 2472.7 -0.12366 1.8423 0.058786 394.67
575.89 36683 2.3423 -0.053077 2472.2 -0.12382 1.8423 0.066747 394.67
578.35 35937 2.342 -0.05217 2473.9 -0.12182 1.8422 0.078482 392.04
582.72 34661 2.3416 -0.05055 2481.8 -0.11297 1.8422 0.082259 382.1
586.44 33673 2.3412 -0.04917 2486.7 -0.10111 1.8421 0.084251 373.13
587.46 33420 2.3411 -0.048789 2488.4 -0.096959 1.8421 0.084921 370.04
589.92 32858 2.3408 -0.047872 2492.3 -0.087052 1.8421 0.073375 362.75
594.29 32009 2.3404 -0.046233 2499.8 -0.068158 1.842 0.06946 348.47
598.01 31461 2.34 -0.044837 2506 -0.04905 1.842 0.068023 334.92
599.03 31343 2.3399 -0.04445 2507.8 -0.043491 1.842 0.06898 331.01
601.49 31121 2.3396 -0.043523 2511.7 -0.028818 1.842 0.067547 321.24
605.86 30925 2.3392 -0.041866 2519.3 -0.0081826 1.842 0.041279 304.24
609.58 30904 2.3388 -0.040456 2526.5 0.0024307 1.842 0.037831 290.65
610.6 30912 2.3387 -0.040066 2528.3 0.0059646 1.842 0.038277 286.8
613.06 30973 2.3384 -0.039131 2532.6 0.013641 1.842 0.039979 277.71
617.44 31211 2.3379 -0.037461 2539.2 0.029945 1.842 0.051669 261.32
621.15 31571 2.3376 -0.036041 2543.4 0.046853 1.842 0.059397 247.38
622.17 31700 2.3374 -0.035649 2544.2 0.051576 1.8421 0.059743 243.62
624.63 32057 2.3372 -0.03471 2545.9 0.062385 1.8421 0.061104 234.91
629.01 32853 2.3367 -0.033037 2547.2 0.080314 1.8421 0.067432 220.52
632.72 33678 2.3363 -0.03162 2546.7 0.093929 1.8422 0.071584 209.61
633.74 33927 2.3362 -0.031229 2546.3 0.097232 1.8422 0.071823 206.84
635.38 34342 2.336 -0.030604 2545.6 0.102 1.8422 0.071885 202.64
638.3 35125 2.3357 -0.029494 2544.1 0.10885 1.8423 0.071413 195.85
640.77 35823 2.3355 -0.028553 2542.5 0.11308 1.8423 0.071393 190.75
641.46 36020 2.3354 -0.028293 2542 0.11402 1.8423 0.071783 189.44
643.1 36497 2.3352 -0.027671 2541.1 0.11571 1.8423 0.065171 186.34
646.01 37354 2.3349 -0.026565 2536.7 0.11521 1.8424 0.037748 183.81
648.49 38065 2.3347 -0.025628 2530.3 0.11152 1.8424 0.024186 184.4
649.17 38256 2.3346 -0.02537 2529.1 0.11033 1.8424 0.022481 184.2
650.81 38705 2.3344 -0.024751 2525.9 0.10713 1.8425 0.020704 184.2
653.73 39470 2.3341 -0.023651 2520.6 0.10093 1.8425 0.020989 184.2
656.2 40082 2.3338 -0.022718 2516.3 0.09545 1.8426 0.024327 184.2
656.89 40244 2.3338 -0.022461 2515.2 0.093933 1.8426 0.0246 184.2
659.34 40806 2.3335 -0.021537 2511.4 0.08829 1.8426 0.024967 184.2
663.72 41717 2.3331 -0.019894 2505.2 0.077776 1.8427 0.027078 184.2
667.43 42397 2.3327 -0.018501 2500.5 0.068564 1.8427 0.029736 184.2
668.46 42569 2.3326 -0.018117 2499.3 0.065988 1.8427 0.030697 184.2
670.91 42955 2.3323 -0.017197 2496.6 0.059741 1.8427 0.031275 184.2
675.29 43546 2.3318 -0.01556 2492.3 0.048465 1.8428 0.03509 184.2
679 43949 2.3315 -0.014172 2489 0.03882 1.8428 0.036434 184.2
680.03 44045 2.3314 -0.01379 2488.2 0.036121 1.8428 0.035145 184.2
683.71 44330 2.331 -0.012414 2485.6 0.026017 1.8428 0.026349 184.2
690.28 44599 2.3303 -0.0099659 2482.4 0.0066735 1.8428 0.012839 184.2
695.85 44572 2.3297 -0.0078906 2480.8 -0.010542 1.8428 0.0084945 184.2
697.38 44523 2.3295 -0.0073179 2480.5 -0.01532 1.8428 0.0075801 184.2
701.07 44330 2.3292 -0.0059455 2480.1 -0.02683 1.8428 0.0083018 184.2
707.63 43733 2.3285 -0.0035023 2480.1 -0.04631 1.8428 0.02444 184.2
713.2 42989 2.3279 -0.0014306 2480.5 -0.061108 1.8427 0.035105 184.2
714.74 42748 2.3277 -0.00085882 2480.7 -0.064959 1.8427 0.03428 184.2
717.2 42334 2.3275 5.4699e-05 2481 -0.071089 1.8427 0.032492 184.2
721.57 41504 2.327 0.0016813 2481.8 -0.081819 1.8427 0.029228 184.2
725.28 40710 2.3267 0.0030609 2482.5 -0.090611 1.8426 0.028002 184.2
726.31 40477 2.3265 0.0034417 2482.8 -0.092954 1.8426 0.027564 184.2
728.77 39893 2.3263 0.0043543 2483.3 -0.098469 1.8426 0.025347 184.2
733.14 38772 2.3258 0.0059792 2484.2 -0.10801 1.8425 0.021216 184.2
736.86 37744 2.3255 0.0073573 2484.7 -0.1153 1.8424 0.024667 184.2
737.88 37448 2.3253 0.0077376 2484.7 -0.117 1.8424 0.028339 184.2
740.34 36725 2.3251 0.0086489 2484 -0.12011 1.8424 0.037199 184.5
744.71 35416 2.3246 0.010272 2487.2 -0.11973 1.8423 0.064378 180.52
748.43 34343 2.3243 0.011654 2494.9 -0.11135 1.8422 0.081416 171.49
749.45 34063 2.3242 0.012037 2495.9 -0.10779 1.8422 0.08271 169.16
751.91 33433 2.3239 0.012955 2499.4 -0.097631 1.8422 0.083843 162.36
756.28 32475 2.3234 0.014596 2505.9 -0.077342 1.8421 0.070698 148.83
760 31837 2.3231 0.015995 2512.3 -0.059738 1.8421 0.065266 136.22
761.02 31689 2.3229 0.016382 2514.1 -0.054435 1.8421 0.065106 132.52
763.48 31394 2.3227 0.017311 2518.3 -0.041222 1.8421 0.063094 123.37
767.85 31063 2.3222 0.018972 2526.2 -0.019318 1.8421 0.04973 106.69
771.57 30955 2.3218 0.020385 2533.3 -0.0045005 1.842 0.041467 92.704
772.59 30947 2.3217 0.020776 2535.2 -0.00073722 1.842 0.039846 88.865
775.05 30974 2.3215 0.021715 2539.4 0.010162 1.842 0.056862 79.375
779.43 31253 2.321 0.023388 2541.6 0.042687 1.8421 0.09485 60.837
783.14 31833 2.3206 0.024804 2535.3 0.082122 1.8421 0.12622 44.214
784.16 32062 2.3205 0.025193 2532.2 0.094087 1.8421 0.13515 39.69
786.62 32732 2.3202 0.026123 2523.5 0.12185 1.8421 0.14056 29.425
791 34324 2.3198 0.02776 2502.9 0.16781 1.8422 0.17446 13.49
794.71 36025 2.3194 0.029128 2482.7 0.2005 1.8423 0.17394 2.6505
795.73 36541 2.3193 0.029503 2478.3 0.20665 1.8423 0.1626 0.27527
797.37 37387 2.3191 0.030098 2466.7 0.21397 1.8424 0.15184 0.27911
800.29 38941 2.3188 0.03115 2449.3 0.22223 1.8425 0.1483 0.27733
802.76 40287 2.3186 0.032036 2436.2 0.22636 1.8425 0.15698 0.27848
803.45 40661 2.3185 0.03228 2432.8 0.22717 1.8426 0.15512 0.27804
805.09 41560 2.3184 0.032862 2425 0.22835 1.8426 0.1573 0.27804
808 43160 2.3181 0.033894 2412.4 0.22854 1.8427 0.16131 0.27804
810.48 44506 2.3178 0.034766 2402.6 0.22706 1.8428 0.16275 0.27804
811.16 44875 2.3178 0.035006 2400.1 0.22642 1.8428 0.16331 0.27804
812.8 45753 2.3176 0.035581 2394.2 0.22457 1.8429 0.16646 0.27804
815.72 47292 2.3173 0.036601 2384.4 0.22025 1.8429 0.1699 0.27804
818.19 48566 2.3171 0.037465 2376.7 0.21564 1.843 0.16579 0.27804
818.88 48913 2.317 0.037703 2374.7 0.21422 1.843 0.16495 0.27804
