time (s) altitude (m) velocity (m/s) mass (kg) dynamic pressure (Pa)trajectory angle (rad) Lift (N)Drag (N)heading angle (rad) latitude (rad) angle of attack (rad) 
818.88 48913 2374.7 3300 3161.7 0.21422 4594.3 1783.1 1.843 0.037703 0.32351
820.33 49645 2389.8 3278.5 2919.4 0.21252 4243.4 1646.7 1.8431 0.038209 0.32355
822.91 50945 2417.2 3240.3 2534.5 0.20939 3639.3 1401.2 1.8432 0.03912 0.32086
825.1 52044 2441 3207.8 2272.7 0.20664 3247.2 1245.5 1.8432 0.039901 0.31972
825.71 52347 2447.6 3198.9 2205.3 0.20588 3148.8 1207.1 1.8432 0.040118 0.31957
827.16 53072 2463.7 3177.4 2051.2 0.20405 2944.8 1132.2 1.8433 0.040641 0.32073
829.74 54359 2492.8 3139.2 1801.2 0.20079 2562.7 978.96 1.8433 0.041581 0.31871
831.93 55447 2518 3106.7 1611.7 0.19796 2232.7 839.36 1.8434 0.042388 0.31294
832.54 55747 2525.1 3097.8 1562.7 0.19716 2155.8 808.97 1.8434 0.042612 0.312
833.99 56463 2542.2 3076.3 1451 0.19526 2001.2 750.58 1.8435 0.043153 0.31191
836.57 57734 2573.1 3038.1 1270.3 0.19186 1712.4 635.93 1.8435 0.044124 0.30691
838.76 58807 2599.9 3005.6 1133.7 0.18891 1474.9 539.25 1.8436 0.044958 0.2994
839.37 59102 2607.4 2996.7 1098.6 0.18809 1420.4 517.81 1.8436 0.04519 0.29812
840.82 59808 2625.5 2975.2 1018.4 0.18612 1310.8 476.61 1.8436 0.045748 0.29715
843.4 61059 2658.3 2936.9 889.02 0.1826 1111.2 398.29 1.8437 0.046753 0.29118
845.59 62114 2686.7 2904.5 791.61 0.17958 956.47 336.98 1.8437 0.047615 0.28452
846.2 62405 2694.7 2895.5 766.56 0.17874 920.57 323.25 1.8438 0.047855 0.28333
847.65 63098 2713.8 2874.1 709.53 0.17675 849.46 297.57 1.8438 0.048433 0.2827
850.23 64327 2748.5 2835.8 617.76 0.17322 722.48 249.93 1.8439 0.049473 0.27816
852.42 65362 2778.5 2803.4 548.85 0.17022 620.94 211.94 1.8439 0.050366 0.27175
853.03 65646 2786.9 2794.4 531.15 0.16939 596.38 202.89 1.8439 0.050614 0.27031
854.48 66326 2807.1 2773 490.91 0.16741 545.01 184.4 1.844 0.051212 0.26818
857.06 67530 2843.8 2734.7 426.32 0.16388 450.41 149.12 1.844 0.052289 0.25916
859.25 68543 2875.5 2702.3 377.98 0.16085 380.81 123.31 1.8441 0.053214 0.25094
859.86 68821 2884.4 2693.3 365.59 0.16001 365.04 117.66 1.8441 0.053471 0.24943
861.31 69486 2905.8 2671.8 337.45 0.158 332.08 106.16 1.8441 0.054091 0.24699
863.89 70662 2944.5 2633.6 292.42 0.15443 272.94 85.527 1.8442 0.055207 0.23805
866.08 71651 2978 2601.1 258.2 0.15138 229.66 70.826 1.8442 0.056166 0.23013
866.69 71922 2987.4 2592.2 249.4 0.15053 219.55 67.456 1.8442 0.056432 0.22848
868.14 72570 3010 2570.7 229.5 0.14852 198.06 60.383 1.8442 0.057075 0.22535
870.72 73715 3051 2532.5 197.93 0.14492 159.88 47.568 1.8443 0.058232 0.2154
872.91 74676 3086.4 2500 174.61 0.14184 132.66 38.669 1.8443 0.059227 0.20652
873.52 74940 3096.3 2491.1 168.68 0.14098 125.81 36.536 1.8443 0.059503 0.2038
874.97 75569 3120.2 2469.6 155.29 0.13892 110.03 31.619 1.8444 0.06017 0.19652
877.55 76677 3163.6 2431.4 134.08 0.13506 72.913 20.3 1.8444 0.061371 0.16327
879.74 77604 3201.4 2398.9 118.49 0.13141 45.031 13.078 1.8445 0.062403 0.12546
880.35 77858 3212 2390 114.54 0.13033 39.262 11.724 1.8445 0.06269 0.11579
881.8 78459 3237.5 2368.5 105.66 0.12764 27.618 9.1995 1.8445 0.063382 0.093146
884.38 79510 3284 2330.2 91.704 0.12243 10.575 6.3046 1.8445 0.06463 0.047865
886.57 80377 3324.2 2297.8 81.546 0.11755 1.8406 5.1811 1.8446 0.065703 0.010633
887.18 80612 3335.5 2288.8 78.988 0.11614 1.7722e-16 4.9643 1.8446 0.066001 0
887.18 80612 3335.5 2288.8 78.988 0.11614 1.7722e-16 4.9643 1.8446 0.066001 0
888.18 80999 3334.4 2288.8 74.062 0.11378 0 4.6596 1.8446 0.066496 0
889.18 81374 3333.3 2288.8 69.565 0.11141 -5.723e-16 4.3811 1.8446 0.06699 0
890.18 81740 3332.3 2288.8 65.414 0.10904 5.3814e-16 4.1238 1.8446 0.067484 0
891.18 82099 3331.3 2288.8 61.578 0.10666 1.3816e-16 3.8859 1.8446 0.067978 0
892.18 82449 3330.3 2288.8 58.033 0.10429 -1.3021e-16 3.6657 1.8447 0.068473 0
893.18 82792 3329.4 2288.8 54.754 0.10192 0 3.4618 1.8447 0.068967 0
894.18 83127 3328.5 2288.8 51.72 0.099539 -4.2549e-16 3.2731 1.8447 0.069461 0
895.18 83454 3327.6 2288.8 48.911 0.097162 0 3.0981 1.8447 0.069955 0
896.18 83772 3326.7 2288.8 46.309 0.094784 1.9049e-16 2.9359 1.8447 0.070449 0
897.18 84083 3325.8 2288.8 43.897 0.092404 1.8057e-16 2.7855 1.8447 0.070943 0
898.18 84386 3325 2288.8 41.662 0.090024 0 2.6459 1.8447 0.071437 0
899.18 84681 3324.2 2288.8 39.588 0.087642 1.6284e-16 2.5163 1.8448 0.07193 0
900.18 84968 3323.4 2288.8 37.619 0.085259 1.5474e-16 2.3922 1.8448 0.072424 0
901.18 85247 3322.6 2157.9 0 0.082875 -0 0 1.8448 0.072918 0
902.18 85518 3321.8 2157.9 0 0.08049 -0 0 1.8448 0.073412 0
903.18 85781 3321.1 2157.9 0 0.078104 -0 0 1.8448 0.073905 0
904.18 86037 3320.4 2157.9 0 0.075718 0 0 1.8448 0.074399 0
905.18 86284 3319.7 2157.9 0 0.07333 -0 0 1.8448 0.074893 0
906.18 86523 3319.1 2157.9 0 0.070941 0 0 1.8448 0.075386 0
907.18 86754 3318.5 2157.9 0 0.068552 0 0 1.8448 0.07588 0
908.18 86978 3317.9 2157.9 0 0.066161 -0 0 1.8449 0.076373 0
909.18 87193 3317.3 2157.9 0 0.06377 0 0 1.8449 0.076867 0
910.18 87400 3316.7 2157.9 0 0.061378 0 0 1.8449 0.07736 0
911.18 87600 3316.2 2157.9 0 0.058986 0 0 1.8449 0.077854 0
912.18 87791 3315.6 2157.9 0 0.056592 -0 0 1.8449 0.078347 0
913.18 87975 3315.1 2157.9 0 0.054198 0 0 1.8449 0.07884 0
914.18 88151 3314.7 2157.9 0 0.051804 0 0 1.8449 0.079334 0
915.18 88318 3314.2 2157.9 0 0.049408 -0 0 1.8449 0.079827 0
916.18 88478 3313.8 2157.9 0 0.047012 -0 0 1.8449 0.08032 0
917.18 88630 3313.4 2157.9 0 0.044616 0 0 1.8449 0.080814 0
918.18 88773 3313 2157.9 0 0.042219 -0 0 1.8449 0.081307 0
919.18 88909 3312.7 2157.9 0 0.039821 -0 0 1.8449 0.0818 0
920.18 89037 3312.3 2157.9 0 0.037423 0 0 1.8449 0.082294 0
921.18 89157 3312 2157.9 0 0.035025 -0 0 1.8449 0.082787 0
922.18 89269 3311.7 2157.9 0 0.032626 0 0 1.8449 0.08328 0
923.18 89373 3311.5 2157.9 0 0.030227 -0 0 1.8449 0.083773 0
924.18 89469 3311.2 2157.9 0 0.027827 0 0 1.845 0.084266 0
925.18 89557 3311 2157.9 0 0.025427 -0 0 1.845 0.08476 0
926.18 89638 3310.8 2157.9 0 0.023027 -0 0 1.845 0.085253 0
927.18 89710 3310.6 2157.9 0 0.020626 -0 0 1.845 0.085746 0
928.18 89774 3310.5 2157.9 0 0.018226 0 0 1.845 0.086239 0
929.18 89831 3310.3 2157.9 0 0.015825 -0 0 1.845 0.086732 0
930.18 89879 3310.2 2157.9 0 0.013424 -0 0 1.845 0.087226 0
931.18 89919 3310.2 2157.9 0 0.011023 0 0 1.845 0.087719 0
932.18 89952 3310.1 2157.9 0 0.0086213 0 0 1.845 0.088212 0
933.18 89977 3310.1 2157.9 0 0.00622 -0 0 1.845 0.088705 0
934.18 89993 3310 2157.9 0 0.0038185 0 0 1.845 0.089198 0
935.18 90002 3310.1 2157.9 0 0.0014171 0 0 1.845 0.089691 0
936.18 90003 3310.1 2157.9 0 0 0 0 1.845 0.090185 0
