time (s) altitude (m) longitude (rad) latitude (rad) velocity (m/s) trajectory angle (rad) heading angle (rad) angle of attack (rad) bank angle (rad) fuel mass (kg) Third Stage (flag)
124.64 25286 2.3848 -0.20428 1617.9 0.017979 1.8094 0.00093589 1.1065e-05 1562 1
130.44 25432 2.3845 -0.20285 1638.2 0.014018 1.8095 0.011749 4.797e-05 1546.5 1
140.78 25691 2.3838 -0.20024 1680.4 0.017338 1.8097 0.013118 8.8009e-05 1516.3 1
149.55 25971 2.3833 -0.19798 1718.2 0.018978 1.8098 0.013559 6.4612e-05 1489 1
151.97 26048 2.3831 -0.19735 1729.3 0.020123 1.8099 0.015577 3.1005e-05 1481.2 1
157.78 26269 2.3827 -0.19581 1756.4 0.023156 1.81 0.014551 0.0001159 1461.8 1
168.12 26727 2.382 -0.19302 1804.1 0.027289 1.8102 0.016886 0.00017268 1426.7 1
176.89 27244 2.3814 -0.19059 1843.5 0.039609 1.8103 0.033456 0.00010599 1396.4 1
179.31 27435 2.3813 -0.18991 1854.7 0.047049 1.8104 0.040018 4.8549e-05 1387.7 1
185.12 28050 2.3809 -0.18827 1879.7 0.064006 1.8105 0.035794 0.00015528 1367.6 1
195.46 29351 2.3801 -0.18529 1914.5 0.062523 1.8108 5.1341e-06 0.00016225 1338.7 1
204.23 30205 2.3795 -0.18273 1936.9 0.035171 1.8109 1.0869e-07 8.0053e-05 1320.4 1
206.65 30345 2.3793 -0.18202 1943.6 0.030298 1.811 0.00014203 3.7175e-05 1315.2 1
212.46 30588 2.3789 -0.1803 1958.9 0.013577 1.8111 1.3477e-06 0.00012273 1303.8 1
222.8 30687 2.3781 -0.17721 1991 -0.00022505 1.8112 0.034559 0.00018321 1281.2 1
231.57 30712 2.3774 -0.17454 2022.9 0.0059745 1.8113 0.036089 0.00010322 1259.2 1
233.99 30753 2.3773 -0.17379 2031.3 0.0058874 1.8113 0.028981 4.4845e-05 1253.3 1
239.79 30824 2.3768 -0.17199 2051.6 0.0064328 1.8114 0.033669 0.0001519 1239 1
250.13 30989 2.376 -0.16875 2088.4 0.0089567 1.8115 0.031828 0.00019596 1213.1 1
258.91 31163 2.3753 -0.16595 2118.9 0.0092973 1.8117 0.030667 0.00010824 1191.4 1
261.33 31209 2.3751 -0.16517 2127.2 0.0094624 1.8117 0.030681 4.9975e-05 1185.3 1
267.13 31327 2.3746 -0.16329 2146.5 0.009516 1.8117 0.030447 0.00016794 1170.9 1
277.47 31538 2.3738 -0.15989 2179 0.0092645 1.8119 0.030251 0.00022153 1145.4 1
286.24 31709 2.3731 -0.15698 2204.8 0.0084481 1.812 0.029188 0.00012387 1123.9 1
288.67 31754 2.3729 -0.15617 2211.7 0.0080162 1.812 0.028992 5.6891e-05 1118 1
294.47 31849 2.3724 -0.15421 2227.8 0.0068515 1.8121 0.028478 0.00019221 1103.9 1
304.81 31981 2.3715 -0.1507 2255.3 0.0044152 1.8122 0.027969 0.00025413 1078.8 1
313.58 32045 2.3708 -0.14768 2277.7 0.0019455 1.8123 0.026462 0.00014121 1057.5 1
316 32053 2.3706 -0.14685 2283.8 0.0010912 1.8123 0.02614 6.4961e-05 1051.7 1
321.81 32054 2.3701 -0.14483 2298.1 -0.00085242 1.8123 0.026359 0.00021792 1037.5 1
332.15 32017 2.3691 -0.14121 2323.6 -0.0016855 1.8124 0.030794 0.00029032 1011.4 1
340.92 31998 2.3684 -0.1381 2345.1 0.00022285 1.8125 0.030679 0.0001637 988.44 1
343.34 32002 2.3682 -0.13724 2350.9 0.00058731 1.8125 0.027947 7.6484e-05 982.07 1
349.15 32014 2.3676 -0.13516 2364.5 0.0013208 1.8126 0.029997 0.0002695 966.75 1
359.49 32070 2.3667 -0.13144 2387.5 0.0032084 1.8126 0.028752 0.00035374 939.18 1
368.26 32151 2.3659 -0.12825 2405.1 0.0043663 1.8127 0.029588 0.00019345 915.79 1
370.68 32177 2.3657 -0.12737 2409.7 0.0049498 1.8127 0.029717 9.0603e-05 909.3 1
376.49 32252 2.3652 -0.12524 2420.3 0.0049235 1.8128 0.023317 0.00026338 894.01 1
386.83 32285 2.3642 -0.12143 2438.1 -0.0030495 1.8129 0.01255 0.00030645 868.2 1
395.6 32159 2.3634 -0.11818 2454 -0.0072898 1.8129 0.033469 0.00023357 845.5 1
398.02 32117 2.3632 -0.11728 2459 -0.0044871 1.8129 0.033736 0.00011171 838.4 1
403.82 32087 2.3627 -0.11511 2470.4 4.9662e-05 1.813 0.034003 0.00036848 821.64 1
414.16 32162 2.3617 -0.11122 2489.5 0.0050385 1.813 0.025217 0.00041461 792.2 1
422.94 32281 2.3609 -0.1079 2504.7 0.0051476 1.8131 0.024522 0.00020672 768.09 1
425.36 32311 2.3606 -0.10698 2508.8 0.0055869 1.8131 0.023974 9.7169e-05 761.4 1
431.16 32396 2.3601 -0.10477 2518.5 0.005885 1.8132 0.023609 0.00029268 745.56 1
441.5 32518 2.3591 -0.10081 2534.8 0.0026623 1.8132 0.015238 0.00030761 718.25 1
450.27 32513 2.3583 -0.097428 2548.4 -0.0036759 1.8133 0.014653 0.00016214 695.77 1
452.7 32483 2.358 -0.096492 2552.3 -0.0049395 1.8133 0.014877 7.715e-05 689.42 1
458.5 32386 2.3575 -0.094242 2561.8 -0.0079966 1.8133 0.015506 0.00025165 674.05 1
468.84 32120 2.3565 -0.090213 2579.4 -0.01158 1.8133 0.016158 0.00033496 645.49 1
477.61 31842 2.3556 -0.086772 2595 -0.012588 1.8134 0.016493 0.00019085 619.78 1
480.03 31763 2.3554 -0.085819 2599.4 -0.012513 1.8134 0.017027 9.1845e-05 612.42 1
485.84 31603 2.3548 -0.083527 2610.3 -0.0084873 1.8134 0.025862 0.00033376 593.74 1
496.18 31486 2.3538 -0.07942 2629.3 -0.00050744 1.8134 0.016516 0.00042813 559.49 1
504.95 31509 2.3529 -0.075913 2644.3 0.0011923 1.8135 0.017629 0.00022542 531 1
507.37 31513 2.3527 -0.074941 2648.6 0.0029699 1.8135 0.02496 0.000107 522.89 1
513.18 31609 2.3521 -0.072606 2658.2 0.0080054 1.8135 0.017206 0.00034266 503.36 1
523.52 31779 2.3511 -0.068427 2674.2 0.0024337 1.8136 7.3796e-06 0.0004232 471.58 1
532.29 31751 2.3502 -0.064862 2688 -0.0038742 1.8136 0.019011 0.00024609 445 1
534.71 31724 2.3499 -0.063874 2692 -0.00060091 1.8136 0.025071 0.00012464 436.68 1
540.52 31778 2.3493 -0.061501 2701.2 0.0060719 1.8136 0.020677 0.00036608 416.95 1
550.86 31937 2.3483 -0.057255 2716.3 0.0032277 1.8137 1.271e-05 0.00036701 384.73 1
559.63 31939 2.3474 -0.053635 2729.1 -0.0025583 1.8137 0.021106 0.00028016 358.17 1
562.05 31920 2.3471 -0.052632 2732.8 0.0016766 1.8137 0.022606 0.00011644 349.74 1
565.92 31961 2.3467 -0.051027 2738.4 0.0052662 1.8137 0.018022 0.00027347 336.84 1
572.81 32052 2.346 -0.048161 2747.9 0.0030443 1.8138 8.4184e-05 0.00031151 315.53 1
578.66 32062 2.3454 -0.045722 2755.9 -0.0017798 1.8138 0.013819 0.00018624 298.04 1
580.28 32051 2.3453 -0.045047 2758.2 -0.00038251 1.8138 0.018852 0.00011454 292.71 1
584.15 32062 2.3449 -0.043427 2763.5 0.0020035 1.8138 0.015677 0.00028382 280.09 1
591.04 32107 2.3441 -0.040535 2772.6 0.0021292 1.8138 0.0079482 0.00037266 258.38 1
596.89 32137 2.3435 -0.038074 2780.3 0.0019163 1.8138 0.017135 0.00022028 240.05 1
598.5 32146 2.3434 -0.037393 2782.4 0.0034386 1.8138 0.019511 0.00012823 234.71 1
602.37 32198 2.343 -0.03576 2787.2 0.0053723 1.8138 0.011844 0.00028211 222.26 1
609.26 32269 2.3422 -0.032843 2795.7 0.0011663 1.8139 1.2863e-05 0.00033906 201.56 1
615.11 32256 2.3416 -0.030362 2803.1 -0.0019913 1.8139 0.016822 0.00025285 183.95 1
616.73 32248 2.3414 -0.029676 2805.1 -9.4331e-05 1.8139 0.019681 0.00015794 178.58 1
620.6 32268 2.341 -0.028029 2809.9 0.0037455 1.8139 0.020486 0.00039936 165.82 1
627.49 32382 2.3403 -0.025089 2817.9 0.0068798 1.8139 0.0085006 0.00041889 143.9 1
633.34 32473 2.3397 -0.022588 2824.3 0.002832 1.8139 2.8415e-05 0.00017866 126.7 1
634.95 32480 2.3395 -0.021897 2826.2 0.001149 1.8139 1.8857e-05 0.00010792 122.07 1
638.82 32466 2.3391 -0.020238 2830.7 -0.0031726 1.8139 0.00075226 0.00032531 111 1
645.71 32395 2.3384 -0.017276 2838.9 -0.0016418 1.8139 0.026924 0.00074687 89.501 1
651.56 32475 2.3377 -0.014757 2844.9 0.01378 1.814 0.044934 0.00057513 68.748 1
653.18 32554 2.3376 -0.014061 2846 0.019149 1.814 0.051484 0.0003575 62.893 1
657.05 32855 2.3372 -0.012392 2846.8 0.03609 1.814 0.064971 0.0010356 48.487 1
663.94 33913 2.3364 -0.0094252 2840.6 0.072728 1.8142 0.089018 0.0017498 23.66 1
669.79 35384 2.3358 -0.0069233 2828.1 0.10472 1.8143 0.10942 0.00098444 5.1876 1
671.4 35880 2.3356 -0.0062363 2823.7 0.11284 1.8143 0.11506 0 0.71252 1
671.4 35880 2.3356 -0.0062363 2823.7 0.11284 1.8143 0.11506 0 0.71252 0
674.13 36846 2.3353 -0.0050865 2788.6 0.13894 1.8174 0.10915 0.18469 0.71008 0
678.99 38909 2.3348 -0.0030826 2740.7 0.16569 1.8334 0.095017 0.58018 0.70946 0
683.11 40808 2.3344 -0.0014182 2711.7 0.17155 1.8505 0.087213 0.8477 0.70769 0
684.25 41333 2.3342 -0.00096307 2704.8 0.17166 1.8548 0.08604 0.9048 0.7073 0
686.98 42585 2.3339 0.00012095 2690.2 0.16974 1.8644 0.083869 1.0054 0.70506 0
691.84 44737 2.3333 0.0020326 2668.9 0.16151 1.8785 0.078449 1.1643 0.70436 0
695.96 46451 2.3328 0.00364 2654.4 0.15195 1.8875 0.076009 1.1465 0.7025 0
697.1 46904 2.3326 0.0040819 2650.8 0.14927 1.8896 0.075568 1.1435 0.70201 0
699.83 47953 2.3323 0.0051381 2642.8 0.14244 1.8942 0.07476 1.1433 0.6997 0
704.69 49692 2.3317 0.0070106 2630.4 0.12967 1.9008 0.07264 1.0967 0.69873 0
708.81 51032 2.3311 0.008592 2621.3 0.11852 1.9052 0.071667 1.0281 0.69669 0
709.95 51380 2.331 0.0090276 2619 0.11541 1.9062 0.071516 1.0187 0.69611 0
712.68 52176 2.3306 0.01007 2613.9 0.10783 1.9086 0.071221 1.0085 0.69188 0
717.54 53454 2.3299 0.011922 2605.7 0.094047 1.9122 0.070563 0.95976 0.69132 0
721.66 54398 2.3294 0.013489 2599.6 0.082167 1.9148 0.070394 0.91369 0.68793 0
722.8 54636 2.3292 0.013921 2598.1 0.07886 1.9154 0.07037 0.90689 0.68705 0
725.53 55166 2.3289 0.014955 2594.7 0.070866 1.9169 0.070345 0.90049 0.67815 0
730.39 55968 2.3282 0.016795 2589.3 0.056471 1.9192 0.070456 0.87121 0.67809 0
734.51 56504 2.3276 0.018352 2585.5 0.044145 1.921 0.070699 0.84405 0.67232 0
735.65 56629 2.3275 0.018782 2584.5 0.040728 1.9215 0.070744 0.84007 0.67145 0
738.38 56887 2.3271 0.019811 2582.4 0.032503 1.9226 0.07087 0.83756 0.6607 0
743.24 57203 2.3264 0.021641 2579.3 0.017794 1.9244 0.071407 0.82321 0.66007 0
747.36 57325 2.3258 0.023192 2577.2 0.0052841 1.9259 0.071883 0.80798 0.65274 0
748.5 57336 2.3257 0.02362 2576.7 0.0018302 1.9263 0.071969 0.80588 0.65138 0
751.23 57319 2.3253 0.024644 2575.7 -0.0064557 1.9273 0.072204 0.80629 0.64 0
756.09 57146 2.3246 0.026468 2574.4 -0.021181 1.9291 0.073081 0.80198 0.63824 0
760.21 56856 2.324 0.028013 2573.8 -0.033615 1.9306 0.073775 0.79406 0.62975 0
761.35 56752 2.3239 0.028439 2573.7 -0.037032 1.9311 0.073902 0.79312 0.62781 0
764.08 56464 2.3235 0.029461 2573.7 -0.045201 1.9321 0.074268 0.79579 0.61587 0
768.94 55808 2.3228 0.031278 2573.8 -0.059608 1.9342 0.075574 0.79882 0.61299 0
773.06 55112 2.3222 0.032817 2574.3 -0.07165 1.9361 0.076571 0.79583 0.60379 0
774.2 54897 2.3221 0.033242 2574.5 -0.074937 1.9367 0.076757 0.79576 0.60157 0
776.93 54344 2.3217 0.03426 2575 -0.08275 1.9381 0.077318 0.80087 0.58923 0
781.79 53224 2.321 0.036069 2576 -0.096359 1.9409 0.079286 0.81141 0.58579 0
785.91 52143 2.3204 0.037602 2576.9 -0.10752 1.9438 0.08076 0.81302 0.57617 0
787.05 51824 2.3202 0.038025 2577.1 -0.11053 1.9446 0.081038 0.81382 0.57386 0
789.78 51023 2.3198 0.039037 2577.6 -0.1176 1.9469 0.081895 0.82239 0.56123 0
794.64 49478 2.3191 0.040836 2578.2 -0.12956 1.9517 0.084852 0.84262 0.5576 0
798.76 48055 2.3185 0.042358 2578 -0.13888 1.9568 0.087024 0.84931 0.54777 0
799.9 47645 2.3183 0.042777 2577.8 -0.14129 1.9584 0.087438 0.85114 0.54541 0
802.63 46635 2.3179 0.04378 2577 -0.14674 1.9626 0.088703 0.8645 0.53267 0
807.49 44751 2.3171 0.045559 2573.9 -0.15506 1.9724 0.092874 0.89612 0.52896 0
811.61 43085 2.3165 0.047058 2568.7 -0.1602 1.9836 0.095794 0.90661 0.51904 0
812.75 42617 2.3163 0.04747 2566.7 -0.16122 1.9872 0.096352 0.90921 0.51666 0
815.48 41488 2.3159 0.048452 2560.9 -0.16291 1.9971 0.097992 0.92795 0.50382 0
820.34 39471 2.3151 0.050182 2545.4 -0.16285 2.0206 0.10305 0.97047 0.50008 0
824.46 37793 2.3143 0.051623 2525.3 -0.15872 2.0481 0.10625 0.98211 0.49009 0
825.6 37342 2.3141 0.052015 2518.4 -0.15672 2.0571 0.10683 0.98511 0.48768 0
828.33 36294 2.3136 0.052943 2499.3 -0.15057 2.0816 0.1085 1.0102 0.4747 0
833.19 34573 2.3127 0.054541 2454.5 -0.13498 2.1381 0.11299 1.0636 0.47093 0
837.31 33312 2.3118 0.055824 2404.7 -0.11642 2.2003 0.11506 1.0725 0.46082 0
838.45 33004 2.3116 0.056164 2389.2 -0.11019 2.2195 0.11537 1.0745 0.45838 0
841.18 32343 2.3109 0.056949 2349.1 -0.094346 2.2697 0.11629 1.102 0.4452 0
846.04 31448 2.3097 0.058228 2269.4 -0.064857 2.3718 0.11768 1.1421 0.44137 0
850.16 30972 2.3087 0.059179 2197.6 -0.038206 2.4661 0.11706 1.1214 0.43108 0
851.3 30886 2.3083 0.059418 2177.7 -0.03009 2.4922 0.11691 1.1176 0.42859 0
854.03 30764 2.3076 0.059949 2130.4 -0.011476 2.5554 0.11663 1.127 0.4151 0
858.89 30806 2.3062 0.060753 2050 0.019664 2.6648 0.11463 1.1089 0.41116 0
863.01 31076 2.305 0.061298 1988.1 0.045239 2.7495 0.11231 1.0538 0.40057 0
864.15 31186 2.3047 0.061429 1972.1 0.052391 2.771 0.11194 1.0456 0.39799 0
866.88 31507 2.3039 0.061711 1935.8 0.067892 2.8202 0.11115 1.039 0.384 0
871.74 32247 2.3026 0.062112 1878.4 0.091236 2.8972 0.10824 0.99292 0.37988 0
875.86 33007 2.3014 0.062368 1836.9 0.10734 2.9511 0.106 0.94081 0.36886 0
877 33235 2.3011 0.062427 1826.5 0.11115 2.9642 0.10563 0.93292 0.36615 0
879.73 33803 2.3003 0.062551 1803.1 0.1187 2.9934 0.10486 0.92372 0.35153 0
884.59 34872 2.299 0.062719 1766.7 0.12736 3.0374 0.10217 0.88285 0.34714 0
888.71 35804 2.2979 0.062819 1740.5 0.13067 3.0673 0.1002 0.846 0.3355 0
889.85 36062 2.2976 0.06284 1733.9 0.13098 3.0747 0.09987 0.84036 0.33261 0
892.58 36676 2.2968 0.062883 1719 0.13061 3.0909 0.099154 0.83323 0.31709 0
897.44 37743 2.2955 0.062932 1695.5 0.12663 3.1156 0.096831 0.80556 0.31223 0
901.56 38602 2.2945 0.06295 1678.2 0.12049 3.1328 0.09528 0.78306 0.2996 0
902.7 38829 2.2942 0.062952 1673.8 0.1184 3.1372 0.095026 0.77964 0.29637 0
905.43 39354 2.2935 0.062952 1663.8 0.11276 3.1468 0.094491 0.77535 0.27934 0
910.29 40214 2.2922 0.062935 1647.9 0.1008 3.1621 0.092795 0.75927 0.27364 0
914.41 40856 2.2912 0.062908 1636 0.089047 3.1734 0.091707 0.74666 0.25917 0
915.55 41018 2.2909 0.062898 1632.9 0.085588 3.1763 0.09153 0.74473 0.25524 0
918.28 41379 2.2902 0.062872 1626 0.076942 3.183 0.091168 0.74242 0.23491 0
923.14 41921 2.2889 0.062814 1614.9 0.060563 3.194 0.090026 0.73389 0.22545 0
927.26 42275 2.2879 0.062756 1606.6 0.045854 3.2025 0.089294 0.72725 0.2143 0
928.4 42355 2.2876 0.062738 1604.5 0.0417 3.2048 0.089175 0.72624 0.21661 0
931.13 42515 2.2869 0.062693 1599.6 0.031584 3.2102 0.088922 0.72529 0.21661 0
935.99 42689 2.2857 0.062605 1591.9 0.013151 3.2195 0.08814 0.72152 0.21661 0
940.11 42723 2.2847 0.062521 1586.2 -0.0027511 3.2272 0.087672 0.71838 0.21661 0
941.25 42714 2.2844 0.062497 1584.7 -0.0071598 3.2293 0.087598 0.71797 0.21661 0
945.34 42616 2.2834 0.062405 1579.9 -0.023021 3.2369 0.08725 0.71761 0.21661 0
952.63 42191 2.2816 0.062222 1572.5 -0.050978 3.2509 0.086152 0.71396 0.21661 0
958.81 41584 2.2801 0.062048 1567.3 -0.073873 3.2634 0.085376 0.70987 0.21661 0
960.52 41379 2.2797 0.061997 1565.9 -0.079975 3.2671 0.085214 0.70953 0.21661 0
964.61 40822 2.2787 0.061868 1562.7 -0.094103 3.2763 0.084735 0.7104 0.21661 0
971.9 39620 2.277 0.061615 1557 -0.11715 3.2947 0.08287 0.71518 0.21661 0
978.09 38414 2.2755 0.061375 1551.5 -0.13384 3.3132 0.081323 0.72072 0.21661 0
979.8 38056 2.2751 0.061304 1549.7 -0.13786 3.3188 0.081059 0.72218 0.21661 0
983.89 37159 2.2742 0.061125 1544.8 -0.14617 3.3338 0.080338 0.73041 0.21661 0
991.18 35463 2.2725 0.060768 1533.3 -0.15606 3.3661 0.077945 0.75476 0.21661 0
997.36 33980 2.271 0.06042 1519.3 -0.15828 3.4009 0.07643 0.76805 0.21661 0
999.07 33572 2.2707 0.060316 1514.6 -0.15761 3.412 0.076237 0.77057 0.21661 0
1003.2 32614 2.2697 0.060048 1501.4 -0.15352 3.4416 0.075746 0.78545 0.21661 0
1010.5 31033 2.2682 0.059504 1470.3 -0.13732 3.507 0.07493 0.81357 0.21661 0
1016.6 29900 2.2669 0.058963 1435.6 -0.11351 3.5758 0.075006 0.81286 0.21661 0
1018.3 29634 2.2665 0.0588 1424.6 -0.10501 3.5968 0.075004 0.8129 0.21661 0
1022.4 29092 2.2657 0.058384 1396 -0.08237 3.6508 0.074915 0.82335 0.21661 0
1029.7 28498 2.2644 0.057557 1338.2 -0.035254 3.7574 0.075447 0.8238 0.21661 0
1035.9 28391 2.2634 0.056777 1284.2 0.0098529 3.8525 0.076568 0.79264 0.21661 0
1037.6 28427 2.2632 0.056552 1268.8 0.02291 3.8784 0.076762 0.78738 0.21661 0
1041.7 28621 2.2626 0.055997 1231.9 0.052737 3.9395 0.077169 0.78008 0.21661 0
1049 29290 2.2617 0.054975 1167.1 0.099216 4.0405 0.078564 0.75116 0.21661 0
1055.2 30098 2.261 0.054093 1115.3 0.1287 4.1149 0.079438 0.73057 0.21661 0
1056.9 30347 2.2609 0.053849 1101.7 0.1347 4.1335 0.07952 0.72875 0.21661 0
