time (s) altitude (m) velocity (m/s) mass (kg) dynamic pressure (Pa)trajectory angle (rad) Lift (N)Drag (N)heading angle (rad) latitude (rad) angle of attack (rad) 
671.4 35880 2823.7 3300 28568 0.11284 29119 9551.5 1.8143 -0.0062363 0.25304
672.68 36293 2834.8 3281 27020 0.11525 29209 9805.4 1.8144 -0.0056905 0.26334
675.22 37141 2856.6 3243.5 24102 0.12013 28460 9864.8 1.8144 -0.0046044 0.27996
678.04 38128 2881.6 3201.8 21123 0.125 25186 8770.6 1.8145 -0.0033912 0.28178
680.05 38863 2900.4 3172 19169 0.12783 23146 8109.2 1.8145 -0.002516 0.28416
680.58 39058 2905.4 3164.2 18686 0.12853 22530 7887.2 1.8145 -0.0022877 0.28388
682.52 39792 2924.2 3135.4 16978 0.13084 21117 7504.5 1.8145 -0.0014355 0.28991
685.99 41142 2959 3084 14265 0.13435 18608 6757.1 1.8146 9.5354e-05 0.2995
688.94 42325 2989.7 3040.4 12275 0.13669 16322 5975.2 1.8147 0.0014079 0.30349
689.75 42657 2998.4 3028.4 11773 0.13722 15704 5756.1 1.8147 0.0017726 0.30415
691.7 43462 3019.7 2999.6 10648 0.13832 14381 5298.5 1.8147 0.0026508 0.3068
695.17 44924 3058.9 2948.2 8896 0.13969 12112 4475.3 1.8148 0.0042302 0.3085
698.11 46187 3093.7 2904.6 7636.8 0.14029 10369 3825.1 1.8148 0.005586 0.30789
698.92 46539 3103.5 2892.6 7322.1 0.14037 9917.6 3654.4 1.8149 0.005963 0.30737
700.87 47389 3127.4 2863.8 6646.8 0.14046 9029.2 3329.7 1.8149 0.0068713 0.30799
704.34 48918 3171.2 2812.4 5635 0.14028 7623.8 2802.8 1.815 0.0085065 0.30707
707.28 50229 3209.7 2768.8 4892.2 0.13982 6538.9 2388.2 1.815 0.0099117 0.30445
708.09 50592 3220.6 2756.8 4704.2 0.13964 6250.2 2275.8 1.815 0.010303 0.30318
710.04 51468 3246.9 2728 4301.6 0.13916 5710.5 2076.4 1.8151 0.011245 0.30298
713.51 53036 3295 2676.6 3685 0.13813 4811.1 1731.9 1.8151 0.012943 0.29943
716.45 54375 3337.1 2633 3222.1 0.13708 4113 1461.5 1.8152 0.014403 0.29476
717.27 54746 3348.9 2621 3103.4 0.13676 3932 1391.2 1.8152 0.014809 0.29324
719.21 55636 3377.6 2592.2 2834 0.13596 3574.9 1260.1 1.8153 0.015789 0.29231
722.68 57228 3430 2540.8 2403.7 0.13446 2968.2 1032 1.8153 0.017555 0.28803
725.63 58583 3475.7 2497.2 2084 0.13309 2527.7 868.19 1.8154 0.019075 0.28448
726.44 58958 3488.5 2485.2 2002.6 0.13271 2419.7 829.46 1.8154 0.019498 0.28376
728.39 59858 3519.5 2456.4 1818.4 0.13178 2186.5 748.47 1.8154 0.020519 0.28285
731.86 61465 3576.1 2405 1526.3 0.13015 1815.8 619.37 1.8155 0.022359 0.28087
734.8 62833 3625.3 2361.4 1311.3 0.12877 1534.4 520.51 1.8155 0.023944 0.27774
735.61 63212 3639.1 2349.4 1256.7 0.12839 1453.8 491.45 1.8156 0.024386 0.27553
737.56 64120 3672.6 2320.6 1133.9 0.12746 1288.4 433.36 1.8156 0.02545 0.27212
741.03 65743 3733.6 2269.2 940.84 0.12576 1002.6 330.05 1.8157 0.027371 0.26037
743.97 67122 3786.9 2225.6 800.21 0.12421 803.24 258.72 1.8157 0.029026 0.2501
744.78 67504 3801.9 2213.6 764.79 0.12378 755.99 242.09 1.8157 0.029487 0.24756
746.73 68418 3838.2 2184.8 685.41 0.12276 679.25 218.22 1.8158 0.0306 0.248
750.2 70051 3904.3 2133.4 561.76 0.12088 479.94 147.88 1.8158 0.032607 0.2238
753.15 71435 3962.4 2089.8 472.21 0.1188 276.81 79.856 1.8159 0.034338 0.1727
753.96 71816 3978.9 2077.8 449.54 0.11807 236.84 68.611 1.8159 0.034821 0.15987
755.91 72727 4018.8 2049 399.49 0.11615 151.23 45.833 1.8159 0.035985 0.12606
759.37 74329 4092 1997.6 323.9 0.11196 53.598 24.805 1.816 0.038089 0.065504
762.32 75659 4156.1 1954 271.63 0.10762 8.3229 17.999 1.816 0.039905 0.014189
763.13 76021 4174.1 1942 258.88 0.1063 -6.2223e-16 16.833 1.816 0.040411 0
763.13 76021 4174.1 1942 258.88 0.1063 -6.2223e-16 16.833 1.816 0.040411 0
764.13 76464 4173.1 1942 241.32 0.10463 -1.0827e-15 15.685 1.816 0.041036 0
765.13 76896 4172.2 1942 225.26 0.10296 2.274e-15 14.635 1.8161 0.04166 0
766.13 77321 4171.2 1942 210.45 0.10129 -9.442e-16 13.667 1.8161 0.042284 0
767.13 77739 4170.3 1942 196.78 0.099618 -6.3061e-17 12.774 1.8161 0.042909 0
768.13 78151 4169.4 1942 184.15 0.097947 8.5571e-16 11.95 1.8161 0.043533 0
769.13 78555 4168.5 1942 172.48 0.096276 1.1608e-15 11.188 1.8161 0.044157 0
770.13 78952 4167.6 1942 161.7 0.094603 -4.9228e-16 10.484 1.8161 0.044781 0
771.13 79342 4166.7 1942 151.72 0.09293 6.4424e-16 9.8339 1.8161 0.045405 0
772.13 79725 4165.9 1942 142.49 0.091257 4.5663e-16 9.232 1.8162 0.046029 0
773.13 80101 4165 1942 133.94 0.089583 1.4594e-15 8.675 1.8162 0.046653 0
774.13 80471 4164.2 1942 126.02 0.087908 1.0097e-15 8.1591 1.8162 0.047276 0
775.13 80833 4163.4 1942 118.68 0.086232 5.7051e-17 7.6812 1.8162 0.0479 0
776.13 81188 4162.6 1942 111.88 0.084556 -1.8375e-16 7.2381 1.8162 0.048524 0
777.13 81536 4161.9 1942 105.56 0.08288 -4.1864e-16 6.8272 1.8162 0.049147 0
778.13 81877 4161.1 1942 99.701 0.081203 -2.9156e-16 6.4459 1.8162 0.049771 0
779.13 82211 4160.4 1942 94.258 0.079525 3.3794e-16 6.0919 1.8162 0.050394 0
780.13 82538 4159.6 1942 89.2 0.077847 -2.3181e-16 5.763 1.8163 0.051018 0
781.13 82858 4158.9 1942 84.498 0.076168 0 5.4575 1.8163 0.051641 0
782.13 83171 4158.3 1942 80.125 0.074489 0 5.1733 1.8163 0.052264 0
783.13 83477 4157.6 1942 76.057 0.072809 0 4.9091 1.8163 0.052887 0
784.13 83776 4156.9 1942 72.269 0.071129 0 4.6631 1.8163 0.05351 0
785.13 84068 4156.3 1942 68.742 0.069449 0 4.4342 1.8163 0.054134 0
786.13 84352 4155.7 1942 65.456 0.067768 0 4.2209 1.8163 0.054757 0
787.13 84630 4155.1 1942 62.393 0.066086 0 4.0222 1.8163 0.05538 0
788.13 84901 4154.5 1942 59.507 0.064404 0 3.8353 1.8163 0.056002 0
789.13 85165 4153.9 1811.1 0 0.062722 0 0 1.8164 0.056625 0
790.13 85422 4153.3 1811.1 0 0.061039 0 0 1.8164 0.057248 0
791.13 85672 4152.8 1811.1 0 0.059355 0 0 1.8164 0.057871 0
792.13 85915 4152.3 1811.1 0 0.057672 0 0 1.8164 0.058494 0
793.13 86151 4151.8 1811.1 0 0.055988 0 0 1.8164 0.059117 0
794.13 86379 4151.3 1811.1 0 0.054303 0 0 1.8164 0.059739 0
795.13 86601 4150.8 1811.1 0 0.052619 0 0 1.8164 0.060362 0
796.13 86816 4150.3 1811.1 0 0.050934 0 0 1.8164 0.060984 0
797.13 87024 4149.9 1811.1 0 0.049248 0 0 1.8164 0.061607 0
798.13 87225 4149.5 1811.1 0 0.047562 0 0 1.8164 0.06223 0
799.13 87418 4149 1811.1 0 0.045876 0 0 1.8164 0.062852 0
800.13 87605 4148.6 1811.1 0 0.04419 0 0 1.8164 0.063475 0
801.13 87785 4148.3 1811.1 0 0.042503 0 0 1.8165 0.064097 0
802.13 87958 4147.9 1811.1 0 0.040816 0 0 1.8165 0.064719 0
803.13 88123 4147.6 1811.1 0 0.039129 0 0 1.8165 0.065342 0
804.13 88282 4147.2 1811.1 0 0.037442 0 0 1.8165 0.065964 0
805.13 88434 4146.9 1811.1 0 0.035754 0 0 1.8165 0.066586 0
806.13 88579 4146.6 1811.1 0 0.034066 0 0 1.8165 0.067209 0
807.13 88716 4146.3 1811.1 0 0.032378 0 0 1.8165 0.067831 0
808.13 88847 4146.1 1811.1 0 0.03069 0 0 1.8165 0.068453 0
809.13 88971 4145.8 1811.1 0 0.029001 0 0 1.8165 0.069075 0
810.13 89087 4145.6 1811.1 0 0.027313 0 0 1.8165 0.069698 0
811.13 89197 4145.4 1811.1 0 0.025624 0 0 1.8165 0.07032 0
812.13 89300 4145.2 1811.1 0 0.023935 0 0 1.8165 0.070942 0
813.13 89396 4145 1811.1 0 0.022246 0 0 1.8165 0.071564 0
814.13 89484 4144.8 1811.1 0 0.020556 0 0 1.8165 0.072186 0
815.13 89566 4144.6 1811.1 0 0.018867 0 0 1.8165 0.072809 0
816.13 89641 4144.5 1811.1 0 0.017178 0 0 1.8165 0.073431 0
817.13 89708 4144.4 1811.1 0 0.015488 0 0 1.8165 0.074053 0
818.13 89769 4144.3 1811.1 0 0.013798 0 0 1.8165 0.074675 0
819.13 89823 4144.2 1811.1 0 0.012109 0 0 1.8165 0.075297 0
820.13 89869 4144.1 1811.1 0 0.010419 0 0 1.8165 0.075919 0
821.13 89909 4144.1 1811.1 0 0.0087288 0 0 1.8165 0.076541 0
822.13 89942 4144 1811.1 0 0.0070389 0 0 1.8165 0.077163 0
823.13 89967 4144 1811.1 0 0.005349 0 0 1.8165 0.077786 0
824.13 89986 4144 1811.1 0 0.003659 0 0 1.8166 0.078408 0
825.13 89998 4144 1811.1 0 0.0019691 0 0 1.8166 0.07903 0
826.13 90002 4144 1811.1 0 0.00027915 0 0 1.8166 0.079652 0
827.13 90000 4144 1811.1 0 0 0 0 1.8166 0.080274 0
