  5.10  2.50    -20.00      246075.46      7611.10    -26618.79
  5.10  2.50    -19.00      227923.64      6614.45    -24772.81
  5.10  2.50    -18.00      210238.18      5706.53    -22982.96
  5.10  2.50    -17.00      193081.08      4884.17    -21254.39
  5.10  2.50    -16.00      176409.08      4141.73    -19582.08
  5.10  2.50    -15.00      160286.57      3476.22    -17971.57
  5.10  2.50    -14.00      144786.06      2884.47    -16429.10
  5.10  2.50    -13.00      129858.34      2361.16    -14949.19
  5.10  2.50    -12.00      115479.25      1901.75    -13528.79
  5.10  2.50    -11.00      101647.16      1502.36    -12167.10
  5.10  2.50    -10.00       88365.84      1159.30    -10863.92
  5.10  2.50     -9.00       75501.70       867.75     -9605.75
  5.10  2.50     -8.00       63059.81       624.92     -8392.61
  5.10  2.50     -7.00       51062.24       428.14     -7226.16
  5.10  2.50     -6.00       39364.58       274.08     -6092.06
  5.10  2.50     -5.00       27954.96       160.71     -4988.80
  5.10  2.50     -4.00       16728.45        86.11     -3905.94
  5.10  2.50     -3.00        6975.76        48.13     -2967.04
  5.10  2.50     -2.00        1443.99        33.10     -2434.79
  5.10  2.50     -1.00       -4715.20        39.34     -1843.68
  5.10  2.50      0.00      -28037.04       160.50         0.00
  5.10  2.50      1.00      -39666.31       274.35      1111.20
  5.10  2.50      2.00      -51532.12       428.43      2243.68
  5.10  2.50      3.00      -63754.72       625.25      3409.10
  5.10  2.50      4.00      -76418.46       867.65      4615.74
  5.10  2.50      5.00      -89557.01      1158.55      5866.99
  5.10  2.50      6.00     -103292.98      1502.27      7174.82
  5.10  2.50      7.00     -117539.63      1901.09      8531.12
  5.10  2.50      8.00     -132435.57      2360.35      9949.40
  5.10  2.50      9.00     -147895.01      2882.53     11421.68
  5.10  2.50     10.00     -164055.91      3473.91     12961.51
  5.10  2.50     11.00     -180918.21      4138.99     14569.16
  5.10  2.50     12.00     -198256.19      4877.40     16223.36
  5.10  2.50     13.00     -216313.70      5698.63     17947.87
  5.10  2.50     14.00     -235088.43      6607.74     19742.85
  5.10  2.50     15.00     -254338.87      7603.41     21585.60
  5.10  2.50     16.00     -274098.32      8690.73     23479.78
  5.10  2.50     17.00     -294471.65      9877.66     25435.87
  5.10  2.50     18.00     -315269.89     11163.40     27436.38
  5.10  2.50     19.00     -336638.24     12557.66     29495.67
  5.10  2.50     20.00     -358267.44     14054.78     31584.59
  5.10  3.50    -20.00      226182.62      6614.67    -26268.45
  5.10  3.50    -19.00      208806.04      5708.85    -24486.71
  5.10  3.50    -18.00      191843.32      4886.09    -22756.84
  5.10  3.50    -17.00      175350.48      4143.36    -21083.52
  5.10  3.50    -16.00      159387.59      3477.53    -19471.80
  5.10  3.50    -15.00      144030.53      2885.52    -17928.21
  5.10  3.50    -14.00      129231.48      2361.98    -16447.29
  5.10  3.50    -13.00      114966.05      1902.39    -15025.89
  5.10  3.50    -12.00      101197.05      1502.39    -13659.69
  5.10  3.50    -11.00       87947.90      1158.67    -12350.30
  5.10  3.50    -10.00       75180.99       867.36    -11093.45
  5.10  3.50     -9.00       62857.64       624.95     -9884.82
  5.10  3.50     -8.00       50894.93       428.03     -8715.88
  5.10  3.50     -7.00       39253.54       274.02     -7582.36
  5.10  3.50     -6.00       27863.89       160.62     -6477.16
  5.10  3.50     -5.00       16669.98        86.07     -5394.49
  5.10  3.50     -4.00        6938.82        48.13     -4455.70
  5.10  3.50     -3.00        1425.54        33.14     -3924.24
  5.10  3.50     -2.00       -4726.49        39.39     -3333.32
  5.10  3.50     -1.00      -11556.26        69.91     -2679.22
  5.10  3.50      0.00      -39582.36       273.78         0.00
  5.10  3.50      1.00      -51555.38       428.50      1140.42
  5.10  3.50      2.00      -63808.14       625.31      2305.53
  5.10  3.50      3.00      -76530.71       867.87      3513.61
  5.10  3.50      4.00      -89717.94      1158.77      4764.30
  5.10  3.50      5.00     -103482.66      1502.09      6068.55
  5.10  3.50      6.00     -117839.91      1901.38      7427.93
  5.10  3.50      7.00     -132825.22      2360.68      8846.02
  5.10  3.50      8.00     -148330.67      2881.97     10312.68
  5.10  3.50      9.00     -164599.68      3473.15     11851.41
  5.10  3.50     10.00     -181589.70      4138.06     13458.31
  5.10  3.50     11.00     -199147.75      4878.00     15119.11
  5.10  3.50     12.00     -217282.58      5697.20     16834.88
  5.10  3.50     13.00     -236234.84      6606.04     18628.94
  5.10  3.50     14.00     -255681.73      7601.41     20470.82
  5.10  3.50     15.00     -275656.94      8688.42     22364.12
  5.10  3.50     16.00     -296390.02      9878.80     24331.15
  5.10  3.50     17.00     -317457.37     11164.76     26331.90
  5.10  3.50     18.00     -338971.36     12554.17     28377.53
  5.10  3.50     19.00     -361054.71     14056.41     30480.25
  5.10  3.50     20.00     -383506.47     15669.55     32621.32
  5.10  4.50    -20.00      207217.06      5709.29    -25615.77
  5.10  4.50    -19.00      190387.75      4884.72    -23877.98
  5.10  4.50    -18.00      174231.35      4145.17    -22218.62
  5.10  4.50    -17.00      158436.82      3479.07    -20605.97
  5.10  4.50    -16.00      143228.52      2886.77    -19061.22
  5.10  4.50    -15.00      128516.17      2362.25    -17574.65
  5.10  4.50    -14.00      114377.88      1902.65    -16153.06
  5.10  4.50    -13.00      100721.80      1502.64    -14786.67
  5.10  4.50    -12.00       87602.33      1159.23    -13480.05
  5.10  4.50    -11.00       74867.52       867.35    -12217.72
  5.10  4.50    -10.00       62611.83       624.90    -11008.25
  5.10  4.50     -9.00       50711.49       428.00     -9839.04
  5.10  4.50     -8.00       39128.31       274.04     -8705.89
  5.10  4.50     -7.00       27788.95       160.67     -7601.25
  5.10  4.50     -6.00       16630.18        86.13     -6518.61
  5.10  4.50     -5.00        6922.58        48.20     -5579.76
  5.10  4.50     -4.00        1430.25        33.20     -5049.13
  5.10  4.50     -3.00       -4703.36        39.41     -4459.26
  5.10  4.50     -2.00      -11516.13        69.84     -3806.60
  5.10  4.50     -1.00      -19068.58       127.93     -3085.43
  5.10  4.50      0.00      -51404.12       427.27         0.00
  5.10  4.50      1.00      -63837.19       625.41      1179.50
  5.10  4.50      2.00      -76594.01       867.94      2387.13
  5.10  4.50      3.00      -89821.94      1158.78      3636.97
  5.10  4.50      4.00     -103636.68      1502.00      4940.18
  5.10  4.50      5.00     -118102.73      1901.80      6302.99
  5.10  4.50      6.00     -133119.03      2360.38      7715.86
  5.10  4.50      7.00     -148828.01      2883.46      9192.50
  5.10  4.50      8.00     -165088.25      3472.58     10719.53
  5.10  4.50      9.00     -182195.74      4137.27     12325.33
  5.10  4.50     10.00     -199972.13      4878.83     13993.11
  5.10  4.50     11.00     -218354.36      5700.20     15717.06
  5.10  4.50     12.00     -237297.78      6604.56     17493.12
  5.10  4.50     13.00     -256933.51      7599.66     19334.09
  5.10  4.50     14.00     -277117.47      8686.37     21226.57
  5.10  4.50     15.00     -298080.78      9876.42     23192.81
  5.10  4.50     16.00     -319397.78     11161.99     25192.70
  5.10  4.50     17.00     -341329.59     12556.03     27251.36
  5.10  4.50     18.00     -363563.20     14052.84     29339.61
  5.10  4.50     19.00     -386335.01     15665.56     31480.12
  5.10  4.50     20.00     -409225.26     17383.26     33633.61
  5.10  5.50    -20.00      189004.29      4886.69    -25048.70
  5.10  5.50    -19.00      172966.19      4145.29    -23381.18
  5.10  5.50    -18.00      157348.24      3479.10    -21767.84
  5.10  5.50    -17.00      142356.12      2887.76    -20228.07
  5.10  5.50    -16.00      127780.85      2362.97    -18740.23
  5.10  5.50    -15.00      113682.85      1901.99    -17309.40
  5.10  5.50    -14.00      100185.47      1502.57    -15946.83
  5.10  5.50    -13.00       87109.34      1158.52    -14634.11
  5.10  5.50    -12.00       74524.72       867.29    -13377.35
  5.10  5.50    -11.00       62309.90       624.56    -12163.99
  5.10  5.50    -10.00       50469.42       427.68    -10993.85
  5.10  5.50     -9.00       38950.21       273.83     -9861.21
  5.10  5.50     -8.00       27666.44       160.57     -8757.24
  5.10  5.50     -7.00       16546.94        86.09     -7674.63
  5.10  5.50     -6.00        6866.83        48.22     -6735.77
  5.10  5.50     -5.00        1394.70        33.27     -6205.69
  5.10  5.50     -4.00       -4710.77        39.48     -5617.59
  5.10  5.50     -3.00      -11501.89        69.85     -4966.56
  5.10  5.50     -2.00      -19032.87       127.81     -4247.55
  5.10  5.50     -1.00      -27352.79       217.18     -3456.03
  5.10  5.50      0.00      -63652.36       623.50         0.00
  5.10  5.50      1.00      -76632.25       868.10      1225.50
  5.10  5.50      2.00      -89928.93      1159.22      2477.66
  5.10  5.50      3.00     -103759.76      1502.06      3777.08
  5.10  5.50      4.00     -118282.14      1901.75      5138.82
  5.10  5.50      5.00     -133371.44      2360.25      6551.01
  5.10  5.50      6.00     -149161.71      2883.18      8026.51
  5.10  5.50      7.00     -165650.08      3474.57      9565.01
  5.10  5.50      8.00     -182741.33      4136.72     11157.62
  5.10  5.50      9.00     -200644.12      4878.04     12824.25
  5.10  5.50     10.00     -219174.35      5699.26     14547.51
  5.10  5.50     11.00     -238278.68      6603.33     16322.47
  5.10  5.50     12.00     -258094.73      7598.16     18162.43
  5.10  5.50     13.00     -278596.70      8687.95     20065.10
  5.10  5.50     14.00     -299665.74      9874.34     22019.53
  5.10  5.50     15.00     -321225.55     11159.57     24018.67
  5.10  5.50     16.00     -343421.86     12553.21     26076.55
  5.10  5.50     17.00     -365943.97     14049.70     28164.27
  5.10  5.50     18.00     -389025.48     15661.93     30304.02
  5.10  5.50     19.00     -412249.99     17379.22     32457.00
  5.10  5.50     20.00     -435992.57     19220.77     34658.94
  5.10  6.50    -20.00      171564.02      4143.87    -24573.73
  5.10  6.50    -19.00      156258.40      3480.30    -22972.69
  5.10  6.50    -18.00      141259.09      2885.70    -21415.21
  5.10  6.50    -17.00      126895.66      2362.08    -19933.02
  5.10  6.50    -16.00      113021.01      1902.43    -18510.45
  5.10  6.50    -15.00       99566.52      1501.95    -17139.85
  5.10  6.50    -14.00       86634.37      1158.36    -15830.37
  5.10  6.50    -13.00       74099.15       866.73    -14568.91
  5.10  6.50    -12.00       61980.63       624.19    -13356.61
  5.10  6.50    -11.00       50224.09       427.45    -12187.46
  5.10  6.50    -10.00       38743.52       273.56    -11052.45
  5.10  6.50     -9.00       27514.27       160.40     -9948.66
  5.10  6.50     -8.00       16441.80        86.02     -8866.43
  5.10  6.50     -7.00        6793.63        48.24     -7927.64
  5.10  6.50     -6.00        1353.00        33.36     -7399.01
  5.10  6.50     -5.00       -4722.62        39.57     -6812.62
  5.10  6.50     -4.00      -11487.93        69.89     -6163.37
  5.10  6.50     -3.00      -18984.39       127.65     -5447.48
  5.10  6.50     -2.00      -27274.88       216.73     -4659.17
  5.10  6.50     -1.00      -36411.12       341.34     -3793.74
  5.10  6.50      0.00      -76360.28       864.86         0.00
  5.10  6.50      1.00      -90006.49      1159.75      1281.42
  5.10  6.50      2.00     -103886.72      1502.67      2580.72
  5.10  6.50      3.00     -118425.27      1901.86      3938.09
  5.10  6.50      4.00     -133576.87      2360.23      5349.14
  5.10  6.50      5.00     -149505.83      2884.07      6829.50
  5.10  6.50      6.00     -166024.58      3474.31      8361.26
  5.10  6.50      7.00     -183222.87      4136.32      9953.02
  5.10  6.50      8.00     -201248.41      4877.50     11618.79
  5.10  6.50      9.00     -219915.42      5698.48     13340.97
  5.10  6.50     10.00     -239177.93      6602.40     15115.25
  5.10  6.50     11.00     -259166.38      7596.94     16954.15
  5.10  6.50     12.00     -279977.11      8689.78     18866.86
  5.10  6.50     13.00     -301143.75      9872.54     20809.46
  5.10  6.50     14.00     -322938.66     11157.47     22807.86
  5.10  6.50     15.00     -345392.54     12550.77     24865.08
  5.10  6.50     16.00     -368192.75     14046.85     26952.06
  5.10  6.50     17.00     -391578.81     15658.77     29091.39
  5.10  6.50     18.00     -415299.09     17382.38     31259.86
  5.10  6.50     19.00     -439402.41     19224.22     33462.23
  5.10  6.50     20.00     -463926.73     21191.22     35702.27
  5.10  7.50    -20.00      154982.07      3478.99    -24206.93
  5.10  7.50    -19.00      140268.52      2886.51    -22660.28
  5.10  7.50    -18.00      126002.34      2361.83    -21171.82
  5.10  7.50    -17.00      112184.44      1900.98    -19740.59
  5.10  7.50    -16.00       98936.53      1501.67    -18377.60
  5.10  7.50    -15.00       86086.66      1157.77    -17064.88
  5.10  7.50    -14.00       73658.08       866.28    -15803.83
  5.10  7.50    -13.00       61617.03       623.74    -14590.34
  5.10  7.50    -12.00       49911.56       426.94    -13418.55
  5.10  7.50    -11.00       38511.50       273.24    -12284.84
  5.10  7.50    -10.00       27341.47       160.20    -11181.28
  5.10  7.50     -9.00       16316.53        85.93    -10099.08
  5.10  7.50     -8.00        6704.02        48.27     -9160.38
  5.10  7.50     -7.00        1292.52        33.48     -8632.79
  5.10  7.50     -6.00       -4748.63        39.72     -8048.34
  5.10  7.50     -5.00      -11475.08        69.96     -7401.88
  5.10  7.50     -4.00      -18938.97       127.57     -6688.66
  5.10  7.50     -3.00      -27189.80       216.31     -5904.22
  5.10  7.50     -2.00      -36278.65       340.33     -5044.00
  5.10  7.50     -1.00      -46279.95       504.45     -4101.26
  5.10  7.50      0.00      -89594.61      1154.29         0.00
  5.10  7.50      1.00     -103940.56      1502.93      1338.86
  5.10  7.50      2.00     -118529.11      1902.08      2695.61
  5.10  7.50      3.00     -133739.53      2360.39      4105.73
  5.10  7.50      4.00     -149738.08      2884.09      5584.95
  5.10  7.50      5.00     -166345.36      3474.27      7116.09
  5.10  7.50      6.00     -183640.20      4136.10      8706.62
  5.10  7.50      7.00     -201781.99      4877.13     10371.56
  5.10  7.50      8.00     -220581.04      5697.97     12092.87
  5.10  7.50      9.00     -239990.18      6601.64     13866.07
  5.10  7.50     10.00     -260147.98      7596.01     15704.31
  5.10  7.50     11.00     -281143.73      8688.56     17616.04
  5.10  7.50     12.00     -302514.63      9871.03     19557.71
  5.10  7.50     13.00     -324536.38     11155.67     21555.36
  5.10  7.50     14.00     -347239.59     12548.65     23611.92
  5.10  7.50     15.00     -370310.84     14044.40     25698.29
  5.10  7.50     16.00     -393990.66     15655.90     27836.97
  5.10  7.50     17.00     -418030.52     17379.20     30005.09
  5.10  7.50     18.00     -442475.00     19220.54     32206.89
  5.10  7.50     19.00     -467368.84     21187.12     34446.65
  5.10  7.50     20.00     -492544.10     23276.93     36709.18
  6.10  2.50    -20.00      223210.61      6970.09    -24287.68
  6.10  2.50    -19.00      205550.18      6028.84    -22494.68
  6.10  2.50    -18.00      188463.39      5176.39    -20767.82
  6.10  2.50    -17.00      171983.53      4408.60    -19109.54
  6.10  2.50    -16.00      156136.84      3720.96    -17521.51
  6.10  2.50    -15.00      140981.14      3109.65    -16008.57
  6.10  2.50    -14.00      126441.53      2568.39    -14562.64
  6.10  2.50    -13.00      112517.39      2092.75    -13182.97
  6.10  2.50    -12.00       99333.71      1680.14    -11880.98
  6.10  2.50    -11.00       86811.75      1324.87    -10648.36
  6.10  2.50    -10.00       74903.84      1022.26     -9479.91
  6.10  2.50     -9.00       63577.70       768.15     -8371.94
  6.10  2.50     -8.00       52775.58       558.56     -7318.38
  6.10  2.50     -7.00       42486.72       390.23     -6317.73
  6.10  2.50     -6.00       32605.28       259.68     -5359.39
  6.10  2.50     -5.00       23056.18       164.25     -4435.76
  6.10  2.50     -4.00       13759.17       101.85     -3538.82
  6.10  2.50     -3.00        5746.37        70.22     -2767.32
  6.10  2.50     -2.00        1207.20        58.05     -2330.63
  6.10  2.50     -1.00       -3956.28        64.24     -1835.28
  6.10  2.50      0.00      -23126.29       164.02         0.00
  6.10  2.50      1.00      -32862.86       259.94       930.03
  6.10  2.50      2.00      -42863.59       390.39      1884.10
  6.10  2.50      3.00      -53347.48       558.76      2883.30
  6.10  2.50      4.00      -64349.59       768.05      3931.13
  6.10  2.50      5.00      -75958.78      1022.07      5036.24
  6.10  2.50      6.00      -88171.58      1324.21      6198.45
  6.10  2.50      7.00     -101083.96      1679.22      7427.15
  6.10  2.50      8.00     -114722.09      2091.56      8725.04
  6.10  2.50      9.00     -129064.05      2565.10     10090.28
  6.10  2.50     10.00     -144188.11      3105.57     11530.60
  6.10  2.50     11.00     -160004.05      3715.96     13037.67
  6.10  2.50     12.00     -176595.81      4402.58     14619.90
  6.10  2.50     13.00     -193995.20      5171.28     16280.67
  6.10  2.50     14.00     -212017.99      6022.85     18002.74
  6.10  2.50     15.00     -230610.43      6960.44     19781.39
  6.10  2.50     16.00     -249965.85      7994.24     21635.62
  6.10  2.50     17.00     -269817.25      9121.98     23540.25
  6.10  2.50     18.00     -290272.30     10351.75     25506.27
  6.10  2.50     19.00     -311317.15     11688.60     27532.73
  6.10  2.50     20.00     -332602.06     13125.60     29586.72
  6.10  3.50    -20.00      203981.95      6029.17    -23418.67
  6.10  3.50    -19.00      187105.61      5176.72    -21691.27
  6.10  3.50    -18.00      170888.49      4410.50    -20039.46
  6.10  3.50    -17.00      155207.62      3722.58    -18450.17
  6.10  3.50    -16.00      140081.46      3108.78    -16924.36
  6.10  3.50    -15.00      125687.16      2567.72    -15478.53
  6.10  3.50    -14.00      111982.73      2093.63    -14107.67
  6.10  3.50    -13.00       98900.93      1680.84    -12804.48
  6.10  3.50    -12.00       86467.27      1325.42    -11570.70
  6.10  3.50    -11.00       74608.31      1022.38    -10398.52
  6.10  3.50    -10.00       63334.61       768.10     -9288.34
  6.10  3.50     -9.00       52614.40       558.69     -8236.51
  6.10  3.50     -8.00       42356.05       390.22     -7233.64
  6.10  3.50     -7.00       32511.75       259.66     -6274.64
  6.10  3.50     -6.00       23002.30       164.27     -5351.48
  6.10  3.50     -5.00       13734.59       101.88     -4454.83
  6.10  3.50     -4.00        5740.60        70.24     -3683.48
  6.10  3.50     -3.00        1218.30        58.06     -3247.61
  6.10  3.50     -2.00       -3929.84        64.19     -2753.39
  6.10  3.50     -1.00       -9768.55        91.67     -2194.65
  6.10  3.50      0.00      -32727.88       259.04         0.00
  6.10  3.50      1.00      -42896.26       390.52       967.99
  6.10  3.50      2.00      -53390.64       558.80      1965.30
  6.10  3.50      3.00      -64445.01       768.23      3014.35
  6.10  3.50      4.00      -76069.03      1021.98      4116.13
  6.10  3.50      5.00      -88366.92      1324.45      5280.71
  6.10  3.50      6.00     -101344.51      1679.49      6508.77
  6.10  3.50      7.00     -115015.88      2091.18      7801.77
  6.10  3.50      8.00     -129444.34      2564.61      9165.96
  6.10  3.50      9.00     -144665.68      3104.89     10604.90
  6.10  3.50     10.00     -160665.28      3716.48     12117.43
  6.10  3.50     11.00     -177318.05      4401.53     13691.82
  6.10  3.50     12.00     -194863.55      5169.97     15351.28
  6.10  3.50     13.00     -213051.29      6021.30     17072.14
  6.10  3.50     14.00     -231827.28      6958.61     18849.63
  6.10  3.50     15.00     -251386.56      7992.11     20702.74
  6.10  3.50     16.00     -271460.80      9119.48     22606.20
  6.10  3.50     17.00     -292162.55     10348.95     24571.31
  6.10  3.50     18.00     -313473.84     11685.34     26596.64
  6.10  3.50     19.00     -335048.65     13121.94     28649.73
  6.10  3.50     20.00     -357215.36     14675.14     30762.43
  6.10  4.50    -20.00      185756.08      5178.99    -22655.83
  6.10  4.50    -19.00      169653.57      4410.75    -20995.32
  6.10  4.50    -18.00      154212.48      3724.09    -19411.52
  6.10  4.50    -17.00      139239.23      3110.01    -17884.32
  6.10  4.50    -16.00      124979.02      2568.67    -16436.94
  6.10  4.50    -15.00      111393.80      2094.35    -15064.64
  6.10  4.50    -14.00       98417.25      1681.37    -13760.11
  6.10  4.50    -13.00       86010.85      1325.01    -12518.79
  6.10  4.50    -12.00       74242.18      1022.07    -11346.46
  6.10  4.50    -11.00       63068.68       768.05    -10238.30
  6.10  4.50    -10.00       52399.37       558.54     -9184.81
  6.10  4.50     -9.00       42187.14       390.06     -8180.85
  6.10  4.50     -8.00       32396.23       259.57     -7222.42
  6.10  4.50     -7.00       22916.98       164.19     -6298.47
  6.10  4.50     -6.00       13675.43       101.83     -5401.47
  6.10  4.50     -5.00        5708.71        70.24     -4630.80
  6.10  4.50     -4.00        1205.80        58.06     -4195.83
  6.10  4.50     -3.00       -3922.40        64.16     -3702.99
  6.10  4.50     -2.00       -9739.44        91.52     -3146.27
  6.10  4.50     -1.00      -16311.55       143.67     -2519.43
  6.10  4.50      0.00      -42718.82       388.95         0.00
  6.10  4.50      1.00      -53415.74       558.88      1014.01
  6.10  4.50      2.00      -64497.86       768.28      2062.32
  6.10  4.50      3.00      -76157.11      1021.98      3163.14
  6.10  4.50      4.00      -88498.33      1324.37      4326.54
  6.10  4.50      5.00     -101533.83      1679.35      5553.73
  6.10  4.50      6.00     -115270.46      2090.91      6845.41
  6.10  4.50      7.00     -129832.71      2565.11      8213.57
  6.10  4.50      8.00     -145095.38      3104.39      9646.34
  6.10  4.50      9.00     -161269.84      3717.14     11164.03
  6.10  4.50     10.00     -178056.31      4402.32     12738.15
  6.10  4.50     11.00     -195664.74      5168.87     14388.98
  6.10  4.50     12.00     -214009.59      6019.96     16108.55
  6.10  4.50     13.00     -232961.89      6957.02     17884.86
  6.10  4.50     14.00     -252717.98      7990.23     19736.88
  6.10  4.50     15.00     -273008.82      9117.29     21639.27
  6.10  4.50     16.00     -293947.64     10346.39     23603.27
  6.10  4.50     17.00     -315520.70     11682.47     25627.79
  6.10  4.50     18.00     -337375.59     13118.60     27679.80
  6.10  4.50     19.00     -359849.06     14671.39     29791.73
  6.10  4.50     20.00     -382509.29     16335.57     31920.93
  6.10  5.50    -20.00      168354.26      4411.03    -21989.03
  6.10  5.50    -19.00      153029.50      3722.95    -20397.97
  6.10  5.50    -18.00      138340.76      3111.21    -18881.88
  6.10  5.50    -17.00      124220.61      2569.61    -17433.01
  6.10  5.50    -16.00      110713.52      2094.34    -16054.77
  6.10  5.50    -15.00       97814.60      1680.79    -14745.72
  6.10  5.50    -14.00       85548.70      1324.94    -13507.41
  6.10  5.50    -13.00       73869.14      1021.97    -12334.43
  6.10  5.50    -12.00       62752.18       767.77    -11223.65
  6.10  5.50    -11.00       52138.07       558.22    -10168.54
  6.10  5.50    -10.00       41999.15       389.89     -9165.76
  6.10  5.50     -9.00       32244.95       259.39     -8205.93
  6.10  5.50     -8.00       22811.14       164.08     -7282.33
  6.10  5.50     -7.00       13610.00       101.79     -6386.03
  6.10  5.50     -6.00        5663.84        70.23     -5615.09
  6.10  5.50     -5.00        1187.62        58.07     -5181.56
  6.10  5.50     -4.00       -3913.27        64.12     -4690.62
  6.10  5.50     -3.00       -9702.60        91.36     -4136.28
  6.10  5.50     -2.00      -16243.37       143.26     -3512.66
  6.10  5.50     -1.00      -23603.42       223.81     -2813.45
  6.10  5.50      0.00      -53159.37       556.14         0.00
  6.10  5.50      1.00      -64530.84       768.41      1072.67
  6.10  5.50      2.00      -76222.80      1022.08      2172.72
  6.10  5.50      3.00      -88603.55      1324.41      3335.02
  6.10  5.50      4.00     -101688.35      1679.30      4560.98
  6.10  5.50      5.00     -115489.18      2090.80      5851.74
  6.10  5.50      6.00     -130176.91      2565.73      7223.61
  6.10  5.50      7.00     -145474.68      3104.02      8650.16
  6.10  5.50      8.00     -161752.61      3716.64     10166.76
  6.10  5.50      9.00     -178654.67      4401.62     11739.50
  6.10  5.50     10.00     -196399.29      5168.01     13389.34
  6.10  5.50     11.00     -214893.96      6018.85     15107.57
  6.10  5.50     12.00     -234014.31      6955.64     16882.59
  6.10  5.50     13.00     -253959.68      7988.60     18733.51
  6.10  5.50     14.00     -274459.76      9115.36     20634.84
  6.10  5.50     15.00     -295629.07     10344.15     22597.85
  6.10  5.50     16.00     -317453.94     11679.84     24621.36
  6.10  5.50     17.00     -339584.03     13115.67     26672.60
  6.10  5.50     18.00     -362354.07     14667.98     28783.58
  6.10  5.50     19.00     -385335.50     16331.75     30911.63
  6.10  5.50     20.00     -409048.55     18123.15     33110.31
  6.10  6.50    -20.00      151912.41      3724.40    -21443.08
  6.10  6.50    -19.00      137382.91      3112.31    -19925.20
  6.10  6.50    -18.00      123353.77      2569.49    -18469.46
  6.10  6.50    -17.00      109936.71      2093.47    -17085.93
  6.10  6.50    -16.00       97199.03      1680.54    -15780.13
  6.10  6.50    -15.00       85037.81      1324.66    -14540.93
  6.10  6.50    -14.00       73424.19      1021.41    -13364.58
  6.10  6.50    -13.00       62371.78       767.12    -12251.57
  6.10  6.50    -12.00       51838.12       557.73    -11196.92
  6.10  6.50    -11.00       41758.00       389.47    -10193.56
  6.10  6.50    -10.00       32060.30       259.09     -9233.92
  6.10  6.50     -9.00       22667.34       163.86     -8309.88
  6.10  6.50     -8.00       13507.98       101.67     -7414.08
  6.10  6.50     -7.00        5588.80        70.21     -6643.22
  6.10  6.50     -6.00        1139.65        58.11     -6211.00
  6.10  6.50     -5.00       -3930.15        64.14     -5722.15
  6.10  6.50     -4.00       -9684.56        91.26     -5170.66
  6.10  6.50     -3.00      -16183.11       142.88     -4551.05
  6.10  6.50     -2.00      -23498.87       222.98     -3856.57
  6.10  6.50     -1.00      -31704.99       336.09     -3080.52
  6.10  6.50      0.00      -64152.26       763.79         0.00
  6.10  6.50      1.00      -76290.26      1022.53      1138.65
  6.10  6.50      2.00      -88681.34      1324.56      2297.51
  6.10  6.50      3.00     -101811.00      1679.38      3522.30
  6.10  6.50      4.00     -115713.16      2091.47      4816.20
  6.10  6.50      5.00     -130426.64      2565.66      6182.75
  6.10  6.50      6.00     -145864.35      3104.88      7613.67
  6.10  6.50      7.00     -162178.62      3716.28      9123.34
  6.10  6.50      8.00     -179269.22      4402.77     10702.27
  6.10  6.50      9.00     -197063.03      5167.31     12343.46
  6.10  6.50     10.00     -215704.41      6018.00     14060.71
  6.10  6.50     11.00     -234985.51      6954.52     15834.43
  6.10  6.50     12.00     -255111.40      7987.21     17684.13
  6.10  6.50     13.00     -275812.95      9113.71     19584.40
  6.10  6.50     14.00     -297205.04     10342.19     21546.43
  6.10  6.50     15.00     -319274.88     11677.56     23569.04
  6.10  6.50     16.00     -341670.00     13113.00     25619.32
  6.10  6.50     17.00     -364731.45     14665.00     27729.65
  6.10  6.50     18.00     -388023.69     16328.29     29856.38
  6.10  6.50     19.00     -412076.83     18119.28     32054.36
  6.10  6.50     20.00     -436395.01     20024.65     34276.88
  6.10  7.50    -20.00      136299.43      3111.98    -21016.74
  6.10  7.50    -19.00      122472.31      2569.92    -19564.66
  6.10  7.50    -18.00      109182.01      2093.58    -18178.92
  6.10  7.50    -17.00       96558.59      1680.44    -16871.29
  6.10  7.50    -16.00       84432.07      1323.57    -15623.85
  6.10  7.50    -15.00       72943.04      1020.71    -14449.50
  6.10  7.50    -14.00       61972.20       766.44    -13335.51
  6.10  7.50    -13.00       51494.02       556.99    -12278.51
  6.10  7.50    -12.00       41457.60       388.74    -11272.74
  6.10  7.50    -11.00       31805.70       258.47    -10311.89
  6.10  7.50    -10.00       22455.96       163.41     -9387.33
  6.10  7.50     -9.00       13339.20       101.40     -8491.80
  6.10  7.50     -8.00        5448.01        70.12     -7720.84
  6.10  7.50     -7.00        1025.17        58.17     -7289.71
  6.10  7.50     -6.00       -4011.06        64.29     -6803.00
  6.10  7.50     -5.00       -9724.70        91.37     -6254.73
  6.10  7.50     -4.00      -16185.03       142.84     -5638.51
  6.10  7.50     -3.00      -23447.50       222.52     -4949.34
  6.10  7.50     -2.00      -31595.25       334.95     -4179.63
  6.10  7.50     -1.00      -40699.47       485.11     -3322.99
  6.10  7.50      0.00      -75807.27      1015.72         0.00
  6.10  7.50      1.00      -88726.40      1324.75      1204.37
  6.10  7.50      2.00     -101900.07      1679.56      2428.38
  6.10  7.50      3.00     -115900.11      2092.27      3725.57
  6.10  7.50      4.00     -130628.95      2565.66      5086.38
  6.10  7.50      5.00     -146145.59      3104.83      6516.38
  6.10  7.50      6.00     -162547.99      3716.08      8024.68
  6.10  7.50      7.00     -179744.25      4402.43      9602.48
  6.10  7.50      8.00     -197659.28      5166.84     11242.55
  6.10  7.50      9.00     -216436.75      6017.30     12958.48
  6.10  7.50     10.00     -235875.19      6953.68     14731.26
  6.10  7.50     11.00     -256174.02      7986.08     16579.73
  6.10  7.50     12.00     -277190.04      9115.94     18490.37
  6.10  7.50     13.00     -298674.81     10340.53     20439.86
  6.10  7.50     14.00     -320981.57     11675.58     22461.61
  6.10  7.50     15.00     -343634.73     13110.70     24511.04
  6.10  7.50     16.00     -366977.09     14662.31     26620.53
  6.10  7.50     17.00     -390744.83     16332.80     28761.69
  6.10  7.50     18.00     -414957.28     18115.78     30943.35
  6.10  7.50     19.00     -439631.67     20020.75     33165.48
  6.10  7.50     20.00     -464184.15     22029.08     35372.83
  7.10  2.50    -20.00      208501.70      6569.84    -22508.93
  7.10  2.50    -19.00      191096.59      5661.24    -20743.78
  7.10  2.50    -18.00      174344.36      4842.05    -19052.24
  7.10  2.50    -17.00      158167.27      4105.13    -17425.94
  7.10  2.50    -16.00      142728.02      3449.19    -15879.85
  7.10  2.50    -15.00      128123.76      2870.57    -14422.63
  7.10  2.50    -14.00      114120.75      2359.77    -13030.69
  7.10  2.50    -13.00      100906.88      1915.31    -11721.61
  7.10  2.50    -12.00       88394.18      1530.95    -10486.11
  7.10  2.50    -11.00       76662.71      1203.16     -9331.30
  7.10  2.50    -10.00       65662.28       926.71     -8251.69
  7.10  2.50     -9.00       55325.30       696.67     -7240.20
  7.10  2.50     -8.00       45629.35       508.97     -6294.14
  7.10  2.50     -7.00       36485.99       359.39     -5404.52
  7.10  2.50     -6.00       27848.01       244.55     -4566.40
  7.10  2.50     -5.00       19606.73       161.28     -3768.95
  7.10  2.50     -4.00       11670.86       107.16     -3003.10
  7.10  2.50     -3.00        4890.40        79.92     -2350.15
  7.10  2.50     -2.00        1055.33        70.01     -1981.29
  7.10  2.50     -1.00       -3400.34        76.45     -1554.07
  7.10  2.50      0.00      -19633.58       160.88         0.00
  7.10  2.50      1.00      -28056.28       244.70       804.18
  7.10  2.50      2.00      -36814.28       359.52      1639.27
  7.10  2.50      3.00      -46112.53       509.03      2524.99
  7.10  2.50      4.00      -55979.22       696.39      3464.14
  7.10  2.50      5.00      -66565.20       926.28      4471.28
  7.10  2.50      6.00      -77865.00      1202.54      5546.03
  7.10  2.50      7.00      -89917.27      1529.63      6692.24
  7.10  2.50      8.00     -102842.98      1913.57      7921.72
  7.10  2.50      9.00     -116535.43      2357.53      9224.46
  7.10  2.50     10.00     -130978.29      2865.75     10599.15
  7.10  2.50     11.00     -146324.77      3445.77     12060.79
  7.10  2.50     12.00     -162478.62      4101.01     13600.48
  7.10  2.50     13.00     -179381.17      4835.35     15212.90
  7.10  2.50     14.00     -197111.32      5655.59     16906.13
  7.10  2.50     15.00     -215412.29      6560.70     18655.92
  7.10  2.50     16.00     -234514.69      7565.58     20484.10
  7.10  2.50     17.00     -254231.90      8669.66     22373.45
  7.10  2.50     18.00     -274526.63      9866.47     24322.92
  7.10  2.50     19.00     -295332.27     11166.44     26325.34
  7.10  2.50     20.00     -316548.11     12571.19     28371.39
  7.10  3.50    -20.00      189721.92      5663.73    -21553.72
  7.10  3.50    -19.00      173163.11      4844.16    -19860.51
  7.10  3.50    -18.00      157158.90      4106.86    -18232.33
  7.10  3.50    -17.00      141876.44      3450.65    -16684.63
  7.10  3.50    -16.00      127297.76      2869.69    -15214.70
  7.10  3.50    -15.00      113527.93      2360.68    -13831.93
  7.10  3.50    -14.00      100378.86      1915.38    -12517.11
  7.10  3.50    -13.00       87964.81      1530.99    -11280.61
  7.10  3.50    -12.00       76347.76      1203.51    -10127.68
  7.10  3.50    -11.00       65414.14       926.93     -9046.56
  7.10  3.50    -10.00       55116.53       696.65     -8032.06
  7.10  3.50     -9.00       45440.46       508.72     -7082.19
  7.10  3.50     -8.00       36364.05       359.31     -6194.27
  7.10  3.50     -7.00       27753.62       244.45     -5354.95
  7.10  3.50     -6.00       19545.77       161.21     -4557.69
  7.10  3.50     -5.00       11629.08       107.12     -3791.43
  7.10  3.50     -4.00        4865.34        79.90     -3138.63
  7.10  3.50     -3.00        1047.52        69.98     -2770.78
  7.10  3.50     -2.00       -3391.62        76.38     -2344.94
  7.10  3.50     -1.00       -8525.93       102.10     -1854.07
  7.10  3.50      0.00      -27923.69       243.69         0.00
  7.10  3.50      1.00      -36842.70       359.63       848.45
  7.10  3.50      2.00      -46150.45       509.06      1732.34
  7.10  3.50      3.00      -56063.46       696.55      2672.33
  7.10  3.50      4.00      -66662.30       926.20      3676.19
  7.10  3.50      5.00      -78008.78      1202.41      4749.92
  7.10  3.50      6.00      -90150.76      1529.87      5898.17
  7.10  3.50      7.00     -103106.65      1913.23      7122.79
  7.10  3.50      8.00     -116878.57      2357.08      8424.18
  7.10  3.50      9.00     -131470.07      2866.16      9802.78
  7.10  3.50     10.00     -146933.14      3446.28     11263.84
  7.10  3.50     11.00     -163216.61      4101.58     12802.68
  7.10  3.50     12.00     -180183.94      4834.15     14406.48
  7.10  3.50     13.00     -198071.75      5654.15     16098.25
  7.10  3.50     14.00     -216548.66      6558.99     17846.61
  7.10  3.50     15.00     -235847.29      7563.58     19673.12
  7.10  3.50     16.00     -255780.18      8667.29     21560.51
  7.10  3.50     17.00     -276313.96      9863.81     23508.88
  7.10  3.50     18.00     -297377.81     11163.34     25509.99
  7.10  3.50     19.00     -318876.15     12567.70     27555.00
  7.10  3.50     20.00     -340976.88     14087.95     29660.72
  7.10  4.50    -20.00      171840.71      4844.54    -20695.89
  7.10  4.50    -19.00      156094.76      4108.74    -19073.67
  7.10  4.50    -18.00      140971.54      3452.15    -17524.03
  7.10  4.50    -17.00      126536.96      2870.93    -16052.43
  7.10  4.50    -16.00      112843.79      2360.83    -14663.06
  7.10  4.50    -15.00       99854.33      1916.10    -13351.27
  7.10  4.50    -14.00       87537.35      1531.52    -12113.15
  7.10  4.50    -13.00       75973.66      1203.54    -10955.74
  7.10  4.50    -12.00       65066.39       926.42     -9868.82
  7.10  4.50    -11.00       54863.74       696.46     -8856.34
  7.10  4.50    -10.00       45283.25       508.82     -7909.61
  7.10  4.50     -9.00       36216.43       359.19     -7017.53
  7.10  4.50     -8.00       27651.12       244.38     -6178.39
  7.10  4.50     -7.00       19473.31       161.16     -5380.70
  7.10  4.50     -6.00       11589.76       107.10     -4615.08
  7.10  4.50     -5.00        4846.07        79.89     -3962.52
  7.10  4.50     -4.00        1048.29        69.95     -3595.80
  7.10  4.50     -3.00       -3366.52        76.26     -3171.91
  7.10  4.50     -2.00       -8474.76       101.81     -2683.61
  7.10  4.50     -1.00      -14354.27       150.20     -2123.57
  7.10  4.50      0.00      -36615.12       357.57         0.00
  7.10  4.50      1.00      -46172.29       509.12       905.13
  7.10  4.50      2.00      -56131.06       696.78      1846.27
  7.10  4.50      3.00      -66739.80       926.21      2846.96
  7.10  4.50      4.00      -78156.19      1202.69      3922.30
  7.10  4.50      5.00      -90319.59      1529.75      5066.48
  7.10  4.50      6.00     -103335.16      1912.99      6289.56
  7.10  4.50      7.00     -117181.31      2356.74      7589.57
  7.10  4.50      8.00     -131860.44      2865.70      8966.79
  7.10  4.50      9.00     -147423.51      3445.64     10426.24
  7.10  4.50     10.00     -163825.79      4100.80     11963.78
  7.10  4.50     11.00     -180924.70      4833.14     13565.95
  7.10  4.50     12.00     -198962.48      5652.90     15256.17
  7.10  4.50     13.00     -217608.32      6557.50     17003.09
  7.10  4.50     14.00     -237205.57      7564.84     18838.35
  7.10  4.50     15.00     -257238.51      8665.21     20713.51
  7.10  4.50     16.00     -278001.90      9861.37     22660.59
  7.10  4.50     17.00     -299319.20     11160.59     24660.70
  7.10  4.50     18.00     -321090.35     12564.50     26704.49
  7.10  4.50     19.00     -343490.38     14084.36     28809.32
  7.10  4.50     20.00     -366401.79     15721.73     30964.18
  7.10  5.50    -20.00      154965.47      4110.53    -19964.01
  7.10  5.50    -19.00      140006.27      3453.57    -18412.36
  7.10  5.50    -18.00      125715.81      2871.96    -16938.56
  7.10  5.50    -17.00      112055.49      2359.96    -15537.76
  7.10  5.50    -16.00       99190.30      1915.31    -14225.13
  7.10  5.50    -15.00       87054.90      1531.77    -12993.23
  7.10  5.50    -14.00       75545.53      1203.26    -11831.00
  7.10  5.50    -13.00       64740.36       926.36    -10745.23
  7.10  5.50    -12.00       54578.76       696.13     -9729.16
  7.10  5.50    -11.00       45022.45       508.28     -8778.34
  7.10  5.50    -10.00       36015.21       358.79     -7886.61
  7.10  5.50     -9.00       27485.07       244.04     -7046.40
  7.10  5.50     -8.00       19343.79       160.92     -6248.62
  7.10  5.50     -7.00       11485.50       106.95     -5482.61
  7.10  5.50     -6.00        4762.99        79.83     -4830.14
  7.10  5.50     -5.00         989.38        69.95     -4464.82
  7.10  5.50     -4.00       -3398.22        76.25     -4043.00
  7.10  5.50     -3.00       -8473.19       101.67     -3557.76
  7.10  5.50     -2.00      -14313.31       149.77     -3001.81
  7.10  5.50     -1.00      -21006.74       224.77     -2366.96
  7.10  5.50      0.00      -45877.27       505.78         0.00
  7.10  5.50      1.00      -56159.09       696.88       968.73
  7.10  5.50      2.00      -66797.44       926.29      1968.53
  7.10  5.50      3.00      -78249.38      1202.73      3042.60
  7.10  5.50      4.00      -90456.86      1529.70      4185.32
  7.10  5.50      5.00     -103531.34      1912.90      5407.25
  7.10  5.50      6.00     -117444.01      2356.51      6705.66
  7.10  5.50      7.00     -132205.07      2865.36      8081.48
  7.10  5.50      8.00     -147864.59      3445.19      9539.54
  7.10  5.50      9.00     -164376.15      4100.15     11075.47
  7.10  5.50     10.00     -181603.64      4832.35     12676.33
  7.10  5.50     11.00     -199784.45      5651.87     14365.00
  7.10  5.50     12.00     -218691.31      6558.80     16119.92
  7.10  5.50     13.00     -238370.79      7563.30     17944.01
  7.10  5.50     14.00     -258605.32      8663.39     19817.33
  7.10  5.50     15.00     -279591.79      9859.24     21763.23
  7.10  5.50     16.00     -301152.78     11158.09     23762.15
  7.10  5.50     17.00     -323191.78     12561.69     25805.03
  7.10  5.50     18.00     -345881.06     14081.08     27908.79
  7.10  5.50     19.00     -369108.48     15718.05     30062.91
  7.10  5.50     20.00     -392360.79     17457.40     32219.31
  7.10  6.50    -20.00      138992.13      3455.11    -19346.94
  7.10  6.50    -19.00      124797.86      2872.13    -17865.68
  7.10  6.50    -18.00      111325.10      2360.81    -16468.13
  7.10  6.50    -17.00       98578.16      1915.91    -15153.59
  7.10  6.50    -16.00       86508.67      1531.65    -13916.17
  7.10  6.50    -15.00       75094.49      1203.08    -12752.71
  7.10  6.50    -14.00       64347.52       925.91    -11663.40
  7.10  6.50    -13.00       54261.98       695.75    -10646.80
  7.10  6.50    -12.00       44771.71       507.97     -9695.59
  7.10  6.50    -11.00       35811.65       358.50     -8802.69
  7.10  6.50    -10.00       27333.84       243.85     -7962.75
  7.10  6.50     -9.00       19220.28       160.76     -7163.74
  7.10  6.50     -8.00       11396.23       106.87     -6397.92
  7.10  6.50     -7.00        4701.05        79.81     -5745.89
  7.10  6.50     -6.00         957.17        69.96     -5382.36
  7.10  6.50     -5.00       -3396.42        76.18     -4963.09
  7.10  6.50     -4.00       -8430.88       101.41     -4481.41
  7.10  6.50     -3.00      -14222.75       149.12     -3930.19
  7.10  6.50     -2.00      -20853.35       223.43     -3301.92
  7.10  6.50     -1.00      -28419.92       329.22     -2587.66
  7.10  6.50      0.00      -55684.34       690.90         0.00
  7.10  6.50      1.00      -66831.02       926.42      1044.25
  7.10  6.50      2.00      -78317.17      1202.85      2117.34
  7.10  6.50      3.00      -90602.84      1530.25      3262.31
  7.10  6.50      4.00     -103733.76      1913.50      4483.35
  7.10  6.50      5.00     -117719.41      2357.25      5781.27
  7.10  6.50      6.00     -132503.96      2865.15      7150.63
  7.10  6.50      7.00     -148253.80      3444.86      8607.29
  7.10  6.50      8.00     -164870.87      4099.70     10141.84
  7.10  6.50      9.00     -182217.09      4831.69     11741.09
  7.10  6.50     10.00     -200537.62      5651.07     13428.52
  7.10  6.50     11.00     -219598.61      6557.75     15181.92
  7.10  6.50     12.00     -239451.49      7561.98     17004.25
  7.10  6.50     13.00     -259880.01      8661.81     18875.73
  7.10  6.50     14.00     -281081.91      9857.37     20820.48
  7.10  6.50     15.00     -302879.83     11155.91     22818.33
  7.10  6.50     16.00     -325176.64     12559.13     24860.11
  7.10  6.50     17.00     -348149.91     14078.22     26963.11
  7.10  6.50     18.00     -371682.98     15714.73     29116.29
  7.10  6.50     19.00     -395264.97     17453.66     31272.01
  7.10  6.50     20.00     -419200.69     19310.98     33459.29
  7.10  7.50    -20.00      123867.95      2872.97    -18864.57
  7.10  7.50    -19.00      110529.25      2361.27    -17464.53
  7.10  7.50    -18.00       97856.70      1915.39    -16143.26
  7.10  7.50    -17.00       85860.09      1530.55    -14900.56
  7.10  7.50    -16.00       74572.86      1202.36    -13738.59
  7.10  7.50    -15.00       63905.62       925.14    -12647.50
  7.10  7.50    -14.00       53888.42       694.98    -11629.26
  7.10  7.50    -13.00       44425.64       507.02    -10673.57
  7.10  7.50    -12.00       35523.85       357.72     -9780.28
  7.10  7.50    -11.00       27076.18       243.17     -8938.18
  7.10  7.50    -10.00       18997.45       160.26     -8138.35
  7.10  7.50     -9.00       11202.11       106.56     -7371.91
  7.10  7.50     -8.00        4528.82        79.72     -6719.58
  7.10  7.50     -7.00         808.28        70.05     -6357.10
  7.10  7.50     -6.00       -3515.53        76.39     -5939.84
  7.10  7.50     -5.00       -8508.08       101.59     -5461.66
  7.10  7.50     -4.00      -14249.26       149.08     -4915.18
  7.10  7.50     -3.00      -20819.61       222.90     -4293.01
  7.10  7.50     -2.00      -28306.73       327.77     -3587.18
  7.10  7.50     -1.00      -36804.52       469.08     -2789.17
  7.10  7.50      0.00      -66285.77       918.23         0.00
  7.10  7.50      1.00      -78357.96      1203.03      1123.91
  7.10  7.50      2.00      -90682.59      1530.41      2267.82
  7.10  7.50      3.00     -103860.17      1913.60      3487.50
  7.10  7.50      4.00     -117902.60      2357.26      4783.89
  7.10  7.50      5.00     -132759.71      2865.11      6152.03
  7.10  7.50      6.00     -148591.62      3444.68      7607.07
  7.10  7.50      7.00     -165307.78      4099.40      9140.23
  7.10  7.50      8.00     -182768.50      4831.26     10738.09
  7.10  7.50      9.00     -201218.42      5650.42     12423.98
  7.10  7.50     10.00     -220429.96      6556.96     14176.19
  7.10  7.50     11.00     -240448.74      7560.93     15996.76
  7.10  7.50     12.00     -261062.30      8660.49     17866.30
  7.10  7.50     13.00     -282471.72      9855.78     19809.89
  7.10  7.50     14.00     -304498.60     11154.03     21806.68
  7.10  7.50     15.00     -327046.21     12556.93     23847.48
  7.10  7.50     16.00     -350293.08     14075.63     25949.53
  7.10  7.50     17.00     -374126.24     15711.84     28102.09
  7.10  7.50     18.00     -398027.38     17450.29     30256.94
  7.10  7.50     19.00     -422309.22     19307.21     32443.67
  7.10  7.50     20.00     -447546.86     21312.95     34716.35
  8.10  2.50    -20.00      198673.01      6324.80    -21301.15
  8.10  2.50    -19.00      181361.73      5435.88    -19547.02
  8.10  2.50    -18.00      164719.99      4636.01    -17868.03
  8.10  2.50    -17.00      148710.88      3909.38    -16257.82
  8.10  2.50    -16.00      133525.12      3268.54    -14736.78
  8.10  2.50    -15.00      119120.45      2707.98    -13300.18
  8.10  2.50    -14.00      105448.85      2216.67    -11941.54
  8.10  2.50    -13.00       92640.99      1791.62    -10672.80
  8.10  2.50    -12.00       80600.80      1426.24     -9483.94
  8.10  2.50    -11.00       69394.11      1116.56     -8380.67
  8.10  2.50    -10.00       58958.60       857.06     -7356.32
  8.10  2.50     -9.00       49300.54       643.27     -6410.91
  8.10  2.50     -8.00       40348.97       470.33     -5537.09
  8.10  2.50     -7.00       32052.41       333.95     -4729.44
  8.10  2.50     -6.00       24307.87       230.08     -3977.60
  8.10  2.50     -5.00       17030.93       155.41     -3273.12
  8.10  2.50     -4.00       10100.41       107.22     -2604.04
  8.10  2.50     -3.00        4234.38        83.19     -2039.04
  8.10  2.50     -2.00         925.80        75.18     -1720.93
  8.10  2.50     -1.00       -3000.27        82.04     -1344.74
  8.10  2.50      0.00      -17047.15       154.95         0.00
  8.10  2.50      1.00      -24502.22       230.24       711.41
  8.10  2.50      2.00      -32351.62       334.10      1459.43
  8.10  2.50      3.00      -40801.32       470.52      2263.81
  8.10  2.50      4.00      -49910.29       643.22      3130.29
  8.10  2.50      5.00      -59775.86       856.70      4068.30
  8.10  2.50      6.00      -70458.97      1115.69      5083.79
  8.10  2.50      7.00      -81957.81      1424.59      6176.75
  8.10  2.50      8.00      -94379.68      1789.42      7357.66
  8.10  2.50      9.00     -107634.53      2213.81      8618.07
  8.10  2.50     10.00     -121828.25      2704.41      9968.43
  8.10  2.50     11.00     -136892.32      3265.30     11402.47
  8.10  2.50     12.00     -152696.15      3904.03     12907.01
  8.10  2.50     13.00     -169478.61      4629.68     14505.52
  8.10  2.50     14.00     -186984.34      5428.38     16176.66
  8.10  2.50     15.00     -205161.90      6313.56     17913.94
  8.10  2.50     16.00     -224113.13      7292.96     19727.76
  8.10  2.50     17.00     -243840.68      8372.44     21618.74
  8.10  2.50     18.00     -264063.02      9549.19     23560.44
  8.10  2.50     19.00     -284798.34     10828.56     25555.17
  8.10  2.50     20.00     -306064.50     12216.27     27605.11
  8.10  3.50    -20.00      180059.37      5438.26    -20266.65
  8.10  3.50    -19.00      163529.47      4636.24    -18578.30
  8.10  3.50    -18.00      147765.25      3914.25    -16973.70
  8.10  3.50    -17.00      132730.74      3269.97    -15449.50
  8.10  3.50    -16.00      118404.55      2708.16    -14005.60
  8.10  3.50    -15.00      104856.22      2216.80    -12645.65
  8.10  3.50    -14.00       92155.45      1791.71    -11375.59
  8.10  3.50    -13.00       80207.73      1426.29    -10185.40
  8.10  3.50    -12.00       69079.69      1116.57     -9080.78
  8.10  3.50    -11.00       58710.56       857.03     -8055.14
  8.10  3.50    -10.00       49110.19       643.25     -7108.78
  8.10  3.50     -9.00       40219.32       470.38     -6235.34
  8.10  3.50     -8.00       31938.60       333.86     -5424.70
  8.10  3.50     -7.00       24224.55       230.00     -4672.19
  8.10  3.50     -6.00       16974.35       155.36     -3967.46
  8.10  3.50     -5.00       10061.00       107.19     -3297.96
  8.10  3.50     -4.00        4210.81        83.17     -2733.17
  8.10  3.50     -3.00         919.73        75.12     -2416.23
  8.10  3.50     -2.00       -2987.31        81.91     -2041.76
  8.10  3.50     -1.00       -7595.46       106.60     -1601.66
  8.10  3.50      0.00      -24353.52       229.04         0.00
  8.10  3.50      1.00      -32366.34       334.14       761.60
  8.10  3.50      2.00      -40834.37       470.54      1565.06
  8.10  3.50      3.00      -49966.66       643.20      2430.28
  8.10  3.50      4.00      -59863.02       856.62      3366.85
  8.10  3.50      5.00      -70588.98      1115.57      4381.08
  8.10  3.50      6.00      -82137.11      1424.38      5472.33
  8.10  3.50      7.00      -94621.42      1789.10      6651.65
  8.10  3.50      8.00     -107951.36      2213.40      7910.46
  8.10  3.50      9.00     -122231.69      2703.83      9258.97
  8.10  3.50     10.00     -137399.99      3264.60     10691.44
  8.10  3.50     11.00     -153320.36      3903.11     12193.69
  8.10  3.50     12.00     -170236.93      4628.53     13789.69
  8.10  3.50     13.00     -187895.28      5427.00     15459.16
  8.10  3.50     14.00     -206244.04      6311.92     17194.84
  8.10  3.50     15.00     -225492.82      7293.94     19017.33
  8.10  3.50     16.00     -245325.51      8370.17     20896.58
  8.10  3.50     17.00     -265782.06      9546.63     22836.99
  8.10  3.50     18.00     -286770.72     10825.56     24830.26
  8.10  3.50     19.00     -308315.22     12212.88     26879.02
  8.10  3.50     20.00     -330431.44     13714.62     28985.47
  8.10  4.50    -20.00      162356.68      4638.32    -19336.87
  8.10  4.50    -19.00      146766.53      3917.59    -17730.36
  8.10  4.50    -18.00      131824.85      3270.24    -16196.83
  8.10  4.50    -17.00      117643.99      2708.39    -14751.64
  8.10  4.50    -16.00      104268.69      2217.71    -13394.76
  8.10  4.50    -15.00       91631.66      1791.79    -12118.69
  8.10  4.50    -14.00       79780.22      1426.32    -10927.09
  8.10  4.50    -13.00       68734.46      1116.55     -9821.09
  8.10  4.50    -12.00       58457.64       857.20     -8796.33
  8.10  4.50    -11.00       48891.90       643.16     -7846.42
  8.10  4.50    -10.00       40023.50       470.10     -6969.35
  8.10  4.50     -9.00       31812.63       333.78     -6160.65
  8.10  4.50     -8.00       24123.19       229.90     -5406.60
  8.10  4.50     -7.00       16893.82       155.27     -4700.81
  8.10  4.50     -6.00       10007.02       107.14     -4031.53
  8.10  4.50     -5.00        4176.66        83.15     -3467.14
  8.10  4.50     -4.00         905.48        75.08     -3151.45
  8.10  4.50     -3.00       -2975.26        81.79     -2779.26
  8.10  4.50     -2.00       -7551.72       106.26     -2342.38
  8.10  4.50     -1.00      -12916.93       152.21     -1832.04
  8.10  4.50      0.00      -32124.52       331.74         0.00
  8.10  4.50      1.00      -40854.79       470.61       825.88
  8.10  4.50      2.00      -50028.11       643.41      1691.86
  8.10  4.50      3.00      -59957.23       856.86      2627.53
  8.10  4.50      4.00      -70694.78      1115.52      3637.90
  8.10  4.50      5.00      -82291.21      1424.27      4727.78
  8.10  4.50      6.00      -94831.40      1788.89      5905.33
  8.10  4.50      7.00     -108231.08      2213.09      7162.50
  8.10  4.50      8.00     -122594.72      2703.41      8509.37
  8.10  4.50      9.00     -137858.58      3264.00      9939.99
  8.10  4.50     10.00     -153892.56      3902.38     11440.26
  8.10  4.50     11.00     -170936.76      4627.57     13033.71
  8.10  4.50     12.00     -188740.17      5425.81     14701.45
  8.10  4.50     13.00     -207253.19      6310.49     16435.52
  8.10  4.50     14.00     -226686.76      7292.23     18256.52
  8.10  4.50     15.00     -246724.11      8368.17     20134.33
  8.10  4.50     16.00     -267405.50      9544.27     22073.28
  8.10  4.50     17.00     -288642.68     10822.91     24065.37
  8.10  4.50     18.00     -310455.88     12209.78     26112.78
  8.10  4.50     19.00     -332866.96     13711.12     28218.21
  8.10  4.50     20.00     -355732.52     15323.64     30369.68
  8.10  5.50    -20.00      145711.63      3919.33    -18537.87
  8.10  5.50    -19.00      130929.42      3271.75    -17001.44
  8.10  5.50    -18.00      116887.81      2709.53    -15553.86
  8.10  5.50    -17.00      103636.45      2218.58    -14194.78
  8.10  5.50    -16.00       91065.97      1791.79    -12912.46
  8.10  5.50    -15.00       79346.14      1426.68    -11722.52
  8.10  5.50    -14.00       68378.53      1116.73    -10614.34
  8.10  5.50    -13.00       58144.03       857.00     -9585.23
  8.10  5.50    -12.00       48637.92       642.93     -8633.85
  8.10  5.50    -11.00       39833.24       469.97     -7756.84
  8.10  5.50    -10.00       31631.52       333.46     -6943.91
  8.10  5.50     -9.00       23985.75       229.69     -6189.91
  8.10  5.50     -8.00       16777.07       155.10     -5482.76
  8.10  5.50     -7.00        9915.67       107.04     -4813.37
  8.10  5.50     -6.00        4104.64        83.11     -4249.10
  8.10  5.50     -5.00         858.76        75.08     -3935.07
  8.10  5.50     -4.00       -2991.85        81.72     -3565.37
  8.10  5.50     -3.00       -7528.85       105.99     -3132.26
  8.10  5.50     -2.00      -12845.53       151.52     -2627.01
  8.10  5.50     -1.00      -19039.71       222.71     -2040.50
  8.10  5.50      0.00      -40485.52       466.33         0.00
  8.10  5.50      1.00      -50052.73       643.49       900.23
  8.10  5.50      2.00      -60008.42       856.93      1834.77
  8.10  5.50      3.00      -70807.80      1115.87      2846.49
  8.10  5.50      4.00      -82486.64      1425.11      3938.68
  8.10  5.50      5.00      -95052.94      1789.38      5112.06
  8.10  5.50      6.00     -108522.30      2213.64      6368.07
  8.10  5.50      7.00     -122915.01      2703.09      7708.65
  8.10  5.50      8.00     -138270.88      3263.57      9137.62
  8.10  5.50      9.00     -154481.52      3903.23     10642.50
  8.10  5.50     10.00     -171578.08      4626.82     12226.86
  8.10  5.50     11.00     -189519.78      5424.82     13892.85
  8.10  5.50     12.00     -208286.66      6311.74     15634.56
  8.10  5.50     13.00     -227800.17      7290.76     17444.73
  8.10  5.50     14.00     -248034.90      8366.41     19321.11
  8.10  5.50     15.00     -268934.62      9542.21     21258.72
  8.10  5.50     16.00     -290410.68     10820.48     23249.45
  8.10  5.50     17.00     -312487.51     12207.05     25295.81
  8.10  5.50     18.00     -335183.47     13707.94     27400.06
  8.10  5.50     19.00     -358360.12     15320.08     29550.93
  8.10  5.50     20.00     -381480.35     17035.09     31694.40
  8.10  6.50    -20.00      129981.26      3273.25    -17865.29
  8.10  6.50    -19.00      116083.76      2710.66    -16415.27
  8.10  6.50    -18.00      102910.37      2218.58    -15049.01
  8.10  6.50    -17.00       90496.56      1792.28    -13768.83
  8.10  6.50    -16.00       78869.30      1426.90    -12576.30
  8.10  6.50    -15.00       67952.56      1116.42    -11462.90
  8.10  6.50    -14.00       57767.00       856.40    -10429.69
  8.10  6.50    -13.00       48343.70       642.53     -9478.79
  8.10  6.50    -12.00       39560.71       469.37     -8597.42
  8.10  6.50    -11.00       31409.01       332.99     -7783.95
  8.10  6.50    -10.00       23788.75       229.27     -7027.96
  8.10  6.50     -9.00       16615.27       154.82     -6320.63
  8.10  6.50     -8.00        9780.25       106.88     -5650.96
  8.10  6.50     -7.00        3989.78        83.07     -5086.73
  8.10  6.50     -6.00         767.23        75.14     -4774.06
  8.10  6.50     -5.00       -3050.35        81.77     -4406.97
  8.10  6.50     -4.00       -7545.39       105.87     -3977.70
  8.10  6.50     -3.00      -12805.82       151.01     -3478.05
  8.10  6.50     -2.00      -18930.85       221.47     -2898.84
  8.10  6.50     -1.00      -26029.03       322.39     -2230.07
  8.10  6.50      0.00      -49535.26       636.55         0.00
  8.10  6.50      1.00      -60039.00       857.05       982.56
  8.10  6.50      2.00      -70869.44      1115.98      1993.07
  8.10  6.50      3.00      -82585.97      1425.17      3083.72
  8.10  6.50      4.00      -95199.21      1789.36      4255.40
  8.10  6.50      5.00     -108730.01      2213.57      5509.95
  8.10  6.50      6.00     -123192.88      2702.90      6848.68
  8.10  6.50      7.00     -138634.83      3263.26      8276.00
  8.10  6.50      8.00     -154946.42      3902.81      9778.86
  8.10  6.50      9.00     -172157.61      4626.20     11360.70
  8.10  6.50     10.00     -190234.18      5424.06     13025.25
  8.10  6.50     11.00     -209150.72      6310.73     14765.29
  8.10  6.50     12.00     -228832.84      7289.50     16573.85
  8.10  6.50     13.00     -249257.37      8364.90     18448.80
  8.10  6.50     14.00     -270367.82      9540.42     20385.09
  8.10  6.50     15.00     -292075.97     10818.38     22374.58
  8.10  6.50     16.00     -314406.45     12204.59     24419.70
  8.10  6.50     17.00     -337381.94     13705.16     26523.07
  8.10  6.50     18.00     -360859.39     15316.86     28673.16
  8.10  6.50     19.00     -384303.68     17031.48     30815.75
  8.10  6.50     20.00     -408731.42     18889.77     33049.43
  8.10  7.50    -20.00      115234.35      2711.81    -17338.01
  8.10  7.50    -19.00      102190.83      2219.37    -15969.17
  8.10  7.50    -18.00       89888.15      1792.73    -14686.22
  8.10  7.50    -17.00       78324.77      1426.66    -13487.84
  8.10  7.50    -16.00       67494.82      1116.06    -12372.34
  8.10  7.50    -15.00       57406.53       856.20    -11339.41
  8.10  7.50    -14.00       48004.50       641.91    -10382.63
  8.10  7.50    -13.00       39278.08       468.82     -9500.00
  8.10  7.50    -12.00       31164.12       332.48     -8684.50
  8.10  7.50    -11.00       23569.07       228.81     -7926.22
  8.10  7.50    -10.00       16434.30       154.52     -7218.79
  8.10  7.50     -9.00        9624.06       106.73     -6548.45
  8.10  7.50     -8.00        3855.13        83.07     -5984.14
  8.10  7.50     -7.00         658.82        75.24     -5673.00
  8.10  7.50     -6.00       -3123.99        81.89     -5308.56
  8.10  7.50     -5.00       -7571.17       105.84     -4883.51
  8.10  7.50     -4.00      -12771.59       150.57     -4389.61
  8.10  7.50     -3.00      -18819.61       220.28     -3818.19
  8.10  7.50     -2.00      -25820.01       319.94     -3159.67
  8.10  7.50     -1.00      -33880.75       455.26     -2404.24
  8.10  7.50      0.00      -59308.36       846.12         0.00
  8.10  7.50      1.00      -70906.16      1116.14      1078.26
  8.10  7.50      2.00      -82658.59      1425.32      2167.63
  8.10  7.50      3.00      -95315.18      1789.47      3337.73
  8.10  7.50      4.00     -108899.18      2213.58      4590.53
  8.10  7.50      5.00     -123430.60      2702.86      5927.79
  8.10  7.50      6.00     -138950.64      3263.10      7353.27
  8.10  7.50      7.00     -155428.57      3903.97      8860.97
  8.10  7.50      8.00     -172678.49      4625.79     10433.63
  8.10  7.50      9.00     -190879.90      5423.44     12096.46
  8.10  7.50     10.00     -209942.40      6309.97     13835.14
  8.10  7.50     11.00     -229785.75      7288.48     15642.09
  8.10  7.50     12.00     -250391.21      8363.63     17515.51
  8.10  7.50     13.00     -271704.50      9538.89     19450.48
  8.10  7.50     14.00     -293774.61     10820.99     21451.78
  8.10  7.50     15.00     -316213.91     12202.44     23482.76
  8.10  7.50     16.00     -339458.60     13702.65     25585.05
  8.10  7.50     17.00     -363231.25     15314.08     27734.66
  8.10  7.50     18.00     -386989.20     17028.22     29876.19
  8.10  7.50     19.00     -411762.00     18886.10     32109.31
  8.10  7.50     20.00     -436445.86     20848.66     34330.31
  9.10  2.50    -20.00      191734.03      6151.39    -20432.26
  9.10  2.50    -19.00      174472.02      5275.03    -18684.12
  9.10  2.50    -18.00      157928.15      4488.43    -17015.75
  9.10  2.50    -17.00      142082.74      3785.53    -15424.35
  9.10  2.50    -16.00      126956.17      3161.53    -13911.01
  9.10  2.50    -15.00      112635.51      2612.84    -12483.47
  9.10  2.50    -14.00       99211.26      2135.47    -11149.61
  9.10  2.50    -13.00       86611.65      1704.16     -9898.06
  9.10  2.50    -12.00       74861.52      1351.05     -8737.77
  9.10  2.50    -11.00       63963.47      1052.99     -7664.76
  9.10  2.50    -10.00       53975.03       805.59     -6683.94
  9.10  2.50     -9.00       44778.32       602.80     -5783.36
  9.10  2.50     -8.00       36379.40       440.24     -4963.06
  9.10  2.50     -7.00       28671.16       312.97     -4212.26
  9.10  2.50     -6.00       21607.42       217.02     -3526.10
  9.10  2.50     -5.00       15051.63       148.58     -2891.08
  9.10  2.50     -4.00        8889.13       104.69     -2295.88
  9.10  2.50     -3.00        3730.50        83.08     -1798.91
  9.10  2.50     -2.00         830.34        76.63     -1520.19
  9.10  2.50     -1.00       -2683.83        83.97     -1183.70
  9.10  2.50      0.00      -15048.80       148.00         0.00
  9.10  2.50      1.00      -21780.22       217.14       641.98
  9.10  2.50      2.00      -28944.75       313.10      1324.27
  9.10  2.50      3.00      -36765.44       440.22      2068.26
  9.10  2.50      4.00      -45317.92       602.60      2881.25
  9.10  2.50      5.00      -54725.61       805.23      3775.17
  9.10  2.50      6.00      -64973.87      1052.46      4748.73
  9.10  2.50      7.00      -76121.12      1349.47      5807.68
  9.10  2.50      8.00      -88236.43      1702.05      6958.82
  9.10  2.50      9.00     -101219.83      2132.14      8189.18
  9.10  2.50     10.00     -115248.21      2610.40      9523.37
  9.10  2.50     11.00     -130096.55      3157.31     10936.37
  9.10  2.50     12.00     -145820.19      3778.97     12433.83
  9.10  2.50     13.00     -162412.84      4480.57     14015.51
  9.10  2.50     14.00     -179881.50      5267.73     15682.53
  9.10  2.50     15.00     -198089.35      6142.84     17422.17
  9.10  2.50     16.00     -217015.86      7110.57     19232.92
  9.10  2.50     17.00     -236611.28      8174.89     21110.59
  9.10  2.50     18.00     -256795.87      9338.72     23047.90
  9.10  2.50     19.00     -277590.09     10603.37     25048.42
  9.10  2.50     20.00     -298867.44     11979.88     27098.58
  9.10  3.50    -20.00      173220.91      5277.39    -19334.44
  9.10  3.50    -19.00      156862.48      4490.42    -17664.05
  9.10  3.50    -18.00      141114.76      3785.74    -16063.86
  9.10  3.50    -17.00      126143.41      3161.69    -14549.22
  9.10  3.50    -16.00      112011.63      2613.84    -13125.27
  9.10  3.50    -15.00       98654.30      2135.47    -11784.80
  9.10  3.50    -14.00       86159.02      1708.51    -10531.50
  9.10  3.50    -13.00       74530.31      1351.56     -9371.64
  9.10  3.50    -12.00       63701.46      1053.35     -8296.49
  9.10  3.50    -11.00       53769.83       805.80     -7313.60
  9.10  3.50    -10.00       44622.31       602.94     -6411.36
  9.10  3.50     -9.00       36247.96       440.21     -5588.10
  9.10  3.50     -8.00       28585.92       313.01     -4837.39
  9.10  3.50     -7.00       21536.20       216.99     -4149.09
  9.10  3.50     -6.00       14997.84       148.54     -3513.07
  9.10  3.50     -5.00        8853.38       104.66     -2917.65
  9.10  3.50     -4.00        3710.83        83.06     -2421.03
  9.10  3.50     -3.00         828.39        76.57     -2143.60
  9.10  3.50     -2.00       -2664.42        83.81     -1809.16
  9.10  3.50     -1.00       -6865.12       107.85     -1408.43
  9.10  3.50      0.00      -21602.57       215.68         0.00
  9.10  3.50      1.00      -28958.36       313.14       698.51
  9.10  3.50      2.00      -36795.79       440.25      1441.43
  9.10  3.50      3.00      -45387.39       602.73      2254.70
  9.10  3.50      4.00      -54805.58       805.17      3145.25
  9.10  3.50      5.00      -65093.90      1052.35      4117.32
  9.10  3.50      6.00      -76321.68      1349.69      5177.60
  9.10  3.50      7.00      -88462.51      1701.76      6323.67
  9.10  3.50      8.00     -101564.60      2132.46      7555.22
  9.10  3.50      9.00     -115629.88      2609.85      8882.91
  9.10  3.50     10.00     -130579.02      3156.63     10294.15
  9.10  3.50     11.00     -146416.26      3778.08     11789.57
  9.10  3.50     12.00     -163217.66      4481.17     13376.77
  9.10  3.50     13.00     -180845.09      5268.44     15042.81
  9.10  3.50     14.00     -199134.14      6141.25     16772.33
  9.10  3.50     15.00     -218248.80      7108.70     18581.37
  9.10  3.50     16.00     -238166.42      8175.98     20468.31
  9.10  3.50     17.00     -258467.51      9336.22     22393.18
  9.10  3.50     18.00     -279512.44     10600.47     24392.45
  9.10  3.50     19.00     -301065.11     11976.59     26441.22
  9.10  3.50     20.00     -323119.29     13464.62     28540.79
  9.10  4.50    -20.00      155665.60      4490.81    -18351.86
  9.10  4.50    -19.00      140163.27      3787.43    -16756.83
  9.10  4.50    -18.00      125342.29      3162.98    -15239.80
  9.10  4.50    -17.00      111292.52      2613.90    -13808.55
  9.10  4.50    -16.00       98102.70      2136.11    -12470.74
  9.10  4.50    -15.00       85668.31      1710.62    -11211.00
  9.10  4.50    -14.00       74130.80      1351.61    -10048.34
  9.10  4.50    -13.00       63406.09      1053.63     -8974.07
  9.10  4.50    -12.00       53510.46       805.73     -7986.74
  9.10  4.50    -11.00       44415.00       602.82     -7082.80
  9.10  4.50    -10.00       36085.71       440.10     -6258.25
  9.10  4.50     -9.00       28439.07       312.78     -5504.38
  9.10  4.50     -8.00       21421.04       216.84     -4815.41
  9.10  4.50     -7.00       14909.04       148.44     -4179.00
  9.10  4.50     -6.00        8787.29       104.61     -3583.59
  9.10  4.50     -5.00        3660.08        83.03     -3087.06
  9.10  4.50     -4.00         798.84        76.54     -2811.14
  9.10  4.50     -3.00       -2665.94        83.68     -2479.24
  9.10  4.50     -2.00       -6829.63       107.49     -2082.34
  9.10  4.50     -1.00      -11798.97       151.78     -1610.36
  9.10  4.50      0.00      -28685.39       310.29         0.00
  9.10  4.50      1.00      -36813.44       440.30       767.96
  9.10  4.50      2.00      -45425.54       602.77      1580.02
  9.10  4.50      3.00      -54869.59       805.17      2469.03
  9.10  4.50      4.00      -65191.10      1052.29      3439.33
  9.10  4.50      5.00      -76464.66      1349.59      4498.03
  9.10  4.50      6.00      -88658.61      1701.56      5642.10
  9.10  4.50      7.00     -101874.17      2132.87      6874.84
  9.10  4.50      8.00     -115973.19      2609.44      8196.23
  9.10  4.50      9.00     -131014.73      3156.06      9605.44
  9.10  4.50     10.00     -146962.61      3777.38     11099.12
  9.10  4.50     11.00     -163888.55      4480.24     12684.35
  9.10  4.50     12.00     -181658.20      5267.29     14348.48
  9.10  4.50     13.00     -200108.43      6139.87     16076.21
  9.10  4.50     14.00     -219404.31      7107.05     17883.56
  9.10  4.50     15.00     -239524.13      8174.04     19768.92
  9.10  4.50     16.00     -260046.18      9333.92     21692.14
  9.10  4.50     17.00     -281336.92     10597.92     23690.43
  9.10  4.50     18.00     -303155.31     11973.58     25737.67
  9.10  4.50     19.00     -325500.77     13461.22     27835.98
  9.10  4.50     20.00     -348365.13     15065.45     29985.22
  9.10  5.50    -20.00      139159.00      3789.15    -17507.47
  9.10  5.50    -19.00      124493.89      3164.29    -15988.05
  9.10  5.50    -18.00      110579.65      2614.77    -14554.17
  9.10  5.50    -17.00       97509.35      2136.63    -13213.88
  9.10  5.50    -16.00       85176.53      1711.07    -11950.66
  9.10  5.50    -15.00       73692.56      1351.55    -10781.76
  9.10  5.50    -14.00       63072.90      1053.79     -9708.07
  9.10  5.50    -13.00       53214.59       805.52     -8716.06
  9.10  5.50    -12.00       44153.69       602.43     -7808.40
  9.10  5.50    -11.00       35870.05       439.73     -6982.34
  9.10  5.50    -10.00       28263.62       312.49     -6227.44
  9.10  5.50     -9.00       21271.07       216.59     -5536.95
  9.10  5.50     -8.00       14775.14       148.25     -4898.95
  9.10  5.50     -7.00        8670.73       104.51     -4302.82
  9.10  5.50     -6.00        3562.09        83.03     -3806.50
  9.10  5.50     -5.00         721.09        76.59     -3531.89
  9.10  5.50     -4.00       -2713.69        83.69     -3202.59
  9.10  5.50     -3.00       -6835.26       107.27     -2809.81
  9.10  5.50     -2.00      -11747.55       151.09     -2343.82
  9.10  5.50     -1.00      -17568.32       219.77     -1793.63
  9.10  5.50      0.00      -36425.59       435.44         0.00
  9.10  5.50      1.00      -45448.10       602.85       847.69
  9.10  5.50      2.00      -54916.46       805.24      1735.36
  9.10  5.50      3.00      -65268.53      1052.32      2704.01
  9.10  5.50      4.00      -76614.62      1349.96      3764.11
  9.10  5.50      5.00      -88826.67      1701.47      4903.27
  9.10  5.50      6.00     -102102.45      2132.67      6132.57
  9.10  5.50      7.00     -116276.16      2609.14      7452.12
  9.10  5.50      8.00     -131406.54      3155.65      8859.50
  9.10  5.50      9.00     -147456.19      3776.79     10351.17
  9.10  5.50     10.00     -164503.39      4479.52     11934.73
  9.10  5.50     11.00     -182408.53      5266.34     13596.95
  9.10  5.50     12.00     -201012.04      6138.67     15322.80
  9.10  5.50     13.00     -220481.91      7105.61     17128.46
  9.10  5.50     14.00     -240796.61      8172.33     19012.27
  9.10  5.50     15.00     -261657.81      9335.70     20945.89
  9.10  5.50     16.00     -283060.08     10595.59     22931.08
  9.10  5.50     17.00     -305139.05     11970.95     24977.07
  9.10  5.50     18.00     -327765.87     13458.14     27073.97
  9.10  5.50     19.00     -350938.15     15061.97     29222.14
  9.10  5.50     20.00     -374646.71     16787.74     31421.11
  9.10  6.50    -20.00      123599.55      3165.63    -16796.27
  9.10  6.50    -19.00      109826.62      2615.68    -15359.82
  9.10  6.50    -18.00       96877.60      2137.11    -14016.73
  9.10  6.50    -17.00       84651.45      1717.23    -12753.04
  9.10  6.50    -16.00       73256.48      1351.92    -11578.07
  9.10  6.50    -15.00       62684.55      1053.64    -10499.02
  9.10  6.50    -14.00       52893.50       805.30     -9504.89
  9.10  6.50    -13.00       43904.84       602.30     -8596.85
  9.10  6.50    -12.00       35647.99       439.45     -7767.14
  9.10  6.50    -11.00       28068.00       312.17     -7009.62
  9.10  6.50    -10.00       21092.51       216.28     -6316.54
  9.10  6.50     -9.00       14623.58       148.05     -5677.76
  9.10  6.50     -8.00        8541.42       104.43     -5081.16
  9.10  6.50     -7.00        3450.85        83.06     -4584.82
  9.10  6.50     -6.00         633.74        76.69     -4311.76
  9.10  6.50     -5.00       -2766.20        83.73     -3985.38
  9.10  6.50     -4.00       -6840.50       107.09     -3597.06
  9.10  6.50     -3.00      -11688.99       150.40     -3137.49
  9.10  6.50     -2.00      -17425.97       218.15     -2596.08
  9.10  6.50     -1.00      -24169.26       315.69     -1961.96
  9.10  6.50      0.00      -44860.21       594.63         0.00
  9.10  6.50      1.00      -54944.47       805.35       941.84
  9.10  6.50      2.00      -65325.15      1052.42      1909.04
  9.10  6.50      3.00      -76706.87      1350.02      2967.41
  9.10  6.50      4.00      -88963.33      1701.46      4104.65
  9.10  6.50      5.00     -102297.85      2132.60      5330.86
  9.10  6.50      6.00     -116539.01      2608.95      6648.39
  9.10  6.50      7.00     -131752.41      3155.35      8053.95
  9.10  6.50      8.00     -147899.90      3776.38      9543.82
  9.10  6.50      9.00     -165059.00      4478.92     11125.43
  9.10  6.50     10.00     -183096.09      5265.60     12786.04
  9.10  6.50     11.00     -201845.88      6137.70     14510.01
  9.10  6.50     12.00     -221481.36      7104.39     16313.90
  9.10  6.50     13.00     -241983.35      8170.86     18196.15
  9.10  6.50     14.00     -263052.16      9333.95     20128.29
  9.10  6.50     15.00     -284683.13     10593.58     22112.39
  9.10  6.50     16.00     -307157.76     11973.47     24170.79
  9.10  6.50     17.00     -329915.56     13455.45     26252.74
  9.10  6.50     18.00     -353385.50     15058.83     28399.67
  9.10  6.50     19.00     -377419.30     16784.20     30597.78
  9.10  6.50     20.00     -401452.82     18614.05     32794.00
  9.10  7.50    -20.00      109030.01      2616.55    -16233.70
  9.10  7.50    -19.00       96162.83      2136.83    -14883.41
  9.10  7.50    -18.00       84088.04      1717.41    -13620.73
  9.10  7.50    -17.00       72753.74      1351.82    -12439.11
  9.10  7.50    -16.00       62236.49      1053.11    -11354.99
  9.10  7.50    -15.00       52539.92       804.98    -10361.08
  9.10  7.50    -14.00       43607.22       601.93     -9450.77
  9.10  7.50    -13.00       35382.46       438.98     -8617.62
  9.10  7.50    -12.00       27842.97       311.77     -7858.58
  9.10  7.50    -11.00       20888.93       215.93     -7163.08
  9.10  7.50    -10.00       14439.89       147.81     -6522.63
  9.10  7.50     -9.00        8379.24       104.35     -5925.27
  9.10  7.50     -8.00        3304.01        83.13     -5428.47
  9.10  7.50     -7.00         509.33        76.86     -5156.71
  9.10  7.50     -6.00       -2856.76        83.93     -4833.04
  9.10  7.50     -5.00       -6880.79       107.10     -4449.31
  9.10  7.50     -4.00      -11663.04       149.95     -3996.19
  9.10  7.50     -3.00      -17307.32       216.76     -3464.14
  9.10  7.50     -2.00      -23936.87       312.80     -2841.87
  9.10  7.50     -1.00      -31675.74       444.15     -2118.08
  9.10  7.50      0.00      -54093.67       792.28         0.00
  9.10  7.50      1.00      -65359.07      1052.57      1045.66
  9.10  7.50      2.00      -76774.21      1350.16      2102.51
  9.10  7.50      3.00      -89071.65      1701.55      3237.94
  9.10  7.50      4.00     -102456.93      2132.61      4460.81
  9.10  7.50      5.00     -116763.86      2608.91      5776.68
  9.10  7.50      6.00     -132052.48      3155.18      7180.23
  9.10  7.50      7.00     -148362.32      3777.50      8675.06
  9.10  7.50      8.00     -165558.36      4478.53     10248.18
  9.10  7.50      9.00     -183717.54      5265.01     11906.90
  9.10  7.50     10.00     -202609.86      6136.97     13629.31
  9.10  7.50     11.00     -222403.61      7103.41     15431.42
  9.10  7.50     12.00     -243084.05      8169.63     17312.02
  9.10  7.50     13.00     -264352.62      9332.46     19242.67
  9.10  7.50     14.00     -286340.28     10596.18     21238.63
  9.10  7.50     15.00     -308923.45     11971.43     23282.84
  9.10  7.50     16.00     -331946.14     13453.04     25363.45
  9.10  7.50     17.00     -355708.09     15056.11     27509.44
  9.10  7.50     18.00     -380056.54     16781.01     29706.51
  9.10  7.50     19.00     -404429.22     18610.47     31901.94
  9.10  7.50     20.00     -429313.37     20568.38     34142.00
  9.80  2.50    -20.00      188116.00      6065.11    -19969.84
  9.80  2.50    -19.00      170813.55      5193.44    -18218.30
  9.80  2.50    -18.00      154231.37      4411.54    -16546.70
  9.80  2.50    -17.00      138369.49      3713.88    -14954.18
  9.80  2.50    -16.00      123324.21      3096.88    -13449.21
  9.80  2.50    -15.00      109071.28      2554.68    -12028.63
  9.80  2.50    -14.00       95731.90      2083.80    -10703.38
  9.80  2.50    -13.00       83224.61      1677.40     -9464.77
  9.80  2.50    -12.00       71645.42      1331.52     -8321.36
  9.80  2.50    -11.00       60930.04      1025.90     -7263.46
  9.80  2.50    -10.00       51164.34       777.17     -6302.82
  9.80  2.50     -9.00       42232.79       580.25     -5427.91
  9.80  2.50     -8.00       34118.10       423.01     -4635.09
  9.80  2.50     -7.00       26739.09       300.61     -3916.06
  9.80  2.50     -6.00       20050.97       208.89     -3266.08
  9.80  2.50     -5.00       13899.02       143.80     -2669.93
  9.80  2.50     -4.00        8180.42       102.30     -2117.41
  9.80  2.50     -3.00        3431.65        82.06     -1659.84
  9.80  2.50     -2.00         767.94        76.61     -1403.94
  9.80  2.50     -1.00       -2507.73        84.31     -1090.46
  9.80  2.50      0.00      -13898.73       143.17         0.00
  9.80  2.50      1.00      -20213.04       208.98       601.91
  9.80  2.50      2.00      -26991.53       300.70      1247.11
  9.80  2.50      3.00      -34472.35       422.92      1958.41
  9.80  2.50      4.00      -42745.57       580.06      2744.50
  9.80  2.50      5.00      -51878.77       776.83      3611.93
  9.80  2.50      6.00      -61894.76      1025.48      4561.52
  9.80  2.50      7.00      -72884.48      1330.62      5602.37
  9.80  2.50      8.00      -84824.91      1676.06      6736.61
  9.80  2.50      9.00      -97714.87      2081.25      7961.50
  9.80  2.50     10.00     -111549.03      2551.39      9276.80
  9.80  2.50     11.00     -126375.31      3092.74     10687.40
  9.80  2.50     12.00     -142076.84      3708.80     12182.44
  9.80  2.50     13.00     -158687.54      4405.46     13765.52
  9.80  2.50     14.00     -176110.29      5186.23     15427.78
  9.80  2.50     15.00     -194257.82      6054.29     17161.26
  9.80  2.50     16.00     -213193.45      7010.29     18973.76
  9.80  2.50     17.00     -232749.54      8068.69     20847.04
  9.80  2.50     18.00     -252949.93      9227.83     22785.28
  9.80  2.50     19.00     -273814.79     10494.47     24791.01
  9.80  2.50     20.00     -295223.24     11869.77     26853.28
  9.80  3.50    -20.00      169506.95      5193.81    -18821.25
  9.80  3.50    -19.00      153117.25      4411.88    -17148.36
  9.80  3.50    -18.00      137492.94      3715.49    -15560.79
  9.80  3.50    -17.00      122594.16      3098.19    -14053.67
  9.80  3.50    -16.00      108468.44      2555.67    -12630.74
  9.80  3.50    -15.00       95239.88      2084.52    -11303.17
  9.80  3.50    -14.00       82827.99      1677.87    -10062.27
  9.80  3.50    -13.00       71329.31      1331.77     -8916.54
  9.80  3.50    -12.00       60680.81      1026.15     -7855.28
  9.80  3.50    -11.00       50969.57       777.40     -6891.82
  9.80  3.50    -10.00       42067.64       580.26     -6013.42
  9.80  3.50     -9.00       33979.21       422.91     -5217.85
  9.80  3.50     -8.00       26646.96       300.60     -4499.01
  9.80  3.50     -7.00       19974.23       208.84     -3847.10
  9.80  3.50     -6.00       13843.73       143.77     -3250.39
  9.80  3.50     -5.00        8144.27       102.28     -2697.82
  9.80  3.50     -4.00        3410.10        82.05     -2240.52
  9.80  3.50     -3.00         764.57        76.55     -1986.02
  9.80  3.50     -2.00       -2486.66        84.13     -1674.95
  9.80  3.50     -1.00       -6449.99       107.92     -1297.18
  9.80  3.50      0.00      -20024.16       207.36         0.00
  9.80  3.50      1.00      -27003.67       300.73       662.30
  9.80  3.50      2.00      -34500.34       422.94      1372.43
  9.80  3.50      3.00      -42794.10       580.05      2156.99
  9.80  3.50      4.00      -51954.53       776.77      3022.65
  9.80  3.50      5.00      -62008.91      1025.37      3970.00
  9.80  3.50      6.00      -73043.88      1330.43      5007.71
  9.80  3.50      7.00      -85042.17      1675.77      6140.02
  9.80  3.50      8.00      -98002.46      2080.87      7362.96
  9.80  3.50      9.00     -111918.38      2550.86      8676.11
  9.80  3.50     10.00     -126843.93      3092.08     10084.82
  9.80  3.50     11.00     -142657.58      3707.94     11577.72
  9.80  3.50     12.00     -159397.53      4404.38     13158.72
  9.80  3.50     13.00     -176968.21      5184.93     14819.02
  9.80  3.50     14.00     -195282.39      6052.74     16550.60
  9.80  3.50     15.00     -214404.66      7008.50     18361.77
  9.80  3.50     16.00     -234166.73      8066.55     20233.13
  9.80  3.50     17.00     -254596.51      9225.40     22169.75
  9.80  3.50     18.00     -275710.96     10491.61     24173.71
  9.80  3.50     19.00     -297394.06     11866.52     26234.50
  9.80  3.50     20.00     -319333.74     13344.35     28322.72
  9.80  4.50    -20.00      152022.76      4413.99    -17807.53
  9.80  4.50    -19.00      136567.58      3717.22    -16217.68
  9.80  4.50    -18.00      121759.04      3098.40    -14702.34
  9.80  4.50    -17.00      107824.46      2556.67    -13282.80
  9.80  4.50    -16.00       94709.26      2085.17    -11952.68
  9.80  4.50    -15.00       82395.38      1678.22    -10709.27
  9.80  4.50    -14.00       70979.41      1331.83     -9561.02
  9.80  4.50    -13.00       60399.61      1033.19     -8498.69
  9.80  4.50    -12.00       50700.95       777.15     -7525.63
  9.80  4.50    -11.00       41852.28       580.03     -6645.70
  9.80  4.50    -10.00       33822.49       422.80     -5850.22
  9.80  4.50     -9.00       26512.28       300.45     -5128.94
  9.80  4.50     -8.00       19864.57       208.72     -4475.78
  9.80  4.50     -7.00       13754.27       143.68     -3878.18
  9.80  4.50     -6.00        8071.11       102.26     -3325.08
  9.80  4.50     -5.00        3352.50        82.05     -2867.96
  9.80  4.50     -4.00         727.02        76.54     -2614.93
  9.80  4.50     -3.00       -2494.92        84.00     -2306.59
  9.80  4.50     -2.00       -6417.26       107.51     -1933.09
  9.80  4.50     -1.00      -11157.22       151.00     -1483.38
  9.80  4.50      0.00      -26714.57       297.61         0.00
  9.80  4.50      1.00      -34517.03       422.99       736.53
  9.80  4.50      2.00      -42830.05       580.09      1519.74
  9.80  4.50      3.00      -52015.16       776.78      2383.73
  9.80  4.50      4.00      -62101.56      1025.32      3328.59
  9.80  4.50      5.00      -73213.73      1330.72      4366.63
  9.80  4.50      6.00      -85270.01      1676.11      5497.47
  9.80  4.50      7.00      -98256.24      2080.57      6714.67
  9.80  4.50      8.00     -112250.66      2550.46      8025.86
  9.80  4.50      9.00     -127267.17      3091.52      9432.44
  9.80  4.50     10.00     -143189.90      3707.25     10923.47
  9.80  4.50     11.00     -160052.71      4403.48     12502.38
  9.80  4.50     12.00     -177763.88      5183.80     14160.65
  9.80  4.50     13.00     -196237.82      6051.37     15890.34
  9.80  4.50     14.00     -215539.79      7006.93     17700.18
  9.80  4.50     15.00     -235501.61      8064.68     19569.74
  9.80  4.50     16.00     -256151.51      9223.18     21504.58
  9.80  4.50     17.00     -277510.60     10489.10     23507.04
  9.80  4.50     18.00     -299458.74     11863.56     25566.20
  9.80  4.50     19.00     -321687.26     13341.00     27653.04
  9.80  4.50     20.00     -344620.83     14941.34     29808.56
  9.80  5.50    -20.00      135592.65      3719.03    -16931.79
  9.80  5.50    -19.00      120939.19      3099.80    -15414.02
  9.80  5.50    -18.00      107138.87      2557.64    -13991.81
  9.80  5.50    -17.00       94097.77      2085.10    -12654.83
  9.80  5.50    -16.00       81928.74      1678.48    -11413.02
  9.80  5.50    -15.00       70566.12      1331.38    -10258.96
  9.80  5.50    -14.00       60089.30      1033.05     -9196.61
  9.80  5.50    -13.00       50448.40       777.27     -8220.00
  9.80  5.50    -12.00       41645.69       580.03     -7337.52
  9.80  5.50    -11.00       33639.05       422.64     -6538.41
  9.80  5.50    -10.00       26353.96       300.26     -5814.73
  9.80  5.50     -9.00       19723.81       208.53     -5159.37
  9.80  5.50     -8.00       13642.23       143.60     -4561.48
  9.80  5.50     -7.00        7971.91       102.22     -4007.32
  9.80  5.50     -6.00        3270.43        82.08     -3550.36
  9.80  5.50     -5.00         668.54        76.58     -3299.04
  9.80  5.50     -4.00       -2520.56        83.95     -2993.63
  9.80  5.50     -3.00       -6396.08       107.17     -2624.78
  9.80  5.50     -2.00      -11070.99       150.05     -2181.88
  9.80  5.50     -1.00      -16671.38       217.36     -1653.18
  9.80  5.50      0.00      -34056.95       417.27         0.00
  9.80  5.50      1.00      -42851.46       580.16       825.48
  9.80  5.50      2.00      -52059.72       776.84      1687.98
  9.80  5.50      3.00      -62175.37      1025.34      2630.46
  9.80  5.50      4.00      -73324.94      1330.68      3665.43
  9.80  5.50      5.00      -85431.65      1676.02      4794.50
  9.80  5.50      6.00      -98522.27      2081.07      6014.01
  9.80  5.50      7.00     -112597.03      2551.04      7323.93
  9.80  5.50      8.00     -127647.77      3091.12      8723.45
  9.80  5.50      9.00     -143670.80      3706.67     10212.36
  9.80  5.50     10.00     -160653.16      4402.77     11789.47
  9.80  5.50     11.00     -178498.12      5182.87     13445.71
  9.80  5.50     12.00     -197123.95      6050.20     15173.42
  9.80  5.50     13.00     -216598.38      7005.58     16981.93
  9.80  5.50     14.00     -236752.70      8063.06     18849.71
  9.80  5.50     15.00     -257616.18      9221.26     20782.87
  9.80  5.50     16.00     -279210.29     10486.81     22783.67
  9.80  5.50     17.00     -301418.25     11860.98     24841.49
  9.80  5.50     18.00     -323925.77     13337.97     26926.79
  9.80  5.50     19.00     -347166.12     14937.91     29081.18
  9.80  5.50     20.00     -370638.24     16647.75     31257.45
  9.80  6.50    -20.00      120072.32      3101.19    -16196.08
  9.80  6.50    -19.00      106410.82      2558.58    -14771.13
  9.80  6.50    -18.00       93488.90      2085.57    -13431.18
  9.80  6.50    -17.00       81423.22      1678.57    -12186.49
  9.80  6.50    -16.00       70146.24      1331.07    -11029.31
  9.80  6.50    -15.00       59740.21      1038.87     -9966.65
  9.80  6.50    -14.00       50135.22       777.03     -8980.99
  9.80  6.50    -13.00       41381.81       579.73     -8095.99
  9.80  6.50    -12.00       33400.14       422.23     -7293.15
  9.80  6.50    -11.00       26147.84       299.89     -6567.56
  9.80  6.50    -10.00       19527.87       208.20     -5909.06
  9.80  6.50     -9.00       13465.12       143.39     -5309.72
  9.80  6.50     -8.00        7814.04       102.16     -4754.91
  9.80  6.50     -7.00        3122.40        82.16     -4297.24
  9.80  6.50     -6.00         538.54        76.78     -4047.01
  9.80  6.50     -5.00       -2619.00        84.15     -3744.29
  9.80  6.50     -4.00       -6448.12       107.18     -3379.88
  9.80  6.50     -3.00      -11056.64       149.54     -2943.70
  9.80  6.50     -2.00      -16565.31       215.86     -2424.58
  9.80  6.50     -1.00      -23106.27       311.67     -1810.33
  9.80  6.50      0.00      -42206.43       570.95         0.00
  9.80  6.50      1.00      -52086.16       776.95       921.72
  9.80  6.50      2.00      -62229.28      1025.44      1862.02
  9.80  6.50      3.00      -73413.22      1330.73      2894.05
  9.80  6.50      4.00      -85563.07      1676.00      4021.11
  9.80  6.50      5.00      -98710.80      2081.00      5238.83
  9.80  6.50      6.00     -112905.47      2551.75      6551.79
  9.80  6.50      7.00     -128044.72      3091.93      7950.08
  9.80  6.50      8.00     -144103.12      3706.28      9431.19
  9.80  6.50      9.00     -161195.76      4402.19     11006.24
  9.80  6.50     10.00     -179170.92      5182.15     12660.74
  9.80  6.50     11.00     -197941.65      6049.25     14386.48
  9.80  6.50     12.00     -217580.20      7004.46     16193.54
  9.80  6.50     13.00     -238034.98      8064.92     18070.58
  9.80  6.50     14.00     -258988.96      9219.59     19991.07
  9.80  6.50     15.00     -280811.24     10484.84     21990.31
  9.80  6.50     16.00     -303269.07     11858.64     24046.63
  9.80  6.50     17.00     -326050.21     13335.33     26130.68
  9.80  6.50     18.00     -349587.09     14934.81     28283.78
  9.80  6.50     19.00     -373381.07     16644.26     30459.05
  9.80  6.50     20.00     -397181.86     18457.37     32633.16
  9.80  7.50    -20.00      105641.52      2559.50    -15621.31
  9.80  7.50    -19.00       92800.25      2085.33    -14274.09
  9.80  7.50    -18.00       80807.66      1677.49    -13023.09
  9.80  7.50    -17.00       69631.60      1329.86    -11863.92
  9.80  7.50    -16.00       59334.84      1037.79    -10801.52
  9.80  7.50    -15.00       49814.38       783.12     -9817.84
  9.80  7.50    -14.00       41073.26       579.22     -8922.77
  9.80  7.50    -13.00       33147.71       421.84     -8118.95
  9.80  7.50    -12.00       25906.55       299.43     -7389.10
  9.80  7.50    -11.00       19316.56       207.86     -6729.14
  9.80  7.50    -10.00       13263.16       143.17     -6127.23
  9.80  7.50     -9.00        7623.63       102.10     -5570.83
  9.80  7.50     -8.00        2942.23        82.30     -5112.33
  9.80  7.50     -7.00         375.77        77.07     -4863.01
  9.80  7.50     -6.00       -2752.00        84.50     -4562.69
  9.80  7.50     -5.00       -6533.70       107.39     -4202.67
  9.80  7.50     -4.00      -11072.84       149.30     -3773.32
  9.80  7.50     -3.00      -16484.52       214.64     -3264.03
  9.80  7.50     -2.00      -22898.47       308.80     -2662.92
  9.80  7.50     -1.00      -30454.25       438.15     -1957.27
  9.80  7.50      0.00      -51182.92       762.66         0.00
  9.80  7.50      1.00      -62261.47      1025.58      1022.63
  9.80  7.50      2.00      -73477.61      1330.86      2051.93
  9.80  7.50      3.00      -85667.19      1676.09      3177.10
  9.80  7.50      4.00      -98864.25      2081.01      4392.78
  9.80  7.50      5.00     -113123.25      2551.71      5703.97
  9.80  7.50      6.00     -128336.33      3091.77      7100.14
  9.80  7.50      7.00     -144484.82      3706.00      8579.33
  9.80  7.50      8.00     -161683.41      4401.81     10152.53
  9.80  7.50      9.00     -179779.04      5181.57     11805.02
  9.80  7.50     10.00     -198690.84      6048.53     13529.10
  9.80  7.50     11.00     -218486.18      7003.59     15334.69
  9.80  7.50     12.00     -239117.69      8063.78     17209.90
  9.80  7.50     13.00     -260269.30      9218.19     19128.72
  9.80  7.50     14.00     -282311.79     10483.15     21126.44
  9.80  7.50     15.00     -305012.37     11856.64     23181.36
  9.80  7.50     16.00     -328056.95     13332.96     25264.00
  9.80  7.50     17.00     -351884.66     14932.15     27416.09
  9.80  7.50     18.00     -375990.01     16641.12     29590.20
  9.80  7.50     19.00     -400126.47     18453.84     31763.38
  9.80  7.50     20.00     -425365.19     20419.16     34036.98
