time (s) altitude (m) longitude (rad) latitude (rad) velocity (m/s) trajectory angle (rad) heading angle (rad) angle of attack (rad) bank angle (rad) fuel mass (kg) 
124.64 25215 2.3847 -0.20433 1617.8 0.015296 1.8328 5.0775e-06 1562
127.95 25289 2.3844 -0.20351 1627.1 0.012821 1.8329 0.012087 1553.1
133.86 25419 2.384 -0.20206 1645.5 0.014638 1.833 0.012793 1536.4
138.87 25544 2.3837 -0.2008 1661.5 0.014718 1.8331 0.012521 1521.9
140.26 25577 2.3836 -0.20046 1666.2 0.015139 1.8331 0.01301 1517.8
143.57 25662 2.3834 -0.19962 1677.4 0.015489 1.8331 0.011991 1507.9
149.48 25818 2.383 -0.19811 1698.3 0.015855 1.8332 0.012342 1489.9
154.49 25955 2.3826 -0.19682 1716.8 0.016273 1.8333 0.011648 1474.2
155.87 25994 2.3825 -0.19646 1722 0.016191 1.8333 0.012363 1469.8
158.09 26056 2.3823 -0.19589 1730.5 0.016354 1.8334 0.012085 1462.7
162.02 26169 2.3821 -0.19485 1746.1 0.016719 1.8334 0.012426 1449.8
165.36 26268 2.3818 -0.19397 1759.6 0.016885 1.8335 0.011093 1438.7
166.29 26295 2.3818 -0.19373 1763.4 0.016743 1.8335 0.011335 1435.6
168.5 26361 2.3816 -0.19314 1772.5 0.016567 1.8335 0.010957 1428.2
172.44 26475 2.3813 -0.19208 1788.6 0.01607 1.8336 0.010842 1414.9
175.78 26570 2.3811 -0.19117 1802.1 0.015821 1.8336 0.011703 1403.6
176.7 26597 2.381 -0.19092 1805.9 0.01585 1.8337 0.01236 1400.5
178.91 26661 2.3808 -0.19032 1814.9 0.015887 1.8337 0.011172 1393
182.85 26772 2.3805 -0.18923 1830.8 0.015106 1.8337 0.010287 1379.8
186.19 26865 2.3803 -0.18831 1844.4 0.015506 1.8338 0.016399 1368.4
187.11 26892 2.3802 -0.18805 1848.3 0.016347 1.8338 0.018767 1365.2
188.59 26938 2.3801 -0.18764 1854.4 0.017947 1.8338 0.019295 1360
191.21 27031 2.3799 -0.1869 1865.2 0.019784 1.8339 0.013016 1350.9
193.44 27113 2.3797 -0.18627 1874.1 0.018778 1.8339 0.0040705 1343.5
194.05 27134 2.3797 -0.1861 1876.4 0.018009 1.8339 0.0034226 1341.6
195.53 27181 2.3795 -0.18568 1882.2 0.015939 1.8339 2.0689e-05 1336.9
198.15 27249 2.3793 -0.18493 1892.5 0.011424 1.834 1.8687e-05 1328.7
200.38 27291 2.3792 -0.1843 1901.4 0.009145 1.834 0.010787 1321.5
201 27302 2.3791 -0.18412 1904 0.0092527 1.834 0.013122 1319.4
202.47 27329 2.379 -0.1837 1910.1 0.0098459 1.834 0.016765 1314.4
205.09 27385 2.3788 -0.18294 1921.3 0.0129 1.8341 0.023483 1305.1
207.32 27449 2.3786 -0.18229 1931 0.017008 1.8341 0.025974 1297.1
207.94 27470 2.3786 -0.18211 1933.6 0.018198 1.8341 0.025442 1294.8
210.15 27555 2.3784 -0.18146 1942.9 0.021052 1.8341 0.016721 1287
214.09 27713 2.3781 -0.1803 1958.6 0.018873 1.8342 6.949e-06 1274.1
217.43 27818 2.3778 -0.17931 1971.7 0.012854 1.8342 1.0033e-05 1263.8
218.35 27840 2.3777 -0.17904 1975.3 0.01164 1.8342 2.6963e-05 1260.9
220.56 27882 2.3775 -0.17838 1984.2 0.0078667 1.8343 9.0018e-06 1254
224.5 27933 2.3772 -0.17719 2000.5 0.0063898 1.8343 0.020313 1241.1
227.84 27994 2.3769 -0.17618 2015.4 0.013607 1.8343 0.033847 1228.8
228.76 28023 2.3769 -0.1759 2019.6 0.016303 1.8344 0.032016 1225.3
230.24 28077 2.3767 -0.17545 2026.1 0.019661 1.8344 0.025137 1219.9
232.86 28187 2.3765 -0.17465 2036.8 0.02039 1.8344 0.003365 1211
235.09 28273 2.3763 -0.17396 2045.5 0.016786 1.8344 7.149e-06 1204.1
235.7 28293 2.3763 -0.17377 2048 0.016027 1.8344 0.00017256 1202.2
237.18 28338 2.3762 -0.17332 2053.8 0.013786 1.8345 1.3016e-05 1197.6
239.8 28402 2.3759 -0.1725 2064.3 0.0097729 1.8345 6.3813e-06 1189.4
242.03 28439 2.3757 -0.17181 2073.4 0.0063957 1.8345 1.5375e-05 1182.5
242.65 28446 2.3757 -0.17161 2075.9 0.0054674 1.8345 0.002641 1180.6
244.12 28461 2.3756 -0.17115 2081.9 0.0044176 1.8345 0.01174 1175.8
246.75 28492 2.3753 -0.17032 2093.5 0.0078909 1.8346 0.032827 1166.5
248.97 28543 2.3751 -0.16962 2103.7 0.014639 1.8346 0.034962 1158.1
249.59 28564 2.3751 -0.16942 2106.5 0.016234 1.8346 0.032575 1155.8
251.8 28650 2.3749 -0.16872 2115.8 0.020079 1.8346 0.019518 1147.8
255.74 28817 2.3746 -0.16746 2130.9 0.018377 1.8347 4.9302e-06 1135
259.08 28929 2.3743 -0.16638 2143.2 0.012627 1.8347 6.372e-06 1124.8
260 28952 2.3742 -0.16608 2146.5 0.011455 1.8347 0.0013573 1121.9
262.21 29000 2.374 -0.16537 2154.4 0.0083705 1.8347 3.8109e-06 1115.1
266.15 29042 2.3736 -0.16408 2168.4 0.0018892 1.8348 3.2543e-06 1103.1
269.49 29047 2.3733 -0.16299 2180.4 0.00064415 1.8348 0.024262 1092.2
270.41 29050 2.3732 -0.16268 2184 0.0026631 1.8348 0.029136 1088.9
272.62 29072 2.373 -0.16195 2192.2 0.0065183 1.8348 0.025091 1080.9
276.56 29153 2.3727 -0.16065 2206.2 0.012151 1.8349 0.024401 1066.9
279.9 29262 2.3724 -0.15953 2217.6 0.017406 1.8349 0.027138 1054.9
280.83 29299 2.3723 -0.15922 2220.6 0.019032 1.8349 0.014302 1051.6
284.14 29432 2.372 -0.15811 2230.5 0.016422 1.8349 1.988e-06 1041.1
290.05 29588 2.3714 -0.15612 2247.6 0.0066763 1.835 1.7881e-06 1023.3
295.06 29621 2.371 -0.15441 2261.9 -3.3102e-05 1.835 3.0624e-06 1008
296.44 29619 2.3708 -0.15394 2265.8 -0.002288 1.835 0.0022627 1003.8
299.76 29602 2.3705 -0.1528 2275.5 -0.0013817 1.8351 0.024286 992.77
305.67 29648 2.37 -0.15077 2292.7 0.0090437 1.8351 0.026769 971.53
310.68 29799 2.3695 -0.14903 2306 0.015963 1.8352 0.024892 953.85
312.06 29851 2.3694 -0.14855 2309.5 0.018052 1.8352 0.033999 948.99
314.27 29956 2.3692 -0.14778 2314.9 0.022533 1.8352 0.026756 941.08
318.21 30168 2.3688 -0.1464 2323.5 0.022376 1.8352 3.4598e-06 928.48
321.55 30320 2.3685 -0.14523 2330.1 0.016094 1.8353 6.8129e-06 918.95
322.48 30352 2.3684 -0.14491 2332 0.015074 1.8353 3.2593e-05 916.24
324.69 30421 2.3682 -0.14413 2336.4 0.011658 1.8353 4.8625e-06 909.91
328.62 30501 2.3678 -0.14274 2344 0.005523 1.8353 4.4672e-06 898.73
331.97 30524 2.3675 -0.14156 2350.5 0.00032279 1.8353 6.7758e-06 889.26
332.89 30523 2.3674 -0.14123 2352.3 -0.0011058 1.8354 0.0028636 886.64
335.1 30510 2.3672 -0.14044 2356.6 -0.0041459 1.8354 4.0251e-06 880.28
339.04 30440 2.3668 -0.13904 2364.3 -0.010691 1.8354 2.8564e-06 869.04
342.38 30345 2.3664 -0.13785 2371.2 -0.012216 1.8354 0.024593 858.7
343.3 30319 2.3664 -0.13752 2373.3 -0.01051 1.8354 0.024807 855.48
345.51 30271 2.3661 -0.13673 2378.1 -0.0077994 1.8354 0.024904 847.92
349.45 30223 2.3658 -0.13531 2386.5 -0.0023541 1.8354 0.025387 834.22
352.79 30220 2.3654 -0.13411 2393.1 0.0012823 1.8355 0.017222 822.67
353.71 30223 2.3653 -0.13378 2394.8 0.0015518 1.8355 0.017133 819.59
355.92 30235 2.3651 -0.13298 2398.8 0.0026764 1.8355 0.016562 812.13
359.86 30269 2.3647 -0.13155 2405.8 0.0044536 1.8355 0.015991 798.87
363.2 30310 2.3644 -0.13034 2411.5 0.0058301 1.8355 0.015787 787.66
364.13 30323 2.3643 -0.13 2413.1 0.0061959 1.8355 0.015999 784.57
366.34 30360 2.3641 -0.1292 2416.7 0.0073251 1.8355 0.01572 777.14
370.28 30426 2.3637 -0.12776 2422.9 0.0055839 1.8356 1.8296e-06 764.56
373.62 30452 2.3634 -0.12654 2427.9 0.00032551 1.8356 2.8845e-06 754.53
374.54 30450 2.3633 -0.1262 2429.4 -0.00061327 1.8356 3.7334e-05 751.68
376.75 30443 2.363 -0.12539 2432.9 -0.0015734 1.8356 0.0153 744.61
380.69 30446 2.3626 -0.12394 2439.1 0.0030121 1.8356 0.026451 730.97
384.03 30488 2.3623 -0.12272 2444 0.0067982 1.8356 0.014788 719.41
384.95 30504 2.3622 -0.12238 2445.3 0.0067324 1.8356 0.015277 716.41
387.16 30542 2.362 -0.12156 2448.5 0.0073789 1.8357 0.014778 709.09
391.1 30621 2.3616 -0.1201 2454 0.0087058 1.8357 0.014603 696.1
394.44 30690 2.3613 -0.11887 2458.6 0.0075468 1.8357 3.4591e-06 685.52
395.36 30706 2.3612 -0.11853 2459.8 0.0059311 1.8357 1.2866e-05 682.82
397.58 30730 2.3609 -0.1177 2462.9 0.0030582 1.8357 2.2482e-06 676.2
401.51 30733 2.3605 -0.11624 2468.6 -0.0023743 1.8357 1.7667e-06 664.46
404.85 30700 2.3602 -0.115 2473.4 -0.0050387 1.8358 0.012372 654.12
405.78 30689 2.3601 -0.11465 2474.7 -0.0046644 1.8358 0.013881 651.08
407.99 30668 2.3599 -0.11383 2477.9 -0.0024773 1.8358 0.026947 643.54
411.93 30680 2.3595 -0.11235 2483.7 0.0049946 1.8358 0.026779 629.48
415.27 30734 2.3591 -0.1111 2488.3 0.0063798 1.8358 2.6117e-06 618.38
416.19 30747 2.359 -0.11076 2489.5 0.0046382 1.8358 9.3743e-06 615.68
418.4 30763 2.3588 -0.10993 2492.6 0.0016409 1.8358 2.0095e-06 609
422.34 30766 2.3584 -0.10844 2498.1 -8.3792e-05 1.8358 0.016705 596.5
425.68 30779 2.3581 -0.10718 2502.5 0.0040192 1.8359 0.026876 584.97
426.6 30790 2.358 -0.10684 2503.8 0.0055 1.8359 0.027015 581.73
428.81 30833 2.3577 -0.106 2506.6 0.0094706 1.8359 0.02662 573.91
432.75 30937 2.3573 -0.10451 2511.6 0.010302 1.8359 3.3617e-06 561.1
436.09 31004 2.357 -0.10325 2515.9 0.0046768 1.8359 5.735e-06 551.36
437.01 31012 2.3569 -0.1029 2517.1 0.003964 1.8359 0.0010177 548.54
439.23 31027 2.3567 -0.10206 2520 0.0013258 1.8359 4.0826e-06 541.94
443.16 31013 2.3563 -0.10056 2525.3 -0.0040481 1.8359 4.3898e-06 530.27
446.5 30969 2.3559 -0.099287 2529.9 -0.0057018 1.8359 0.0183 519.83
447.43 30956 2.3558 -0.098935 2531.1 -0.004553 1.8359 0.026817 516.67
449.64 30940 2.3556 -0.098091 2534 -0.00094212 1.836 0.027013 508.94
453.58 30964 2.3552 -0.096585 2538.8 0.0056193 1.836 0.026152 495.11
456.92 31031 2.3548 -0.095306 2542.7 0.009753 1.836 0.01818 483.66
457.84 31055 2.3547 -0.094952 2543.8 0.010219 1.836 0.0071285 480.63
459.31 31091 2.3546 -0.094387 2545.5 0.0088858 1.836 8.3517e-06 476.13
461.94 31139 2.3543 -0.093379 2548.8 0.0054536 1.836 5.1118e-06 468.32
464.17 31162 2.3541 -0.092522 2551.5 0.0028538 1.836 3.024e-05 461.67
464.78 31166 2.354 -0.092286 2552.3 0.0020472 1.836 1.1737e-05 459.85
466.26 31171 2.3538 -0.091719 2554.1 0.00028915 1.836 7.9225e-06 455.45
468.88 31161 2.3536 -0.090707 2557.5 -0.0031532 1.836 7.2731e-06 447.67
471.11 31138 2.3533 -0.089848 2560.4 -0.0042001 1.836 0.018421 440.73
471.72 31132 2.3533 -0.089611 2561.1 -0.0034091 1.836 0.019599 438.63
473.2 31121 2.3531 -0.089042 2562.9 -0.0022132 1.836 0.018384 433.71
475.82 31113 2.3528 -0.088027 2566.1 -0.0002375 1.8361 0.018212 424.96
478.05 31117 2.3526 -0.087165 2568.7 0.0015176 1.8361 0.018441 417.5
478.66 31120 2.3525 -0.086927 2569.5 0.0020068 1.8361 0.017596 415.44
480.88 31135 2.3523 -0.08607 2572 0.0035867 1.8361 0.018175 408.07
484.81 31190 2.3519 -0.084542 2576.4 0.0070094 1.8361 0.018272 394.87
488.16 31254 2.3515 -0.083244 2580.1 0.0070929 1.8361 8.029e-06 384.19
489.08 31269 2.3514 -0.082885 2581.2 0.0055148 1.8361 3.2566e-05 381.52
491.29 31294 2.3512 -0.082024 2583.8 0.0029732 1.8361 5.7814e-06 374.91
495.23 31298 2.3508 -0.080489 2588.5 -0.0020408 1.8361 4.0925e-06 363.23
498.57 31271 2.3504 -0.079185 2592.5 -0.0034621 1.8361 0.018448 352.82
499.49 31263 2.3503 -0.078824 2593.6 -0.002224 1.8361 0.016655 349.67
501.7 31253 2.3501 -0.077959 2596.1 -0.0010154 1.8361 0.017509 342.4
505.64 31273 2.3497 -0.076417 2600 0.0061479 1.8362 0.039974 328.6
508.98 31376 2.3493 -0.075107 2602.2 0.018562 1.8362 0.048886 315.93
509.9 31426 2.3492 -0.074746 2602.6 0.022002 1.8362 0.050478 312.47
512.11 31579 2.349 -0.073879 2603.3 0.031198 1.8362 0.054732 304.1
516.05 31988 2.3486 -0.072335 2603 0.048927 1.8362 0.063403 289.43
519.39 32482 2.3482 -0.071027 2601 0.064956 1.8363 0.072216 277.45
520.32 32643 2.3481 -0.070666 2600.1 0.069478 1.8363 0.073788 274.26
522.53 33072 2.3479 -0.069803 2597.8 0.079653 1.8363 0.074963 266.95
526.46 33968 2.3475 -0.068269 2592.9 0.095422 1.8364 0.078066 255.17
529.81 34841 2.3471 -0.066971 2588.2 0.10614 1.8364 0.078836 246.49
530.73 35097 2.347 -0.066614 2586.9 0.10857 1.8364 0.076756 244.31
532.94 35730 2.3468 -0.065758 2583.7 0.11339 1.8365 0.0782 239.52
536.88 36914 2.3464 -0.064238 2578.4 0.11938 1.8365 0.077004 231.78
540.22 37947 2.346 -0.062952 2571.6 0.12089 1.8366 0.062744 228.35
541.14 38233 2.3459 -0.062598 2568.3 0.12048 1.8366 0.060353 228.74
542.61 38686 2.3458 -0.062032 2564.1 0.11968 1.8366 0.060016 228.74
545.24 39482 2.3455 -0.061028 2557.1 0.1175 1.8367 0.059052 228.74
547.47 40142 2.3452 -0.060177 2551.6 0.115 1.8367 0.058558 228.74
548.08 40322 2.3452 -0.059943 2550.2 0.11422 1.8368 0.058051 228.74
549.56 40746 2.345 -0.059381 2546.8 0.11217 1.8368 0.057554 228.74
552.18 41480 2.3448 -0.058382 2541.3 0.10805 1.8368 0.057096 228.74
554.41 42079 2.3445 -0.057536 2536.9 0.10416 1.8369 0.057529 228.74
555.02 42241 2.3445 -0.057303 2535.7 0.10303 1.8369 0.05753 228.74
556.5 42620 2.3443 -0.056744 2533 0.10023 1.8369 0.057528 228.74
559.12 43267 2.344 -0.055749 2528.5 0.094961 1.8369 0.058739 228.74
561.35 43788 2.3438 -0.054906 2524.9 0.090269 1.837 0.05959 228.74
561.97 43927 2.3437 -0.054674 2524 0.088938 1.837 0.059819 228.74
564.18 44409 2.3435 -0.053838 2520.7 0.08407 1.837 0.062803 228.74
568.11 45198 2.3431 -0.052352 2515.2 0.075256 1.8371 0.070126 228.74
571.46 45797 2.3428 -0.051093 2511 0.067559 1.8371 0.069396 228.74
572.38 45951 2.3427 -0.050745 2509.9 0.065343 1.8371 0.069332 228.74
574.59 46298 2.3424 -0.049913 2507.5 0.059975 1.8371 0.06915 228.74
578.53 46842 2.342 -0.048432 2503.5 0.050135 1.8372 0.069197 228.74
581.87 47225 2.3417 -0.047177 2500.6 0.041572 1.8372 0.069617 228.74
582.79 47318 2.3416 -0.046831 2499.9 0.039183 1.8372 0.06974 228.74
585 47519 2.3414 -0.046001 2498.2 0.033404 1.8372 0.06897 228.74
588.94 47796 2.341 -0.044523 2495.7 0.022939 1.8373 0.067512 228.74
592.28 47950 2.3406 -0.043271 2493.8 0.013964 1.8373 0.069195 228.74
593.2 47979 2.3405 -0.042925 2493.4 0.011491 1.8373 0.069751 228.74
595.41 48026 2.3403 -0.042097 2492.4 0.0055488 1.8373 0.069577 228.74
599.35 48028 2.3399 -0.040622 2491 -0.0050652 1.8373 0.069363 228.74
602.69 47949 2.3396 -0.039372 2490.1 -0.014064 1.8373 0.069542 228.74
603.62 47913 2.3395 -0.039027 2489.9 -0.016542 1.8373 0.069921 228.74
605.83 47806 2.3392 -0.0382 2489.5 -0.022453 1.8373 0.070248 228.74
609.77 47535 2.3388 -0.036727 2489 -0.032916 1.8373 0.06941 228.74
613.11 47224 2.3385 -0.035478 2488.9 -0.041703 1.8373 0.069397 228.74
614.03 47126 2.3384 -0.035133 2488.9 -0.044104 1.8373 0.069716 228.74
616.24 46868 2.3382 -0.034307 2489 -0.049817 1.8372 0.068881 228.74
620.18 46330 2.3378 -0.032836 2489.3 -0.059832 1.8372 0.067891 228.74
623.52 45798 2.3374 -0.031588 2489.7 -0.068086 1.8372 0.068447 228.74
624.44 45640 2.3373 -0.031244 2489.8 -0.07031 1.8372 0.067659 228.74
627.76 45027 2.337 -0.030005 2490.3 -0.078087 1.8372 0.068688 228.74
633.66 43781 2.3364 -0.027801 2491.4 -0.091476 1.8371 0.057997 228.74
638.68 42571 2.3359 -0.025931 2492.6 -0.10241 1.837 0.053987 228.74
640.06 42214 2.3358 -0.025415 2492.9 -0.10522 1.837 0.054469 228.74
643.38 41319 2.3354 -0.024178 2493.5 -0.11159 1.837 0.052643 228.74
649.28 39606 2.3348 -0.021977 2493.7 -0.12097 1.8369 0.054995 228.74
654.3 38065 2.3343 -0.020111 2492.3 -0.12578 1.8368 0.058872 228.74
655.68 37631 2.3342 -0.019596 2491.5 -0.12643 1.8368 0.057785 228.74
657.89 36934 2.3339 -0.018773 2489.6 -0.12696 1.8367 0.062018 229.02
661.83 35706 2.3335 -0.017309 2489.6 -0.12325 1.8367 0.080501 225.35
665.17 34714 2.3332 -0.016064 2493.8 -0.11496 1.8366 0.082641 217.31
666.09 34453 2.3331 -0.01572 2494.2 -0.11226 1.8366 0.083059 215.39
668.3 33856 2.3329 -0.014894 2495.8 -0.10434 1.8366 0.083862 209.69
672.24 32913 2.3325 -0.013419 2498.4 -0.087355 1.8365 0.077772 198.25
675.58 32250 2.3321 -0.012165 2500.8 -0.071441 1.8365 0.070799 187.44
676.5 32090 2.332 -0.011818 2501.6 -0.066901 1.8365 0.068856 184.3
678.72 31750 2.3318 -0.010985 2503.6 -0.056073 1.8364 0.063358 176.58
682.65 31290 2.3314 -0.0095 2507.8 -0.037413 1.8364 0.05492 162.28
685.99 31040 2.3311 -0.0082368 2511.7 -0.022444 1.8364 0.049551 149.8
686.92 30993 2.331 -0.0078876 2512.7 -0.018451 1.8364 0.045157 146.31
688.97 30916 2.3308 -0.0071102 2515.3 -0.011051 1.8364 0.039622 138.72
693.26 30873 2.3303 -0.005482 2520.9 0.0015353 1.8364 0.026679 123.14
698.62 30919 2.3298 -0.0034416 2528.2 0.0031046 1.8364 1.0576e-06 105.75
703.62 30945 2.3292 -0.0015348 2535.1 0.0028653 1.8364 0.027697 89.821
706.91 31011 2.3289 -0.00027511 2538.3 0.015822 1.8364 0.053325 77.377
707.74 31051 2.3288 4.2034e-05 2538.7 0.019838 1.8364 0.06119 74.157
709.95 31202 2.3286 0.0008877 2538.4 0.034224 1.8364 0.074048 65.125
713.89 31694 2.3282 0.0023911 2533.1 0.065617 1.8364 0.097393 48.77
717.23 32379 2.3278 0.0036598 2522.3 0.097551 1.8365 0.12734 35.069
718.15 32617 2.3277 0.0040083 2517.9 0.1074 1.8365 0.13247 31.35
720.37 33273 2.3275 0.0048395 2507.5 0.12895 1.8365 0.13494 23.089
724.3 34702 2.3271 0.0063055 2488.3 0.16133 1.8366 0.14491 10.536
727.65 36123 2.3268 0.007535 2472.1 0.18247 1.8367 0.14825 2.0088
728.57 36542 2.3267 0.0078723 2468 0.18705 1.8367 0.13907 0.00013128
730.04 37227 2.3265 0.008409 2457.7 0.19249 1.8368 0.13815 0.0055663
732.67 38481 2.3263 0.0093584 2441.2 0.1996 1.8368 0.14106 0.0030439
734.89 39568 2.3261 0.010158 2428.3 0.20369 1.8369 0.14809 0.0046711
735.51 39870 2.326 0.010378 2424.9 0.20457 1.8369 0.14816 0.00405
736.98 40598 2.3259 0.010904 2417.2 0.20613 1.837 0.15 0.00405
739.61 41898 2.3256 0.011836 2404.5 0.20738 1.837 0.15438 0.00405
741.84 42999 2.3254 0.012622 2394.7 0.2071 1.8371 0.15568 0.00405
742.45 43301 2.3253 0.012839 2392.1 0.2068 1.8371 0.15608 0.00405
743.92 44023 2.3252 0.013357 2386.2 0.2058 1.8372 0.15715 0.00405
746.55 45292 2.3249 0.014278 2376.4 0.20301 1.8372 0.15761 0.00405
748.78 46349 2.3247 0.015056 2368.8 0.19974 1.8373 0.15632 0.00405
749.39 46638 2.3247 0.015271 2366.9 0.1987 1.8373 0.15655 0.00405
