time (s) altitude (m) velocity (m/s) mass (kg) dynamic pressure (Pa)trajectory angle (rad) Lift (N)Drag (N)heading angle (rad) latitude (rad) angle of attack (rad) 
749.39 46638 2366.9 3300 4201.8 0.1987 6509.7 2621.1 1.8373 0.015271 0.33806
751.03 47401 2383.5 3275.8 3855 0.1973 6022.5 2435.2 1.8374 0.015843 0.34001
753.94 48760 2413.8 3232.8 3330.4 0.19471 5261 2138.5 1.8374 0.016871 0.34262
756.4 49912 2440.2 3196.2 2942.9 0.1924 4622.2 1872 1.8375 0.017754 0.34122
757.08 50230 2447.6 3186.1 2844.3 0.19174 4457.3 1802.8 1.8375 0.018 0.34068
758.72 50991 2465.5 3161.9 2621.6 0.19014 4141.7 1681.8 1.8376 0.018592 0.3426
761.63 52346 2498.1 3118.9 2297.7 0.18727 3630 1472.3 1.8376 0.019657 0.34254
764.1 53492 2526.4 3082.3 2052.1 0.18477 3181.6 1276.5 1.8377 0.020572 0.33805
764.78 53809 2534.3 3072.2 1988.6 0.18406 3070.9 1229 1.8377 0.020826 0.33709
766.41 54566 2553.5 3048.1 1843.8 0.18236 2855 1143.6 1.8378 0.021439 0.3377
769.32 55911 2588.4 3005 1609.5 0.17933 2463.7 979.65 1.8378 0.022544 0.33496
771.79 57049 2618.6 2968.5 1432.4 0.1767 2137.2 837.01 1.8379 0.023493 0.32902
772.47 57362 2627.1 2958.4 1386.8 0.17596 2057 802.68 1.8379 0.023757 0.32767
774.1 58113 2647.6 2934.2 1282.9 0.17419 1898.4 739.36 1.8379 0.024393 0.32711
777.01 59445 2684.8 2891.1 1115.3 0.17104 1612.4 618.82 1.838 0.025539 0.32185
779.48 60570 2717.2 2854.6 989.29 0.16832 1388.8 523.18 1.8381 0.026525 0.31542
780.16 60880 2726.2 2844.5 956.89 0.16756 1335.3 501.04 1.8381 0.026799 0.31411
781.79 61622 2748.1 2820.3 883.19 0.16576 1235.5 464.05 1.8381 0.02746 0.31461
784.7 62938 2787.7 2777.2 764.71 0.16263 1064.3 398.25 1.8382 0.028651 0.31339
787.17 64050 2822 2740.7 675.86 0.16001 913.56 337.14 1.8382 0.029675 0.307
787.85 64356 2831.6 2730.6 653.07 0.15927 874.12 321.07 1.8383 0.02996 0.30489
789.49 65089 2854.9 2706.4 601.31 0.15752 794.79 289.97 1.8383 0.030647 0.30221
792.4 66388 2897 2663.4 518.4 0.15439 652.92 232.42 1.8384 0.031885 0.29229
794.86 67485 2933.6 2626.8 456.53 0.15169 550.19 191.19 1.8384 0.03295 0.28363
795.54 67787 2943.9 2616.7 440.7 0.15094 525.95 181.72 1.8384 0.033247 0.28175
797.18 68509 2968.6 2592.6 404.82 0.14915 477.17 163.52 1.8385 0.033962 0.27938
800.09 69788 3013.5 2549.5 347.57 0.14597 390.59 131.15 1.8385 0.035251 0.27018
802.56 70867 3052.5 2512.9 305.03 0.14325 325.69 106.88 1.8386 0.03636 0.2608
803.24 71163 3063.4 2502.9 294 0.14249 309.93 101.1 1.8386 0.036668 0.25853
804.87 71873 3089.8 2478.7 268.8 0.14068 277.13 89.384 1.8386 0.037413 0.25464
807.78 73128 3137.7 2435.6 229.04 0.13745 221.22 69.055 1.8387 0.038756 0.24367
810.25 74186 3179.2 2399.1 199.89 0.13468 183.4 56.255 1.8387 0.039911 0.23495
810.93 74476 3190.8 2389 192.5 0.13391 173.71 53.044 1.8387 0.040233 0.23224
812.56 75170 3218.9 2364.8 175.88 0.13207 152.97 46.282 1.8388 0.041009 0.2264
815.47 76397 3270.1 2321.7 149.74 0.12859 101.96 29.231 1.8388 0.042409 0.19115
817.94 77426 3314.8 2285.2 130.71 0.12515 60.072 17.025 1.8388 0.043614 0.14508
818.62 77707 3327.3 2275.1 125.92 0.1241 52.001 14.985 1.8389 0.04395 0.13419
820.25 78376 3357.8 2250.9 115.19 0.12143 34.861 10.992 1.8389 0.04476 0.10574
823.16 79543 3413.2 2207.9 98.536 0.11611 13.517 7.1221 1.8389 0.046222 0.054956
825.63 80505 3461.4 2171.3 86.586 0.11102 2.1875 5.6534 1.839 0.047482 0.011895
826.31 80765 3474.9 2161.2 83.606 0.10952 6.2528e-17 5.3956 1.839 0.047833 0
826.31 80765 3474.9 2161.2 83.606 0.10952 6.2528e-17 5.3956 1.839 0.047833 0
827.31 81145 3473.9 2161.2 78.476 0.10729 7.0429e-16 5.0699 1.839 0.048349 0
828.31 81513 3472.9 2161.2 73.788 0.10505 -2.4833e-16 4.772 1.839 0.048865 0
829.31 81873 3471.9 2161.2 69.456 0.10282 5.1945e-17 4.4964 1.839 0.049382 0
830.31 82225 3471 2161.2 65.45 0.10058 5.8739e-16 4.2413 1.839 0.049898 0
831.31 82570 3470.1 2161.2 61.743 0.098343 -3.8096e-16 4.005 1.8391 0.050414 0
832.31 82907 3469.2 2161.2 58.312 0.096104 4.034e-16 3.786 1.8391 0.050929 0
833.31 83236 3468.3 2161.2 55.133 0.093864 1.5463e-16 3.5831 1.8391 0.051445 0
834.31 83557 3467.5 2161.2 52.188 0.091623 -1.7564e-16 3.3948 1.8391 0.051961 0
835.31 83870 3466.6 2161.2 49.457 0.089382 1.3871e-16 3.2201 1.8391 0.052477 0
836.31 84176 3465.8 2161.2 46.925 0.087139 2.8953e-16 3.0579 1.8391 0.052993 0
837.31 84474 3465 2161.2 44.574 0.084895 -3.3336e-16 2.9073 1.8391 0.053508 0
838.31 84763 3464.3 2161.2 42.393 0.08265 0 2.7674 1.8391 0.054024 0
839.31 85046 3463.5 2030.3 0 0.080404 -0 0 1.8392 0.05454 0
840.31 85320 3462.8 2030.3 0 0.078157 -0 0 1.8392 0.055055 0
841.31 85586 3462.1 2030.3 0 0.07591 -0 0 1.8392 0.055571 0
842.31 85845 3461.4 2030.3 0 0.073662 -0 0 1.8392 0.056086 0
843.31 86096 3460.8 2030.3 0 0.071412 -0 0 1.8392 0.056602 0
844.31 86339 3460.1 2030.3 0 0.069163 -0 0 1.8392 0.057117 0
845.31 86574 3459.5 2030.3 0 0.066912 0 0 1.8392 0.057633 0
846.31 86801 3458.9 2030.3 0 0.06466 -0 0 1.8392 0.058148 0
847.31 87021 3458.3 2030.3 0 0.062408 0 0 1.8392 0.058663 0
848.31 87233 3457.8 2030.3 0 0.060156 0 0 1.8392 0.059179 0
849.31 87437 3457.3 2030.3 0 0.057902 0 0 1.8393 0.059694 0
850.31 87633 3456.7 2030.3 0 0.055648 0 0 1.8393 0.060209 0
851.31 87821 3456.3 2030.3 0 0.053393 0 0 1.8393 0.060724 0
852.31 88002 3455.8 2030.3 0 0.051138 0 0 1.8393 0.06124 0
853.31 88175 3455.3 2030.3 0 0.048882 0 0 1.8393 0.061755 0
854.31 88339 3454.9 2030.3 0 0.046626 -0 0 1.8393 0.06227 0
855.31 88497 3454.5 2030.3 0 0.044369 0 0 1.8393 0.062785 0
856.31 88646 3454.1 2030.3 0 0.042112 0 0 1.8393 0.0633 0
857.31 88787 3453.8 2030.3 0 0.039854 0 0 1.8393 0.063815 0
858.31 88921 3453.5 2030.3 0 0.037596 0 0 1.8393 0.06433 0
859.31 89047 3453.1 2030.3 0 0.035337 -0 0 1.8393 0.064845 0
860.31 89165 3452.8 2030.3 0 0.033078 0 0 1.8393 0.065361 0
861.31 89275 3452.6 2030.3 0 0.030819 -0 0 1.8393 0.065876 0
862.31 89378 3452.3 2030.3 0 0.02856 -0 0 1.8393 0.066391 0
863.31 89473 3452.1 2030.3 0 0.0263 -0 0 1.8393 0.066906 0
864.31 89559 3451.9 2030.3 0 0.024039 0 0 1.8393 0.067421 0
865.31 89639 3451.7 2030.3 0 0.021779 0 0 1.8393 0.067936 0
866.31 89710 3451.5 2030.3 0 0.019518 -0 0 1.8393 0.068451 0
867.31 89773 3451.4 2030.3 0 0.017258 -0 0 1.8394 0.068966 0
868.31 89829 3451.3 2030.3 0 0.014997 -0 0 1.8394 0.069481 0
869.31 89877 3451.2 2030.3 0 0.012735 0 0 1.8394 0.069996 0
870.31 89917 3451.1 2030.3 0 0.010474 0 0 1.8394 0.070511 0
871.31 89949 3451.1 2030.3 0 0.0082128 0 0 1.8394 0.071026 0
872.31 89974 3451 2030.3 0 0.0059514 0 0 1.8394 0.071541 0
873.31 89990 3451 2030.3 0 0.0036899 -0 0 1.8394 0.072055 0
874.31 89999 3451 2030.3 0 0.0014285 -0 0 1.8394 0.07257 0
875.31 90000 3451.1 2030.3 0 0 -0 0 1.8394 0.073085 0
