time (s) altitude (m) velocity (m/s) mass (kg)trajectory angle (rad) angle of attack (rad) heading angle (rad) latitude (rad)
0 90 30 29388 1.5691 0 1.6261 -0.2123 2.3868
0.88215 117.78 32.996 29261 1.5679 -0.0028297 1.6759 -0.2123 2.3868
2.4533 173.89 38.446 29035 1.5622 -0.0072873 1.7146 -0.2123 2.3868
3.7864 228.28 43.187 28843 1.5535 -0.010156 1.7271 -0.2123 2.3868
4.1544 244.42 44.515 28790 1.5505 -0.010795 1.7294 -0.2123 2.3868
5.0366 285.09 47.731 28663 1.5422 -0.012101 1.7337 -0.2123 2.3868
6.6078 364.6 53.579 28437 1.5237 -0.013495 1.7387 -0.2123 2.3868
7.9408 439.28 58.667 28245 1.5044 -0.013678 1.7416 -0.2123 2.3868
8.3089 461.08 60.093 28192 1.4985 -0.013589 1.7423 -0.2123 2.3868
9.191 515.44 63.548 28065 1.4835 -0.013116 1.7437 -0.2123 2.3868
10.762 619.66 69.847 27838 1.454 -0.011322 1.7456 -0.2123 2.3868
12.095 715.59 75.347 27646 1.4266 -0.0088446 1.7469 -0.2123 2.3868
12.463 743.3 76.892 27593 1.4188 -0.0080533 1.7472 -0.2123 2.3868
13.787 847.3 82.542 27403 1.3895 -0.0048595 1.7482 -0.21229 2.3868
16.143 1049.5 92.992 27064 1.3359 0.0028271 1.7497 -0.21229 2.3868
18.143 1238.2 102.27 26776 1.2917 0.011018 1.7508 -0.21228 2.3868
18.695 1293.1 104.91 26696 1.28 0.013296 1.751 -0.21228 2.3868
20.018 1429.6 111.34 26506 1.2534 0.018657 1.7516 -0.21227 2.3868
22.375 1690.1 123.21 26167 1.2115 0.026512 1.7525 -0.21225 2.3868
24.375 1929.1 133.69 25879 1.1815 0.030941 1.7532 -0.21224 2.3868
24.927 1998 136.65 25800 1.174 0.031876 1.7534 -0.21224 2.3868
26.25 2168.5 143.84 25609 1.1576 0.033592 1.7539 -0.21222 2.3868
28.607 2491.2 157.01 25270 1.133 0.034901 1.7546 -0.2122 2.3868
30.606 2784.7 168.53 24983 1.1159 0.034808 1.7552 -0.21218 2.3868
31.158 2869 171.77 24903 1.1118 0.03484 1.7554 -0.21217 2.3868
32.481 3077 179.66 24713 1.1031 0.034837 1.7558 -0.21216 2.3868
34.838 3468.8 194.09 24374 1.0919 0.034901 1.7565 -0.21213 2.3868
36.838 3823.8 206.72 24087 1.087 0.034901 1.757 -0.2121 2.3868
37.39 3925.7 210.27 24007 1.0864 0.034849 1.7572 -0.21209 2.3868
38.713 4176.9 218.88 23817 1.0863 0.034867 1.7576 -0.21207 2.3868
41.07 4650.2 234.62 23478 1.0911 0.034902 1.7582 -0.21203 2.3868
43.069 5079.5 248.39 23191 1.1 0.034843 1.7588 -0.212 2.3868
43.621 5202.7 252.25 23111 1.1032 0.034844 1.759 -0.21199 2.3868
44.945 5506.8 261.63 22921 1.1123 0.034905 1.7594 -0.21196 2.3868
47.301 6080.8 278.87 22582 1.1331 0.033733 1.7601 -0.21192 2.3868
49.301 6601.2 293.26 22295 1.1511 0.030675 1.7608 -0.21189 2.3867
49.853 6750.1 296.94 22216 1.155 0.029471 1.761 -0.21187 2.3867
51.176 7115.3 305.33 22025 1.1623 0.025975 1.7614 -0.21185 2.3867
53.533 7791.3 318.8 21687 1.165 0.017581 1.7622 -0.21181 2.3867
55.533 8385.7 329.3 21399 1.1552 0.0082898 1.7629 -0.21177 2.3867
56.085 8552.6 332.13 21320 1.1503 0.0053785 1.7631 -0.21175 2.3867
57.408 8956.5 338.95 21130 1.1347 -0.0015828 1.7635 -0.21173 2.3867
59.765 9687.5 351.83 20791 1.0955 -0.011988 1.7642 -0.21167 2.3867
61.764 10317 363.88 20504 1.0542 -0.018426 1.7648 -0.21162 2.3867
62.316 10492 367.38 20425 1.0419 -0.019951 1.7649 -0.2116 2.3867
63.199 10772 373.15 20298 1.0215 -0.022015 1.7652 -0.21158 2.3867
64.77 11273 383.94 20072 0.98364 -0.024759 1.7656 -0.21153 2.3867
66.103 11700 393.7 19880 0.95066 -0.026086 1.7659 -0.21148 2.3867
66.471 11818 396.49 19827 0.94151 -0.026315 1.7659 -0.21147 2.3867
67.353 12101 403.38 19701 0.91962 -0.026591 1.7661 -0.21144 2.3867
68.924 12605 416.33 19475 0.8812 -0.026241 1.7664 -0.21138 2.3866
70.257 13033 428 19283 0.84966 -0.025395 1.7667 -0.21132 2.3866
70.625 13152 431.34 19230 0.84116 -0.025166 1.7668 -0.2113 2.3866
71.507 13435 439.55 19104 0.82117 -0.024606 1.7669 -0.21126 2.3866
73.079 13941 454.9 18878 0.78682 -0.024064 1.7672 -0.21119 2.3866
74.412 14371 468.65 18686 0.75876 -0.024346 1.7674 -0.21112 2.3866
74.78 14490 472.56 18633 0.75115 -0.024545 1.7674 -0.2111 2.3866
75.662 14774 482.16 18506 0.73311 -0.025165 1.7676 -0.21105 2.3866
77.233 15281 500.02 18280 0.70155 -0.027167 1.7678 -0.21096 2.3866
78.566 15711 515.95 18089 0.67502 -0.029889 1.768 -0.21088 2.3865
78.934 15830 520.47 18036 0.66769 -0.030765 1.768 -0.21086 2.3865
79.816 16114 531.53 17909 0.65008 -0.033137 1.7682 -0.21081 2.3865
81.387 16618 552.06 17683 0.61842 -0.038317 1.7684 -0.2107 2.3865
82.72 17043 570.35 17491 0.59107 -0.043624 1.7685 -0.21061 2.3865
83.089 17160 575.56 17438 0.58344 -0.045172 1.7686 -0.21058 2.3865
83.971 17439 588.32 17311 0.56503 -0.048931 1.7687 -0.21051 2.3865
85.542 17931 612.14 17085 0.53216 -0.055385 1.7688 -0.21039 2.3864
86.875 18342 633.53 16893 0.50464 -0.060203 1.769 -0.21028 2.3864
87.243 18454 639.64 16840 0.49717 -0.061397 1.769 -0.21025 2.3864
88.125 18722 654.63 16713 0.47954 -0.064135 1.7691 -0.21017 2.3864
89.696 19192 682.56 16487 0.44928 -0.068106 1.7693 -0.21002 2.3864
91.029 19584 707.48 16295 0.42488 -0.070464 1.7694 -0.2099 2.3863
91.397 19691 714.55 16242 0.41835 -0.071002 1.7694 -0.20986 2.3863
92.28 19946 731.83 16115 0.40308 -0.072045 1.7695 -0.20977 2.3863
93.851 20393 763.74 15889 0.37709 -0.073164 1.7696 -0.2096 2.3863
95.184 20764 791.91 15697 0.35618 -0.073481 1.7697 -0.20945 2.3862
95.552 20865 799.86 15644 0.35058 -0.073511 1.7697 -0.20941 2.3862
96.434 21106 819.21 15517 0.3374 -0.07344 1.7698 -0.20931 2.3862
98.005 21527 854.66 15291 0.31474 -0.072919 1.7699 -0.20912 2.3862
99.338 21876 885.7 15099 0.29616 -0.072082 1.77 -0.20895 2.3861
99.706 21971 894.42 15046 0.29111 -0.071788 1.77 -0.2089 2.3861
100.59 22195 915.56 14919 0.27912 -0.070999 1.7701 -0.20878 2.3861
102.16 22585 954.05 14693 0.25809 -0.068876 1.7702 -0.20857 2.3861
103.49 22904 987.47 14501 0.24049 -0.066117 1.7703 -0.20837 2.386
103.86 22990 996.82 14447 0.23567 -0.065214 1.7703 -0.20832 2.386
104.74 23193 1019.4 14320 0.22418 -0.062807 1.7703 -0.20819 2.386
106.31 23540 1060.3 14094 0.20399 -0.057607 1.7704 -0.20794 2.3859
107.65 23819 1095.7 13902 0.18727 -0.052405 1.7705 -0.20772 2.3859
108.02 23893 1105.5 13849 0.18275 -0.05092 1.7705 -0.20766 2.3859
108.9 24067 1129.4 13722 0.1721 -0.047331 1.7705 -0.20751 2.3858
110.47 24361 1172.9 13495 0.15389 -0.041422 1.7706 -0.20724 2.3858
111.8 24592 1210.7 13303 0.13917 -0.03728 1.7707 -0.207 2.3857
112.17 24654 1221.3 13250 0.13521 -0.036271 1.7707 -0.20693 2.3857
112.87 24767 1241.7 13149 0.12779 -0.034411 1.7707 -0.2068 2.3857
114.42 25000 1287.5 12926 0.11198 -0.03119 1.7708 -0.2065 2.3856
116.56 25287 1353.2 12617 0.090962 -0.028123 1.7708 -0.20607 2.3855
118.99 25556 1429.7 12267 0.069126 -0.02307 1.7709 -0.20556 2.3854
121.32 25761 1505.3 11931 0.05205 -0.015403 1.771 -0.20503 2.3853
123.2 25896 1567.7 11659 0.042224 -0.0073096 1.771 -0.20459 2.3852
124.35 25969 1606.7 11494 0.037977 -0.0014577 1.7711 -0.20431 2.3852
124.63 25986 1616.3 11453 0.037149 7.658e-06 1.7711 -0.20424 2.3852
