time (s) altitude (m) velocity (m/s) mass (kg) dynamic pressure (Pa)trajectory angle (rad) Lift (N)Drag (N)heading angle (rad) latitude (rad) angle of attack (rad) 
601.15 36628 2939 3300 27587 0.11383 29206 9682.3 1.812 -0.022922 0.25954
602.11 36951 2947.2 3285.8 26410 0.11561 29196 9841.3 1.812 -0.022498 0.26736
603.81 37539 2961.8 3260.6 24390 0.11882 28780 9931.5 1.812 -0.021741 0.27973
605.26 38054 2974.4 3239.2 22760 0.12141 26885 9281.4 1.812 -0.021095 0.27993
605.66 38198 2978 3233.3 22325 0.12206 26353 9093.7 1.812 -0.020916 0.27979
606.61 38547 2986.7 3219.1 21309 0.12354 25152 8678.1 1.8121 -0.020487 0.27978
608.32 39182 3002.5 3193.9 19591 0.12587 23045 7936.2 1.8121 -0.01972 0.27914
609.76 39732 3016.5 3172.5 18226 0.12757 21485 7405.1 1.8121 -0.019067 0.27953
610.16 39886 3020.4 3166.6 17864 0.128 21069 7262.9 1.8121 -0.018886 0.27962
611.42 40375 3032.9 3147.9 16762 0.12924 19785 6821.7 1.8121 -0.018313 0.27976
613.91 41361 3058.4 3111 14762 0.13126 17735 6169.1 1.8122 -0.017173 0.28309
616.68 42481 3087.6 3070.1 12803 0.13305 15964 5654.7 1.8122 -0.015898 0.29029
618.66 43298 3109.1 3040.8 11554 0.13409 14624 5215.9 1.8123 -0.014978 0.29326
619.17 43512 3114.8 3033.2 11249 0.13432 14250 5084.4 1.8123 -0.014738 0.29344
620.13 43913 3125.4 3019 10703 0.1347 13668 4894.6 1.8123 -0.01429 0.29506
621.83 44632 3144.7 2993.8 9793.6 0.13527 12712 4585.2 1.8123 -0.013489 0.29836
623.28 45247 3161.3 2972.4 9082.7 0.13566 11847 4282.1 1.8124 -0.012805 0.29937
623.68 45418 3166 2966.5 8895.7 0.13574 11612 4198.2 1.8124 -0.012616 0.29952
624.63 45829 3177.2 2952.3 8463.1 0.13592 11083 4012.2 1.8124 -0.012161 0.30018
626.34 46565 3197.5 2927.1 7744.8 0.13613 10192 3696.7 1.8124 -0.011347 0.30119
627.78 47195 3215 2905.7 7198.7 0.1362 9447 3421.1 1.8125 -0.010652 0.3006
628.18 47369 3219.9 2899.8 7063.5 0.13621 9262.2 3352.4 1.8125 -0.010459 0.30043
630.1 48209 3243.7 2871.4 6447.3 0.13615 8423.7 3041.4 1.8125 -0.0095328 0.29966
633.51 49717 3287.3 2821 5473.7 0.13572 7086.5 2544.2 1.8126 -0.0078653 0.29774
636.4 51008 3325.5 2778.2 4759.6 0.1351 6134.9 2195.2 1.8126 -0.0064331 0.2968
637.2 51366 3336.2 2766.4 4595.6 0.13489 5885.7 2098.4 1.8126 -0.0060348 0.29548
639.11 52226 3362.3 2738 4221.3 0.13435 5378.5 1910.2 1.8127 -0.0050748 0.2944
642.52 53765 3409.8 2687.6 3618.7 0.13321 4532 1591.8 1.8127 -0.0033465 0.29089
645.41 55077 3451.4 2644.8 3166.7 0.1321 3904.7 1357.4 1.8128 -0.0018609 0.28776
646.21 55440 3463 2633 3050.9 0.13177 3729.4 1289.7 1.8128 -0.0014476 0.28606
647.16 55876 3477.1 2618.8 2916.9 0.13137 3558.1 1228.1 1.8128 -0.00095042 0.28563
648.87 56653 3502.5 2593.6 2690.9 0.13063 3247.5 1112.8 1.8129 -5.9906e-05 0.28354
650.31 57313 3524.3 2572.2 2511.2 0.12997 2997.3 1020.6 1.8129 0.00070075 0.28143
650.71 57495 3530.4 2566.2 2463.5 0.12979 2931.7 996.9 1.8129 0.00091158 0.28087
651.67 57932 3545.1 2552.1 2352.3 0.12934 2787.2 946.03 1.8129 0.0014184 0.28006
653.37 58712 3571.4 2526.9 2165.1 0.12854 2558.6 868.07 1.813 0.0023263 0.27958
654.82 59374 3594.1 2505.5 2016.6 0.12786 2381.1 808.23 1.813 0.0031019 0.27944
655.22 59557 3600.4 2499.5 1977.2 0.12768 2333 791.85 1.813 0.0033169 0.27933
656.17 59996 3615.6 2485.4 1885.5 0.12723 2224.4 755.41 1.813 0.0038338 0.27931
657.88 60778 3642.9 2460.2 1731.2 0.12644 2040.2 693.31 1.813 0.0047598 0.27911
659.32 61443 3666.3 2438.7 1609.1 0.12578 1895.9 644.89 1.8131 0.0055509 0.2791
659.72 61626 3672.9 2432.8 1576.7 0.1256 1856.7 631.59 1.8131 0.0057702 0.27899
660.68 62067 3688.6 2418.7 1501.4 0.12517 1762.7 599.38 1.8131 0.0062974 0.27841
662.38 62852 3716.9 2393.4 1375 0.1244 1590.8 538.8 1.8131 0.0072421 0.27558
663.83 63519 3741.2 2372 1275.1 0.12374 1442.1 484.96 1.8131 0.0080492 0.27126
664.23 63704 3748 2366.1 1248.7 0.12355 1407.3 472.82 1.8131 0.008273 0.27061
665.49 64286 3769.5 2347.5 1168.4 0.12296 1299.4 434.86 1.8132 0.0089817 0.26814
667.98 65439 3812.8 2310.6 1022.7 0.12176 1091.2 360.22 1.8132 0.010397 0.26065
670.75 66720 3861.9 2269.7 879.94 0.12038 898.67 292.22 1.8133 0.011984 0.25305
672.73 67639 3897.8 2240.3 788.78 0.11937 778.96 250.23 1.8133 0.013134 0.24744
673.24 67878 3907.3 2232.7 766.5 0.11911 752.63 241.16 1.8133 0.013435 0.2465
674.5 68463 3930.5 2214.1 714.28 0.11847 696.37 222.34 1.8133 0.014174 0.24532
676.99 69622 3977.2 2177.2 620.06 0.11721 572.57 180.03 1.8134 0.015649 0.23618
679.76 70907 4030.4 2136.2 528.64 0.1156 389.92 115.72 1.8134 0.017306 0.20231
681.74 71827 4069.6 2106.9 469.55 0.11411 259.63 74.913 1.8134 0.018506 0.16551
682.25 72065 4079.9 2099.3 455.24 0.11367 234.28 67.786 1.8135 0.01882 0.15723
684.17 72948 4118.8 2071 405.71 0.11185 150.01 45.636 1.8135 0.019994 0.12387
687.57 74501 4190.1 2020.5 330.67 0.10788 53.488 25.113 1.8135 0.022113 0.064388
690.46 75791 4252.4 1977.7 278.55 0.10378 8.426 18.361 1.8136 0.023941 0.013934
691.26 76141 4269.9 1965.9 265.81 0.10253 1.2245e-15 17.197 1.8136 0.02445 0
691.26 76141 4269.9 1965.9 265.81 0.10253 1.2245e-15 17.197 1.8136 0.02445 0
692.26 76578 4268.9 1965.9 248 0.10092 2.8313e-15 16.038 1.8136 0.02509 0
693.26 77005 4268 1965.9 231.69 0.099321 -6.172e-16 14.977 1.8136 0.025729 0
694.26 77425 4267.1 1965.9 216.63 0.097717 2.6902e-16 13.998 1.8136 0.026369 0
695.26 77837 4266.2 1965.9 202.73 0.096113 0 13.094 1.8137 0.027008 0
696.26 78243 4265.3 1965.9 189.87 0.094508 0 12.259 1.8137 0.027647 0
697.26 78642 4264.4 1965.9 177.98 0.092902 0 11.487 1.8137 0.028286 0
698.26 79035 4263.6 1965.9 166.98 0.091296 0 10.772 1.8137 0.028925 0
699.26 79420 4262.7 1965.9 156.8 0.089689 0 10.112 1.8137 0.029564 0
700.26 79798 4261.9 1965.9 147.37 0.088081 0 9.4999 1.8137 0.030203 0
701.26 80170 4261.1 1965.9 138.63 0.086473 0 8.9333 1.8137 0.030841 0
702.26 80534 4260.3 1965.9 130.53 0.084865 0 8.4081 1.8137 0.03148 0
703.26 80892 4259.5 1965.9 123.02 0.083256 0 7.9212 1.8138 0.032119 0
704.26 81243 4258.8 1965.9 116.04 0.081646 0 7.4694 1.8138 0.032757 0
705.26 81587 4258 1965.9 109.57 0.080036 0 7.0501 1.8138 0.033396 0
706.26 81923 4257.3 1965.9 103.56 0.078425 0 6.6607 1.8138 0.034034 0
707.26 82254 4256.6 1965.9 97.966 0.076814 0 6.299 1.8138 0.034673 0
708.26 82577 4255.9 1965.9 92.767 0.075203 0 5.9627 1.8138 0.035311 0
709.26 82893 4255.2 1965.9 87.932 0.07359 0 5.6499 1.8138 0.035949 0
710.26 83203 4254.6 1965.9 83.431 0.071978 0 5.359 1.8138 0.036587 0
711.26 83505 4253.9 1965.9 79.241 0.070365 0 5.0882 1.8138 0.037225 0
712.26 83801 4253.3 1965.9 75.337 0.068752 0 4.8359 1.8139 0.037864 0
713.26 84089 4252.7 1965.9 71.7 0.067138 0 4.601 1.8139 0.038502 0
714.26 84371 4252.1 1965.9 68.308 0.065523 0 4.382 1.8139 0.03914 0
715.26 84646 4251.5 1965.9 65.145 0.063909 0 4.1778 1.8139 0.039777 0
716.26 84914 4250.9 1965.9 62.155 0.062294 0 3.9852 1.8139 0.040415 0
717.26 85175 4250.3 1835 0 0.060678 0 0 1.8139 0.041053 0
718.26 85430 4249.8 1835 0 0.059062 0 0 1.8139 0.041691 0
719.26 85677 4249.3 1835 0 0.057446 0 0 1.8139 0.042329 0
720.26 85918 4248.8 1835 0 0.05583 0 0 1.8139 0.042966 0
721.26 86151 4248.3 1835 0 0.054213 0 0 1.8139 0.043604 0
722.26 86378 4247.8 1835 0 0.052596 0 0 1.8139 0.044242 0
723.26 86598 4247.3 1835 0 0.050978 0 0 1.814 0.044879 0
724.26 86811 4246.9 1835 0 0.04936 0 0 1.814 0.045517 0
725.26 87017 4246.5 1835 0 0.047742 0 0 1.814 0.046154 0
726.26 87216 4246.1 1835 0 0.046124 0 0 1.814 0.046792 0
727.26 87409 4245.7 1835 0 0.044505 0 0 1.814 0.047429 0
728.26 87594 4245.3 1835 0 0.042886 0 0 1.814 0.048066 0
729.26 87773 4244.9 1835 0 0.041267 0 0 1.814 0.048704 0
730.26 87944 4244.6 1835 0 0.039647 0 0 1.814 0.049341 0
731.26 88109 4244.2 1835 0 0.038027 0 0 1.814 0.049978 0
732.26 88267 4243.9 1835 0 0.036407 0 0 1.814 0.050616 0
733.26 88418 4243.6 1835 0 0.034787 0 0 1.814 0.051253 0
734.26 88562 4243.3 1835 0 0.033167 0 0 1.814 0.05189 0
735.26 88700 4243 1835 0 0.031546 0 0 1.814 0.052527 0
736.26 88830 4242.8 1835 0 0.029925 0 0 1.814 0.053165 0
737.26 88953 4242.5 1835 0 0.028305 0 0 1.814 0.053802 0
738.26 89070 4242.3 1835 0 0.026683 0 0 1.8141 0.054439 0
739.26 89180 4242.1 1835 0 0.025062 0 0 1.8141 0.055076 0
740.26 89283 4241.9 1835 0 0.023441 0 0 1.8141 0.055713 0
741.26 89379 4241.7 1835 0 0.021819 0 0 1.8141 0.05635 0
742.26 89468 4241.5 1835 0 0.020198 0 0 1.8141 0.056987 0
743.26 89550 4241.4 1835 0 0.018576 0 0 1.8141 0.057624 0
744.26 89625 4241.3 1835 0 0.016954 0 0 1.8141 0.058261 0
745.26 89694 4241.1 1835 0 0.015332 0 0 1.8141 0.058899 0
746.26 89755 4241 1835 0 0.01371 0 0 1.8141 0.059536 0
747.26 89810 4240.9 1835 0 0.012088 0 0 1.8141 0.060173 0
748.26 89858 4240.9 1835 0 0.010466 0 0 1.8141 0.06081 0
749.26 89899 4240.8 1835 0 0.0088436 0 0 1.8141 0.061447 0
750.26 89933 4240.8 1835 0 0.0072214 0 0 1.8141 0.062084 0
751.26 89960 4240.7 1835 0 0.0055991 0 0 1.8141 0.062721 0
752.26 89980 4240.7 1835 0 0.0039768 0 0 1.8141 0.063358 0
753.26 89994 4240.7 1835 0 0.0023546 0 0 1.8141 0.063995 0
754.26 90000 4240.8 1835 0 0.0007323 0 0 1.8141 0.064632 0
755.26 90000 4240.8 1835 0 0 0 0 1.8141 0.065269 0
