time (s) altitude (m) velocity (m/s) mass (kg)trajectory angle (rad) angle of attack (rad) heading angle (rad) latitude (rad)
0 150 30 29388 1.5691 0 1.6724 -0.21673 2.3889
2.6464 241.4 39.152 29007 1.5623 -0.0063339 1.7662 -0.21673 2.3889
7.3597 466.19 56.495 28328 1.5217 -0.0118 1.7743 -0.21673 2.3889
11.359 722.58 72.343 27753 1.4609 -0.0091973 1.7937 -0.21673 2.3889
12.463 804.38 76.925 27594 1.441 -0.0077134 1.7897 -0.21673 2.3889
15.109 1020.2 88.291 27213 1.3887 -0.0032296 1.7918 -0.21672 2.3889
19.822 1474 110.07 26534 1.2896 0.0080605 1.7944 -0.21671 2.3889
23.822 1929.3 130.26 25959 1.2126 0.019052 1.7961 -0.21668 2.3889
24.926 2066.4 136.11 25800 1.194 0.021686 1.7965 -0.21668 2.3889
27.572 2416.2 150.6 25419 1.1556 0.027804 1.7973 -0.21665 2.3889
32.285 3115.7 177.93 24741 1.1108 0.034249 1.7988 -0.2166 2.3889
36.284 3793.8 202.61 24166 1.0949 0.034895 1.7999 -0.21655 2.3889
37.388 3996 209.69 24007 1.0933 0.03477 1.8002 -0.21653 2.3889
40.035 4509 227.05 23627 1.0948 0.03485 1.801 -0.21649 2.3889
44.748 5533.4 259.74 22949 1.1183 0.034896 1.8023 -0.21642 2.3889
48.747 6526.4 288.43 22375 1.1508 0.030469 1.8036 -0.21634 2.3888
49.851 6821.9 296.19 22216 1.1588 0.027697 1.804 -0.21632 2.3888
52.498 7561.9 312.37 21836 1.1662 0.019775 1.8049 -0.21628 2.3888
57.211 8964.6 337.8 21158 1.1362 0.00061865 1.8064 -0.21618 2.3888
61.21 10211 360.41 20584 1.0695 -0.014625 1.8076 -0.21609 2.3888
62.314 10561 367.39 20425 1.0464 -0.017171 1.8079 -0.21606 2.3888
64.96 11408 385.39 20045 0.98702 -0.022588 1.8085 -0.21598 2.3888
69.674 12932 422.97 19367 0.87562 -0.025979 1.8095 -0.2158 2.3887
73.673 14234 461.06 18792 0.78557 -0.026085 1.8102 -0.21562 2.3887
74.777 14594 472.64 18634 0.76213 -0.026869 1.8104 -0.21557 2.3887
77.423 15458 502.35 18253 0.70741 -0.02925 1.8108 -0.21542 2.3886
82.136 16992 562.43 17575 0.61304 -0.03961 1.8114 -0.21512 2.3885
86.135 18273 621.79 17000 0.53395 -0.053165 1.8119 -0.21482 2.3885
87.24 18621 639.81 16841 0.51248 -0.056744 1.812 -0.21473 2.3884
89.886 19442 686.12 16460 0.4634 -0.064879 1.8122 -0.21449 2.3884
94.599 20855 779.15 15781 0.38479 -0.073241 1.8126 -0.21401 2.3883
98.598 21997 867.72 15206 0.32635 -0.072659 1.8129 -0.21354 2.3881
99.702 22302 893.58 15046 0.31123 -0.071598 1.813 -0.2134 2.3881
102.35 23010 957.77 14665 0.27615 -0.067716 1.8132 -0.21305 2.388
107.06 24174 1078.7 13986 0.21626 -0.055336 1.8134 -0.21234 2.3878
111.06 25038 1188 13410 0.16882 -0.041932 1.8136 -0.21166 2.3877
112.17 25253 1219.6 13250 0.15676 -0.038798 1.8137 -0.21147 2.3876
114.81 25727 1297.7 12869 0.1293 -0.031831 1.8138 -0.21097 2.3875
119.52 26415 1445.3 12189 0.086442 -0.024202 1.8139 -0.20999 2.3872
123.52 26843 1578 11612 0.05648 -0.021164 1.814 -0.20908 2.387
124.63 26936 1615.8 11453 0.049336 -0.020193 1.8141 -0.20881 2.3869
