time (s) altitude (m) velocity (m/s) mass (kg) dynamic pressure (Pa)trajectory angle (rad) Lift (N)Drag (N)heading angle (rad) latitude (rad) angle of attack (rad) 
626.85 43416 2931.9 3300 10103 0.15582 12939 4670.1 1.8181 -0.017395 0.2958
628.48 44163 2948.3 3275.8 9194.3 0.15581 11916 4323.6 1.8182 -0.016677 0.29823
631.4 45502 2978.5 3232.6 7782.5 0.15545 10254 3746.6 1.8182 -0.015387 0.30163
633.87 46645 3004.9 3196 6766.1 0.15482 8873 3234.3 1.8183 -0.014283 0.30064
634.55 46961 3012.4 3185.9 6510.9 0.15459 8537 3111.4 1.8183 -0.013977 0.30061
636.19 47721 3030.4 3161.7 5984.7 0.15399 7929.4 2901.5 1.8184 -0.013239 0.30277
639.1 49078 3063.3 3118.5 5152.8 0.15276 6923.6 2546.2 1.8184 -0.011914 0.3057
641.57 50231 3091.9 3081.9 4538.2 0.15157 6053.5 2217.2 1.8185 -0.010778 0.30413
642.26 50550 3100 3071.8 4381.9 0.1512 5839.8 2137.5 1.8185 -0.010462 0.30393
643.89 51314 3119.4 3047.6 4042 0.15031 5436.9 1996.4 1.8185 -0.009703 0.30588
646.81 52676 3154.7 3004.5 3524.7 0.14867 4765.6 1750.9 1.8186 -0.0083385 0.30692
649.28 53831 3185.4 2967.9 3133.3 0.14718 4158.7 1513 1.8186 -0.0071687 0.30295
649.96 54150 3194 2957.8 3032.4 0.14674 4015.2 1458.6 1.8187 -0.0068437 0.30244
651.6 54914 3214.8 2933.5 2802.3 0.1457 3730.5 1357.1 1.8187 -0.0060611 0.30353
654.51 56273 3252.5 2890.4 2431.2 0.1438 3218.6 1165.6 1.8187 -0.0046545 0.30231
656.99 57425 3285.3 2853.8 2152 0.14213 2779 992.96 1.8188 -0.003448 0.29712
657.67 57742 3294.4 2843.7 2080.2 0.14165 2676.7 954.26 1.8188 -0.0031128 0.29637
659.3 58503 3316.6 2819.4 1917 0.14051 2471 880.65 1.8188 -0.0023054 0.2967
662.22 59855 3356.8 2776.3 1654.8 0.13847 2105.4 743.87 1.8189 -0.0008537 0.29398
664.69 60999 3391.7 2739.7 1458.5 0.1367 1807.2 628.66 1.819 0.0003919 0.28866
665.37 61315 3401.4 2729.6 1408.2 0.13621 1737.5 602.75 1.819 0.00073807 0.28783
667.01 62070 3425 2705.4 1294 0.13503 1596.1 553.19 1.819 0.0015719 0.28774
669.92 63411 3467.8 2662.2 1111.3 0.13294 1341.8 460.6 1.8191 0.0030715 0.28364
672.4 64546 3504.8 2625.6 975.22 0.13114 1138.5 385 1.8191 0.0043587 0.27724
673.08 64859 3515.2 2615.5 940.44 0.13064 1091.8 368.64 1.8191 0.0047165 0.27617
674.72 65608 3540.2 2591.3 861.63 0.12945 994.62 335.53 1.8191 0.0055784 0.27509
677.63 66937 3585.6 2548.1 736.08 0.12734 817.98 272.67 1.8192 0.007129 0.26793
680.1 68061 3625 2511.5 642.98 0.12552 681.97 223.69 1.8192 0.0084603 0.25951
680.79 68371 3636 2501.4 619.26 0.125 651.11 212.94 1.8193 0.0088304 0.25799
682.42 69112 3662.6 2477.2 565.64 0.12379 585.02 190.32 1.8193 0.0097222 0.25514
685.34 70427 3711 2434.1 480.62 0.12159 458.01 144.65 1.8193 0.011327 0.24144
687.81 71537 3752.9 2397.4 417.15 0.11963 363.95 112.61 1.8194 0.012705 0.22703
688.49 71842 3764.7 2387.3 400.87 0.11907 342.84 105.57 1.8194 0.013088 0.22395
690.13 72573 3793.1 2363.1 364.31 0.11771 293.29 88.879 1.8194 0.014012 0.21496
693.04 73866 3844.9 2320 307.15 0.11506 186.81 54.118 1.8195 0.015675 0.17716
695.51 74951 3890.1 2283.4 265.79 0.11239 113.14 33.278 1.8195 0.017103 0.13776
696.2 75248 3902.8 2273.3 255.42 0.11158 97.95 29.64 1.8195 0.017501 0.12723
697.83 75956 3933.5 2249 232.25 0.10955 70.683 22.982 1.8195 0.018459 0.10723
700.75 77195 3989.3 2205.9 196.4 0.10548 25.852 14.439 1.8196 0.020184 0.053694
703.22 78221 4037.9 2169.3 170.79 0.10149 4.6643 11.334 1.8196 0.021667 0.012703
703.9 78499 4051.5 2159.2 164.41 0.10032 -1.0538e-15 10.73 1.8196 0.02208 0
703.9 78499 4051.5 2159.2 164.41 0.10032 -1.0538e-15 10.73 1.8196 0.02208 0
704.9 78905 4050.6 2159.2 153.92 0.098568 2.9596e-16 10.041 1.8196 0.022686 0
705.9 79300 4049.7 2159.2 144.31 0.096811 8.7869e-16 9.4109 1.8197 0.023292 0
706.9 79688 4048.8 2159.2 135.42 0.095054 8.2458e-16 8.8282 1.8197 0.023897 0
707.9 80068 4047.9 2159.2 127.2 0.093295 1.3045e-15 8.2893 1.8197 0.024503 0
708.9 80442 4047.1 2159.2 119.6 0.091536 -2.6829e-16 7.7908 1.8197 0.025108 0
709.9 80808 4046.2 2159.2 112.55 0.089777 9.0173e-16 7.3293 1.8197 0.025714 0
710.9 81167 4045.4 2159.2 106.02 0.088017 -2.3784e-16 6.9018 1.8197 0.026319 0
711.9 81519 4044.6 2159.2 99.972 0.086256 1.0252e-15 6.5057 1.8197 0.026924 0
712.9 81864 4043.8 2159.2 94.359 0.084494 -3.0239e-17 6.1384 1.8197 0.027529 0
713.9 82202 4043 2159.2 89.151 0.082732 1.7142e-16 5.7976 1.8198 0.028135 0
714.9 82532 4042.3 2159.2 84.315 0.080969 4.9988e-16 5.4814 1.8198 0.02874 0
715.9 82856 4041.6 2159.2 79.824 0.079206 8.0581e-16 5.1877 1.8198 0.029345 0
716.9 83172 4040.8 2159.2 75.65 0.077442 6.0609e-16 4.9149 1.8198 0.02995 0
717.9 83481 4040.1 2159.2 71.769 0.075678 -1.725e-16 4.6613 1.8198 0.030555 0
718.9 83783 4039.5 2159.2 68.16 0.073913 -2.0751e-16 4.4255 1.8198 0.03116 0
719.9 84078 4038.8 2159.2 64.801 0.072147 -2.9073e-16 4.2062 1.8198 0.031764 0
720.9 84365 4038.1 2159.2 61.673 0.070381 2.8658e-16 4.002 1.8198 0.032369 0
721.9 84645 4037.5 2159.2 58.761 0.068615 -3.3896e-16 3.8119 1.8198 0.032974 0
722.9 84919 4036.9 2159.2 56.01 0.066848 2.6924e-17 3.6327 1.8199 0.033579 0
723.9 85185 4036.3 2028.3 0 0.06508 0 0 1.8199 0.034183 0
724.9 85444 4035.7 2028.3 0 0.063312 -0 0 1.8199 0.034788 0
725.9 85695 4035.2 2028.3 0 0.061544 0 0 1.8199 0.035392 0
726.9 85940 4034.6 2028.3 0 0.059775 0 0 1.8199 0.035997 0
727.9 86178 4034.1 2028.3 0 0.058005 0 0 1.8199 0.036601 0
728.9 86408 4033.6 2028.3 0 0.056236 -0 0 1.8199 0.037206 0
729.9 86631 4033.1 2028.3 0 0.054465 0 0 1.8199 0.03781 0
730.9 86847 4032.6 2028.3 0 0.052695 -0 0 1.8199 0.038414 0
731.9 87056 4032.1 2028.3 0 0.050924 0 0 1.8199 0.039019 0
732.9 87257 4031.7 2028.3 0 0.049153 0 0 1.8199 0.039623 0
733.9 87452 4031.3 2028.3 0 0.047381 0 0 1.82 0.040227 0
734.9 87639 4030.9 2028.3 0 0.045609 -0 0 1.82 0.040831 0
735.9 87819 4030.5 2028.3 0 0.043837 -0 0 1.82 0.041436 0
736.9 87993 4030.1 2028.3 0 0.042064 0 0 1.82 0.04204 0
737.9 88158 4029.7 2028.3 0 0.040292 0 0 1.82 0.042644 0
738.9 88317 4029.4 2028.3 0 0.038518 0 0 1.82 0.043248 0
739.9 88469 4029.1 2028.3 0 0.036745 0 0 1.82 0.043852 0
740.9 88613 4028.8 2028.3 0 0.034971 0 0 1.82 0.044456 0
741.9 88750 4028.5 2028.3 0 0.033197 -0 0 1.82 0.04506 0
742.9 88881 4028.2 2028.3 0 0.031423 -0 0 1.82 0.045664 0
743.9 89004 4027.9 2028.3 0 0.029649 -0 0 1.82 0.046268 0
744.9 89119 4027.7 2028.3 0 0.027874 0 0 1.82 0.046872 0
745.9 89228 4027.5 2028.3 0 0.0261 0 0 1.82 0.047476 0
746.9 89330 4027.3 2028.3 0 0.024325 0 0 1.82 0.04808 0
747.9 89424 4027.1 2028.3 0 0.02255 0 0 1.82 0.048684 0
748.9 89511 4026.9 2028.3 0 0.020775 -0 0 1.82 0.049288 0
749.9 89591 4026.7 2028.3 0 0.018999 0 0 1.82 0.049892 0
750.9 89664 4026.6 2028.3 0 0.017224 -0 0 1.82 0.050496 0
751.9 89730 4026.5 2028.3 0 0.015448 -0 0 1.82 0.0511 0
752.9 89789 4026.4 2028.3 0 0.013672 0 0 1.82 0.051704 0
753.9 89840 4026.3 2028.3 0 0.011897 0 0 1.82 0.052308 0
754.9 89884 4026.2 2028.3 0 0.010121 0 0 1.82 0.052911 0
755.9 89922 4026.2 2028.3 0 0.0083451 0 0 1.82 0.053515 0
756.9 89952 4026.1 2028.3 0 0.0065692 0 0 1.8201 0.054119 0
757.9 89975 4026.1 2028.3 0 0.0047933 0 0 1.8201 0.054723 0
758.9 89990 4026.1 2028.3 0 0.0030173 0 0 1.8201 0.055327 0
759.9 89999 4026.1 2028.3 0 0.0012414 -0 0 1.8201 0.055931 0
760.9 90000 4026.2 2028.3 0 0 -0 0 1.8201 0.056535 0
