time (s) altitude (m) longitude (rad) latitude (rad) velocity (m/s) trajectory angle (rad) heading angle (rad) angle of attack (rad) bank angle (rad) fuel mass (kg) 
124.4 27351 2.3867 -0.20903 1599.4 0.074124 1.8441 -0.015907 1562
140.72 28498 2.3856 -0.20507 1624.3 0.01929 1.8445 0.012918 1535.9
169.79 28448 2.3835 -0.19783 1693.6 -0.010239 1.8449 0.027285 1481.5
194.45 28099 2.3817 -0.1914 1774.6 -0.0047459 1.8452 0.029603 1420.4
201.26 28052 2.3812 -0.18957 1800.8 0.0026747 1.8452 0.023224 1400.5
217.58 28244 2.3799 -0.18508 1862 0.010074 1.8455 0.023366 1353.2
246.65 29057 2.3775 -0.1767 1968.9 0.016848 1.8458 0.018594 1268.9
271.32 29735 2.3753 -0.16924 2055.5 0.0075222 1.8461 0.016154 1201
278.13 29800 2.3747 -0.16712 2079.7 0.0045713 1.8462 0.0099705 1182.4
294.45 29622 2.3732 -0.16195 2139.8 -0.0099129 1.8463 0.012599 1137.1
323.52 29498 2.3705 -0.15236 2243.8 0.011593 1.8465 0.027217 1041.4
348.18 30863 2.3681 -0.14392 2308 0.034009 1.8467 0.0077541 960.33
354.99 31415 2.3674 -0.14155 2318.6 0.019936 1.8468 -0.079916 943.87
371.31 30437 2.3657 -0.1357 2433 -0.043643 1.8468 0.017095 904.85
400.38 30619 2.3627 -0.12503 2433.5 0.073118 1.847 0.063085 785.99
425.04 37875 2.3601 -0.11612 2423.2 0.14136 1.8475 0.060186 726.04
431.85 40044 2.3594 -0.11366 2391.3 0.12579 1.8477 0.071982 732.81
448.17 44303 2.3578 -0.10788 2359.9 0.091854 1.848 0.067292 732.81
477.24 47779 2.3549 -0.097689 2333.3 0.0072751 1.8483 0.079192 732.81
501.91 46090 2.3524 -0.089081 2328.9 -0.063828 1.8483 0.077942 732.81
508.72 44948 2.3517 -0.086711 2330.3 -0.082929 1.8483 0.060669 732.81
525.04 40898 2.3501 -0.081042 2331.4 -0.12257 1.8481 0.085229 735.53
554.11 33005 2.3472 -0.070912 2346.5 -0.091694 1.8477 0.0812 698.41
578.77 30207 2.3447 -0.062165 2389 0.0026229 1.8476 0.033479 612.1
585.58 30508 2.344 -0.059711 2402.4 0.013256 1.8477 -0.012815 588.89
601.9 30730 2.3423 -0.053788 2428.2 0.00045085 1.8477 0.014775 539.93
630.97 30685 2.3393 -0.043081 2474 0.0010751 1.8478 0.0042286 448.1
655.63 30844 2.3367 -0.033851 2506.1 0.0021889 1.8478 0.030281 368.36
662.44 30861 2.3359 -0.031283 2514.7 0.026149 1.8478 0.050563 342.99
678.77 33703 2.3342 -0.025144 2503.1 0.10601 1.848 0.090346 286.35
707.83 43524 2.3311 -0.014453 2439.3 0.1449 1.8486 0.065909 246.49
732.5 50170 2.3286 -0.0055924 2400.9 0.05911 1.849 0.075388 254.85
739.31 50786 2.3279 -0.0031426 2396.1 0.045052 1.849 0.081634 252.17
755.63 51564 2.3262 0.0026994 2388.6 -0.0058465 1.849 0.070165 252.17
784.7 47909 2.3233 0.013087 2396.5 -0.098227 1.8488 0.048961 252.17
809.36 40083 2.3208 0.021899 2414 -0.16299 1.8483 0.038562 252.17
816.17 37299 2.3201 0.024332 2417.8 -0.17518 1.8482 -0.010326 252.17
832.49 30489 2.3184 0.030221 2445.5 -0.14037 1.8478 0.064959 213.77
861.56 30464 2.3154 0.040831 2441.1 0.15652 1.8477 0.09578 66.179
886.23 45135 2.3129 0.049512 2349.1 0.29369 1.8485 0.070039 0.96513
893.03 49505 2.3123 0.051766 2331 0.25524 1.8488 0.0907 7.1754
