time (s) altitude (m) velocity (m/s) mass (kg)trajectory angle (rad) angle of attack (rad) heading angle (rad) latitude (rad)
0 90 30 29388 1.5691 0 1.6525 -0.2123 2.3868
0.17531 95.311 30.592 29363 1.5689 -0.00050213 1.6644 -0.2123 2.3868
0.56161 107.38 31.902 29307 1.5685 -0.0016009 1.6867 -0.2123 2.3868
1.0987 125.01 33.738 29230 1.5675 -0.0030806 1.7093 -0.2123 2.3868
1.7049 146.09 35.831 29142 1.5658 -0.0046414 1.7261 -0.2123 2.3868
2.2877 167.57 37.865 29058 1.5636 -0.0060141 1.7369 -0.2123 2.3868
2.7586 185.78 39.522 28991 1.5613 -0.0070286 1.7432 -0.2123 2.3868
3.0458 197.28 40.54 28949 1.5598 -0.0076102 1.7463 -0.2123 2.3868
3.1159 200.13 40.789 28939 1.5594 -0.0077488 1.747 -0.2123 2.3868
3.2912 207.34 41.413 28914 1.5583 -0.0080925 1.7486 -0.2123 2.3868
3.6775 223.6 42.795 28858 1.5558 -0.0088153 1.7517 -0.2123 2.3868
4.2146 247.1 44.732 28781 1.5519 -0.0097229 1.7553 -0.2123 2.3868
4.8208 274.88 46.938 28694 1.5469 -0.010604 1.7585 -0.2123 2.3868
5.4036 302.85 49.081 28610 1.5414 -0.011303 1.761 -0.2123 2.3868
5.8744 326.36 50.828 28542 1.5366 -0.011767 1.7627 -0.2123 2.3868
6.1617 341.1 51.9 28501 1.5334 -0.012007 1.7636 -0.2123 2.3868
6.2318 344.75 52.162 28491 1.5326 -0.012063 1.7639 -0.2123 2.3868
6.4071 353.94 52.82 28465 1.5306 -0.012197 1.7644 -0.2123 2.3868
6.7934 374.61 54.276 28410 1.5259 -0.012457 1.7654 -0.2123 2.3868
7.3305 404.27 56.317 28332 1.5191 -0.012718 1.7667 -0.2123 2.3868
7.9366 439.06 58.642 28245 1.5107 -0.012867 1.768 -0.2123 2.3868
8.5195 473.82 60.901 28161 1.5021 -0.012863 1.7691 -0.2123 2.3868
8.9903 502.85 62.743 28093 1.4947 -0.012758 1.7699 -0.2123 2.3868
9.2776 520.98 63.874 28052 1.4901 -0.012652 1.7703 -0.2123 2.3868
9.3477 525.45 64.151 28042 1.4889 -0.012624 1.7704 -0.2123 2.3868
9.523 536.72 64.845 28017 1.486 -0.012548 1.7707 -0.2123 2.3868
9.9093 561.97 66.382 27961 1.4794 -0.012346 1.7712 -0.2123 2.3868
10.446 598.04 68.538 27884 1.4699 -0.011966 1.7719 -0.2123 2.3868
11.053 640.08 70.999 27796 1.4587 -0.011396 1.7726 -0.2123 2.3868
11.635 681.87 73.392 27713 1.4474 -0.010704 1.7732 -0.2123 2.3868
12.106 716.6 75.346 27645 1.438 -0.010047 1.7736 -0.2123 2.3868
12.394 738.22 76.547 27603 1.4322 -0.0096082 1.7739 -0.2123 2.3868
12.464 743.54 76.841 27593 1.4308 -0.0094985 1.774 -0.2123 2.3868
12.697 761.43 77.825 27560 1.4259 -0.0091256 1.7742 -0.2123 2.3868
13.212 801.62 80.009 27485 1.4151 -0.0082375 1.7746 -0.21229 2.3868
13.929 859.24 83.083 27382 1.3996 -0.006824 1.7751 -0.21229 2.3868
14.737 926.69 86.606 27266 1.3817 -0.0049753 1.7757 -0.21229 2.3868
15.514 993.99 90.046 27154 1.3641 -0.0029426 1.7762 -0.21229 2.3868
16.142 1050.1 92.861 27064 1.3497 -0.0011343 1.7766 -0.21229 2.3868
16.525 1085.1 94.597 27009 1.341 3.1493e-05 1.7768 -0.21229 2.3868
16.618 1093.7 95.023 26995 1.3389 0.0003193 1.7769 -0.21229 2.3868
16.852 1115.4 96.093 26962 1.3336 0.0010452 1.777 -0.21228 2.3868
17.367 1164.1 98.47 26887 1.3219 0.0026864 1.7773 -0.21228 2.3868
18.083 1233.4 101.82 26784 1.3057 0.0050772 1.7776 -0.21228 2.3868
18.891 1314.1 105.66 26668 1.2878 0.0078964 1.778 -0.21228 2.3868
19.668 1394.2 109.42 26556 1.2709 0.010674 1.7784 -0.21227 2.3868
20.296 1460.6 112.5 26466 1.2577 0.01292 1.7786 -0.21227 2.3868
20.679 1501.9 114.4 26411 1.2497 0.014285 1.7788 -0.21227 2.3868
20.773 1512 114.87 26397 1.2478 0.014616 1.7788 -0.21227 2.3868
21.006 1537.6 116.03 26364 1.2431 0.015444 1.7789 -0.21227 2.3868
21.521 1594.7 118.63 26290 1.2329 0.017251 1.7791 -0.21226 2.3868
22.238 1675.9 122.28 26187 1.2192 0.01968 1.7794 -0.21226 2.3868
23.046 1770 126.46 26070 1.2046 0.022247 1.7797 -0.21225 2.3868
23.823 1863 130.55 25958 1.1913 0.024505 1.78 -0.21225 2.3868
24.451 1939.9 133.89 25868 1.1811 0.026177 1.7802 -0.21224 2.3868
24.834 1987.7 135.94 25813 1.1752 0.027141 1.7803 -0.21224 2.3868
24.927 1999.4 136.45 25800 1.1738 0.027372 1.7803 -0.21224 2.3868
26.669 2225 145.98 25549 1.1496 0.031119 1.7809 -0.21222 2.3868
30.117 2710.5 165.6 25053 1.1133 0.034742 1.782 -0.21219 2.3868
33.94 3313.2 188.55 24503 1.0877 0.034729 1.7831 -0.21214 2.3868
36.679 3789.9 205.83 24109 1.078 0.034536 1.7838 -0.2121 2.3868
37.391 3920.3 210.43 24007 1.0768 0.034606 1.784 -0.21209 2.3868
38.619 4152.1 218.47 23830 1.0762 0.034791 1.7843 -0.21207 2.3868
41.186 4665.7 235.74 23461 1.0802 0.034566 1.7851 -0.21203 2.3868
44.395 5366.9 258.15 23000 1.0955 0.034874 1.786 -0.21197 2.3868
47.386 6086.8 280.12 22570 1.1205 0.033965 1.7868 -0.21192 2.3867
49.358 6599.1 294.41 22287 1.138 0.030667 1.7875 -0.21188 2.3867
49.854 6732.6 297.69 22215 1.1413 0.029731 1.7876 -0.21187 2.3867
51.082 7069.9 305.5 22039 1.1479 0.026642 1.788 -0.21185 2.3867
53.65 7803.7 320.17 21670 1.1505 0.017643 1.7889 -0.2118 2.3867
56.859 8762.5 336.88 21209 1.128 0.0027741 1.7899 -0.21173 2.3867
59.85 9684.6 353.06 20779 1.082 -0.01011 1.7908 -0.21166 2.3867
61.822 10303 364.9 20495 1.0424 -0.01627 1.7913 -0.21161 2.3867
62.318 10459 368.04 20424 1.0317 -0.017593 1.7915 -0.21159 2.3867
62.493 10515 369.16 20399 1.0278 -0.018022 1.7915 -0.21159 2.3867
62.879 10637 371.67 20343 1.0192 -0.018924 1.7916 -0.21158 2.3867
63.417 10807 375.23 20266 1.007 -0.020071 1.7917 -0.21156 2.3867
64.023 10999 379.34 20179 0.99303 -0.021216 1.7919 -0.21154 2.3867
64.605 11185 383.39 20095 0.97934 -0.022163 1.792 -0.21152 2.3867
65.076 11335 386.75 20028 0.96816 -0.022824 1.7921 -0.21151 2.3866
65.364 11426 388.83 19986 0.9613 -0.023183 1.7922 -0.2115 2.3866
65.434 11449 389.34 19976 0.95962 -0.023267 1.7922 -0.2115 2.3866
65.609 11505 390.63 19951 0.95542 -0.023473 1.7922 -0.21149 2.3866
65.995 11628 393.51 19896 0.94612 -0.02389 1.7923 -0.21148 2.3866
66.532 11799 397.58 19818 0.93316 -0.024369 1.7924 -0.21146 2.3866
67.139 11993 402.3 19731 0.9185 -0.024771 1.7926 -0.21143 2.3866
67.721 12179 406.96 19648 0.90443 -0.025019 1.7927 -0.21141 2.3866
68.192 12330 410.81 19580 0.8931 -0.025136 1.7928 -0.21139 2.3866
68.48 12422 413.19 19539 0.88622 -0.025179 1.7928 -0.21138 2.3866
68.55 12444 413.78 19529 0.88454 -0.025189 1.7928 -0.21138 2.3866
68.725 12501 415.25 19503 0.88036 -0.025211 1.7929 -0.21137 2.3866
69.111 12624 418.54 19448 0.87117 -0.025244 1.7929 -0.21136 2.3866
69.648 12796 423.2 19371 0.85848 -0.025255 1.793 -0.21133 2.3866
70.254 12990 428.58 19283 0.8443 -0.025235 1.7931 -0.21131 2.3866
70.837 13177 433.88 19200 0.83082 -0.025215 1.7933 -0.21128 2.3866
71.308 13328 438.26 19132 0.82004 -0.025219 1.7933 -0.21126 2.3866
71.595 13420 440.97 19091 0.81351 -0.025232 1.7934 -0.21125 2.3866
71.665 13443 441.63 19081 0.81193 -0.025236 1.7934 -0.21125 2.3866
71.841 13499 443.3 19055 0.80797 -0.025248 1.7934 -0.21124 2.3866
72.227 13623 447.03 19000 0.79929 -0.025289 1.7935 -0.21122 2.3866
72.764 13795 452.31 18923 0.78734 -0.025404 1.7936 -0.21119 2.3866
73.37 13989 458.39 18836 0.774 -0.025642 1.7937 -0.21116 2.3866
73.953 14176 464.37 18752 0.76129 -0.025994 1.7938 -0.21113 2.3866
74.424 14326 469.3 18684 0.75111 -0.026368 1.7938 -0.21111 2.3866
74.711 14418 472.35 18643 0.74493 -0.026631 1.7939 -0.21109 2.3866
74.781 14441 473.1 18633 0.74343 -0.026698 1.7939 -0.21109 2.3866
74.922 14486 474.6 18613 0.74042 -0.026834 1.7939 -0.21108 2.3865
75.231 14585 477.94 18568 0.73381 -0.027151 1.794 -0.21107 2.3865
75.66 14722 482.65 18506 0.72466 -0.027647 1.794 -0.21104 2.3865
76.145 14877 488.05 18437 0.71437 -0.02829 1.7941 -0.21102 2.3865
76.611 15026 493.32 18370 0.70452 -0.028994 1.7942 -0.21099 2.3865
76.988 15147 497.65 18315 0.69658 -0.029624 1.7942 -0.21097 2.3865
77.218 15220 500.32 18282 0.69175 -0.030031 1.7942 -0.21095 2.3865
77.274 15238 500.97 18274 0.69057 -0.030132 1.7943 -0.21095 2.3865
77.414 15283 502.61 18254 0.68762 -0.030387 1.7943 -0.21094 2.3865
77.723 15381 506.26 18210 0.68113 -0.030969 1.7943 -0.21092 2.3865
78.153 15518 511.39 18148 0.67211 -0.031836 1.7944 -0.2109 2.3865
78.638 15672 517.27 18078 0.66194 -0.032902 1.7944 -0.21087 2.3865
79.104 15821 523.02 18011 0.65215 -0.034013 1.7945 -0.21084 2.3865
79.481 15940 527.73 17957 0.64425 -0.03497 1.7945 -0.21081 2.3865
79.711 16013 530.63 17924 0.63942 -0.035577 1.7946 -0.2108 2.3865
79.767 16031 531.34 17916 0.63824 -0.035726 1.7946 -0.2108 2.3865
79.907 16075 533.13 17896 0.63529 -0.036101 1.7946 -0.21079 2.3865
80.216 16173 537.09 17851 0.62879 -0.036946 1.7946 -0.21077 2.3865
80.646 16308 542.68 17789 0.61974 -0.038173 1.7947 -0.21074 2.3865
81.131 16461 549.08 17720 0.60951 -0.039635 1.7948 -0.2107 2.3865
81.597 16607 555.33 17653 0.59965 -0.041114 1.7948 -0.21067 2.3865
81.974 16725 560.47 17598 0.59168 -0.042352 1.7949 -0.21065 2.3864
82.203 16797 563.63 17565 0.58681 -0.043121 1.7949 -0.21063 2.3864
82.259 16814 564.41 17557 0.58562 -0.043309 1.7949 -0.21063 2.3864
82.4 16858 566.35 17537 0.58264 -0.043781 1.7949 -0.21062 2.3864
82.709 16954 570.68 17493 0.57609 -0.044828 1.7949 -0.21059 2.3864
83.138 17088 576.78 17431 0.56697 -0.046305 1.795 -0.21056 2.3864
83.623 17238 583.78 17361 0.55668 -0.047993 1.795 -0.21052 2.3864
84.09 17381 590.64 17294 0.5468 -0.049626 1.7951 -0.21049 2.3864
84.466 17497 596.27 17240 0.53884 -0.050941 1.7951 -0.21046 2.3864
84.696 17567 599.74 17207 0.534 -0.05174 1.7952 -0.21044 2.3864
84.752 17584 600.59 17199 0.53282 -0.051934 1.7952 -0.21044 2.3864
84.892 17627 602.73 17178 0.52987 -0.052421 1.7952 -0.21043 2.3864
85.201 17721 607.49 17134 0.52338 -0.053486 1.7952 -0.2104 2.3864
85.631 17851 614.2 17072 0.5144 -0.054941 1.7953 -0.21037 2.3864
86.116 17997 621.91 17002 0.50435 -0.056532 1.7953 -0.21033 2.3864
86.582 18137 629.46 16935 0.49477 -0.057998 1.7954 -0.21029 2.3864
86.959 18249 635.66 16881 0.4871 -0.059134 1.7954 -0.21026 2.3864
87.189 18317 639.48 16848 0.48246 -0.05981 1.7954 -0.21024 2.3864
87.245 18334 640.42 16840 0.48133 -0.059974 1.7954 -0.21023 2.3864
87.385 18375 642.78 16820 0.47852 -0.060382 1.7954 -0.21022 2.3863
87.694 18467 648.02 16775 0.47236 -0.061264 1.7955 -0.21019 2.3863
88.124 18593 655.41 16713 0.46388 -0.062439 1.7955 -0.21015 2.3863
88.609 18735 663.88 16644 0.45444 -0.063683 1.7955 -0.21011 2.3863
89.075 18870 672.18 16577 0.44552 -0.064794 1.7956 -0.21007 2.3863
89.452 18979 678.98 16522 0.43841 -0.065633 1.7956 -0.21003 2.3863
89.682 19045 683.18 16489 0.43412 -0.066122 1.7956 -0.21001 2.3863
89.738 19061 684.21 16481 0.43308 -0.06624 1.7956 -0.21 2.3863
89.878 19102 686.79 16461 0.43049 -0.066532 1.7957 -0.20999 2.3863
90.187 19190 692.52 16417 0.42481 -0.067157 1.7957 -0.20996 2.3863
90.617 19312 700.59 16355 0.41703 -0.06797 1.7957 -0.20992 2.3863
91.101 19449 709.83 16285 0.4084 -0.068804 1.7958 -0.20987 2.3863
91.568 19581 718.86 16218 0.40025 -0.069522 1.7958 -0.20983 2.3863
91.944 19686 726.25 16164 0.39377 -0.070045 1.7958 -0.20979 2.3862
92.174 19750 730.8 16130 0.38985 -0.070342 1.7958 -0.20976 2.3862
92.23 19765 731.91 16122 0.38891 -0.070413 1.7959 -0.20976 2.3862
92.371 19804 734.71 16102 0.38654 -0.070589 1.7959 -0.20974 2.3862
92.68 19890 740.91 16058 0.38137 -0.070957 1.7959 -0.20971 2.3862
93.109 20008 749.63 15996 0.37428 -0.071416 1.7959 -0.20967 2.3862
93.594 20140 759.59 15926 0.3664 -0.071858 1.796 -0.20961 2.3862
94.06 20267 769.3 15859 0.35895 -0.072205 1.796 -0.20956 2.3862
94.437 20368 777.24 15805 0.35301 -0.072435 1.796 -0.20952 2.3862
94.667 20430 782.11 15772 0.34943 -0.072555 1.796 -0.2095 2.3862
94.723 20445 783.31 15764 0.34856 -0.072583 1.796 -0.20949 2.3862
94.863 20482 786.3 15743 0.34639 -0.072651 1.7961 -0.20947 2.3862
95.172 20564 792.94 15699 0.34164 -0.072785 1.7961 -0.20944 2.3862
95.602 20678 802.26 15637 0.33511 -0.072924 1.7961 -0.20939 2.3862
96.087 20806 812.89 15567 0.32784 -0.07301 1.7961 -0.20933 2.3861
96.553 20927 823.23 15500 0.32094 -0.073022 1.7962 -0.20928 2.3861
96.93 21025 831.67 15446 0.31543 -0.072984 1.7962 -0.20923 2.3861
97.16 21084 836.85 15413 0.3121 -0.072942 1.7962 -0.2092 2.3861
97.216 21098 838.12 15405 0.31129 -0.07293 1.7962 -0.2092 2.3861
97.356 21134 841.3 15384 0.30927 -0.072899 1.7962 -0.20918 2.3861
97.665 21213 848.34 15340 0.30483 -0.072815 1.7962 -0.20914 2.3861
98.095 21322 858.21 15278 0.29872 -0.07265 1.7963 -0.20909 2.3861
98.58 21444 869.46 15208 0.2919 -0.072391 1.7963 -0.20903 2.3861
99.046 21560 880.38 15141 0.28539 -0.072067 1.7963 -0.20897 2.3861
99.423 21653 889.27 15087 0.28018 -0.071752 1.7964 -0.20892 2.386
99.652 21710 894.73 15054 0.27702 -0.07154 1.7964 -0.20889 2.386
99.708 21723 896.07 15046 0.27625 -0.071486 1.7964 -0.20888 2.386
99.849 21757 899.42 15025 0.27433 -0.071351 1.7964 -0.20886 2.386
100.16 21833 906.82 14981 0.27011 -0.071034 1.7964 -0.20882 2.386
100.59 21936 917.19 14919 0.26427 -0.070539 1.7964 -0.20876 2.386
101.07 22051 928.99 14849 0.25772 -0.0699 1.7965 -0.2087 2.386
101.54 22161 940.43 14782 0.25146 -0.0692 1.7965 -0.20863 2.386
101.92 22249 949.73 14728 0.24642 -0.068577 1.7965 -0.20858 2.386
102.15 22302 955.43 14695 0.24336 -0.068173 1.7965 -0.20855 2.386
102.2 22315 956.83 14687 0.24261 -0.068073 1.7965 -0.20854 2.386
102.34 22347 960.32 14666 0.24075 -0.06782 1.7965 -0.20852 2.3859
102.65 22418 968.05 14622 0.23664 -0.067244 1.7966 -0.20848 2.3859
103.08 22514 978.85 14560 0.23095 -0.066384 1.7966 -0.20842 2.3859
103.57 22622 991.12 14490 0.22454 -0.065328 1.7966 -0.20834 2.3859
104.03 22724 1003 14423 0.2184 -0.064226 1.7966 -0.20828 2.3859
104.41 22806 1012.6 14369 0.21346 -0.063276 1.7966 -0.20822 2.3859
104.64 22855 1018.6 14336 0.21044 -0.062674 1.7967 -0.20818 2.3859
104.69 22867 1020 14327 0.20971 -0.062526 1.7967 -0.20818 2.3859
104.83 22896 1023.6 14307 0.20787 -0.062153 1.7967 -0.20815 2.3859
105.14 22961 1031.6 14263 0.20383 -0.061314 1.7967 -0.20811 2.3859
105.57 23050 1042.8 14201 0.19823 -0.060097 1.7967 -0.20804 2.3858
106.06 23149 1055.5 14131 0.19193 -0.058648 1.7967 -0.20796 2.3858
106.52 23242 1067.7 14064 0.1859 -0.057184 1.7967 -0.20789 2.3858
106.9 23316 1077.7 14009 0.18106 -0.055961 1.7968 -0.20783 2.3858
107.13 23360 1083.8 13976 0.17811 -0.055201 1.7968 -0.20779 2.3858
107.19 23371 1085.3 13968 0.17739 -0.055016 1.7968 -0.20778 2.3858
107.33 23398 1089 13948 0.1756 -0.05455 1.7968 -0.20776 2.3858
107.64 23456 1097.3 13904 0.17167 -0.053515 1.7968 -0.20771 2.3858
108.07 23536 1108.8 13842 0.16624 -0.05206 1.7968 -0.20764 2.3857
108.55 23623 1121.9 13772 0.16017 -0.050403 1.7968 -0.20756 2.3857
109.02 23706 1134.6 13705 0.15438 -0.04881 1.7969 -0.20748 2.3857
109.39 23771 1144.9 13650 0.14976 -0.047532 1.7969 -0.20741 2.3857
109.62 23810 1151.3 13617 0.14696 -0.046758 1.7969 -0.20737 2.3857
109.68 23819 1152.8 13609 0.14628 -0.046569 1.7969 -0.20736 2.3857
109.82 23843 1156.7 13589 0.14458 -0.046098 1.7969 -0.20734 2.3857
110.13 23894 1165.3 13544 0.14086 -0.045066 1.7969 -0.20728 2.3857
110.56 23963 1177.3 13482 0.13574 -0.04366 1.7969 -0.20721 2.3856
111.04 24039 1190.9 13413 0.13003 -0.042129 1.7969 -0.20712 2.3856
111.51 24110 1204.2 13345 0.12462 -0.040723 1.797 -0.20704 2.3856
111.89 24166 1214.9 13291 0.1203 -0.039632 1.797 -0.20697 2.3856
112.12 24199 1221.6 13258 0.11769 -0.038982 1.797 -0.20693 2.3856
112.17 24207 1223.2 13250 0.11705 -0.038825 1.797 -0.20692 2.3856
112.31 24227 1227.2 13230 0.11547 -0.038432 1.797 -0.20689 2.3856
112.62 24270 1236.2 13185 0.112 -0.037579 1.797 -0.20683 2.3856
113.05 24329 1248.7 13123 0.10724 -0.036435 1.797 -0.20675 2.3855
113.54 24392 1263 13053 0.10193 -0.03521 1.797 -0.20666 2.3855
114 24451 1276.9 12986 0.096904 -0.034097 1.797 -0.20657 2.3855
114.38 24497 1288.1 12932 0.092895 -0.033232 1.7971 -0.2065 2.3855
114.61 24524 1295 12899 0.090472 -0.032714 1.7971 -0.20645 2.3855
114.66 24530 1296.7 12891 0.089884 -0.032588 1.7971 -0.20644 2.3855
114.8 24547 1301 12870 0.088417 -0.032274 1.7971 -0.20641 2.3855
115.11 24582 1310.3 12826 0.085208 -0.031584 1.7971 -0.20635 2.3854
115.54 24629 1323.4 12764 0.080805 -0.030632 1.7971 -0.20626 2.3854
116.03 24679 1338.3 12694 0.075921 -0.029556 1.7971 -0.20617 2.3854
116.49 24725 1352.7 12627 0.071317 -0.028497 1.7971 -0.20607 2.3854
116.87 24761 1364.4 12572 0.06767 -0.027611 1.7971 -0.20599 2.3854
117.1 24782 1371.6 12539 0.06548 -0.027056 1.7971 -0.20595 2.3853
117.16 24787 1373.4 12531 0.06495 -0.02692 1.7971 -0.20593 2.3853
117.3 24799 1377.8 12511 0.063631 -0.026577 1.7971 -0.2059 2.3853
117.61 24826 1387.5 12466 0.060763 -0.025804 1.7972 -0.20584 2.3853
118.04 24861 1401.1 12405 0.05687 -0.024673 1.7972 -0.20575 2.3853
118.52 24898 1416.5 12335 0.052622 -0.023305 1.7972 -0.20564 2.3853
118.99 24932 1431.4 12267 0.048701 -0.021894 1.7972 -0.20554 2.3852
119.36 24957 1443.4 12213 0.045664 -0.020687 1.7972 -0.20546 2.3852
119.59 24972 1450.8 12180 0.043873 -0.019923 1.7972 -0.20541 2.3852
119.65 24976 1452.6 12172 0.043444 -0.019734 1.7972 -0.2054 2.3852
119.79 24984 1457.1 12152 0.042382 -0.019258 1.7972 -0.20537 2.3852
120.1 25003 1467.1 12107 0.040113 -0.018184 1.7972 -0.2053 2.3852
120.53 25028 1481 12045 0.037123 -0.016623 1.7972 -0.2052 2.3852
121.01 25053 1496.8 11975 0.034004 -0.014765 1.7972 -0.20509 2.3851
121.48 25076 1512 11908 0.031282 -0.012881 1.7972 -0.20498 2.3851
121.86 25093 1524.3 11854 0.029308 -0.011292 1.7973 -0.2049 2.3851
122.09 25103 1531.8 11821 0.028199 -0.010294 1.7973 -0.20484 2.3851
122.14 25106 1533.6 11813 0.027934 -0.010049 1.7973 -0.20483 2.3851
122.28 25112 1538.3 11792 0.027287 -0.0094327 1.7973 -0.2048 2.3851
122.59 25125 1548.4 11748 0.02593 -0.0080522 1.7973 -0.20473 2.3851
123.02 25141 1562.7 11686 0.024203 -0.0060713 1.7973 -0.20462 2.385
123.51 25159 1578.9 11616 0.022483 -0.0037514 1.7973 -0.20451 2.385
123.97 25175 1594.6 11549 0.021064 -0.0014479 1.7973 -0.20439 2.385
124.35 25188 1607.4 11494 0.02009 0.00044406 1.7973 -0.2043 2.385
124.58 25195 1615.2 11461 0.019571 0.0016046 1.7973 -0.20425 2.3849
124.64 25197 1617.2 11453 0.019454 0.0018875 1.7973 -0.20423 2.3849
