time (s) altitude (m) longitude (rad) latitude (rad) velocity (m/s) trajectory angle (rad) heading angle (rad) angle of attack (rad) bank angle (rad) fuel mass (kg) Third Stage (flag)
124.64 25197 2.3849 -0.20423 1617.2 0.019454 1.7973 0.0018875 1.3354e-05 1562 1
125.31 25217 2.3849 -0.20407 1619.4 0.018568 1.7973 0.0040085 1.821e-05 1560.2 1
126.81 25261 2.3848 -0.2037 1624.7 0.017506 1.7974 0.0091948 3.553e-05 1556.2 1
128.89 25320 2.3847 -0.20318 1632.5 0.017584 1.7974 0.012703 5.3139e-05 1550.5 1
131.23 25389 2.3846 -0.2026 1641.6 0.018129 1.7974 0.01231 5.8277e-05 1543.8 1
133.49 25457 2.3844 -0.20203 1650.5 0.018462 1.7975 0.012102 4.9921e-05 1537.4 1
135.31 25512 2.3843 -0.20157 1657.8 0.018661 1.7975 0.011603 3.4299e-05 1532.1 1
136.42 25547 2.3842 -0.20129 1662.4 0.018717 1.7975 0.011888 2.2372e-05 1528.9 1
136.69 25555 2.3842 -0.20122 1663.5 0.018754 1.7975 0.011825 2.1766e-05 1528.1 1
137.37 25577 2.3842 -0.20105 1666.2 0.018809 1.7976 0.011737 2.7087e-05 1526.1 1
138.86 25624 2.3841 -0.20067 1672.4 0.018898 1.7976 0.011618 4.467e-05 1521.7 1
140.94 25690 2.384 -0.20014 1681.2 0.019004 1.7976 0.011665 5.9866e-05 1515.5 1
143.29 25765 2.3838 -0.19954 1691.2 0.019133 1.7977 0.011712 6.421e-05 1508.4 1
145.54 25838 2.3837 -0.19895 1701.1 0.019257 1.7977 0.011755 5.6149e-05 1501.4 1
147.36 25898 2.3836 -0.19848 1709.2 0.019365 1.7977 0.01183 3.8693e-05 1495.7 1
148.47 25935 2.3835 -0.19819 1714.2 0.019448 1.7978 0.01204 2.5298e-05 1492.2 1
148.74 25944 2.3835 -0.19812 1715.4 0.019475 1.7978 0.012058 2.4587e-05 1491.4 1
149.42 25967 2.3835 -0.19794 1718.5 0.019535 1.7978 0.01199 3.058e-05 1489.2 1
150.92 26018 2.3834 -0.19755 1725.3 0.019642 1.7978 0.011888 5.0375e-05 1484.5 1
152.99 26088 2.3832 -0.197 1735 0.019769 1.7979 0.011896 6.7473e-05 1477.7 1
155.34 26169 2.3831 -0.19638 1746 0.019877 1.7979 0.011709 7.2314e-05 1470.1 1
157.59 26248 2.383 -0.19578 1756.9 0.01986 1.7979 0.011293 6.2966e-05 1462.6 1
159.42 26311 2.3828 -0.19529 1765.7 0.019739 1.798 0.011028 4.3127e-05 1456.5 1
160.53 26350 2.3828 -0.19499 1771.2 0.019643 1.798 0.011075 2.8057e-05 1452.7 1
160.8 26359 2.3827 -0.19492 1772.5 0.019622 1.798 0.011075 2.7241e-05 1451.8 1
161.48 26383 2.3827 -0.19474 1775.8 0.019559 1.798 0.010939 3.3801e-05 1449.5 1
162.97 26435 2.3826 -0.19433 1783.1 0.019372 1.798 0.010713 5.521e-05 1444.5 1
165.05 26506 2.3825 -0.19377 1793.1 0.019085 1.7981 0.010826 7.3415e-05 1437.5 1
167.39 26586 2.3823 -0.19312 1804.4 0.018817 1.7981 0.011057 7.8619e-05 1429.6 1
169.65 26663 2.3822 -0.1925 1815.3 0.018608 1.7982 0.01121 6.8965e-05 1422 1
171.47 26724 2.3821 -0.192 1824.1 0.018459 1.7982 0.011293 4.8348e-05 1415.8 1
172.58 26761 2.382 -0.19169 1829.5 0.018383 1.7982 0.011517 3.2958e-05 1412.1 1
172.85 26770 2.382 -0.19161 1830.8 0.018372 1.7982 0.011528 3.2517e-05 1411.2 1
173.76 26801 2.3819 -0.19136 1835.2 0.018319 1.7982 0.011395 4.65e-05 1408.1 1
175.75 26868 2.3818 -0.1908 1844.8 0.018153 1.7983 0.011288 8.5166e-05 1401.4 1
178.52 26960 2.3816 -0.19002 1858.3 0.01792 1.7983 0.011425 0.0001131 1392 1
181.65 27064 2.3814 -0.18913 1873.5 0.017685 1.7984 0.01149 0.00012219 1381.5 1
184.65 27163 2.3812 -0.18827 1888.2 0.017447 1.7984 0.011506 0.000108 1371.3 1
187.08 27243 2.381 -0.18757 1900.1 0.017244 1.7985 0.011544 7.4303e-05 1363.1 1
188.56 27292 2.3809 -0.18714 1907.4 0.017143 1.7985 0.011886 4.273e-05 1358.1 1
188.93 27303 2.3809 -0.18704 1909.1 0.017133 1.7985 0.011913 4.0636e-05 1356.9 1
189.83 27333 2.3808 -0.18678 1913.6 0.01709 1.7985 0.011777 5.5565e-05 1353.8 1
191.82 27398 2.3807 -0.18619 1923.4 0.016942 1.7985 0.011623 9.8185e-05 1347.1 1
194.59 27488 2.3805 -0.18538 1937 0.016722 1.7986 0.011779 0.00013003 1337.7 1
197.72 27589 2.3803 -0.18445 1952.4 0.016517 1.7986 0.011849 0.00013987 1327.1 1
200.73 27686 2.3801 -0.18356 1967.2 0.016264 1.7987 0.01167 0.00012338 1317 1
203.15 27763 2.3799 -0.18283 1979.2 0.016011 1.7987 0.011735 8.4578e-05 1308.8 1
204.64 27810 2.3798 -0.18238 1986.5 0.015902 1.7987 0.012235 4.8716e-05 1303.8 1
205 27821 2.3798 -0.18227 1988.3 0.015894 1.7987 0.012281 4.6251e-05 1302.6 1
205.9 27850 2.3797 -0.182 1992.8 0.015858 1.7988 0.012181 6.3281e-05 1299.5 1
207.89 27913 2.3796 -0.18139 2002.6 0.015754 1.7988 0.012202 0.00011162 1292.8 1
210.67 28000 2.3794 -0.18054 2016.3 0.015644 1.7988 0.012342 0.00014748 1283.4 1
213.79 28099 2.3791 -0.17958 2031.8 0.015452 1.7989 0.012048 0.00015808 1272.8 1
216.8 28193 2.3789 -0.17865 2046.8 0.015211 1.7989 0.012289 0.00013974 1262.7 1
219.23 28268 2.3787 -0.17789 2058.9 0.015089 1.799 0.012435 9.7414e-05 1254.5 1
220.71 28314 2.3786 -0.17742 2066.4 0.015007 1.799 0.012452 5.9491e-05 1249.5 1
221.07 28325 2.3786 -0.17731 2068.2 0.014991 1.799 0.012435 5.8323e-05 1248.3 1
222.43 28367 2.3785 -0.17688 2075 0.014908 1.799 0.012338 0.00010141 1243.7 1
225.42 28459 2.3783 -0.17593 2090 0.014599 1.799 0.011835 0.00019627 1233.6 1
229.57 28584 2.378 -0.17461 2110.7 0.014006 1.7991 0.012119 0.00025001 1219.6 1
234.26 28722 2.3776 -0.17309 2133.4 0.013644 1.7992 0.012411 0.00026552 1203.8 1
238.77 28850 2.3773 -0.17162 2154.3 0.012709 1.7992 0.010565 0.00022887 1188.8 1
242.41 28946 2.377 -0.17042 2170.6 0.011734 1.7993 0.012282 0.00016232 1176.6 1
244.64 29002 2.3768 -0.16969 2180.5 0.011667 1.7993 0.013378 7.9809e-05 1169.1 1
245.18 29016 2.3768 -0.16951 2182.8 0.011645 1.7993 0.013388 7.1266e-05 1167.3 1
246.54 29050 2.3766 -0.16905 2188.7 0.011595 1.7993 0.012819 0.00011393 1162.7 1
249.52 29125 2.3764 -0.16806 2201.3 0.011187 1.7994 0.011966 0.00021264 1152.7 1
253.68 29225 2.3761 -0.16666 2218.4 0.010511 1.7994 0.012427 0.00027069 1138.8 1
258.37 29332 2.3757 -0.16507 2237 0.010005 1.7995 0.01278 0.00028933 1123.1 1
262.88 29431 2.3753 -0.16353 2254.2 0.0094946 1.7996 0.012617 0.00025533 1108 1
266.52 29507 2.375 -0.16227 2267.7 0.0090198 1.7996 0.012721 0.00017634 1095.9 1
268.75 29552 2.3749 -0.16151 2275.7 0.0088596 1.7996 0.014003 8.5764e-05 1088.4 1
269.29 29563 2.3748 -0.16132 2277.7 0.0088881 1.7996 0.014013 7.6167e-05 1086.6 1
270.64 29590 2.3747 -0.16085 2282.5 0.0088569 1.7996 0.013203 0.00012092 1082 1
273.63 29649 2.3745 -0.15981 2292.8 0.0083941 1.7997 0.012314 0.00022488 1072.1 1
277.79 29728 2.3741 -0.15835 2306.9 0.0080476 1.7997 0.013928 0.00028453 1058.2 1
282.48 29814 2.3737 -0.1567 2322.2 0.0077369 1.7998 0.012514 0.00029746 1042.5 1
286.99 29891 2.3734 -0.1551 2336.3 0.0070201 1.7998 0.013499 0.00025601 1027.5 1
290.63 29951 2.373 -0.15381 2347.5 0.0071431 1.7999 0.01485 0.00017294 1015.3 1
292.85 29989 2.3729 -0.15301 2354.2 0.00719 1.7999 0.013943 8.1746e-05 1007.9 1
293.4 29998 2.3728 -0.15282 2355.8 0.0071768 1.7999 0.013594 7.247e-05 1006.1 1
294.75 30020 2.3727 -0.15233 2359.7 0.0069143 1.7999 0.011153 0.00011208 1001.6 1
297.74 30065 2.3724 -0.15126 2368.1 0.0059268 1.7999 0.012635 0.00021047 991.75 1
301.9 30126 2.3721 -0.14975 2379.9 0.0066165 1.8 0.01715 0.00025716 977.74 1
306.59 30201 2.3717 -0.14805 2392.6 0.0062758 1.8 0.010059 0.00024904 962.15 1
311.1 30261 2.3713 -0.14641 2404.2 0.0050964 1.8001 0.015738 0.0002127 947.32 1
314.74 30308 2.371 -0.14507 2413.8 0.0059017 1.8001 0.014321 0.0001347 935.03 1
316.96 30340 2.3708 -0.14425 2419.3 0.0054864 1.8001 0.013786 5.6736e-05 927.7 1
317.51 30347 2.3707 -0.14405 2420.6 0.0055709 1.8001 0.01393 4.6949e-05 925.88 1
318.41 30359 2.3707 -0.14372 2422.9 0.0055252 1.8001 0.013913 5.9087e-05 922.88 1
320.4 30385 2.3705 -0.14299 2427.8 0.0054247 1.8002 0.013962 9.4266e-05 916.26 1
323.17 30421 2.3703 -0.14196 2434.5 0.0053021 1.8002 0.014057 0.00011472 907.07 1
326.3 30461 2.37 -0.1408 2442 0.0051803 1.8002 0.014108 0.00011231 896.69 1
329.31 30499 2.3697 -0.13968 2449.1 0.0050685 1.8002 0.014146 9.176e-05 886.72 1
331.73 30529 2.3695 -0.13878 2454.7 0.0049858 1.8003 0.01421 5.9208e-05 878.67 1
333.22 30547 2.3694 -0.13822 2458.1 0.0049429 1.8003 0.014274 3.2946e-05 873.76 1
333.58 30551 2.3693 -0.13809 2459 0.0049338 1.8003 0.014298 3.1053e-05 872.56 1
334.48 30562 2.3693 -0.13775 2461 0.0049094 1.8003 0.014247 4.1732e-05 869.56 1
336.47 30586 2.3691 -0.137 2465.6 0.0048453 1.8003 0.014206 7.1874e-05 862.96 1
339.25 30619 2.3688 -0.13596 2471.8 0.0047423 1.8003 0.01417 9.1695e-05 853.79 1
342.37 30655 2.3686 -0.13479 2478.8 0.0046194 1.8004 0.014139 9.4585e-05 843.45 1
345.38 30689 2.3683 -0.13365 2485.4 0.0045098 1.8004 0.014111 7.9982e-05 833.52 1
347.81 30716 2.3681 -0.13273 2490.6 0.00443 1.8004 0.014143 5.2564e-05 825.5 1
349.29 30733 2.3679 -0.13217 2493.9 0.0044031 1.8004 0.014354 2.9208e-05 820.6 1
349.65 30737 2.3679 -0.13203 2494.6 0.0044032 1.8004 0.014391 2.7569e-05 819.41 1
350.55 30747 2.3678 -0.13169 2496.6 0.0044009 1.8004 0.014326 3.6882e-05 816.42 1
352.55 30769 2.3677 -0.13093 2500.9 0.0044179 1.8004 0.014694 6.2662e-05 809.83 1
355.32 30800 2.3674 -0.12988 2506.8 0.0045626 1.8005 0.014623 7.7738e-05 800.66 1
358.44 30835 2.3671 -0.12868 2513.4 0.0043479 1.8005 0.012506 7.6989e-05 790.38 1
361.45 30866 2.3669 -0.12753 2519.6 0.0038952 1.8005 0.01351 6.1228e-05 780.56 1
363.88 30890 2.3666 -0.1266 2524.7 0.0040315 1.8005 0.015823 3.8652e-05 772.54 1
365.36 30906 2.3665 -0.12603 2527.9 0.004339 1.8005 0.016824 2.2083e-05 767.6 1
365.72 30910 2.3665 -0.12589 2528.6 0.0044402 1.8005 0.017252 2.1492e-05 766.4 1
367.08 30926 2.3663 -0.12537 2531.5 0.0048585 1.8005 0.016135 3.596e-05 761.86 1
370.07 30961 2.3661 -0.12422 2537.6 0.0042075 1.8006 0.0089543 7.0103e-05 752.16 1
374.22 30998 2.3657 -0.12261 2545.9 0.0032584 1.8006 0.015868 7.9663e-05 738.69 1
378.91 31046 2.3653 -0.12079 2555.6 0.00472 1.8006 0.015127 7.4628e-05 723.04 1
383.42 31097 2.3648 -0.11904 2564.4 0.0036837 1.8007 0.00979 6.4675e-05 708.47 1
387.07 31128 2.3645 -0.11761 2571.5 0.0033445 1.8007 0.016438 4.1222e-05 696.62 1
389.29 31149 2.3643 -0.11674 2575.9 0.0039951 1.8007 0.015108 1.9701e-05 689.24 1
389.83 31155 2.3643 -0.11653 2576.9 0.0040091 1.8007 0.015803 1.7581e-05 687.46 1
391.19 31169 2.3641 -0.116 2579.6 0.0042268 1.8007 0.014462 2.8679e-05 682.99 1
394.18 31201 2.3639 -0.11483 2585.2 0.0038967 1.8007 0.011186 5.5948e-05 673.31 1
398.33 31239 2.3635 -0.11319 2593 0.0033241 1.8008 0.013508 7.3424e-05 659.87 1
403.02 31281 2.363 -0.11134 2601.8 0.0035723 1.8008 0.013611 8.2151e-05 644.57 1
407.53 31323 2.3626 -0.10955 2610 0.0034417 1.8008 0.012965 7.77e-05 629.93 1
411.18 31355 2.3623 -0.1081 2616.6 0.0034261 1.8008 0.013187 5.5409e-05 618.11 1
413.4 31375 2.3621 -0.10722 2620.6 0.0033713 1.8009 0.012973 2.6587e-05 610.92 1
413.94 31380 2.362 -0.107 2621.6 0.0033719 1.8009 0.01321 2.2235e-05 609.16 1
414.84 31388 2.3619 -0.10664 2623.2 0.0033704 1.8009 0.013088 2.9141e-05 606.23 1
416.84 31405 2.3617 -0.10585 2626.7 0.0033386 1.8009 0.012894 4.9883e-05 599.78 1
419.61 31429 2.3615 -0.10474 2631.6 0.0032848 1.8009 0.012909 6.7102e-05 590.82 1
422.73 31456 2.3612 -0.10349 2637.1 0.0032449 1.8009 0.012863 7.3478e-05 580.72 1
425.74 31482 2.3609 -0.10228 2642.3 0.003191 1.8009 0.012715 6.6181e-05 571.01 1
428.17 31502 2.3607 -0.1013 2646.4 0.0031374 1.8009 0.012709 4.5995e-05 563.18 1
429.65 31514 2.3605 -0.10071 2649 0.0031279 1.8009 0.013004 2.6864e-05 558.4 1
430.01 31517 2.3605 -0.10056 2649.6 0.0031352 1.8009 0.013022 2.5509e-05 557.24 1
430.92 31525 2.3604 -0.1002 2651.1 0.0031432 1.801 0.012862 3.5063e-05 554.32 1
432.91 31541 2.3602 -0.099391 2654.5 0.0031132 1.801 0.012523 6.2409e-05 547.9 1
435.68 31564 2.36 -0.098272 2659.1 0.0030479 1.801 0.012618 8.3751e-05 538.99 1
438.81 31589 2.3597 -0.097007 2664.3 0.0030365 1.801 0.012647 9.1525e-05 528.93 1
441.81 31614 2.3594 -0.095787 2669.2 0.0029732 1.801 0.012237 8.1943e-05 519.27 1
444.24 31633 2.3591 -0.094801 2673.2 0.0028939 1.801 0.012436 5.6903e-05 511.48 1
445.72 31644 2.359 -0.094198 2675.6 0.0029084 1.801 0.012935 3.3076e-05 506.72 1
446.09 31647 2.359 -0.094051 2676.1 0.0029234 1.801 0.012952 3.1446e-05 505.56 1
446.99 31654 2.3589 -0.093683 2677.6 0.0029514 1.801 0.01274 4.315e-05 502.65 1
448.98 31670 2.3587 -0.092871 2680.8 0.0029258 1.801 0.012072 7.657e-05 496.26 1
451.75 31691 2.3584 -0.091741 2685.2 0.0028165 1.8011 0.012211 0.00010244 487.4 1
454.88 31715 2.3581 -0.090463 2690.1 0.0028272 1.8011 0.012502 0.00011162 477.38 1
457.89 31738 2.3578 -0.089232 2694.8 0.0027871 1.8011 0.011872 9.9529e-05 467.77 1
460.31 31755 2.3576 -0.088237 2698.5 0.0026916 1.8011 0.012095 6.8906e-05 460.02 1
461.8 31766 2.3575 -0.087628 2700.8 0.0027072 1.8011 0.012592 3.9953e-05 455.28 1
462.16 31769 2.3574 -0.08748 2701.4 0.0027199 1.8011 0.012614 3.7971e-05 454.12 1
463.06 31776 2.3573 -0.087108 2702.8 0.0027478 1.8011 0.01241 5.2084e-05 451.23 1
465.05 31790 2.3571 -0.086289 2705.8 0.0027036 1.8011 0.011591 9.2244e-05 444.87 1
467.83 31810 2.3569 -0.085148 2710 0.0025866 1.8011 0.01209 0.00012317 436.05 1
470.95 31832 2.3566 -0.083859 2714.6 0.0026939 1.8011 0.012406 0.00013382 426.06 1
473.96 31854 2.3563 -0.082617 2719.1 0.002596 1.8012 0.011002 0.00011881 416.5 1
476.39 31871 2.356 -0.081612 2722.6 0.0024336 1.8012 0.012042 8.2282e-05 408.8 1
477.87 31881 2.3559 -0.080998 2724.8 0.0025348 1.8012 0.012989 4.7747e-05 404.07 1
478.23 31883 2.3559 -0.080849 2725.3 0.0025679 1.8012 0.013019 4.5368e-05 402.91 1
479.13 31890 2.3558 -0.080474 2726.6 0.0026562 1.8012 0.01271 6.2105e-05 400.02 1
481.13 31904 2.3556 -0.079647 2729.5 0.002637 1.8012 0.010879 0.00010946 393.69 1
483.9 31923 2.3553 -0.078497 2733.5 0.0023418 1.8012 0.011205 0.00014588 384.94 1
487.02 31943 2.355 -0.077196 2737.9 0.0024797 1.8012 0.012751 0.00015836 374.99 1
490.03 31964 2.3547 -0.075944 2742.1 0.0025193 1.8012 0.010661 0.00013981 365.45 1
492.46 31980 2.3545 -0.07493 2745.5 0.0022669 1.8012 0.011197 9.6573e-05 357.8 1
493.94 31989 2.3543 -0.074312 2747.6 0.0023019 1.8012 0.012111 5.6008e-05 353.1 1
494.3 31992 2.3543 -0.074161 2748.1 0.0023122 1.8013 0.012162 5.3217e-05 351.95 1
495.21 31997 2.3542 -0.073783 2749.3 0.0023553 1.8013 0.011913 7.273e-05 349.08 1
497.2 32010 2.354 -0.072949 2752 0.00231 1.8013 0.010785 0.00012818 342.78 1
499.97 32027 2.3537 -0.071789 2755.8 0.0021273 1.8013 0.011232 0.00017076 334.05 1
503.1 32046 2.3534 -0.070478 2760 0.0022371 1.8013 0.011962 0.00018531 324.16 1
506.1 32064 2.3531 -0.069216 2764 0.0021837 1.8013 0.01033 0.00016352 314.67 1
508.53 32078 2.3529 -0.068194 2767.2 0.0019688 1.8013 0.01103 0.00011173 307.05 1
510.01 32086 2.3527 -0.067571 2769.2 0.0020243 1.8013 0.012078 6.1944e-05 302.37 1
510.38 32089 2.3527 -0.067419 2769.7 0.0020497 1.8013 0.012167 5.7373e-05 301.23 1
511.05 32092 2.3526 -0.067133 2770.5 0.0021074 1.8013 0.012107 6.9094e-05 299.08 1
512.55 32101 2.3525 -0.066503 2772.5 0.0022041 1.8013 0.011682 0.00010913 294.35 1
514.63 32114 2.3523 -0.065627 2775.2 0.0022264 1.8013 0.010901 0.00014471 287.81 1
516.97 32128 2.352 -0.064637 2778.2 0.0020654 1.8013 0.010009 0.00015441 280.46 1
519.23 32140 2.3518 -0.063684 2781.1 0.0018251 1.8013 0.010259 0.0001355 273.41 1
521.05 32150 2.3516 -0.062914 2783.4 0.0018091 1.8014 0.011799 9.3895e-05 267.69 1
522.16 32155 2.3515 -0.062443 2784.8 0.0019365 1.8014 0.012518 6.1638e-05 264.18 1
522.43 32157 2.3515 -0.062328 2785.1 0.0019752 1.8014 0.012572 5.9837e-05 263.32 1
523.11 32161 2.3514 -0.062041 2786 0.0020753 1.8014 0.012513 7.4279e-05 261.17 1
524.6 32170 2.3513 -0.061408 2787.9 0.0022511 1.8014 0.011808 0.00012118 256.45 1
526.68 32183 2.3511 -0.060527 2790.5 0.0022616 1.8014 0.010148 0.00016042 249.93 1
529.03 32197 2.3508 -0.059531 2793.3 0.0019292 1.8014 0.0089628 0.00017123 242.63 1
531.28 32208 2.3506 -0.058573 2796.1 0.0015916 1.8014 0.010024 0.00015067 235.63 1
533.1 32216 2.3504 -0.057799 2798.3 0.0016395 1.8014 0.012194 0.0001051 229.92 1
534.21 32221 2.3503 -0.057326 2799.7 0.0018402 1.8014 0.012963 6.8968e-05 226.4 1
534.48 32223 2.3503 -0.05721 2800 0.0018964 1.8014 0.013001 6.7015e-05 225.54 1
535.16 32226 2.3502 -0.056922 2800.9 0.0020381 1.8014 0.012854 8.3136e-05 223.39 1
536.66 32235 2.3501 -0.056285 2802.7 0.0022615 1.8014 0.011571 0.00013521 218.68 1
538.73 32249 2.3499 -0.055399 2805.1 0.0021953 1.8014 0.0092679 0.00017842 212.19 1
541.08 32262 2.3496 -0.054399 2807.9 0.0017559 1.8014 0.0085606 0.00019062 204.94 1
543.33 32272 2.3494 -0.053436 2810.6 0.0014475 1.8014 0.010086 0.00016797 197.96 1
545.16 32279 2.3492 -0.052657 2812.7 0.0015422 1.8014 0.012142 0.00011711 192.26 1
546.27 32284 2.3491 -0.052182 2814.1 0.0017625 1.8014 0.012897 7.6813e-05 188.75 1
546.54 32286 2.3491 -0.052066 2814.4 0.0018237 1.8014 0.012922 7.4627e-05 187.89 1
547.22 32289 2.349 -0.051776 2815.2 0.0019756 1.8014 0.012722 9.2558e-05 185.75 1
548.71 32298 2.3489 -0.051136 2816.9 0.0022064 1.8014 0.011336 0.00015043 181.05 1
550.79 32311 2.3487 -0.050245 2819.3 0.0021513 1.8014 0.0091188 0.00019849 174.58 1
553.13 32324 2.3484 -0.04924 2822 0.0017136 1.8014 0.0081633 0.00021195 167.36 1
555.39 32334 2.3482 -0.048272 2824.5 0.0013322 1.8015 0.0093952 0.0001866 160.41 1
557.21 32340 2.348 -0.04749 2826.6 0.0013624 1.8015 0.011665 0.00013015 154.73 1
558.32 32345 2.3479 -0.047012 2827.9 0.0015717 1.8015 0.01265 8.5421e-05 151.24 1
558.59 32346 2.3479 -0.046895 2828.2 0.0016337 1.8015 0.012713 8.3009e-05 150.39 1
559.27 32349 2.3478 -0.046604 2828.9 0.0017922 1.8015 0.012634 0.00010303 148.25 1
560.77 32358 2.3477 -0.045961 2830.6 0.0020765 1.8015 0.011678 0.00016737 143.55 1
562.84 32370 2.3474 -0.045066 2832.9 0.0021693 1.8015 0.0095839 0.00021999 137.08 1
565.19 32384 2.3472 -0.044056 2835.5 0.0017863 1.8015 0.0075786 0.00023382 129.87 1
567.44 32393 2.347 -0.043084 2838 0.0012423 1.8015 0.0082589 0.00020641 122.97 1
569.26 32399 2.3468 -0.042297 2840 0.0011677 1.8015 0.011224 0.00014503 117.34 1
570.38 32403 2.3467 -0.041817 2841.2 0.0013771 1.8015 0.012479 9.5453e-05 113.85 1
570.65 32404 2.3466 -0.0417 2841.5 0.0014405 1.8015 0.012581 9.2764e-05 113 1
571.33 32407 2.3466 -0.041407 2842.2 0.0016099 1.8015 0.012591 0.00011506 110.87 1
572.82 32415 2.3464 -0.040761 2843.8 0.0019386 1.8015 0.011837 0.00018641 106.18 1
574.9 32427 2.3462 -0.039863 2846.1 0.0021409 1.8015 0.0099757 0.0002437 99.711 1
577.24 32441 2.346 -0.038848 2848.6 0.0018613 1.8015 0.007418 0.0002571 92.505 1
579.5 32451 2.3457 -0.037871 2851 0.0012136 1.8015 0.007102 0.00022661 85.646 1
581.32 32456 2.3456 -0.037081 2852.9 0.00099249 1.8015 0.010473 0.00016046 80.055 1
582.43 32460 2.3455 -0.036599 2854.1 0.0011759 1.8015 0.012108 0.0001062 76.588 1
582.7 32461 2.3454 -0.036481 2854.3 0.0012349 1.8015 0.012278 0.00010331 75.74 1
583.38 32463 2.3454 -0.036187 2855.1 0.0014043 1.8015 0.012432 0.00012841 73.615 1
584.87 32470 2.3452 -0.035538 2856.6 0.0018108 1.8015 0.012589 0.00020872 68.927 1
586.95 32482 2.345 -0.034635 2858.7 0.0022103 1.8015 0.010126 0.0002699 62.442 1
589.3 32496 2.3447 -0.033616 2861.2 0.001733 1.8015 0.0054436 0.00027873 55.292 1
591.55 32504 2.3445 -0.032635 2863.5 0.00089112 1.8015 0.0075997 0.00024889 48.488 1
593.37 32509 2.3443 -0.031842 2865.4 0.0010275 1.8016 0.012923 0.00018168 42.85 1
594.48 32513 2.3442 -0.031357 2866.5 0.001466 1.8016 0.013831 0.00012141 39.349 1
594.76 32514 2.3442 -0.031239 2866.8 0.0015753 1.8016 0.013751 0.00011824 38.496 1
595.43 32517 2.3441 -0.030944 2867.4 0.0018395 1.8016 0.013457 0.00014567 36.36 1
596.93 32526 2.344 -0.030292 2868.9 0.0022796 1.8016 0.010849 0.00023002 31.682 1
599.01 32539 2.3438 -0.029385 2871 0.0018264 1.8016 0.0041664 0.00027025 25.367 1
601.35 32547 2.3435 -0.028362 2873.4 0.00067563 1.8016 0.0067478 0.00030428 18.356 1
603.61 32552 2.3433 -0.027376 2875.6 0.0010462 1.8016 0.015369 0.00027611 11.36 1
605.43 32561 2.3431 -0.02658 2877.4 0.0026309 1.8016 0.021371 0.00013992 5.487 1
606.54 32572 2.343 -0.026094 2878.5 0.0041277 1.8016 0.025413 3.0381e-05 1.8152 1
606.81 32575 2.343 -0.025975 2878.8 0.0045562 1.8016 0.02627 0 0.90969 1
606.81 32575 2.343 -0.025975 2878.8 0.0045562 1.8016 0.02627 0 0.90969 0
607.24 32582 2.3429 -0.025788 2874.4 0.0064996 1.8016 0.026771 0.019987 0.89515 0
608.18 32605 2.3428 -0.025376 2864.8 0.010928 1.802 0.028648 0.086176 0.89064 0
609.49 32658 2.3427 -0.024806 2851.1 0.017401 1.8034 0.031376 0.17709 0.88021 0
610.97 32747 2.3425 -0.024167 2835.5 0.024989 1.8062 0.034583 0.28438 0.87566 0
612.4 32863 2.3424 -0.023556 2820.3 0.032362 1.8103 0.037426 0.38161 0.86709 0
613.55 32977 2.3423 -0.023066 2807.9 0.038197 1.8144 0.039494 0.45719 0.86267 0
614.25 33056 2.3422 -0.022768 2800.4 0.041651 1.8173 0.040346 0.49229 0.85526 0
614.42 33076 2.3422 -0.022695 2798.6 0.042476 1.8181 0.04047 0.49834 0.85316 0
614.85 33128 2.3421 -0.022514 2794.1 0.044513 1.8199 0.040796 0.51294 0.84416 0
615.79 33251 2.342 -0.022117 2784.2 0.048849 1.8243 0.042165 0.56735 0.84145 0
617.11 33439 2.3419 -0.021567 2770.6 0.054473 1.831 0.044364 0.64542 0.83459 0
618.59 33674 2.3417 -0.020952 2755.4 0.06016 1.8395 0.04704 0.7361 0.83137 0
620.01 33918 2.3415 -0.020365 2741.1 0.064877 1.8485 0.049459 0.81442 0.82539 0
621.16 34128 2.3414 -0.019894 2729.8 0.068133 1.8563 0.051166 0.86874 0.82201 0
621.86 34259 2.3413 -0.019608 2723 0.069888 1.8611 0.051842 0.88947 0.81656 0
622.03 34292 2.3413 -0.019539 2721.4 0.070296 1.8623 0.051931 0.89235 0.81492 0
622.46 34374 2.3412 -0.019365 2717.3 0.071281 1.8652 0.052182 0.9005 0.80768 0
623.4 34559 2.3411 -0.018984 2708.5 0.073254 1.8717 0.05328 0.93404 0.80556 0
624.72 34823 2.341 -0.018457 2696.6 0.075492 1.8809 0.05509 0.98375 0.79998 0
626.2 35127 2.3408 -0.017868 2683.5 0.07734 1.8915 0.057266 1.0351 0.79732 0
627.62 35424 2.3406 -0.017306 2671.4 0.078526 1.9017 0.059168 1.07 0.79236 0
628.77 35666 2.3404 -0.016856 2661.8 0.079162 1.9099 0.060431 1.087 0.78949 0
629.47 35814 2.3403 -0.016582 2656.2 0.079438 1.9149 0.060898 1.0916 0.78487 0
629.64 35850 2.3403 -0.016515 2654.8 0.079495 1.9161 0.060956 1.0924 0.78345 0
630.07 35940 2.3402 -0.016349 2651.4 0.079616 1.919 0.061124 1.0952 0.77718 0
631.02 36139 2.3401 -0.015984 2644.1 0.079776 1.9255 0.061874 1.1073 0.77532 0
632.33 36415 2.3399 -0.01548 2634.2 0.07974 1.9343 0.063127 1.1241 0.77043 0
633.81 36724 2.3397 -0.014915 2623.4 0.079401 1.944 0.064602 1.1354 0.76805 0
635.23 37019 2.3395 -0.014376 2613.5 0.078866 1.9531 0.065841 1.1361 0.76366 0
636.38 37255 2.3393 -0.013943 2605.7 0.078337 1.9603 0.06662 1.1324 0.76107 0
637.08 37397 2.3392 -0.013681 2601.1 0.077973 1.9645 0.066894 1.1303 0.75692 0
637.25 37432 2.3392 -0.013617 2599.9 0.077878 1.9656 0.066927 1.1302 0.75564 0
637.68 37519 2.3391 -0.013457 2597.2 0.077629 1.9681 0.067023 1.1309 0.74997 0
638.63 37708 2.339 -0.013106 2591.2 0.077017 1.9736 0.067459 1.1344 0.74825 0
639.94 37967 2.3388 -0.012621 2583.2 0.076023 1.9811 0.068189 1.1385 0.7438 0
641.42 38255 2.3385 -0.012078 2574.4 0.074741 1.9892 0.069034 1.1375 0.7416 0
642.84 38526 2.3383 -0.011558 2566.3 0.073397 1.9968 0.069724 1.1309 0.73756 0
643.99 38740 2.3381 -0.011141 2560 0.072254 2.0027 0.070143 1.1243 0.73515 0
644.69 38869 2.338 -0.010888 2556.2 0.071527 2.0062 0.070286 1.1217 0.73132 0
644.87 38900 2.3379 -0.010826 2555.3 0.071345 2.0071 0.070303 1.1216 0.73012 0
645.4 38997 2.3379 -0.010633 2552.5 0.070762 2.0097 0.07038 1.1225 0.72479 0
646.58 39208 2.3377 -0.01021 2546.4 0.0694 2.0154 0.070725 1.1266 0.7232 0
648.22 39493 2.3374 -0.0096256 2538.3 0.067332 2.023 0.071281 1.1298 0.71902 0
650.07 39803 2.3371 -0.0089704 2529.5 0.064825 2.0313 0.071887 1.1238 0.71695 0
651.85 40088 2.3367 -0.0083448 2521.5 0.062325 2.039 0.072343 1.1089 0.71315 0
653.29 40310 2.3365 -0.0078426 2515.2 0.060275 2.0449 0.072602 1.0949 0.71087 0
654.17 40441 2.3363 -0.0075375 2511.5 0.059007 2.0484 0.072685 1.0892 0.70725 0
654.38 40473 2.3363 -0.0074633 2510.6 0.058694 2.0492 0.072695 1.0888 0.70612 0
654.91 40551 2.3362 -0.0072777 2508.4 0.057899 2.0513 0.072723 1.0887 0.70108 0
656.09 40720 2.336 -0.0068701 2503.6 0.056102 2.0559 0.072846 1.0888 0.69956 0
657.73 40944 2.3357 -0.0063061 2497.1 0.053499 2.062 0.073035 1.0869 0.69558 0
659.59 41184 2.3353 -0.0056734 2490.1 0.050458 2.0686 0.073226 1.0774 0.6936 0
661.36 41401 2.335 -0.0050688 2483.7 0.047482 2.0748 0.073356 1.062 0.68998 0
662.8 41566 2.3347 -0.0045829 2478.7 0.045059 2.0796 0.073424 1.0489 0.68779 0
663.68 41662 2.3346 -0.0042875 2475.7 0.043569 2.0825 0.073444 1.0437 0.68433 0
663.89 41685 2.3345 -0.0042156 2474.9 0.043203 2.0832 0.073446 1.0433 0.68323 0
664.43 41741 2.3344 -0.0040359 2473.1 0.042279 2.0849 0.073453 1.0432 0.67843 0
665.61 41862 2.3342 -0.0036408 2469.3 0.040213 2.0886 0.07348 1.043 0.67694 0
667.25 42018 2.3339 -0.003094 2464 0.037267 2.0937 0.073518 1.0413 0.67313 0
669.1 42180 2.3335 -0.00248 2458.3 0.033871 2.0993 0.073549 1.0335 0.6712 0
670.88 42321 2.3332 -0.0018928 2452.9 0.030569 2.1045 0.073564 1.0211 0.66771 0
672.32 42424 2.3329 -0.0014206 2448.7 0.027892 2.1086 0.073569 1.0105 0.66559 0
673.19 42482 2.3327 -0.0011334 2446.2 0.026252 2.1111 0.073571 1.0064 0.66224 0
673.41 42496 2.3327 -0.0010635 2445.6 0.02585 2.1117 0.073571 1.0061 0.66118 0
673.94 42529 2.3326 -0.00088875 2444.1 0.02484 2.1131 0.073572 1.0061 0.65654 0
675.12 42597 2.3324 -0.0005045 2440.9 0.022595 2.1164 0.073575 1.0068 0.65508 0
676.76 42681 2.332 2.7696e-05 2436.4 0.019425 2.1209 0.073583 1.0068 0.65138 0
678.61 42761 2.3317 0.00062541 2431.6 0.015801 2.1258 0.073595 1.0021 0.6495 0
680.39 42822 2.3313 0.0011974 2427 0.0123 2.1305 0.073609 0.99321 0.64611 0
681.83 42859 2.331 0.0016574 2423.4 0.0094736 2.1343 0.073623 0.98528 0.64403 0
682.71 42878 2.3308 0.0019373 2421.2 0.0077494 2.1366 0.07363 0.9822 0.64077 0
682.92 42882 2.3308 0.0020054 2420.7 0.0073284 2.1371 0.073631 0.982 0.63973 0
683.46 42890 2.3307 0.0021757 2419.4 0.0062718 2.1385 0.073635 0.98229 0.63519 0
684.64 42905 2.3304 0.0025503 2416.5 0.0039354 2.1415 0.073655 0.98412 0.63377 0
686.28 42914 2.3301 0.0030691 2412.6 0.00065874 2.1457 0.073701 0.98644 0.63015 0
688.13 42909 2.3297 0.0036519 2408.3 -0.0030588 2.1505 0.073773 0.98508 0.6283 0
689.91 42888 2.3294 0.0042096 2404.2 -0.0066281 2.1551 0.073854 0.97954 0.62498 0
691.34 42860 2.3291 0.0046582 2400.9 -0.0094919 2.1587 0.073918 0.97397 0.62294 0
692.22 42838 2.3289 0.0049311 2398.9 -0.011231 2.161 0.073945 0.97178 0.61974 0
692.44 42833 2.3288 0.0049975 2398.4 -0.011654 2.1615 0.073949 0.97169 0.61872 0
692.97 42817 2.3287 0.0051636 2397.2 -0.012715 2.1629 0.073961 0.97226 0.61424 0
694.15 42778 2.3285 0.0055288 2394.6 -0.015049 2.166 0.074023 0.9754 0.61285 0
695.79 42712 2.3281 0.0060347 2391 -0.018303 2.1703 0.074153 0.98016 0.60928 0
697.64 42623 2.3278 0.0066027 2386.9 -0.021968 2.1751 0.07434 0.98198 0.60747 0
699.42 42523 2.3274 0.0071462 2382.9 -0.025459 2.1799 0.074534 0.97935 0.60419 0
700.86 42431 2.3271 0.0075832 2379.8 -0.028238 2.1838 0.074676 0.97571 0.60217 0
701.74 42370 2.3269 0.007849 2377.8 -0.029915 2.1862 0.074734 0.97424 0.59902 0
701.95 42355 2.3268 0.0079137 2377.3 -0.030321 2.1868 0.074741 0.97423 0.59801 0
702.48 42315 2.3267 0.0080754 2376.2 -0.031338 2.1883 0.074766 0.97508 0.59356 0
703.66 42225 2.3265 0.0084309 2373.5 -0.033567 2.1916 0.074892 0.97959 0.5922 0
705.3 42088 2.3261 0.0089231 2369.9 -0.036651 2.1963 0.075144 0.98679 0.58866 0
707.15 41920 2.3257 0.0094756 2365.7 -0.040095 2.2017 0.075494 0.99153 0.58687 0
708.93 41744 2.3253 0.010004 2361.6 -0.043339 2.2071 0.075841 0.99133 0.58361 0
710.37 41593 2.325 0.010428 2358.3 -0.04589 2.2116 0.076089 0.98915 0.58163 0
711.25 41497 2.3248 0.010686 2356.2 -0.047414 2.2143 0.076188 0.9882 0.5785 0
711.46 41473 2.3248 0.010749 2355.7 -0.047782 2.215 0.076201 0.98826 0.5775 0
712 41412 2.3246 0.010906 2354.4 -0.048699 2.2167 0.076243 0.9894 0.57305 0
713.18 41274 2.3244 0.01125 2351.6 -0.050697 2.2206 0.076453 0.99527 0.57171 0
714.82 41073 2.324 0.011727 2347.6 -0.053436 2.2261 0.076866 1.0048 0.56818 0
716.67 40835 2.3236 0.012262 2342.9 -0.056456 2.2326 0.077425 1.012 0.56641 0
718.45 40594 2.3232 0.012772 2338.2 -0.059249 2.2391 0.077967 1.0135 0.56317 0
719.89 40392 2.3229 0.013182 2334.3 -0.061397 2.2445 0.078347 1.0121 0.5612 0
720.76 40265 2.3227 0.01343 2331.9 -0.062657 2.2479 0.078496 1.0114 0.55808 0
720.98 40233 2.3226 0.013491 2331.3 -0.062959 2.2487 0.078515 1.0116 0.55709 0
721.51 40155 2.3225 0.013642 2329.8 -0.063706 2.2508 0.078579 1.0129 0.55262 0
722.69 39977 2.3222 0.013974 2326.4 -0.065317 2.2556 0.078894 1.02 0.55131 0
724.33 39725 2.3219 0.014432 2321.6 -0.067491 2.2625 0.079502 1.0313 0.54778 0
726.18 39430 2.3214 0.014944 2315.8 -0.069829 2.2708 0.080311 1.04 0.54603 0
727.96 39139 2.321 0.015433 2310 -0.071908 2.2791 0.081079 1.042 0.54279 0
729.4 38898 2.3207 0.015823 2305.2 -0.073425 2.2861 0.081612 1.0405 0.54083 0
730.28 38749 2.3205 0.01606 2302.1 -0.074274 2.2905 0.081819 1.0397 0.53771 0
730.49 38712 2.3204 0.016118 2301.3 -0.074473 2.2916 0.081846 1.0398 0.53673 0
731.03 38620 2.3203 0.016262 2299.4 -0.074959 2.2944 0.081934 1.0414 0.53223 0
732.21 38416 2.32 0.016577 2295 -0.075977 2.3007 0.082368 1.049 0.53093 0
733.85 38128 2.3196 0.017011 2288.7 -0.077294 2.3098 0.083189 1.0609 0.52739 0
735.7 37799 2.3192 0.017494 2281.2 -0.078605 2.3207 0.084257 1.0692 0.52565 0
737.48 37478 2.3188 0.017953 2273.5 -0.079609 2.3318 0.085249 1.0696 0.5224 0
738.91 37218 2.3184 0.018319 2267 -0.080177 2.3412 0.085927 1.0665 0.52045 0
739.79 37058 2.3182 0.018541 2262.9 -0.08041 2.3472 0.086188 1.0649 0.51732 0
740.01 37019 2.3181 0.018594 2261.8 -0.080454 2.3487 0.086222 1.065 0.51634 0
740.54 36922 2.318 0.018728 2259.3 -0.080551 2.3524 0.086334 1.0664 0.51181 0
741.72 36708 2.3177 0.019021 2253.4 -0.080689 2.3608 0.086877 1.0734 0.51052 0
743.36 36410 2.3173 0.019422 2244.9 -0.080735 2.3731 0.087882 1.0836 0.50696 0
745.21 36076 2.3168 0.019867 2234.7 -0.08052 2.3879 0.089159 1.0886 0.50523 0
746.99 35758 2.3164 0.020286 2224.2 -0.07992 2.4029 0.090317 1.0847 0.50196 0
748.43 35505 2.316 0.020618 2215.4 -0.079072 2.4156 0.091093 1.078 0.50001 0
749.31 35352 2.3158 0.020817 2209.8 -0.07839 2.4236 0.091388 1.075 0.49687 0
749.52 35315 2.3157 0.020866 2208.4 -0.078207 2.4256 0.091426 1.0749 0.49588 0
750.05 35223 2.3156 0.020986 2204.9 -0.077729 2.4306 0.091554 1.0758 0.49131 0
751.23 35023 2.3153 0.021248 2197 -0.076576 2.4419 0.092163 1.0803 0.49003 0
752.87 34751 2.3149 0.021605 2185.5 -0.074749 2.4583 0.093264 1.0854 0.48645 0
754.72 34455 2.3144 0.021996 2171.9 -0.072269 2.4778 0.094622 1.0831 0.48471 0
756.5 34182 2.3139 0.022361 2158.1 -0.069296 2.4974 0.09581 1.0719 0.48142 0
757.94 33972 2.3135 0.022648 2146.5 -0.066382 2.5138 0.096581 1.0601 0.47946 0
758.82 33849 2.3133 0.022819 2139.2 -0.064387 2.5241 0.096868 1.0551 0.4763 0
759.03 33820 2.3132 0.02286 2137.4 -0.063881 2.5266 0.096905 1.0547 0.4753 0
759.57 33748 2.3131 0.022962 2132.9 -0.062593 2.5329 0.097031 1.0546 0.4707 0
760.75 33595 2.3127 0.023183 2122.7 -0.059627 2.5472 0.097624 1.0544 0.46941 0
762.39 33395 2.3123 0.023482 2108.2 -0.055184 2.5676 0.098663 1.0508 0.4658 0
764.24 33192 2.3118 0.023805 2091.2 -0.049589 2.5913 0.099887 1.0381 0.46404 0
766.02 33019 2.3113 0.024101 2074.3 -0.04347 2.6146 0.10089 1.0186 0.46073 0
767.46 32898 2.3109 0.024331 2060.3 -0.037962 2.6337 0.1015 1.002 0.45875 0
768.33 32833 2.3106 0.024466 2051.7 -0.034391 2.6454 0.10172 0.99518 0.45555 0
768.55 32818 2.3106 0.024499 2049.6 -0.033506 2.6482 0.10175 0.99453 0.45455 0
769.08 32782 2.3104 0.024579 2044.3 -0.031277 2.6554 0.10185 0.99337 0.4499 0
770.26 32713 2.3101 0.024752 2032.6 -0.026264 2.6712 0.10231 0.98795 0.44859 0
771.9 32638 2.3096 0.024982 2016.1 -0.019017 2.6934 0.10307 0.97601 0.44494 0
773.75 32583 2.3091 0.025226 1997.4 -0.010369 2.7184 0.10389 0.95567 0.44316 0
775.53 32562 2.3086 0.025447 1979.3 -0.0015572 2.7421 0.10446 0.93263 0.43981 0
776.97 32568 2.3082 0.025616 1964.7 0.0058462 2.7609 0.10474 0.91525 0.43779 0
777.85 32582 2.3079 0.025714 1955.9 0.010425 2.7722 0.10483 0.90849 0.43455 0
778.06 32586 2.3079 0.025737 1953.8 0.011539 2.775 0.10484 0.90779 0.43353 0
778.6 32600 2.3077 0.025795 1948.4 0.014311 2.7818 0.10489 0.90623 0.42882 0
779.78 32640 2.3074 0.025919 1936.7 0.02038 2.7967 0.10511 0.89919 0.42748 0
781.42 32717 2.3069 0.026081 1920.7 0.028744 2.817 0.10542 0.88607 0.42377 0
783.27 32835 2.3064 0.026251 1902.9 0.038068 2.8392 0.10563 0.86769 0.42195 0
785.05 32979 2.3059 0.026403 1886.3 0.046848 2.8596 0.10563 0.84962 0.41853 0
786.48 33114 2.3055 0.026517 1873.3 0.053718 2.8754 0.10553 0.83713 0.41647 0
787.36 33206 2.3052 0.026583 1865.5 0.057767 2.8847 0.10548 0.83257 0.41316 0
787.57 33229 2.3052 0.026599 1863.6 0.058732 2.887 0.10547 0.83209 0.41211 0
788.11 33289 2.305 0.026637 1858.9 0.061106 2.8925 0.10547 0.83105 0.40731 0
789.29 33428 2.3047 0.026719 1848.8 0.066143 2.9046 0.10544 0.82657 0.40592 0
790.93 33637 2.3042 0.026826 1835.1 0.072696 2.9207 0.10532 0.81896 0.40213 0
792.78 33895 2.3037 0.026937 1820.3 0.079445 2.938 0.10501 0.80906 0.40025 0
794.56 34160 2.3032 0.027035 1806.7 0.085259 2.9537 0.10457 0.79985 0.39674 0
796 34386 2.3028 0.027107 1796.2 0.089451 2.9657 0.10421 0.79369 0.3946 0
796.87 34529 2.3026 0.027149 1790 0.091778 2.9728 0.10405 0.79154 0.3912 0
797.09 34564 2.3025 0.027159 1788.5 0.092317 2.9745 0.10404 0.79134 0.39011 0
797.62 34653 2.3024 0.027184 1784.8 0.093619 2.9786 0.10399 0.79101 0.38521 0
798.8 34852 2.302 0.027235 1776.7 0.096254 2.9876 0.10373 0.78976 0.38373 0
800.44 35136 2.3016 0.027302 1766 0.099365 2.9996 0.10319 0.7878 0.37983 0
802.29 35464 2.3011 0.02737 1754.5 0.10212 3.0123 0.10238 0.78485 0.37785 0
804.07 35784 2.3006 0.02743 1744 0.10404 3.0238 0.10153 0.78162 0.37423 0
805.51 36045 2.3002 0.027473 1735.9 0.10509 3.0326 0.1009 0.7792 0.372 0
806.39 36205 2.3 0.027499 1731.1 0.10552 3.0378 0.10066 0.77834 0.36847 0
806.6 36244 2.2999 0.027504 1730 0.1056 3.039 0.10063 0.77828 0.36733 0
807.14 36342 2.2998 0.027519 1727.2 0.10577 3.0421 0.10054 0.77835 0.36234 0
808.32 36557 2.2995 0.027549 1721 0.10594 3.0487 0.10014 0.77885 0.36074 0
809.96 36854 2.2991 0.027588 1712.9 0.10573 3.0574 0.099366 0.77968 0.35672 0
811.81 37187 2.2986 0.027627 1704.1 0.10489 3.0667 0.098324 0.77979 0.35461 0
813.59 37502 2.2981 0.02766 1696.1 0.10352 3.0751 0.097321 0.77887 0.35085 0
815.03 37751 2.2977 0.027684 1689.9 0.10204 3.0816 0.096626 0.77776 0.34849 0
815.9 37901 2.2975 0.027697 1686.3 0.10099 3.0854 0.096361 0.77732 0.34481 0
816.12 37938 2.2974 0.0277 1685.4 0.10072 3.0863 0.09633 0.77731 0.34361 0
816.65 38028 2.2973 0.027708 1683.3 0.10001 3.0886 0.096237 0.77751 0.33855 0
817.83 38224 2.297 0.027723 1678.6 0.098315 3.0935 0.095797 0.7786 0.33677 0
819.47 38491 2.2966 0.027743 1672.4 0.095645 3.1 0.094989 0.78031 0.33261 0
821.32 38780 2.2961 0.027761 1665.7 0.092219 3.107 0.093941 0.78127 0.33034 0
823.1 39048 2.2956 0.027775 1659.5 0.088543 3.1134 0.092969 0.78087 0.32643 0
824.54 39254 2.2952 0.027785 1654.8 0.085332 3.1184 0.092312 0.78002 0.3239 0
825.42 39377 2.295 0.02779 1652 0.083274 3.1213 0.092067 0.77965 0.32005 0
825.63 39406 2.295 0.027791 1651.3 0.082761 3.122 0.092037 0.77965 0.31877 0
826.17 39478 2.2948 0.027793 1649.7 0.08146 3.1238 0.091949 0.77988 0.31366 0
827.35 39634 2.2945 0.027798 1646.1 0.078515 3.1276 0.091536 0.78112 0.31165 0
828.99 39839 2.2941 0.027803 1641.3 0.074217 3.1327 0.090786 0.78302 0.30736 0
830.84 40057 2.2936 0.027806 1636.1 0.069103 3.1383 0.089831 0.78411 0.30489 0
832.62 40250 2.2932 0.027806 1631.4 0.063945 3.1434 0.088965 0.78373 0.30084 0
834.05 40395 2.2928 0.027805 1627.7 0.059629 3.1475 0.088389 0.78285 0.29814 0
834.93 40478 2.2926 0.027803 1625.5 0.056935 3.1499 0.088176 0.78247 0.29409 0
835.14 40497 2.2925 0.027803 1625 0.056271 3.1504 0.08815 0.78247 0.29269 0
835.68 40546 2.2924 0.027801 1623.7 0.054599 3.1519 0.088072 0.78271 0.28755 0
836.86 40646 2.2921 0.027798 1620.9 0.050873 3.155 0.087706 0.78398 0.28535 0
838.5 40774 2.2917 0.027791 1617.2 0.045568 3.1593 0.087045 0.78587 0.28102 0
840.35 40901 2.2912 0.027782 1613.2 0.039427 3.1641 0.086215 0.78683 0.27849 0
842.13 41006 2.2908 0.027771 1609.5 0.033383 3.1685 0.085474 0.78621 0.27448 0
843.57 41077 2.2904 0.027761 1606.7 0.028421 3.1721 0.084986 0.78509 0.27177 0
844.44 41115 2.2902 0.027754 1605 0.02536 3.1742 0.084807 0.78459 0.2678 0
844.66 41124 2.2901 0.027752 1604.6 0.02461 3.1747 0.084786 0.78458 0.26645 0
845.19 41144 2.29 0.027747 1603.6 0.022727 3.176 0.084719 0.78478 0.26221 0
846.37 41183 2.2897 0.027737 1601.4 0.018563 3.1788 0.084409 0.78583 0.25987 0
848.01 41224 2.2893 0.027721 1598.5 0.01271 3.1827 0.083865 0.78721 0.2552 0
849.86 41252 2.2888 0.027701 1595.4 0.0060415 3.1871 0.083198 0.78732 0.25611 0
851.64 41260 2.2884 0.02768 1592.6 -0.00042702 3.1912 0.082618 0.78572 0.2551 0
853.08 41253 2.2881 0.027662 1590.3 -0.0056734 3.1945 0.082244 0.78384 0.2559 0
853.96 41243 2.2878 0.02765 1589 -0.0088817 3.1966 0.082107 0.78301 0.25533 0
854.17 41240 2.2878 0.027647 1588.7 -0.0096637 3.1971 0.082091 0.78296 0.25555 0
854.71 41231 2.2876 0.027639 1587.9 -0.011622 3.1983 0.08204 0.78302 0.25555 0
855.89 41205 2.2874 0.027623 1586.2 -0.015941 3.201 0.081812 0.78333 0.25555 0
857.53 41156 2.287 0.027598 1583.9 -0.02195 3.2048 0.081446 0.78318 0.25555 0
859.38 41081 2.2865 0.027568 1581.5 -0.028722 3.2092 0.081067 0.78118 0.25555 0
861.16 40991 2.2861 0.027537 1579.2 -0.035202 3.2133 0.080818 0.77765 0.25555 0
862.6 40906 2.2857 0.027511 1577.4 -0.040398 3.2167 0.080699 0.77455 0.25555 0
863.47 40848 2.2855 0.027495 1576.3 -0.043549 3.2188 0.080665 0.77333 0.25555 0
863.69 40833 2.2854 0.027491 1576.1 -0.044314 3.2193 0.080659 0.77322 0.25555 0
864.22 40795 2.2853 0.027481 1575.4 -0.046227 3.2206 0.080637 0.7731 0.25555 0
865.4 40705 2.285 0.027457 1574 -0.050419 3.2235 0.080538 0.7726 0.25555 0
867.04 40567 2.2846 0.027424 1572.1 -0.056194 3.2275 0.080387 0.77127 0.25555 0
868.89 40395 2.2842 0.027384 1570 -0.062618 3.2321 0.080225 0.76839 0.25555 0
870.67 40212 2.2837 0.027344 1568.1 -0.068681 3.2367 0.080096 0.76474 0.25555 0
872.11 40052 2.2834 0.02731 1566.5 -0.073485 3.2404 0.080018 0.76191 0.25555 0
872.99 39949 2.2832 0.027288 1565.5 -0.076371 3.2427 0.079989 0.76084 0.25555 0
873.2 39923 2.2831 0.027283 1565.3 -0.077069 3.2433 0.079985 0.76075 0.25555 0
873.74 39858 2.283 0.02727 1564.7 -0.078808 3.2447 0.079968 0.76065 0.25555 0
874.91 39709 2.2827 0.02724 1563.4 -0.082594 3.2479 0.079882 0.76031 0.25555 0
876.55 39491 2.2823 0.027197 1561.6 -0.087745 3.2525 0.07971 0.75965 0.25555 0
878.41 39230 2.2819 0.027146 1559.6 -0.093386 3.2579 0.07947 0.75827 0.25555 0
880.19 38964 2.2814 0.027095 1557.6 -0.09862 3.2632 0.079228 0.75654 0.25555 0
881.62 38739 2.2811 0.027052 1556 -0.1027 3.2676 0.079051 0.75526 0.25555 0
882.5 38597 2.2809 0.027025 1554.9 -0.10511 3.2704 0.078979 0.75483 0.25555 0
882.71 38562 2.2808 0.027018 1554.7 -0.10569 3.271 0.07897 0.75482 0.25555 0
883.25 38474 2.2807 0.027001 1554 -0.10713 3.2728 0.078936 0.75495 0.25555 0
884.43 38275 2.2804 0.026964 1552.6 -0.11022 3.2767 0.078762 0.75575 0.25555 0
886.07 37990 2.28 0.02691 1550.6 -0.11435 3.2822 0.078414 0.75737 0.25555 0
887.92 37657 2.2796 0.026846 1548.2 -0.11876 3.2888 0.077922 0.7591 0.25555 0
889.7 37325 2.2792 0.026782 1545.7 -0.12273 3.2954 0.077415 0.76032 0.25555 0
891.14 37050 2.2788 0.026728 1543.7 -0.12573 3.301 0.077041 0.761 0.25555 0
892.01 36879 2.2786 0.026695 1542.3 -0.12745 3.3045 0.076892 0.7613 0.25555 0
892.23 36837 2.2786 0.026686 1542 -0.12786 3.3054 0.076873 0.76137 0.25555 0
892.76 36731 2.2784 0.026665 1541.2 -0.12886 3.3076 0.076806 0.7618 0.25555 0
893.94 36496 2.2782 0.026618 1539.3 -0.13096 3.3125 0.076489 0.76401 0.25555 0
895.58 36163 2.2778 0.02655 1536.6 -0.13364 3.3197 0.075895 0.76794 0.25555 0
897.43 35781 2.2774 0.026471 1533.2 -0.13632 3.3282 0.075141 0.77198 0.25555 0
899.21 35407 2.2769 0.026391 1529.8 -0.13854 3.3369 0.074548 0.77443 0.25555 0
900.65 35102 2.2766 0.026324 1526.9 -0.14002 3.3442 0.07424 0.77536 0.25555 0
901.53 34915 2.2764 0.026282 1525 -0.14078 3.3488 0.074146 0.77559 0.25555 0
901.74 34869 2.2764 0.026271 1524.5 -0.14094 3.35 0.074135 0.77566 0.25555 0
902.28 34754 2.2762 0.026245 1523.3 -0.14132 3.3529 0.074097 0.77609 0.25555 0
903.46 34501 2.276 0.026186 1520.5 -0.14201 3.3595 0.07393 0.7781 0.25555 0
905.1 34148 2.2756 0.026101 1516.4 -0.1426 3.3691 0.073763 0.78096 0.25555 0
906.95 33749 2.2752 0.026001 1511.4 -0.14269 3.3806 0.073872 0.78261 0.25555 0
908.73 33368 2.2748 0.0259 1506.1 -0.14213 3.3924 0.074124 0.78225 0.25555 0
910.16 33063 2.2744 0.025816 1501.5 -0.14117 3.4024 0.074257 0.78127 0.25555 0
911.04 32878 2.2742 0.025763 1498.6 -0.14035 3.4088 0.074303 0.78082 0.25555 0
911.26 32833 2.2742 0.025749 1497.8 -0.14013 3.4104 0.074307 0.78082 0.25555 0
911.68 32744 2.2741 0.025723 1496.3 -0.13965 3.4135 0.074309 0.78097 0.25555 0
912.63 32548 2.2739 0.025664 1492.9 -0.13845 3.4207 0.074307 0.78188 0.25555 0
913.94 32280 2.2736 0.025579 1487.9 -0.13645 3.4311 0.07426 0.78372 0.25555 0
915.42 31984 2.2733 0.02548 1482 -0.13375 3.4434 0.074125 0.78584 0.25555 0
916.84 31706 2.273 0.025381 1475.9 -0.13071 3.4557 0.073943 0.78753 0.25555 0
917.99 31488 2.2727 0.025299 1470.7 -0.12793 3.466 0.073818 0.78859 0.25555 0
918.7 31357 2.2726 0.025247 1467.5 -0.1261 3.4725 0.073768 0.78906 0.25555 0
918.87 31326 2.2725 0.025234 1466.6 -0.12563 3.4741 0.073762 0.78915 0.25555 0
919.3 31247 2.2724 0.025203 1464.6 -0.12444 3.4781 0.073736 0.78963 0.25555 0
920.24 31078 2.2722 0.025131 1460 -0.12168 3.4871 0.073606 0.79209 0.25555 0
921.55 30850 2.2719 0.025029 1453.3 -0.11756 3.5001 0.073366 0.79663 0.25555 0
923.03 30603 2.2716 0.02491 1445.4 -0.11254 3.5154 0.073071 0.80179 0.25555 0
924.46 30378 2.2713 0.024791 1437.5 -0.10736 3.5306 0.072818 0.80576 0.25555 0
925.61 30205 2.2711 0.024692 1430.9 -0.1029 3.5433 0.072657 0.80807 0.25555 0
926.31 30103 2.271 0.024631 1426.7 -0.10006 3.5512 0.072596 0.80892 0.25555 0
926.48 30079 2.2709 0.024616 1425.7 -0.099352 3.5532 0.072588 0.80907 0.25555 0
926.91 30019 2.2708 0.024578 1423.1 -0.097558 3.5581 0.072558 0.80974 0.25555 0
927.85 29891 2.2707 0.024492 1417.3 -0.093501 3.5691 0.07241 0.81305 0.25555 0
929.16 29724 2.2704 0.024371 1409 -0.087666 3.5848 0.072146 0.81886 0.25555 0
930.64 29549 2.2701 0.024229 1399.3 -0.080849 3.603 0.071834 0.82505 0.25555 0
932.07 29395 2.2698 0.024089 1389.8 -0.07407 3.621 0.071581 0.82935 0.25555 0
933.22 29281 2.2696 0.023973 1381.8 -0.06843 3.6359 0.071427 0.83157 0.25555 0
933.92 29217 2.2695 0.023901 1376.9 -0.064913 3.6452 0.071372 0.83233 0.25555 0
934.09 29202 2.2694 0.023883 1375.7 -0.064047 3.6474 0.071364 0.83247 0.25555 0
934.52 29165 2.2694 0.023838 1372.6 -0.061863 3.6531 0.071336 0.83316 0.25555 0
935.46 29088 2.2692 0.023738 1365.8 -0.057002 3.6658 0.071199 0.83656 0.25555 0
936.77 28992 2.2689 0.023597 1356.2 -0.050182 3.6837 0.070962 0.8423 0.25555 0
938.25 28900 2.2687 0.023433 1345.2 -0.042441 3.7043 0.070696 0.848 0.25555 0
939.68 28826 2.2684 0.023272 1334.4 -0.034963 3.7244 0.070493 0.85151 0.25555 0
940.83 28777 2.2682 0.023139 1325.6 -0.028891 3.7408 0.070378 0.8531 0.25555 0
941.53 28752 2.2681 0.023056 1320.1 -0.025174 3.7509 0.070338 0.85362 0.25555 0
941.7 28746 2.2681 0.023036 1318.8 -0.024266 3.7534 0.070332 0.85374 0.25555 0
942.13 28733 2.268 0.022985 1315.5 -0.021993 3.7596 0.070309 0.85443 0.25555 0
943.07 28709 2.2679 0.022872 1308.1 -0.017004 3.7732 0.070198 0.85784 0.25555 0
944.38 28686 2.2676 0.022712 1297.7 -0.010169 3.7924 0.070006 0.86377 0.25555 0
945.86 28674 2.2674 0.022529 1285.9 -0.0026448 3.8142 0.069798 0.86994 0.25555 0
947.29 28675 2.2672 0.022349 1274.5 0.0043882 3.8353 0.069644 0.87427 0.25555 0
948.44 28686 2.267 0.022201 1265.3 0.0099265 3.8524 0.069556 0.87676 0.25555 0
949.14 28696 2.2669 0.022111 1259.6 0.013242 3.8628 0.069524 0.87777 0.25555 0
949.31 28699 2.2669 0.022088 1258.3 0.014044 3.8653 0.069519 0.87796 0.25555 0
950.38 28721 2.2667 0.021948 1249.6 0.018963 3.8812 0.069403 0.88342 0.25555 0
952.74 28791 2.2664 0.021634 1230.7 0.028886 3.9162 0.068977 0.90411 0.25555 0
956.02 28931 2.266 0.021188 1204.5 0.040483 3.9648 0.06869 0.92074 0.25555 0
959.72 29134 2.2655 0.020671 1175.4 0.051583 4.0183 0.069072 0.91004 0.25555 0
963.28 29367 2.2651 0.020166 1147.6 0.06156 4.0673 0.070056 0.87521 0.25555 0
966.16 29581 2.2648 0.019753 1125.5 0.069486 4.1046 0.07096 0.84346 0.25555 0
967.91 29722 2.2646 0.0195 1112.1 0.074079 4.1263 0.071348 0.83011 0.25555 0
968.34 29758 2.2646 0.019438 1108.8 0.075144 4.1315 0.071386 0.82891 0.25555 0
969.41 29848 2.2645 0.019283 1100.8 0.077647 4.1444 0.071488 0.82633 0.25555 0
971.77 30054 2.2643 0.018942 1083.2 0.08248 4.1718 0.071954 0.81535 0.25555 0
975.05 30353 2.264 0.018468 1059.4 0.087765 4.2079 0.072794 0.7964 0.25555 0
978.75 30701 2.2637 0.017936 1033.2 0.09174 4.2458 0.073845 0.7727 0.25555 0
982.31 31038 2.2635 0.017427 1009 0.09345 4.2793 0.074709 0.75353 0.25555 0
985.19 31306 2.2633 0.017019 990.09 0.093119 4.3046 0.075182 0.74312 0.25555 0
986.94 31466 2.2632 0.016771 978.88 0.092097 4.3193 0.07531 0.7404 0.25555 0
987.37 31504 2.2632 0.016711 976.18 0.091744 4.3228 0.075319 0.74019 0.25555 0
