time (s) altitude (m) velocity (m/s) mass (kg) dynamic pressure (Pa)trajectory angle (rad) Lift (N)Drag (N)heading angle (rad) latitude (rad) angle of attack (rad) 
606.81 32575 2878.8 3300 49952 0.0045562 17546 5474.2 1.8016 -0.025975 0.11636
608.42 32597 2897.1 3276.1 50415 0.0047207 17700 5511 1.8016 -0.025267 0.11637
611.61 32643 2933.7 3228.9 51315 0.0052465 17975 5576.2 1.8016 -0.023853 0.11627
615.15 32702 2974.8 3176.5 52265 0.0061413 18305 5651.1 1.8016 -0.022264 0.11636
617.69 32752 3004.6 3139 52896 0.0069929 18549 5704.4 1.8016 -0.021112 0.11656
618.34 32766 3012.4 3129.2 53051 0.007243 18533 5700.2 1.8016 -0.020811 0.11624
618.67 32773 3016.3 3124.4 53126 0.0073689 18641 5724 1.8016 -0.020662 0.11665
619.38 32789 3024.8 3113.8 53287 0.0076617 18726 5741.9 1.8016 -0.020334 0.11681
620.38 32813 3036.6 3099.1 53502 0.0080934 18839 5765.5 1.8016 -0.019876 0.11702
621.5 32841 3050.1 3082.5 53730 0.0086176 18969 5792.2 1.8016 -0.019357 0.1173
622.58 32871 3063 3066.5 53934 0.0091575 19095 5817.7 1.8016 -0.018856 0.11759
623.45 32896 3073.5 3053.6 54087 0.0096209 19198 5838 1.8016 -0.018449 0.11785
623.98 32912 3080 3045.8 54176 0.0099137 19222 5841.6 1.8016 -0.018201 0.11784
624.11 32916 3081.5 3043.8 54196 0.0099859 19193 5834.5 1.8016 -0.01814 0.11766
624.44 32926 3085.5 3039 54247 0.01017 19322 5862.4 1.8016 -0.017988 0.11821
625.15 32949 3094.2 3028.5 54353 0.010591 19423 5882.2 1.8016 -0.017652 0.11853
626.15 32982 3106.3 3013.7 54487 0.011207 19572 5911 1.8016 -0.017183 0.11904
627.27 33023 3120 2997.1 54615 0.011945 19751 5944 1.8016 -0.016653 0.11972
628.35 33064 3133.2 2981.2 54716 0.012701 19937 5978 1.8016 -0.01614 0.12047
629.22 33100 3144 2968.3 54779 0.013344 20081 6003.7 1.8016 -0.015724 0.12108
629.75 33123 3150.5 2960.4 54810 0.013751 20162 6017.6 1.8016 -0.01547 0.12143
629.88 33128 3152.1 2958.5 54816 0.013852 20219 6029.1 1.8016 -0.015408 0.1217
632.33 33243 3182.5 2922.2 54861 0.01591 20753 6125.5 1.8016 -0.014229 0.12424
636.69 33496 3237.2 2857.6 54528 0.020336 21999 6350.9 1.8016 -0.012101 0.13096
640.39 33769 3284 2802.8 53739 0.025067 23576 6652.6 1.8017 -0.010267 0.14021
641.41 33856 3296.9 2787.7 53425 0.026573 23828 6715.7 1.8017 -0.0097559 0.14193
643.03 34004 3317.4 2763.8 52841 0.02907 25051 7036 1.8017 -0.0089459 0.14814
646.22 34347 3357 2716.6 51269 0.035591 29785 8290.6 1.8017 -0.0073283 0.17136
649.76 34823 3400.4 2664.2 48816 0.044309 29778 8307.6 1.8017 -0.005513 0.17732
652.29 35234 3432.2 2626.7 46650 0.050386 29716 8371.2 1.8017 -0.0041987 0.18258
652.95 35349 3440.4 2616.9 46040 0.052062 29667 8378 1.8017 -0.0038552 0.18402
655.4 35816 3471.4 2580.7 43606 0.058189 29695 8477.8 1.8017 -0.0025711 0.19114
659.76 36789 3527.2 2516.1 38772 0.069399 29623 8626.8 1.8018 -0.00025671 0.2073
663.46 37764 3575.2 2461.3 34349 0.07919 29407 8880 1.8018 0.0017343 0.22398
664.48 38059 3588.5 2446.2 33103 0.081937 29115 8866.8 1.8018 0.0022884 0.22818
666.1 38546 3609.5 2422.3 31129 0.086328 29299 9100.6 1.8019 0.0031664 0.23923
669.29 39594 3652.1 2375 27266 0.094712 26440 8284.6 1.8019 0.0049186 0.24435
672.83 40878 3702 2322.7 23204 0.10261 22371 7005.1 1.8019 0.0068841 0.24335
675.36 41866 3739.8 2285.1 20517 0.10734 19583 6120 1.802 0.0083078 0.24163
676.02 42132 3749.9 2275.4 19853 0.10843 18809 5867.2 1.802 0.00868 0.24036
678.47 43149 3788.3 2239.1 17521 0.11212 16688 5216.6 1.802 0.010072 0.24128
682.83 45061 3860.1 2174.5 13897 0.11744 13183 4121.3 1.8021 0.012587 0.2406
686.53 46774 3924.7 2119.7 11339 0.12069 10266 3172.4 1.8022 0.014756 0.23284
687.55 47260 3943.2 2104.6 10740 0.12136 9543.9 2935.5 1.8022 0.015362 0.22985
690 48442 3988.5 2068.4 9464.7 0.1227 8190.8 2504.7 1.8022 0.016823 0.2257
694.37 50609 4072.6 2003.8 7506.7 0.12428 6196.3 1874.7 1.8023 0.019468 0.21856
698.07 52501 4147.3 1949 6218.6 0.12503 4999.5 1507.3 1.8024 0.021755 0.21474
699.09 53031 4168.5 1933.8 5901.1 0.12518 4748.7 1434.2 1.8024 0.022394 0.21488
701.54 54315 4220.1 1897.6 5189.9 0.12547 4115.1 1241.2 1.8024 0.023938 0.21278
705.9 56648 4315.4 1833 4087.3 0.12577 3208.1 962.76 1.8025 0.026735 0.21135
709.6 58672 4399.5 1778.2 3302.1 0.12591 2558.4 763.28 1.8026 0.029158 0.20953
710.62 59238 4423.3 1763.1 3107.7 0.12594 2176 640.63 1.8026 0.029834 0.19504
712.24 60137 4461.7 1739.2 2819.9 0.12569 1666.1 478.61 1.8026 0.03091 0.1737
715.43 61929 4540.2 1692 2316.1 0.12432 783.62 243.77 1.8027 0.033066 0.11608
718.97 63919 4631.2 1639.6 1852.3 0.12143 255.69 135.62 1.8027 0.035501 0.056397
721.5 65335 4698.6 1602.1 1575.1 0.11859 37.571 102.51 1.8028 0.037276 0.010956
722.16 65701 4716.4 1592.3 1509.9 0.11773 0 96.778 1.8028 0.037742 0
722.16 65701 4716.4 1592.3 1509.9 0.11773 0 96.778 1.8028 0.037742 0
723.16 66255 4715.3 1592.3 1398.8 0.11641 0 89.59 1.8028 0.03845 0
724.16 66800 4714.2 1592.3 1296.8 0.11509 0 83.002 1.8028 0.039158 0
725.16 67338 4713 1592.3 1202.8 0.11376 0 76.928 1.8029 0.039866 0
726.16 67870 4711.9 1592.3 1116 0.11243 0 71.327 1.8029 0.040574 0
727.16 68395 4710.9 1592.3 1035.9 0.11111 0 66.16 1.8029 0.041281 0
728.16 68914 4709.8 1592.3 961.99 0.10978 0 61.394 1.8029 0.041989 0
729.16 69427 4708.7 1592.3 893.71 0.10845 0 56.995 1.8029 0.042696 0
730.16 69934 4707.7 1592.3 830.63 0.10712 0 52.934 1.8029 0.043404 0
731.16 70434 4706.7 1592.3 772.35 0.10579 0 49.185 1.803 0.044111 0
732.16 70928 4705.7 1592.3 718.5 0.10446 0 45.723 1.803 0.044818 0
733.16 71415 4704.7 1592.3 667.7 0.10313 0 42.468 1.803 0.045525 0
734.16 71896 4703.7 1592.3 620.72 0.1018 0 39.46 1.803 0.046232 0
735.16 72371 4702.8 1592.3 577.41 0.10047 0 36.689 1.803 0.046938 0
736.16 72840 4701.8 1592.3 537.48 0.09914 0 34.135 1.803 0.047645 0
737.16 73302 4700.9 1592.3 500.63 0.097808 0 31.78 1.803 0.048351 0
738.16 73758 4700 1592.3 466.62 0.096476 0 29.607 1.8031 0.049058 0
739.16 74207 4699.1 1592.3 435.22 0.095143 0 27.601 1.8031 0.049764 0
740.16 74651 4698.2 1592.3 406.21 0.093809 0 25.749 1.8031 0.050471 0
741.16 75088 4697.3 1592.3 379.39 0.092475 0 24.038 1.8031 0.051177 0
742.16 75518 4696.5 1592.3 354.6 0.091141 0 22.456 1.8031 0.051883 0
743.16 75942 4695.6 1592.3 331.66 0.089806 0 20.994 1.8031 0.052589 0
744.16 76360 4694.8 1592.3 310.44 0.088471 0 19.641 1.8031 0.053295 0
745.16 76772 4694 1592.3 290.78 0.087135 0 18.39 1.8032 0.054 0
746.16 77177 4693.2 1592.3 272.58 0.085799 0 17.23 1.8032 0.054706 0
747.16 77576 4692.4 1592.3 255.7 0.084463 0 16.156 1.8032 0.055412 0
748.16 77969 4691.6 1592.3 240.06 0.083126 0 15.161 1.8032 0.056117 0
749.16 78355 4690.8 1592.3 225.54 0.081789 0 14.238 1.8032 0.056823 0
750.16 78736 4690.1 1592.3 212.07 0.080451 0 13.382 1.8032 0.057528 0
751.16 79109 4689.3 1592.3 199.57 0.079113 0 12.588 1.8032 0.058233 0
752.16 79477 4688.6 1592.3 187.95 0.077775 0 11.85 1.8033 0.058939 0
753.16 79838 4687.9 1592.3 177.15 0.076436 0 11.164 1.8033 0.059644 0
754.16 80193 4687.2 1592.3 167.11 0.075097 0 10.527 1.8033 0.060349 0
755.16 80541 4686.5 1592.3 157.77 0.073757 0 9.9349 1.8033 0.061054 0
756.16 80883 4685.8 1592.3 149.08 0.072417 0 9.3838 1.8033 0.061759 0
757.16 81219 4685.2 1592.3 140.99 0.071077 0 8.8709 1.8033 0.062463 0
758.16 81549 4684.5 1592.3 133.45 0.069737 0 8.3933 1.8033 0.063168 0
759.16 81872 4683.9 1592.3 126.43 0.068396 0 7.9483 1.8033 0.063873 0
760.16 82189 4683.3 1592.3 119.88 0.067055 0 7.5337 1.8033 0.064578 0
761.16 82500 4682.7 1592.3 113.77 0.065713 0 7.147 1.8034 0.065282 0
762.16 82804 4682.1 1592.3 108.07 0.064371 0 6.7863 1.8034 0.065987 0
763.16 83102 4681.5 1592.3 102.75 0.063029 0 6.4497 1.8034 0.066691 0
764.16 83394 4681 1592.3 97.775 0.061687 0 6.1355 1.8034 0.067396 0
765.16 83679 4680.4 1592.3 93.131 0.060344 0 5.842 1.8034 0.0681 0
766.16 83958 4679.9 1592.3 88.791 0.059001 0 5.5678 1.8034 0.068804 0
767.16 84231 4679.3 1592.3 84.733 0.057658 6.4309e-06 5.3115 1.8034 0.069508 0
768.16 84498 4678.8 1592.3 80.937 0.056315 1.5017e-05 5.0718 1.8034 0.070213 0
769.16 84758 4678.3 1592.3 77.388 0.054971 2.2782e-05 4.8478 1.8034 0.070917 0
770.16 85012 4677.8 1461.4 0 0.053627 0 0 1.8034 0.071621 0
771.16 85259 4677.4 1461.4 0 0.052282 0 0 1.8035 0.072325 0
772.16 85501 4676.9 1461.4 0 0.050938 0 0 1.8035 0.073029 0
773.16 85736 4676.5 1461.4 0 0.049593 0 0 1.8035 0.073733 0
774.16 85964 4676 1461.4 0 0.048248 0 0 1.8035 0.074436 0
775.16 86187 4675.6 1461.4 0 0.046903 0 0 1.8035 0.07514 0
776.16 86403 4675.2 1461.4 0 0.045558 0 0 1.8035 0.075844 0
777.16 86612 4674.8 1461.4 0 0.044212 0 0 1.8035 0.076548 0
778.16 86816 4674.4 1461.4 0 0.042866 0 0 1.8035 0.077251 0
779.16 87013 4674 1461.4 0 0.04152 0 0 1.8035 0.077955 0
780.16 87204 4673.7 1461.4 0 0.040174 0 0 1.8035 0.078659 0
781.16 87388 4673.3 1461.4 0 0.038828 0 0 1.8035 0.079362 0
782.16 87567 4673 1461.4 0 0.037481 0 0 1.8035 0.080066 0
783.16 87739 4672.7 1461.4 0 0.036134 0 0 1.8036 0.080769 0
784.16 87904 4672.4 1461.4 0 0.034788 0 0 1.8036 0.081473 0
785.16 88064 4672.1 1461.4 0 0.033441 0 0 1.8036 0.082176 0
786.16 88217 4671.8 1461.4 0 0.032093 0 0 1.8036 0.08288 0
787.16 88364 4671.6 1461.4 0 0.030746 0 0 1.8036 0.083583 0
788.16 88504 4671.3 1461.4 0 0.029399 0 0 1.8036 0.084287 0
789.16 88638 4671.1 1461.4 0 0.028051 0 0 1.8036 0.08499 0
790.16 88766 4670.8 1461.4 0 0.026703 0 0 1.8036 0.085693 0
791.16 88888 4670.6 1461.4 0 0.025356 0 0 1.8036 0.086396 0
792.16 89003 4670.4 1461.4 0 0.024008 0 0 1.8036 0.0871 0
793.16 89112 4670.2 1461.4 0 0.02266 0 0 1.8036 0.087803 0
794.16 89214 4670.1 1461.4 0 0.021311 0 0 1.8036 0.088506 0
795.16 89311 4669.9 1461.4 0 0.019963 0 0 1.8036 0.089209 0
796.16 89401 4669.7 1461.4 0 0.018615 0 0 1.8036 0.089913 0
797.16 89485 4669.6 1461.4 0 0.017267 0 0 1.8036 0.090616 0
798.16 89562 4669.5 1461.4 0 0.015918 0 0 1.8036 0.091319 0
799.16 89633 4669.4 1461.4 0 0.01457 0 0 1.8036 0.092022 0
800.16 89698 4669.3 1461.4 0 0.013221 0 0 1.8036 0.092725 0
801.16 89757 4669.2 1461.4 0 0.011873 0 0 1.8037 0.093429 0
802.16 89809 4669.1 1461.4 0 0.010524 0 0 1.8037 0.094132 0
803.16 89855 4669.1 1461.4 0 0.0091755 0 0 1.8037 0.094835 0
804.16 89895 4669 1461.4 0 0.0078268 0 0 1.8037 0.095538 0
805.16 89928 4669 1461.4 0 0.0064782 0 0 1.8037 0.096241 0
806.16 89955 4669 1461.4 0 0.0051295 0 0 1.8037 0.096944 0
807.16 89976 4668.9 1461.4 0 0.0037808 0 0 1.8037 0.097647 0
808.16 89991 4668.9 1461.4 0 0.0024321 0 0 1.8037 0.09835 0
809.16 89999 4669 1461.4 0 0.0010834 0 0 1.8037 0.099054 0
810.16 90001 4669 1461.4 0 0 0 0 1.8037 0.099757 0
