time (s) altitude (m) longitude (rad) latitude (rad) velocity (m/s) trajectory angle (rad) heading angle (rad) angle of attack (rad) bank angle (rad) fuel mass (kg) 
124.63 26301 2.3952 -0.21208 1615.4 0.047465 0.029195 0.00015045 1.0638 1562
128.6 26560 2.3963 -0.21204 1625.5 0.033562 0.044295 0.013685 1.0494 1553.2
135.66 26831 2.3981 -0.21193 1645.9 0.014372 0.076674 0.018399 0.96108 1536.9
141.66 26909 2.3997 -0.21179 1665 0.0018551 0.10343 0.022526 0.87598 1522.4
143.31 26910 2.4001 -0.21175 1670.7 -0.00055796 0.11137 0.024926 0.86252 1518.2
147.28 26890 2.4012 -0.21162 1685.1 -0.0051943 0.13066 0.026592 0.83134 1507.8
154.35 26800 2.4031 -0.21134 1713.2 -0.0087015 0.16645 0.031217 0.78025 1487.7
160.34 26715 2.4047 -0.21105 1739.7 -0.0070621 0.19947 0.034692 0.78882 1468.8
162 26696 2.4052 -0.21096 1747.5 -0.0061959 0.20921 0.038504 0.79327 1463.2
165.96 26669 2.4062 -0.21072 1767.1 -0.0014972 0.2354 0.043427 0.81669 1449
173.03 26712 2.4082 -0.21021 1803.8 0.0084136 0.28886 0.047865 0.9094 1421.8
179.03 26842 2.4099 -0.20968 1835.4 0.014758 0.33945 0.049232 0.98499 1397.9
180.68 26889 2.4103 -0.20952 1844.2 0.016051 0.35387 0.049832 0.99909 1391.2
184.65 27017 2.4114 -0.2091 1865.5 0.018587 0.38891 0.049238 1.0282 1375.1
191.71 27276 2.4134 -0.20825 1903.1 0.01961 0.44993 0.045415 1.073 1346.8
197.71 27495 2.415 -0.20743 1934.9 0.018205 0.49899 0.043679 1.0613 1323.1
199.36 27552 2.4154 -0.20719 1943.7 0.018048 0.51216 0.043173 1.0589 1316.6
203.33 27689 2.4165 -0.20658 1964.8 0.017335 0.54291 0.042073 1.0475 1301
210.4 27926 2.4184 -0.2054 2002.2 0.016547 0.59505 0.040384 1.0182 1273.6
216.39 28124 2.42 -0.2043 2033.8 0.016303 0.63696 0.039262 1.0064 1250.4
218.05 28179 2.4204 -0.20399 2042.5 0.016192 0.64825 0.038951 1.0038 1244.1
222.01 28310 2.4214 -0.20321 2063.3 0.015987 0.67485 0.038279 0.99755 1228.8
229.08 28540 2.4232 -0.20173 2100.1 0.015122 0.71954 0.034995 0.98125 1202
235.08 28724 2.4247 -0.2004 2130.7 0.013835 0.75504 0.034455 0.9784 1179.6
236.73 28772 2.4251 -0.20001 2138.8 0.013513 0.76482 0.034416 0.97687 1173.4
240.7 28884 2.4261 -0.19908 2157.9 0.012713 0.78783 0.034303 0.97341 1158.5
247.76 29070 2.4278 -0.19734 2190 0.011508 0.82779 0.033773 0.95856 1132.2
253.76 29216 2.4292 -0.1958 2215.4 0.010625 0.86026 0.032386 0.94288 1109.9
255.41 29254 2.4296 -0.19536 2222.2 0.010343 0.86892 0.032217 0.9392 1103.8
259.38 29343 2.4305 -0.1943 2238.1 0.0098623 0.8895 0.032333 0.929 1089.2
266.45 29497 2.432 -0.19234 2265.1 0.0093989 0.92522 0.031563 0.91406 1063.1
272.44 29620 2.4333 -0.19062 2286.6 0.0085625 0.95426 0.029574 0.92168 1041.3
274.1 29652 2.4337 -0.19013 2292.3 0.0080707 0.96206 0.029808 0.92363 1035.3
278.06 29723 2.4345 -0.18895 2305.6 0.0077589 0.98186 0.03427 0.93067 1020.7
285.13 29852 2.4359 -0.1868 2329.1 0.0079465 1.0183 0.033651 0.94229 994.48
291.13 29961 2.437 -0.18492 2348.9 0.0074582 1.0481 0.032847 0.93784 972.45
292.78 29990 2.4373 -0.18439 2354.3 0.0074115 1.0563 0.033363 0.93612 966.37
296.75 30057 2.4381 -0.18311 2366.7 0.0069349 1.075 0.029882 0.93197 951.93
303.81 30167 2.4393 -0.18078 2386.7 0.0062749 1.1071 0.031456 0.89692 926.35
309.81 30257 2.4403 -0.17876 2402 0.006365 1.1335 0.027364 0.85232 904.69
311.46 30282 2.4405 -0.1782 2406 0.0060427 1.1399 0.025846 0.84549 898.86
314.11 30320 2.441 -0.17729 2412.9 0.0056932 1.1502 0.026351 0.83876 889.52
318.82 30382 2.4417 -0.17566 2424.3 0.0051416 1.1684 0.025927 0.83296 872.91
322.82 30429 2.4423 -0.17426 2433.2 0.0045276 1.1837 0.026272 0.84631 858.85
323.92 30441 2.4424 -0.17387 2435.7 0.004363 1.188 0.027267 0.85007 854.96
326.56 30467 2.4428 -0.17293 2441.6 0.0040712 1.1985 0.028266 0.86457 845.59
331.28 30515 2.4435 -0.17125 2451.7 0.0043292 1.2197 0.036116 0.92111 828.52
335.27 30560 2.444 -0.16981 2460.1 0.0049037 1.24 0.036111 0.96232 813.69
336.38 30574 2.4441 -0.1694 2462.4 0.004769 1.2455 0.036342 0.96727 809.65
339.02 30605 2.4445 -0.16844 2467.9 0.0046549 1.259 0.036633 0.97537 799.89
343.73 30657 2.445 -0.1667 2477.5 0.0043193 1.2833 0.037147 0.98643 782.49
347.73 30698 2.4454 -0.16521 2485.4 0.004033 1.304 0.037311 0.98292 767.71
348.83 30709 2.4455 -0.16479 2487.5 0.0039874 1.3097 0.037337 0.98303 763.63
352.8 30748 2.4459 -0.1633 2495.2 0.0038956 1.3302 0.037778 0.97958 748.96
359.86 30817 2.4465 -0.16061 2508.6 0.0039066 1.3669 0.038119 0.98541 722.8
365.86 30875 2.447 -0.15829 2519.6 0.0036641 1.3983 0.038243 1.0006 700.61
367.51 30890 2.4471 -0.15765 2522.6 0.0035135 1.407 0.037953 1.0003 694.49
371.48 30923 2.4473 -0.1561 2529.8 0.0031949 1.4277 0.038177 0.99295 679.84
378.55 30985 2.4477 -0.15333 2542.3 0.003824 1.4641 0.037822 0.94852 653.69
384.54 31047 2.4479 -0.15095 2552.7 0.0041249 1.4918 0.028249 0.90696 631.98
386.2 31064 2.448 -0.15029 2555.6 0.0035193 1.4981 0.028234 0.89951 626.23
390.17 31096 2.4481 -0.14871 2562.5 0.0030051 1.5141 0.028877 0.87893 612.27
397.23 31150 2.4482 -0.14588 2574.6 0.0030711 1.5422 0.029177 0.85399 587.35
403.23 31200 2.4482 -0.14346 2584.6 0.0033414 1.5659 0.029198 0.87067 566.2
404.88 31214 2.4482 -0.14279 2587.3 0.0032987 1.5725 0.028911 0.87104 560.37
408.85 31248 2.4482 -0.14119 2593.8 0.0032389 1.5883 0.029093 0.87315 546.41
415.91 31306 2.4481 -0.13832 2605.2 0.0030881 1.6164 0.028986 0.87712 521.57
421.91 31353 2.448 -0.13588 2614.6 0.0028713 1.64 0.028476 0.87104 500.55
423.57 31365 2.4479 -0.13521 2617.2 0.0028168 1.6465 0.028666 0.86744 494.76
426.21 31385 2.4479 -0.13413 2621.3 0.0027882 1.6567 0.028241 0.86066 485.51
430.92 31420 2.4477 -0.13221 2628.5 0.0029173 1.6745 0.027804 0.83314 469.08
434.92 31452 2.4475 -0.13057 2634.5 0.0033791 1.6891 0.027638 0.80739 455.17
436.02 31463 2.4474 -0.13012 2636.2 0.0035615 1.6931 0.02617 0.8018 451.33
438.67 31487 2.4473 -0.12904 2640.1 0.0034352 1.7018 0.022595 0.78769 442.3
443.38 31526 2.447 -0.12712 2647.1 0.0028204 1.7163 0.021811 0.75504 426.43
447.37 31555 2.4468 -0.12548 2653 0.0026715 1.7282 0.021683 0.73377 412.96
448.48 31563 2.4467 -0.12503 2654.6 0.0026269 1.7314 0.021265 0.72645 409.26
451.12 31581 2.4465 -0.12395 2658.4 0.0024934 1.7388 0.020262 0.71068 400.41
455.83 31610 2.4462 -0.12202 2665.2 0.0022012 1.7512 0.018487 0.65627 384.76
459.83 31633 2.4459 -0.12038 2671 0.0020771 1.7605 0.017179 0.59434 371.58
460.93 31639 2.4458 -0.11993 2672.6 0.0020765 1.7628 0.01489 0.57659 367.96
463.58 31654 2.4456 -0.11884 2676.3 0.0021674 1.7682 0.017212 0.53884 359.29
468.29 31681 2.4452 -0.11691 2683 0.0021769 1.7766 0.013085 0.4558 343.98
472.28 31708 2.4448 -0.11527 2688.6 0.0029824 1.7827 0.021991 0.38936 330.96
473.39 31717 2.4447 -0.11482 2690 0.004255 1.7847 0.031335 0.36997 327.18
476.03 31768 2.4445 -0.11373 2693.1 0.010631 1.79 0.044299 0.32553 317.59
480.74 32008 2.444 -0.1118 2696.8 0.028321 1.7997 0.058824 0.24407 299.77
484.74 32414 2.4436 -0.11016 2697.3 0.047416 1.8065 0.071649 0.17712 284.63
485.84 32564 2.4435 -0.10971 2697 0.053312 1.8081 0.075714 0.15921 280.5
488.49 32993 2.4433 -0.10863 2695.6 0.066868 1.8114 0.075152 0.13281 271.03
493.2 33977 2.4428 -0.10672 2691.9 0.087886 1.8154 0.081083 0.083263 255.86
497.2 35010 2.4424 -0.1051 2686.2 0.10472 1.8171 0.10085 0.017585 244.5
498.3 35327 2.4423 -0.10465 2683.9 0.10967 1.8172 0.081889 0 241.54
498.3 35327 2.4423 -0.10465 2683.9 0.10967 1.8172 0.081889 0 241.54
510.99 39614 2.4409 -0.099656 2587.1 0.13471 1.8547 0.074373 1.2526 241.52
533.6 45392 2.438 -0.09125 2505.6 0.052743 1.951 0.093529 1.5704 241.52
552.79 46338 2.4351 -0.08441 2462.8 0.0038019 1.9827 0.10028 0.95378 241.5
558.08 46445 2.4343 -0.082554 2454 -0.0096421 1.9969 0.12292 1.5695 241.5
570.78 45486 2.4322 -0.078204 2423.3 -0.054763 2.0412 0.17243 1.5698 241.48
593.39 40157 2.4279 -0.071026 2332.7 -0.13958 2.1906 0.17442 1.5042 241.48
612.57 33447 2.4235 -0.065988 2196 -0.15501 2.4094 0.10663 1.0832 241.47
617.87 31748 2.4221 -0.064853 2145.2 -0.13046 2.4842 0.10917 0.97003 241.46
630.57 30118 2.4186 -0.062791 1954.6 0.0062029 2.7261 0.12383 0.85953 241.45
653.18 34474 2.4125 -0.061318 1666.4 0.19087 3.0736 0.12502 0.89022 241.44
672.36 40385 2.4078 -0.061363 1577.6 0.15116 3.1802 0.12096 1.0098 241.44
677.66 41413 2.4065 -0.0614 1554.2 0.13826 3.2058 0.12822 1.0488 241.44
687.18 43145 2.4042 -0.061588 1527.7 0.096888 3.2378 0.12056 1.1106 241.44
704.14 44510 2.4002 -0.062058 1502.2 0.0062315 3.2735 0.056598 1.2232 241.44
718.52 43728 2.3969 -0.062541 1497.9 -0.079729 3.2924 0.045322 1.3641 241.44
722.5 43183 2.3959 -0.062684 1498.4 -0.10354 3.2989 0.048346 1.3216 241.44
732.02 41320 2.3938 -0.063055 1501.9 -0.15925 3.3175 0.052177 1.3987 241.39
748.97 36001 2.3899 -0.063837 1508.9 -0.25777 3.372 0.048311 1.3973 241.61
763.36 29837 2.3868 -0.06473 1503.7 -0.31149 3.4746 0.049093 1.1166 240.13
767.33 27990 2.3859 -0.065039 1498.5 -0.31253 3.5206 0.066716 0.91669 238.76
776.86 24369 2.384 -0.066023 1513.6 -0.17547 3.7067 0.087831 0.69131 220.56
793.81 24937 2.3811 -0.068824 1583.7 0.21288 4.1156 0.08344 0.71381 160.91
808.2 32033 2.3796 -0.071909 1589.7 0.36024 4.3414 0.066096 0.89569 126.81
812.17 34166 2.3792 -0.072753 1581.9 0.34951 4.3608 0.065942 0.94041 124.38
821.7 39066 2.3785 -0.074815 1527.3 0.32214 4.4019 0.048858 1.0115 124.37
838.65 46098 2.3774 -0.078449 1468 0.23445 4.4272 0.048013 1.0067 124.37
853.04 50095 2.3765 -0.081519 1434.7 0.15218 4.4402 0.048289 1.0183 124.37
857.01 50900 2.3763 -0.082364 1428.6 0.1271 4.4417 0.038465 1.024 124.37
869.71 52477 2.3756 -0.085063 1415.1 0.047627 4.4475 0.046943 0.93517 124.37
892.32 51728 2.3743 -0.089867 1415.6 -0.093879 4.4567 0.049602 0.7372 124.37
911.5 47603 2.3732 -0.093946 1437.7 -0.20735 4.4668 0.048104 0.6875 124.37
916.8 45920 2.373 -0.095073 1446.6 -0.23655 4.4706 0.048503 0.65156 124.37
929.49 41005 2.3723 -0.097774 1468 -0.29948 4.4826 0.050839 0.5076 124.77
952.1 30516 2.3713 -0.1027 1527.2 -0.28965 4.5404 0.081169 0.31168 115.13
971.29 25283 2.3707 -0.10726 1627.3 -0.014022 4.6585 0.076141 0.27422 72.379
976.59 25712 2.3707 -0.10864 1665.3 0.12431 4.7053 0.077442 0.27305 50.825
989.28 30293 2.3708 -0.11192 1716.6 0.27224 4.7714 0.038708 0.324 16.433
1011.9 40551 2.3712 -0.11774 1693.9 0.22382 4.7991 0.017338 0.29018 0.0059948
1031.1 46199 2.3717 -0.12262 1632.5 0.15267 4.8058 0.051896 0.21014 2.0966
1036.4 47560 2.3718 -0.12393 1625.5 0.12424 4.8064 0.062227 0.22043 1.5432
1049.1 49515 2.3721 -0.1271 1607.1 0.066241 4.8092 0.091357 0.15673 1.5427
1071.7 50046 2.3727 -0.1327 1591.4 -0.036241 4.8132 0.12742 0.11133 1.5429
1090.9 47699 2.3732 -0.13741 1592.1 -0.11616 4.817 0.13203 0.08587 1.5427
1096.2 46636 2.3733 -0.13871 1593.7 -0.13585 4.8181 0.13305 0.09706 1.5428
1108.9 43472 2.3736 -0.14181 1597.6 -0.17456 4.8214 0.13268 0.067196 1.5844
1131.5 36908 2.3743 -0.1473 1578.1 -0.17436 4.8301 0.13247 0.050827 1.0495
1150.6 33130 2.3748 -0.15186 1502.2 -0.060351 4.8428 0.12994 0.05137 0.10861
1155.9 32896 2.375 -0.15308 1467.9 -0.0065299 4.8474 0.12663 0.057125 0.00013154
1168.6 33757 2.3754 -0.15588 1391 0.091836 4.8583 0.11935 0.063527 7.2427e-05
1191.2 37772 2.3761 -0.16049 1280.1 0.15262 4.873 0.11316 0.071688 9.2685e-05
1210.4 41014 2.3767 -0.16414 1217.8 0.1073 4.8804 0.11546 0.069811 7.2961e-05
1215.7 41629 2.3769 -0.16512 1204.4 0.089429 4.882 0.115 0.074431 7.9023e-05
1234.8 42752 2.3775 -0.16859 1169.6 0.0059297 4.8867 0.11994 0.052372 7.8629e-05
1268.7 39955 2.3786 -0.17458 1143.2 -0.13894 4.8935 0.12926 0.032791 7.7513e-05
1297.5 34797 2.3795 -0.1795 1104.5 -0.15519 4.9015 0.13194 0.024002 7.6794e-05
1305.4 33566 2.3798 -0.18082 1078.8 -0.12397 4.9043 0.13229 0.025362 7.6626e-05
1324.4 32263 2.3804 -0.18383 985.62 -0.020087 4.9107 0.12125 0.016447 7.6082e-05
1358.4 32824 2.3814 -0.18848 803.33 0.023274 4.9174 0.087767 0.013868 7.4099e-05
1387.1 32099 2.3821 -0.19174 693.35 -0.12259 4.9219 0.087988 0.016576 7.2597e-05
1395.1 31244 2.3822 -0.19256 667.98 -0.15601 4.9237 0.094535 0.032312 7.2333e-05
1407.8 29762 2.3825 -0.1938 620.26 -0.20226 4.9272 0.10413 0.010684 7.1554e-05
1430.4 26955 2.3829 -0.19571 509.49 -0.22629 4.9304 0.14086 0.0028172 6.894e-05
1449.6 25118 2.3832 -0.19701 400.38 -0.18699 4.9329 0.16448 0.0026659 6.7158e-05
1454.9 24765 2.3833 -0.19732 373.38 -0.17074 4.9335 0.1663 0.022115 6.6863e-05
1467.6 24110 2.3834 -0.19798 320.39 -0.13612 4.9369 0.172 -0.0023398 6.6103e-05
1490.2 23295 2.3837 -0.19896 261.32 -0.13349 4.9345 0.1736 -0.0024113 6.3663e-05
1509.4 22521 2.3838 -0.19968 238.21 -0.20427 4.9359 0.17159 0.0010089 6.2086e-05
1514.7 22248 2.3839 -0.19987 234.81 -0.22699 4.9362 0.17127 0.029811 6.1826e-05
1527.4 21531 2.384 -0.2003 229.02 -0.25548 4.9421 0.17345 -0.0030733 6.1193e-05
1550 20297 2.3842 -0.20105 215.12 -0.22976 4.936 0.17352 -0.0055264 5.9181e-05
1569.1 19457 2.3843 -0.20164 197.51 -0.20382 4.9356 0.17188 -0.00022047 5.7893e-05
1574.4 19247 2.3843 -0.20179 193.2 -0.21114 4.9357 0.17042 0.033451 5.7678e-05
1587.1 18721 2.3844 -0.20215 185.06 -0.23041 4.9437 0.17188 -0.0038397 5.7151e-05
1609.7 17753 2.3846 -0.20275 174.22 -0.24708 4.9353 0.17199 -0.0048169 5.5464e-05
1628.9 16958 2.3847 -0.20323 165.06 -0.24387 4.9363 0.17008 0.00040672 5.4367e-05
1634.2 16750 2.3847 -0.20336 162.34 -0.24504 4.9362 0.16809 0.034724 5.4181e-05
1646.9 16255 2.3848 -0.20366 156.43 -0.24873 4.9463 0.17025 -0.0035707 5.3712e-05
1669.5 15409 2.3849 -0.20417 146.28 -0.25195 4.9361 0.17043 -0.0049751 5.2186e-05
1688.7 14710 2.385 -0.20457 139.48 -0.26791 4.9367 0.16414 -0.00032598 5.1174e-05
1694 14512 2.385 -0.20468 138.35 -0.27429 4.9362 0.16199 0.038388 5.1e-05
1706.7 14045 2.3851 -0.20493 134.96 -0.2718 4.9492 0.16125 -0.0037155 5.0548e-05
1729.3 13244 2.3852 -0.20537 128.76 -0.27516 4.9361 0.14965 -0.0053635 4.9062e-05
1748.5 12559 2.3853 -0.20573 126.37 -0.29789 4.9366 0.13922 -0.00092131 4.8061e-05
1753.8 12359 2.3853 -0.20583 126.29 -0.29483 4.9356 0.13791 0.042274 4.7889e-05
1766.5 11919 2.3853 -0.20606 122.72 -0.27176 4.9515 0.13774 -0.0039393 4.7429e-05
1789.1 11216 2.3854 -0.20645 114.02 -0.2672 4.9366 0.13701 -0.00456 4.5907e-05
1808.3 10628 2.3855 -0.20677 110.18 -0.29311 4.9371 0.13678 -0.0031025 4.4872e-05
1813.6 10456 2.3855 -0.20685 109.73 -0.28654 4.9342 0.13615 0.043867 4.4692e-05
1826.3 10078 2.3856 -0.20705 106.36 -0.27427 4.9537 0.13876 -0.0031174 4.4208e-05
1848.9 9451.1 2.3857 -0.20739 99.755 -0.27559 4.9362 0.14228 -0.0053659 4.26e-05
1868.1 8921.1 2.3857 -0.20767 97.441 -0.29786 4.9354 0.13964 -0.0030418 4.15e-05
1873.4 8767.3 2.3857 -0.20775 97.496 -0.29703 4.9323 0.13903 0.045796 4.1309e-05
1886.1 8422.2 2.3858 -0.20792 95.019 -0.2777 4.9554 0.14159 -0.0029865 4.0789e-05
1908.7 7855.5 2.3859 -0.20823 89.54 -0.28006 4.9352 0.1436 -0.0055162 3.9058e-05
1927.9 7365.4 2.3859 -0.20848 88.929 -0.30644 4.9343 0.13949 -0.0029969 3.7868e-05
1933.2 7220.6 2.3859 -0.20855 89.29 -0.29625 4.9308 0.13893 0.048358 3.7662e-05
1945.9 6910.5 2.386 -0.20871 86.383 -0.27227 4.9565 0.14186 -0.0040512 3.7096e-05
1968.5 6396 2.386 -0.20899 81.606 -0.28583 4.9334 0.14446 -0.0043742 3.5207e-05
1987.6 5940.2 2.3861 -0.20922 81.934 -0.30328 4.9342 0.13988 -0.0043013 3.3906e-05
1992.9 5810 2.3861 -0.20928 81.848 -0.2875 4.9285 0.13924 0.048177 3.368e-05
2005.6 5529.4 2.3861 -0.20943 79.059 -0.27288 4.9577 0.1426 -0.0028635 3.3057e-05
2028.2 5052.6 2.3862 -0.20969 75.322 -0.28779 4.9328 0.14538 -0.0054128 3.0976e-05
2047.4 4631.9 2.3862 -0.2099 75.757 -0.30005 4.9321 0.13976 -0.0031162 2.954e-05
2052.7 4513 2.3863 -0.20996 75.778 -0.29134 4.9275 0.13893 0.046187 2.9289e-05
2065.4 4249.6 2.3863 -0.2101 73.639 -0.27485 4.9587 0.14231 -0.0019733 2.8598e-05
2088 3805.8 2.3864 -0.21033 70.143 -0.2862 4.9306 0.14503 -0.0075942 2.6285e-05
2107.2 3411.3 2.3864 -0.21053 71.287 -0.30628 4.9248 0.1379 -0.002661 2.4686e-05
2112.5 3295.9 2.3864 -0.21059 71.824 -0.2941 4.9214 0.13642 0.061633 2.4407e-05
2122 3107.1 2.3864 -0.21069 70.359 -0.27465 4.963 0.13852 0.00472 2.3635e-05
2139 2790.2 2.3865 -0.21086 67.54 -0.28187 4.9229 0.14049 -0.023925 2.1047e-05
2153.4 2510.4 2.3865 -0.211 68.054 -0.30246 4.9138 0.13727 0.024979 1.9256e-05
2157.4 2428.9 2.3865 -0.21104 68.393 -0.29331 4.9356 0.13626 0.054392 1.8943e-05
2166.9 2249 2.3865 -0.21113 67.113 -0.27522 4.97 0.13855 -0.00034762 1.8079e-05
2183.8 1940.8 2.3866 -0.2113 65.343 -0.2912 4.9252 0.13649 -0.022176 1.519e-05
2198.2 1650.8 2.3866 -0.21144 68.416 -0.32611 4.9189 0.12614 0.024191 1.3205e-05
2202.2 1561.3 2.3866 -0.21148 69.787 -0.31614 4.9392 0.126 0.048178 1.2865e-05
2211.7 1380 2.3866 -0.21157 67.383 -0.2556 4.9713 0.13131 0.00061159 1.1935e-05
2228.7 1106.7 2.3867 -0.21173 61.46 -0.27332 4.9294 0.13926 -0.021642 8.9719e-06
2243.1 839.38 2.3867 -0.21186 64.308 -0.33292 4.9172 0.13135 0.017775 7.0579e-06
2247 752.82 2.3867 -0.2119 65.567 -0.30206 4.9346 0.12887 0.043335 6.7084e-06
2256.6 575.74 2.3867 -0.21199 64.566 -0.27791 4.9803 0.12775 0.012738 6.1108e-06
2273.5 297.78 2.3868 -0.21215 59.61 -0.2605 4.938 0.14662 -0.025911 4.1892e-06
2287.9 79.939 2.3868 -0.21227 55.937 -0.27772 4.9898 0.15982 0.10498 1.1154e-06
2291.9 18.159 2.3868 -0.2123 55.963 -0.31377 5.0871 0.15617 0.21807 0
