time (s) altitude (m) velocity (m/s) mass (kg)trajectory angle (rad) angle of attack (rad) heading angle (rad) latitude (rad)
0 150 30 29388 1.5691 0 1.6682 -0.21673 2.3889
0.88219 177.79 33.004 29261 1.5678 -0.0030678 1.7134 -0.21673 2.3889
2.4534 233.92 38.471 29035 1.5618 -0.0076366 1.748 -0.21673 2.3889
3.7865 288.36 43.225 28843 1.5527 -0.010457 1.7593 -0.21673 2.3889
4.1546 304.51 44.556 28790 1.5496 -0.01112 1.7613 -0.21673 2.3889
5.0368 345.22 47.782 28663 1.541 -0.012405 1.7653 -0.21673 2.3889
6.608 424.82 53.647 28437 1.5219 -0.013752 1.7699 -0.21673 2.3889
7.9411 499.6 58.75 28245 1.502 -0.013898 1.7726 -0.21673 2.3889
8.3092 521.43 60.18 28192 1.4959 -0.013796 1.7732 -0.21673 2.3889
9.1913 575.86 63.647 28065 1.4805 -0.013285 1.7744 -0.21673 2.3889
10.763 680.21 69.968 27838 1.4502 -0.011433 1.7763 -0.21673 2.3889
12.096 776.27 75.49 27646 1.4221 -0.0088668 1.7775 -0.21673 2.3889
12.464 804.01 77.041 27593 1.4141 -0.0080146 1.7778 -0.21673 2.3889
13.787 908.14 82.714 27403 1.3842 -0.004456 1.7787 -0.21673 2.3889
16.144 1110.6 93.213 27064 1.3298 0.0040796 1.7801 -0.21672 2.3889
18.144 1299.5 102.54 26776 1.2857 0.012954 1.7811 -0.21671 2.3889
18.696 1354.4 105.19 26696 1.2742 0.015381 1.7814 -0.21671 2.3889
20.019 1491 111.65 26506 1.2481 0.020746 1.7819 -0.2167 2.3889
22.376 1751.8 123.57 26167 1.2071 0.028264 1.7828 -0.21669 2.3889
24.375 1991.1 134.09 25879 1.1779 0.032296 1.7835 -0.21667 2.3889
24.927 2060.2 137.06 25800 1.1706 0.033134 1.7837 -0.21667 2.3889
26.251 2231 144.28 25609 1.1546 0.034404 1.7841 -0.21666 2.3889
28.608 2554.3 157.5 25270 1.13 0.034906 1.7849 -0.21663 2.3889
30.607 2848.3 169.07 24983 1.1126 0.034714 1.7855 -0.21661 2.3889
31.159 2932.7 172.33 24903 1.1083 0.034796 1.7856 -0.21661 2.3889
32.483 3141 180.25 24713 1.0995 0.034891 1.786 -0.21659 2.3889
34.839 3533.3 194.75 24374 1.088 0.034906 1.7867 -0.21656 2.3889
36.839 3888.9 207.44 24086 1.0829 0.034869 1.7872 -0.21653 2.3889
37.391 3990.9 211.01 24007 1.0822 0.034872 1.7874 -0.21652 2.3889
38.714 4242.4 219.67 23817 1.0819 0.034906 1.7878 -0.2165 2.3889
41.071 4716.3 235.5 23478 1.0863 0.034906 1.7884 -0.21646 2.3889
43.071 5146.1 249.33 23191 1.0949 0.034827 1.789 -0.21643 2.3889
43.623 5269.6 253.22 23111 1.0981 0.034809 1.7891 -0.21642 2.3889
44.946 5574.1 262.65 22921 1.107 0.034907 1.7895 -0.21639 2.3889
47.303 6148.8 280 22582 1.1274 0.033731 1.7902 -0.21635 2.3889
49.303 6669.8 294.41 22295 1.1448 0.0305 1.7909 -0.21632 2.3888
49.855 6818.9 298.05 22216 1.1484 0.029315 1.7911 -0.2163 2.3888
51.178 7184.4 306.38 22025 1.1551 0.025761 1.7915 -0.21628 2.3888
53.535 7860.3 319.8 21687 1.1566 0.017263 1.7923 -0.21623 2.3888
55.535 8454.2 330.29 21399 1.1456 0.007875 1.7929 -0.21619 2.3888
56.087 8620.8 333.13 21320 1.1405 0.0049312 1.7931 -0.21618 2.3888
57.41 9024.1 339.99 21130 1.1241 -0.0020888 1.7935 -0.21615 2.3888
59.767 9753.4 353 20791 1.0838 -0.012574 1.7942 -0.2161 2.3888
61.767 10381 365.2 20504 1.0415 -0.019098 1.7948 -0.21604 2.3888
62.319 10555 368.74 20424 1.029 -0.020636 1.7949 -0.21603 2.3888
63.642 10974 377.54 20234 0.9975 -0.023566 1.7952 -0.21599 2.3888
65.999 11723 394.51 19896 0.93877 -0.026615 1.7958 -0.21591 2.3887
67.998 12360 410.37 19608 0.88851 -0.02703 1.7962 -0.21583 2.3887
68.551 12536 414.99 19529 0.87487 -0.026797 1.7963 -0.21581 2.3887
69.874 12957 426.53 19339 0.84294 -0.025848 1.7965 -0.21576 2.3887
72.231 13708 448.68 19000 0.7893 -0.023989 1.7969 -0.21565 2.3887
74.23 14345 469.13 18712 0.74682 -0.023799 1.7972 -0.21555 2.3887
74.782 14521 475.04 18633 0.73543 -0.024216 1.7973 -0.21552 2.3887
76.106 14942 489.69 18443 0.70853 -0.025505 1.7975 -0.21545 2.3886
78.463 15693 517.5 18104 0.66138 -0.029886 1.7978 -0.21531 2.3886
80.462 16326 542.85 17816 0.62117 -0.035885 1.7981 -0.21518 2.3886
81.014 16501 550.15 17737 0.6099 -0.037845 1.7982 -0.21514 2.3886
82.338 16916 568.21 17546 0.58253 -0.043251 1.7983 -0.21504 2.3885
84.694 17646 602.59 17207 0.53263 -0.053923 1.7986 -0.21487 2.3885
86.694 18250 634.33 16919 0.49032 -0.061713 1.7988 -0.2147 2.3885
87.246 18415 643.54 16840 0.47895 -0.063265 1.7988 -0.21465 2.3885
88.474 18776 664.74 16663 0.45428 -0.066613 1.799 -0.21454 2.3884
91.042 19512 712.15 16294 0.40603 -0.071043 1.7992 -0.2143 2.3884
94.251 20393 777.03 15832 0.35235 -0.072625 1.7994 -0.21396 2.3883
97.242 21176 842.64 15401 0.30759 -0.073018 1.7996 -0.21361 2.3882
99.214 21670 888.36 15117 0.27973 -0.072614 1.7998 -0.21336 2.3881
99.71 21791 900.16 15046 0.27286 -0.072219 1.7998 -0.2133 2.3881
101.03 22107 932.15 14855 0.25476 -0.070769 1.7999 -0.21312 2.3881
103.39 22642 990.9 14516 0.22315 -0.066104 1.8 -0.21278 2.388
105.39 23066 1042.3 14227 0.1969 -0.059857 1.8001 -0.21248 2.3879
105.94 23177 1056.7 14148 0.18977 -0.057831 1.8001 -0.21239 2.3879
107.27 23434 1091.7 13957 0.17297 -0.052422 1.8002 -0.21218 2.3879
109.62 23851 1155.7 13618 0.14461 -0.042652 1.8003 -0.21178 2.3878
111.62 24166 1212.1 13329 0.12231 -0.036012 1.8004 -0.21143 2.3877
112.17 24246 1228 13250 0.11641 -0.034655 1.8004 -0.21132 2.3877
113.5 24426 1266.8 13059 0.10259 -0.031903 1.8005 -0.21107 2.3876
115.85 24704 1337.9 12719 0.078935 -0.028579 1.8005 -0.21061 2.3875
117.85 24893 1400.3 12431 0.060015 -0.025448 1.8006 -0.21019 2.3874
118.41 24938 1417.8 12352 0.055095 -0.024188 1.8006 -0.21007 2.3874
119.73 25032 1460.2 12161 0.044144 -0.020675 1.8006 -0.20978 2.3873
122.09 25159 1536.9 11821 0.028884 -0.012251 1.8007 -0.20925 2.3872
124.09 25236 1603.6 11533 0.020754 -0.002926 1.8007 -0.20877 2.387
124.64 25254 1622.5 11453 0.019152 6.196e-07 1.8007 -0.20863 2.387
