time (s) altitude (m) velocity (m/s) mass (kg) dynamic pressure (Pa)trajectory angle (rad) Lift (N)Drag (N)heading angle (rad) latitude (rad) angle of attack (rad) 
605.84 32435 2829 3300 49337 0.021317 17765 5535.7 1.8049 -0.03312 0.11851
607.4 32529 2846.3 3277 49192 0.021521 18031 5580.9 1.8049 -0.03245 0.12023
610.47 32722 2881 3231.4 48864 0.022223 18605 5679.9 1.8049 -0.031111 0.12399
613.89 32948 2919.8 3180.9 48409 0.023499 19345 5810.8 1.8049 -0.029608 0.12898
616.33 33121 2947.8 3144.7 47999 0.024784 20060 5938.1 1.8049 -0.028519 0.13382
616.97 33167 2955.1 3135.3 47879 0.025178 20295 5981.5 1.8049 -0.028235 0.1354
618.06 33250 2967.8 3119.1 47655 0.025923 20657 6046.4 1.8049 -0.027742 0.13793
620.35 33433 2994.3 3085.1 47118 0.027725 21412 6223.5 1.8049 -0.026705 0.14303
623.22 33684 3027.5 3042.7 46293 0.030464 22427 6489.9 1.805 -0.025395 0.15006
625.89 33944 3058.4 3003.2 45343 0.033591 23968 6901.1 1.805 -0.024162 0.16016
627.65 34132 3078.6 2977.2 44601 0.036205 26533 7581.3 1.805 -0.023343 0.17457
628.09 34182 3083.6 2970.6 44396 0.03699 27051 7754.7 1.805 -0.023136 0.17738
630.45 34469 3109.9 2935.6 43161 0.041737 29681 8641.7 1.805 -0.022026 0.19268
634.66 35081 3156.5 2873.4 40409 0.051195 29648 8688.3 1.805 -0.020026 0.20159
638.23 35707 3196.9 2820.5 37609 0.059205 29603 8769.4 1.8051 -0.018307 0.21175
639.21 35897 3208.1 2805.9 36777 0.061524 29579 8820.6 1.8051 -0.017829 0.21482
640.4 36136 3221.5 2788.4 35747 0.064278 29552 8885.1 1.8051 -0.017254 0.21883
642.5 36589 3245.5 2757.3 33842 0.069249 29500 9005.2 1.8051 -0.016223 0.22688
644.28 37004 3266 2730.9 32169 0.073534 29454 9111.7 1.8051 -0.015344 0.23474
644.78 37123 3271.7 2723.6 31700 0.074729 29441 9141.6 1.8051 -0.0151 0.23709
645.96 37418 3285.3 2706.1 30565 0.077613 29410 9214.8 1.8051 -0.014514 0.24308
648.06 37974 3309.6 2674.9 28520 0.082829 29324 9450.3 1.8052 -0.013464 0.25418
649.85 38477 3330.2 2648.5 26773 0.087326 29145 9613.1 1.8052 -0.012569 0.26421
650.34 38622 3335.9 2641.2 26291 0.088576 28899 9567 1.8052 -0.01232 0.26596
652.7 39345 3363.7 2606.2 24002 0.094333 27059 9040.8 1.8052 -0.011125 0.27064
656.91 40753 3415.8 2544 20117 0.10324 22670 7564.7 1.8053 -0.0089719 0.27053
660.48 42057 3463.1 2491.1 17117 0.10924 19148 6365.2 1.8053 -0.0071203 0.26914
661.46 42432 3476.6 2476.5 16346 0.11068 18172 6024.6 1.8054 -0.0066049 0.26798
663.83 43356 3509.9 2441.6 14604 0.1137 16084 5308.8 1.8054 -0.0053615 0.26624
668.03 45079 3572.3 2379.3 11872 0.11788 12831 4197.6 1.8055 -0.0031182 0.26279
671.6 46607 3628.2 2326.4 9914.4 0.12039 10535 3419.7 1.8055 -0.0011843 0.25974
672.59 47039 3644 2311.8 9431 0.12094 9914.4 3204.6 1.8055 -0.00064528 0.25787
674.95 48088 3682.9 2276.9 8439.3 0.12204 8750.2 2815.1 1.8056 0.00065625 0.25548
679.16 50004 3754.8 2214.6 6887.7 0.12336 6913.5 2197.6 1.8057 0.0030083 0.25
682.73 51671 3818.5 2161.7 5809.9 0.12395 5661.7 1780.1 1.8057 0.0050396 0.24515
683.71 52138 3836.5 2147.1 5553.4 0.12404 5407.1 1701 1.8057 0.0056063 0.24502
686.08 53266 3880.4 2112.2 4973 0.12422 4821 1517.2 1.8058 0.0069755 0.24433
690.28 55311 3961 2049.9 4054.4 0.12437 3931 1242.6 1.8058 0.0094526 0.24439
693.85 57081 4031.9 1997 3382.1 0.12442 3279 1040.6 1.8059 0.011594 0.2444
694.84 57576 4051.9 1982.4 3212.7 0.12442 3118 991.05 1.8059 0.012192 0.24458
697.2 58770 4100.5 1947.5 2833.2 0.12443 2748.5 875.87 1.806 0.013637 0.24453
701.41 60935 4190 1885.2 2244.5 0.12439 2107.5 665.42 1.806 0.016254 0.23895
704.98 62806 4269 1832.3 1824.9 0.12409 1489.5 451.85 1.8061 0.018518 0.21696
705.96 63328 4291.4 1817.7 1721 0.1239 1197.2 352.31 1.8061 0.019151 0.19415
708.32 64584 4346.6 1782.8 1492.4 0.12289 738.36 213.65 1.8062 0.020681 0.15293
712.53 66825 4449 1720.5 1151 0.11966 240.82 94.747 1.8062 0.023455 0.079501
716.1 68709 4539.8 1667.6 920.3 0.11557 34.466 60.542 1.8063 0.025861 0.017201
717.09 69223 4565.5 1653 865.03 0.11423 0 55.579 1.8063 0.026534 0
717.09 69223 4565.5 1653 865.03 0.11423 0 55.579 1.8063 0.026534 0
718.09 69743 4564.4 1653 802.49 0.11281 0 51.525 1.8063 0.027219 0
719.09 70254 4563.3 1653 745.17 0.1114 0 47.811 1.8064 0.027904 0
720.09 70758 4562.3 1653 692.27 0.10998 0 44.386 1.8064 0.028588 0
721.09 71256 4561.3 1653 642.84 0.10857 0 41.192 1.8064 0.029273 0
722.09 71747 4560.2 1653 596.77 0.10715 0 38.222 1.8064 0.029957 0
723.09 72231 4559.2 1653 554.36 0.10574 0 35.489 1.8064 0.030641 0
724.09 72709 4558.2 1653 515.32 0.10432 0 32.974 1.8064 0.031325 0
725.09 73180 4557.3 1653 479.34 0.1029 0 30.658 1.8065 0.032009 0
726.09 73645 4556.3 1653 446.19 0.10148 0 28.524 1.8065 0.032693 0
727.09 74103 4555.3 1653 415.61 0.10006 0 26.557 1.8065 0.033377 0
728.09 74555 4554.4 1653 387.41 0.098643 0 24.743 1.8065 0.034061 0
729.09 75000 4553.5 1653 361.38 0.097223 0 23.07 1.8065 0.034745 0
730.09 75439 4552.6 1653 337.34 0.095803 0 21.526 1.8065 0.035428 0
731.09 75871 4551.7 1653 315.14 0.094382 0 20.1 1.8065 0.036112 0
732.09 76297 4550.8 1653 294.61 0.09296 0 18.782 1.8066 0.036795 0
733.09 76716 4550 1653 275.64 0.091538 0 17.565 1.8066 0.037479 0
734.09 77129 4549.1 1653 258.08 0.090116 0 16.439 1.8066 0.038162 0
735.09 77535 4548.3 1653 241.83 0.088693 0 15.397 1.8066 0.038845 0
736.09 77935 4547.5 1653 226.78 0.087269 0 14.433 1.8066 0.039528 0
737.09 78328 4546.7 1653 212.84 0.085846 0 13.54 1.8066 0.040211 0
738.09 78714 4545.9 1653 199.92 0.084421 0 12.712 1.8066 0.040894 0
739.09 79094 4545.1 1653 187.93 0.082996 0 11.945 1.8066 0.041577 0
740.09 79468 4544.3 1653 176.81 0.081571 0 11.234 1.8067 0.042259 0
741.09 79835 4543.6 1653 166.49 0.080146 0 10.574 1.8067 0.042942 0
742.09 80195 4542.9 1653 156.91 0.07872 0 9.961 1.8067 0.043625 0
743.09 80549 4542.1 1653 148 0.077293 0 9.3919 1.8067 0.044307 0
744.09 80897 4541.4 1653 139.72 0.075866 0 8.863 1.8067 0.04499 0
745.09 81238 4540.8 1653 132.02 0.074439 0 8.3713 1.8067 0.045672 0
746.09 81572 4540.1 1653 124.86 0.073011 0 7.9141 1.8067 0.046354 0
747.09 81900 4539.4 1653 118.19 0.071583 0 7.4885 1.8067 0.047037 0
748.09 82222 4538.8 1653 111.98 0.070155 0 7.0924 1.8068 0.047719 0
749.09 82537 4538.1 1653 106.19 0.068726 0 6.7234 1.8068 0.048401 0
750.09 82845 4537.5 1653 100.8 0.067297 0 6.3796 1.8068 0.049083 0
751.09 83147 4536.9 1653 95.769 0.065868 0 6.059 1.8068 0.049765 0
752.09 83442 4536.3 1653 91.076 0.064438 0 5.7601 1.8068 0.050447 0
753.09 83731 4535.7 1653 86.696 0.063008 0 5.4812 1.8068 0.051129 0
754.09 84013 4535.2 1653 82.607 0.061577 0 5.2209 1.8068 0.051811 0
755.09 84289 4534.6 1653 78.787 0.060147 0 4.9778 1.8068 0.052493 0
756.09 84559 4534.1 1653 75.218 0.058715 0 4.7507 1.8068 0.053174 0
757.09 84821 4533.6 1653 71.877 0.057284 0 4.5383 1.8068 0.053856 0
758.09 85078 4533.1 1522.1 0 0.055852 0 0 1.8069 0.054538 0
759.09 85327 4532.6 1522.1 0 0.05442 0 0 1.8069 0.055219 0
760.09 85571 4532.1 1522.1 0 0.052988 0 0 1.8069 0.055901 0
761.09 85808 4531.6 1522.1 0 0.051556 0 0 1.8069 0.056582 0
762.09 86038 4531.2 1522.1 0 0.050123 0 0 1.8069 0.057264 0
763.09 86262 4530.7 1522.1 0 0.04869 0 0 1.8069 0.057945 0
764.09 86479 4530.3 1522.1 0 0.047257 0 0 1.8069 0.058626 0
765.09 86690 4529.9 1522.1 0 0.045823 0 0 1.8069 0.059308 0
766.09 86894 4529.5 1522.1 0 0.04439 0 0 1.8069 0.059989 0
767.09 87092 4529.1 1522.1 0 0.042956 0 0 1.8069 0.06067 0
768.09 87283 4528.7 1522.1 0 0.041521 0 0 1.8069 0.061351 0
769.09 87468 4528.4 1522.1 0 0.040087 0 0 1.8069 0.062033 0
770.09 87646 4528 1522.1 0 0.038653 0 0 1.8069 0.062714 0
771.09 87817 4527.7 1522.1 0 0.037218 0 0 1.807 0.063395 0
772.09 87983 4527.4 1522.1 0 0.035783 0 0 1.807 0.064076 0
773.09 88141 4527.1 1522.1 0 0.034348 0 0 1.807 0.064757 0
774.09 88294 4526.8 1522.1 0 0.032912 0 0 1.807 0.065438 0
775.09 88439 4526.5 1522.1 0 0.031477 0 0 1.807 0.066119 0
776.09 88579 4526.3 1522.1 0 0.030041 0 0 1.807 0.0668 0
777.09 88711 4526 1522.1 0 0.028606 0 0 1.807 0.067481 0
778.09 88837 4525.8 1522.1 0 0.02717 0 0 1.807 0.068162 0
779.09 88957 4525.6 1522.1 0 0.025734 0 0 1.807 0.068843 0
780.09 89070 4525.4 1522.1 0 0.024298 0 0 1.807 0.069523 0
781.09 89177 4525.2 1522.1 0 0.022862 0 0 1.807 0.070204 0
782.09 89277 4525 1522.1 0 0.021425 0 0 1.807 0.070885 0
783.09 89371 4524.8 1522.1 0 0.019989 0 0 1.807 0.071566 0
784.09 89458 4524.7 1522.1 0 0.018552 0 0 1.807 0.072247 0
785.09 89539 4524.6 1522.1 0 0.017116 0 0 1.807 0.072928 0
786.09 89613 4524.4 1522.1 0 0.015679 0 0 1.807 0.073608 0
787.09 89681 4524.3 1522.1 0 0.014242 0 0 1.807 0.074289 0
788.09 89742 4524.2 1522.1 0 0.012806 0 0 1.807 0.07497 0
789.09 89797 4524.2 1522.1 0 0.011369 0 0 1.807 0.075651 0
790.09 89845 4524.1 1522.1 0 0.0099319 0 0 1.807 0.076331 0
791.09 89886 4524 1522.1 0 0.008495 0 0 1.807 0.077012 0
792.09 89922 4524 1522.1 0 0.0070581 0 0 1.807 0.077693 0
793.09 89950 4524 1522.1 0 0.0056211 0 0 1.8071 0.078374 0
794.09 89972 4524 1522.1 0 0.0041842 0 0 1.8071 0.079054 0
795.09 89988 4524 1522.1 0 0.0027472 0 0 1.8071 0.079735 0
796.09 89997 4524 1522.1 0 0.0013103 0 0 1.8071 0.080416 0
797.09 90000 4524 1522.1 0 0 0 0 1.8071 0.081097 0
