9  0.00   0.073 0.000 0.073 0.000  -1.775
9  2.00   0.073 0.080 0.076 0.078  -2.457
9  4.00   0.073 0.198 0.087 0.193  -2.885
9  6.00   0.073 0.333 0.107 0.324  -3.085
9  8.00   0.073 0.480 0.139 0.466  -3.214
9  10.00  0.072 0.648 0.184 0.625  -3.332
9  12.00  0.072 0.846 0.246 0.813  -3.454
9  14.00  0.071 1.067 0.327 1.018  -3.560
9  16.00  0.071 1.308 0.429 1.238  -3.650
9  18.00  0.070 1.568 0.551 1.470  -3.729
9  20.00  0.069 1.846 0.697 1.711  -3.798
11 0.00   0.063 0.000 0.063 0.000  -1.758
11 2.00   0.063 0.080 0.066 0.078  -2.451
11 4.00   0.063 0.198 0.077 0.194  -2.884
11 6.00   0.063 0.325 0.097 0.317  -3.044
11 8.00   0.063 0.471 0.128 0.458  -3.183
11 10.00  0.063 0.647 0.174 0.627  -3.329
11 12.00  0.062 0.847 0.237 0.816  -3.453
11 14.00  0.062 1.068 0.318 1.021  -3.558
11 16.00  0.062 1.309 0.420 1.242  -3.649
11 18.00  0.061 1.570 0.543 1.474  -3.727
11 20.00  0.061 1.847 0.689 1.715  -3.797
13 0.00   0.070 0.000 0.070 0.000  -1.966
13 2.00   0.070 0.082 0.073 0.079  -2.488
13 4.00   0.070 0.195 0.083 0.189  -2.846
13 6.00   0.070 0.320 0.103 0.311  -3.013
13 8.00   0.070 0.470 0.134 0.456  -3.178
13 10.00  0.069 0.648 0.181 0.626  -3.328
13 12.00  0.069 0.848 0.244 0.815  -3.452
13 14.00  0.068 1.069 0.325 1.020  -3.558
13 16.00  0.068 1.310 0.426 1.240  -3.648
13 18.00  0.067 1.570 0.549 1.473  -3.727
13 20.00  0.067 1.848 0.695 1.714  -3.796
15 0.00   0.068 0.000 0.068 0.000  -2.078
15 2.00   0.068 0.082 0.071 0.080  -2.507
15 4.00   0.068 0.192 0.081 0.186  -2.817
15 6.00   0.068 0.316 0.100 0.308  -2.995
15 8.00   0.068 0.470 0.132 0.456  -3.178
15 10.00  0.067 0.648 0.179 0.626  -3.328
15 12.00  0.067 0.848 0.242 0.815  -3.452
15 14.00  0.066 1.069 0.323 1.021  -3.557
15 16.00  0.066 1.310 0.425 1.241  -3.648
15 18.00  0.065 1.571 0.548 1.473  -3.726
15 20.00  0.065 1.848 0.693 1.715  -3.796
17 0.00   0.066 0.000 0.066 0.000  -2.192
17 2.00   0.066 0.083 0.069 0.081  -2.534
17 4.00   0.066 0.189 0.079 0.184  -2.796
17 6.00   0.066 0.316 0.099 0.307  -2.993
17 8.00   0.066 0.470 0.131 0.457  -3.177
17 10.00  0.066 0.648 0.177 0.627  -3.327
17 12.00  0.065 0.848 0.240 0.816  -3.452
17 14.00  0.065 1.069 0.322 1.022  -3.557
17 16.00  0.064 1.310 0.423 1.242  -3.647
17 18.00  0.064 1.571 0.546 1.474  -3.726
17 20.00  0.063 1.849 0.692 1.716  -3.796
