  5.10  2.50    -20.00      246075.46      7611.10    -26618.79
  5.10  2.50    -19.00      227923.64      6614.45    -24772.81
  5.10  2.50    -18.00      210238.18      5706.53    -22982.96
  5.10  2.50    -17.00      193081.08      4884.17    -21254.39
  5.10  2.50    -16.00      176409.08      4141.73    -19582.08
  5.10  2.50    -15.00      160286.57      3476.22    -17971.57
  5.10  2.50    -14.00      144786.06      2884.47    -16429.10
  5.10  2.50    -13.00      129858.34      2361.16    -14949.19
  5.10  2.50    -12.00      115479.25      1901.75    -13528.79
  5.10  2.50    -11.00      101647.16      1502.36    -12167.10
  5.10  2.50    -10.00       88365.84      1159.30    -10863.92
  5.10  2.50     -9.00       75501.70       867.75     -9605.75
  5.10  2.50     -8.00       63059.81       624.92     -8392.61
  5.10  2.50     -7.00       51062.24       428.14     -7226.16
  5.10  2.50     -6.00       39364.58       274.08     -6092.06
  5.10  2.50     -5.00       27954.96       160.71     -4988.80
  5.10  2.50     -4.00       16728.45        86.11     -3905.94
  5.10  2.50     -3.00        6975.76        48.13     -2967.04
  5.10  2.50     -2.00        1443.99        33.10     -2434.79
  5.10  2.50     -1.00       -4715.20        39.34     -1843.68
  5.10  2.50      0.00      -28037.04       160.50         0.00
  5.10  2.50      1.00      -39666.31       274.35      1111.20
  5.10  2.50      2.00      -51532.12       428.43      2243.68
  5.10  2.50      3.00      -63754.72       625.25      3409.10
  5.10  2.50      4.00      -76418.46       867.65      4615.74
  5.10  2.50      5.00      -89557.01      1158.55      5866.99
  5.10  2.50      6.00     -103292.98      1502.27      7174.82
  5.10  2.50      7.00     -117539.63      1901.09      8531.12
  5.10  2.50      8.00     -132435.57      2360.35      9949.40
  5.10  2.50      9.00     -147895.01      2882.53     11421.68
  5.10  2.50     10.00     -164055.91      3473.91     12961.51
  5.10  2.50     11.00     -180918.21      4138.99     14569.16
  5.10  2.50     12.00     -198256.19      4877.40     16223.36
  5.10  2.50     13.00     -216313.70      5698.63     17947.87
  5.10  2.50     14.00     -235088.43      6607.74     19742.85
  5.10  2.50     15.00     -254338.87      7603.41     21585.60
  5.10  2.50     16.00     -274098.32      8690.73     23479.78
  5.10  2.50     17.00     -294471.65      9877.66     25435.87
  5.10  2.50     18.00     -315269.89     11163.40     27436.38
  5.10  2.50     19.00     -336638.24     12557.66     29495.67
  5.10  2.50     20.00     -358267.44     14054.78     31584.59
  5.10  3.17    -20.00      232845.35      6940.18    -26517.92
  5.10  3.17    -19.00      215027.99      5999.66    -24696.49
  5.10  3.17    -18.00      197841.39      5149.47    -22948.09
  5.10  3.17    -17.00      181104.74      4380.21    -21253.93
  5.10  3.17    -16.00      164991.33      3691.08    -19630.19
  5.10  3.17    -15.00      149430.16      3075.91    -18069.06
  5.10  3.17    -14.00      134360.83      2529.34    -16563.85
  5.10  3.17    -13.00      119839.30      2048.34    -15119.32
  5.10  3.17    -12.00      105893.02      1629.26    -13737.42
  5.10  3.17    -11.00       92474.45      1267.60    -12412.84
  5.10  3.17    -10.00       79528.15       959.24    -11139.62
  5.10  3.17     -9.00       67026.10       700.75     -9914.48
  5.10  3.17     -8.00       54894.46       488.74     -8729.78
  5.10  3.17     -7.00       43141.79       320.75     -7585.87
  5.10  3.17     -6.00       31671.12       194.07     -6472.99
  5.10  3.17     -5.00       20409.38       106.73     -5383.73
  5.10  3.17     -4.00        9287.69        57.30     -4311.13
  5.10  3.17     -3.00        3345.52        35.90     -3738.30
  5.10  3.17     -2.00       -2591.02        34.74     -3167.69
  5.10  3.17     -1.00       -9196.29        56.81     -2534.58
  5.10  3.17      0.00      -35694.90       231.58         0.00
  5.10  3.17      1.00      -47560.41       372.53      1131.50
  5.10  3.17      2.00      -59660.29       554.73      2283.58
  5.10  3.17      3.00      -72211.57       781.72      3477.15
  5.10  3.17      4.00      -85239.20      1056.31      4714.74
  5.10  3.17      5.00      -98769.04      1381.56      5998.99
  5.10  3.17      6.00     -112927.69      1762.09      7342.18
  5.10  3.17      7.00     -127598.54      2199.86      8733.35
  5.10  3.17      8.00     -142979.91      2701.35     10191.66
  5.10  3.17      9.00     -158939.64      3268.44     11704.68
  5.10  3.17     10.00     -175685.77      3909.04     13292.56
  5.10  3.17     11.00     -192874.16      4620.73     14922.73
  5.10  3.17     12.00     -210964.51      5417.53     16639.39
  5.10  3.17     13.00     -229490.21      6293.68     18398.26
  5.10  3.17     14.00     -248678.73      7259.02     20221.49
  5.10  3.17     15.00     -268416.57      8315.21     22098.63
  5.10  3.17     16.00     -288833.75      9470.93     24042.49
  5.10  3.17     17.00     -309646.65     10722.71     26026.50
  5.10  3.17     18.00     -330994.05     12079.51     28064.29
  5.10  3.17     19.00     -352726.67     13541.37     30142.11
  5.10  3.17     20.00     -374935.88     15116.40     32269.24
  5.10  3.83    -20.00      219736.33      6302.39    -26036.95
  5.10  3.83    -19.00      202580.44      5425.05    -24273.42
  5.10  3.83    -18.00      185811.08      4628.79    -22559.35
  5.10  3.83    -17.00      169660.25      3914.41    -20916.80
  5.10  3.83    -16.00      153918.20      3272.89    -19324.17
  5.10  3.83    -15.00      138793.30      2704.07    -17801.09
  5.10  3.83    -14.00      124204.10      2202.06    -16338.74
  5.10  3.83    -13.00      110148.28      1762.79    -14936.12
  5.10  3.83    -12.00       96601.71      1382.09    -13590.19
  5.10  3.83    -11.00       83548.20      1056.21    -12298.68
  5.10  3.83    -10.00       70959.53       781.53    -11058.23
  5.10  3.83     -9.00       58760.32       554.39     -9860.97
  5.10  3.83     -8.00       46941.90       372.13     -8705.55
  5.10  3.83     -7.00       35406.58       231.87     -7582.05
  5.10  3.83     -6.00       24106.40       131.60     -6485.45
  5.10  3.83     -5.00       12965.76        69.66     -5408.09
  5.10  3.83     -4.00        5175.72        40.98     -4656.04
  5.10  3.83     -3.00        -535.01        32.73     -4105.92
  5.10  3.83     -2.00       -6900.89        46.67     -3494.94
  5.10  3.83     -1.00      -13971.01        86.00     -2818.44
  5.10  3.83      0.00      -43470.57       320.30         0.00
  5.10  3.83      1.00      -55600.62       489.26      1153.94
  5.10  3.83      2.00      -67999.16       700.87      2331.25
  5.10  3.83      3.00      -80877.40       959.10      3552.19
  5.10  3.83      4.00      -94304.30      1267.41      4823.48
  5.10  3.83      5.00     -108286.36      1629.02      6145.86
  5.10  3.83      6.00     -122835.64      2047.32      7520.63
  5.10  3.83      7.00     -138047.10      2527.24      8957.00
  5.10  3.83      8.00     -153893.70      3072.26     10452.56
  5.10  3.83      9.00     -170389.54      3686.61     12008.83
  5.10  3.83     10.00     -187552.54      4374.82     13627.79
  5.10  3.83     11.00     -205462.32      5143.09     15317.24
  5.10  3.83     12.00     -223945.95      5992.16     17060.94
  5.10  3.83     13.00     -242999.90      6926.26     18858.88
  5.10  3.83     14.00     -262732.47      7952.72     20721.72
  5.10  3.83     15.00     -283086.80      9075.06     22644.40
  5.10  3.83     16.00     -303915.36     10293.80     24613.24
  5.10  3.83     17.00     -325247.96     11614.49     26631.42
  5.10  3.83     18.00     -347079.63     13041.92     28698.98
  5.10  3.83     19.00     -369379.63     14580.13     30813.49
  5.10  3.83     20.00     -391914.77     16225.41     32953.07
  5.10  4.50    -20.00      207217.06      5709.29    -25615.77
  5.10  4.50    -19.00      190387.75      4884.72    -23877.98
  5.10  4.50    -18.00      174231.35      4145.17    -22218.62
  5.10  4.50    -17.00      158436.82      3479.07    -20605.97
  5.10  4.50    -16.00      143228.52      2886.77    -19061.22
  5.10  4.50    -15.00      128516.17      2362.25    -17574.65
  5.10  4.50    -14.00      114377.88      1902.65    -16153.06
  5.10  4.50    -13.00      100721.80      1502.64    -14786.67
  5.10  4.50    -12.00       87602.33      1159.23    -13480.05
  5.10  4.50    -11.00       74867.52       867.35    -12217.72
  5.10  4.50    -10.00       62611.83       624.90    -11008.25
  5.10  4.50     -9.00       50711.49       428.00     -9839.04
  5.10  4.50     -8.00       39128.31       274.04     -8705.89
  5.10  4.50     -7.00       27788.95       160.67     -7601.25
  5.10  4.50     -6.00       16630.18        86.13     -6518.61
  5.10  4.50     -5.00        6922.58        48.20     -5579.76
  5.10  4.50     -4.00        1430.25        33.20     -5049.13
  5.10  4.50     -3.00       -4703.36        39.41     -4459.26
  5.10  4.50     -2.00      -11516.13        69.84     -3806.60
  5.10  4.50     -1.00      -19068.58       127.93     -3085.43
  5.10  4.50      0.00      -51404.12       427.27         0.00
  5.10  4.50      1.00      -63837.19       625.41      1179.50
  5.10  4.50      2.00      -76594.01       867.94      2387.13
  5.10  4.50      3.00      -89821.94      1158.78      3636.97
  5.10  4.50      4.00     -103636.68      1502.00      4940.18
  5.10  4.50      5.00     -118102.73      1901.80      6302.99
  5.10  4.50      6.00     -133119.03      2360.38      7715.86
  5.10  4.50      7.00     -148828.01      2883.46      9192.50
  5.10  4.50      8.00     -165088.25      3472.58     10719.53
  5.10  4.50      9.00     -182195.74      4137.27     12325.33
  5.10  4.50     10.00     -199972.13      4878.83     13993.11
  5.10  4.50     11.00     -218354.36      5700.20     15717.06
  5.10  4.50     12.00     -237297.78      6604.56     17493.12
  5.10  4.50     13.00     -256933.51      7599.66     19334.09
  5.10  4.50     14.00     -277117.47      8686.37     21226.57
  5.10  4.50     15.00     -298080.78      9876.42     23192.81
  5.10  4.50     16.00     -319397.78     11161.99     25192.70
  5.10  4.50     17.00     -341329.59     12556.03     27251.36
  5.10  4.50     18.00     -363563.20     14052.84     29339.61
  5.10  4.50     19.00     -386335.01     15665.56     31480.12
  5.10  4.50     20.00     -409225.26     17383.26     33633.61
  5.10  5.17    -20.00      194997.53      5152.05    -25227.43
  5.10  5.17    -19.00      178720.23      4383.92    -23538.66
  5.10  5.17    -18.00      162887.23      3692.86    -21906.23
  5.10  5.17    -17.00      147530.19      3075.29    -20332.35
  5.10  5.17    -16.00      132811.19      2529.69    -18831.99
  5.10  5.17    -15.00      118597.38      2049.30    -17391.14
  5.10  5.17    -14.00      104806.06      1629.08    -16000.84
  5.10  5.17    -13.00       91600.92      1267.53    -14676.35
  5.10  5.17    -12.00       78842.40       959.24    -13403.24
  5.10  5.17    -11.00       66447.45       700.35    -12172.75
  5.10  5.17    -10.00       54467.91       488.53    -10989.31
  5.10  5.17     -9.00       42833.88       320.63     -9845.53
  5.10  5.17     -8.00       31459.91       194.03     -8732.64
  5.10  5.17     -7.00       20281.26       106.75     -7643.93
  5.10  5.17     -6.00        9225.16        57.38     -6571.99
  5.10  5.17     -5.00        3315.11        36.03     -5999.34
  5.10  5.17     -4.00       -2582.35        34.85     -5430.66
  5.10  5.17     -3.00       -9146.35        56.79     -4800.68
  5.10  5.17     -2.00      -16435.69       105.18     -4103.89
  5.10  5.17     -1.00      -24496.06       183.69     -3336.06
  5.10  5.17      0.00      -59508.43       553.13         0.00
  5.10  5.17      1.00      -72308.61       781.95      1210.56
  5.10  5.17      2.00      -85410.63      1056.44      2446.64
  5.10  5.17      3.00      -99065.62      1381.90      3732.12
  5.10  5.17      4.00     -113308.95      1761.87      5070.40
  5.10  5.17      5.00     -128216.66      2200.82      6468.85
  5.10  5.17      6.00     -143724.58      2701.53      7921.33
  5.10  5.17      7.00     -159951.12      3269.70      9439.25
  5.10  5.17      8.00     -176797.45      3907.71     11013.30
  5.10  5.17      9.00     -194399.21      4622.36     12656.49
  5.10  5.17     10.00     -212625.17      5415.39     14356.48
  5.10  5.17     11.00     -231473.15      6291.01     16113.22
  5.10  5.17     12.00     -251022.73      7255.79     17934.49
  5.10  5.17     13.00     -271275.87      8314.62     19820.67
  5.10  5.17     14.00     -292144.44      9470.16     21763.74
  5.10  5.17     15.00     -313318.69     10717.56     23734.52
  5.10  5.17     16.00     -335336.26     12078.40     25784.24
  5.10  5.17     17.00     -357649.61     13540.04     27861.48
  5.10  5.17     18.00     -380327.59     15108.83     29973.04
  5.10  5.17     19.00     -403611.55     16799.06     32142.09
  5.10  5.17     20.00     -427241.42     18606.15     34344.40
  5.10  5.83    -20.00      183127.26      4630.90    -24881.51
  5.10  5.83    -19.00      167277.99      3914.70    -23230.43
  5.10  5.83    -18.00      151938.69      3274.21    -21642.66
  5.10  5.83    -17.00      137116.46      2705.09    -20117.96
  5.10  5.83    -16.00      122753.15      2202.11    -18649.57
  5.10  5.83    -15.00      108945.33      1762.78    -17246.09
  5.10  5.83    -14.00       95589.19      1381.69    -15896.42
  5.10  5.83    -13.00       82737.59      1055.92    -14604.96
  5.10  5.83    -12.00       70261.05       780.77    -13358.26
  5.10  5.83    -11.00       58239.79       553.98    -12163.48
  5.10  5.83    -10.00       46545.30       371.79    -11007.45
  5.10  5.83     -9.00       35105.50       231.60     -9882.63
  5.10  5.83     -8.00       23901.19       131.47     -8786.66
  5.10  5.83     -7.00       12843.78        69.65     -7710.54
  5.10  5.83     -6.00        5096.29        41.08     -6958.44
  5.10  5.83     -5.00        -572.35        32.88     -6409.96
  5.10  5.83     -4.00       -6892.83        46.78     -5801.85
  5.10  5.83     -3.00      -13916.31        85.91     -5129.36
  5.10  5.83     -2.00      -21691.01       153.80     -4388.03
  5.10  5.83     -1.00      -30280.40       254.47     -3572.00
  5.10  5.83      0.00      -67828.70       698.77         0.00
  5.10  5.83      1.00      -80987.78       959.38      1240.19
  5.10  5.83      2.00      -94496.59      1267.59      2509.93
  5.10  5.83      3.00     -108578.39      1629.01      3830.30
  5.10  5.83      4.00     -123254.49      2047.14      5203.34
  5.10  5.83      5.00     -138617.65      2526.83      6637.90
  5.10  5.83      6.00     -154640.55      3071.56      8131.39
  5.10  5.83      7.00     -171412.32      3686.91      9692.36
  5.10  5.83      8.00     -188745.01      4373.49     11302.95
  5.10  5.83      9.00     -206925.82      5141.36     12990.57
  5.10  5.83     10.00     -225714.87      5990.01     14732.49
  5.10  5.83     11.00     -245206.51      6926.17     16537.88
  5.10  5.83     12.00     -265215.54      7949.46     18389.25
  5.10  5.83     13.00     -285989.20      9071.21     20310.30
  5.10  5.83     14.00     -307277.93     10289.32     22277.58
  5.10  5.83     15.00     -329112.40     11609.28     24294.18
  5.10  5.83     16.00     -351492.00     13035.98     26360.40
  5.10  5.83     17.00     -374385.66     14573.40     28473.62
  5.10  5.83     18.00     -397725.07     16224.16     30627.55
  5.10  5.83     19.00     -421233.06     17982.22     32796.50
  5.10  5.83     20.00     -445290.97     19867.55     35016.65
  5.10  6.50    -20.00      171564.02      4143.87    -24573.73
  5.10  6.50    -19.00      156258.40      3480.30    -22972.69
  5.10  6.50    -18.00      141259.09      2885.70    -21415.21
  5.10  6.50    -17.00      126895.66      2362.08    -19933.02
  5.10  6.50    -16.00      113021.01      1902.43    -18510.45
  5.10  6.50    -15.00       99566.52      1501.95    -17139.85
  5.10  6.50    -14.00       86634.37      1158.36    -15830.37
  5.10  6.50    -13.00       74099.15       866.73    -14568.91
  5.10  6.50    -12.00       61980.63       624.19    -13356.61
  5.10  6.50    -11.00       50224.09       427.45    -12187.46
  5.10  6.50    -10.00       38743.52       273.56    -11052.45
  5.10  6.50     -9.00       27514.27       160.40     -9948.66
  5.10  6.50     -8.00       16441.80        86.02     -8866.43
  5.10  6.50     -7.00        6793.63        48.24     -7927.64
  5.10  6.50     -6.00        1353.00        33.36     -7399.01
  5.10  6.50     -5.00       -4722.62        39.57     -6812.62
  5.10  6.50     -4.00      -11487.93        69.89     -6163.37
  5.10  6.50     -3.00      -18984.39       127.65     -5447.48
  5.10  6.50     -2.00      -27274.88       216.73     -4659.17
  5.10  6.50     -1.00      -36411.12       341.34     -3793.74
  5.10  6.50      0.00      -76360.28       864.86         0.00
  5.10  6.50      1.00      -90006.49      1159.75      1281.42
  5.10  6.50      2.00     -103886.72      1502.67      2580.72
  5.10  6.50      3.00     -118425.27      1901.86      3938.09
  5.10  6.50      4.00     -133576.87      2360.23      5349.14
  5.10  6.50      5.00     -149505.83      2884.07      6829.50
  5.10  6.50      6.00     -166024.58      3474.31      8361.26
  5.10  6.50      7.00     -183222.87      4136.32      9953.02
  5.10  6.50      8.00     -201248.41      4877.50     11618.79
  5.10  6.50      9.00     -219915.42      5698.48     13340.97
  5.10  6.50     10.00     -239177.93      6602.40     15115.25
  5.10  6.50     11.00     -259166.38      7596.94     16954.15
  5.10  6.50     12.00     -279977.11      8689.78     18866.86
  5.10  6.50     13.00     -301143.75      9872.54     20809.46
  5.10  6.50     14.00     -322938.66     11157.47     22807.86
  5.10  6.50     15.00     -345392.54     12550.77     24865.08
  5.10  6.50     16.00     -368192.75     14046.85     26952.06
  5.10  6.50     17.00     -391578.81     15658.77     29091.39
  5.10  6.50     18.00     -415299.09     17382.38     31259.86
  5.10  6.50     19.00     -439402.41     19224.22     33462.23
  5.10  6.50     20.00     -463926.73     21191.22     35702.27
  7.10  2.50    -20.00      208501.70      6569.84    -22508.93
  7.10  2.50    -19.00      191096.59      5661.24    -20743.78
  7.10  2.50    -18.00      174344.36      4842.05    -19052.24
  7.10  2.50    -17.00      158167.27      4105.13    -17425.94
  7.10  2.50    -16.00      142728.02      3449.19    -15879.85
  7.10  2.50    -15.00      128123.76      2870.57    -14422.63
  7.10  2.50    -14.00      114120.75      2359.77    -13030.69
  7.10  2.50    -13.00      100906.88      1915.31    -11721.61
  7.10  2.50    -12.00       88394.18      1530.95    -10486.11
  7.10  2.50    -11.00       76662.71      1203.16     -9331.30
  7.10  2.50    -10.00       65662.28       926.71     -8251.69
  7.10  2.50     -9.00       55325.30       696.67     -7240.20
  7.10  2.50     -8.00       45629.35       508.97     -6294.14
  7.10  2.50     -7.00       36485.99       359.39     -5404.52
  7.10  2.50     -6.00       27848.01       244.55     -4566.40
  7.10  2.50     -5.00       19606.73       161.28     -3768.95
  7.10  2.50     -4.00       11670.86       107.16     -3003.10
  7.10  2.50     -3.00        4890.40        79.92     -2350.15
  7.10  2.50     -2.00        1055.33        70.01     -1981.29
  7.10  2.50     -1.00       -3400.34        76.45     -1554.07
  7.10  2.50      0.00      -19633.58       160.88         0.00
  7.10  2.50      1.00      -28056.28       244.70       804.18
  7.10  2.50      2.00      -36814.28       359.52      1639.27
  7.10  2.50      3.00      -46112.53       509.03      2524.99
  7.10  2.50      4.00      -55979.22       696.39      3464.14
  7.10  2.50      5.00      -66565.20       926.28      4471.28
  7.10  2.50      6.00      -77865.00      1202.54      5546.03
  7.10  2.50      7.00      -89917.27      1529.63      6692.24
  7.10  2.50      8.00     -102842.98      1913.57      7921.72
  7.10  2.50      9.00     -116535.43      2357.53      9224.46
  7.10  2.50     10.00     -130978.29      2865.75     10599.15
  7.10  2.50     11.00     -146324.77      3445.77     12060.79
  7.10  2.50     12.00     -162478.62      4101.01     13600.48
  7.10  2.50     13.00     -179381.17      4835.35     15212.90
  7.10  2.50     14.00     -197111.32      5655.59     16906.13
  7.10  2.50     15.00     -215412.29      6560.70     18655.92
  7.10  2.50     16.00     -234514.69      7565.58     20484.10
  7.10  2.50     17.00     -254231.90      8669.66     22373.45
  7.10  2.50     18.00     -274526.63      9866.47     24322.92
  7.10  2.50     19.00     -295332.27     11166.44     26325.34
  7.10  2.50     20.00     -316548.11     12571.19     28371.39
  7.10  3.17    -20.00      195854.01      5955.18    -21858.08
  7.10  3.17    -19.00      179008.08      5106.37    -20140.14
  7.10  3.17    -18.00      162779.04      4342.79    -18493.00
  7.10  3.17    -17.00      147206.89      3660.40    -16919.69
  7.10  3.17    -16.00      132376.32      3055.61    -15427.59
  7.10  3.17    -15.00      118265.63      2522.74    -14013.66
  7.10  3.17    -14.00      104846.78      2056.38    -12674.38
  7.10  3.17    -13.00       92199.92      1652.92    -11416.78
  7.10  3.17    -12.00       80270.80      1306.80    -10234.84
  7.10  3.17    -11.00       69056.64      1013.45     -9127.59
  7.10  3.17    -10.00       58568.65       768.62     -8095.48
  7.10  3.17     -9.00       48662.09       566.94     -7123.94
  7.10  3.17     -8.00       39385.13       405.18     -6217.09
  7.10  3.17     -7.00       30614.32       279.15     -5362.56
  7.10  3.17     -6.00       22278.47       185.68     -4553.05
  7.10  3.17     -5.00       14268.75       122.07     -3777.74
  7.10  3.17     -4.00        6479.21        86.40     -3026.15
  7.10  3.17     -3.00        2398.27        71.62     -2632.77
  7.10  3.17     -2.00       -1831.38        72.27     -2226.62
  7.10  3.17     -1.00       -6732.14        91.20     -1757.58
  7.10  3.17      0.00      -25109.88       212.72         0.00
  7.10  3.17      1.00      -33860.16       317.65       833.51
  7.10  3.17      2.00      -42957.56       455.07      1698.66
  7.10  3.17      3.00      -52657.76       629.48      2619.95
  7.10  3.17      4.00      -63022.52       844.71      3603.35
  7.10  3.17      5.00      -74127.58      1105.20      4656.20
  7.10  3.17      6.00      -85966.11      1414.90      5777.96
  7.10  3.17      7.00      -98644.83      1779.37      6978.95
  7.10  3.17      8.00     -112105.83      2202.39      8253.79
  7.10  3.17      9.00     -126388.36      2689.14      9606.45
  7.10  3.17     10.00     -141498.74      3244.54     11037.74
  7.10  3.17     11.00     -157428.12      3873.37     12547.06
  7.10  3.17     12.00     -174166.94      4580.55     14133.83
  7.10  3.17     13.00     -191667.67      5370.10     15793.80
  7.10  3.17     14.00     -209967.07      6248.01     17530.86
  7.10  3.17     15.00     -228947.21      7216.70     19334.19
  7.10  3.17     16.00     -248515.26      8287.26     21193.03
  7.10  3.17     17.00     -268758.93      9451.70     23120.24
  7.10  3.17     18.00     -289639.09     10718.75     25111.41
  7.10  3.17     19.00     -310944.89     12089.27     27146.27
  7.10  3.17     20.00     -332693.58     13568.44     29226.91
  7.10  3.83    -20.00      183678.95      5381.64    -21258.68
  7.10  3.83    -19.00      167310.74      4588.56    -19580.99
  7.10  3.83    -18.00      151726.23      3881.49    -17991.13
  7.10  3.83    -17.00      136693.58      3250.02    -16465.35
  7.10  3.83    -16.00      122379.77      2692.60    -15019.11
  7.10  3.83    -15.00      108845.96      2205.10    -13657.44
  7.10  3.83    -14.00       96034.54      1781.43    -12373.88
  7.10  3.83    -13.00       83880.05      1415.97    -11161.23
  7.10  3.83    -12.00       72489.30      1105.59    -10029.14
  7.10  3.83    -11.00       61791.82       844.92     -8970.04
  7.10  3.83    -10.00       51746.16       629.41     -7979.25
  7.10  3.83     -9.00       42308.76       454.86     -7051.95
  7.10  3.83     -8.00       33399.56       317.28     -6179.88
  7.10  3.83     -7.00       24950.29       213.30     -5355.96
  7.10  3.83     -6.00       16853.53       140.00     -4569.43
  7.10  3.83     -5.00        9022.55        95.23     -3811.60
  7.10  3.83     -4.00        3647.24        74.93     -3292.52
  7.10  3.83     -3.00        -364.93        70.16     -2906.36
  7.10  3.83     -2.00       -5018.55        82.60     -2460.43
  7.10  3.83     -1.00      -10396.42       115.50     -1946.87
  7.10  3.83      0.00      -30777.49       278.10         0.00
  7.10  3.83      1.00      -39886.83       405.46       865.34
  7.10  3.83      2.00      -49382.21       567.06      1765.63
  7.10  3.83      3.00      -59525.98       768.11      2725.91
  7.10  3.83      4.00      -70423.78      1013.19      3756.29
  7.10  3.83      5.00      -82046.52      1305.99      4854.06
  7.10  3.83      6.00      -94450.58      1651.24      6024.66
  7.10  3.83      7.00     -107649.51      2053.45      7269.49
  7.10  3.83      8.00     -121757.11      2519.00      8599.54
  7.10  3.83      9.00     -136717.94      3052.01     10009.69
  7.10  3.83     10.00     -152458.17      3656.00     11493.03
  7.10  3.83     11.00     -168982.93      4335.85     13050.34
  7.10  3.83     12.00     -186358.57      5098.12     14688.08
  7.10  3.83     13.00     -204482.91      5945.52     16396.95
  7.10  3.83     14.00     -223344.19      6882.97     18176.14
  7.10  3.83     15.00     -242877.46      7921.54     20017.40
  7.10  3.83     16.00     -263197.12      9057.56     21935.78
  7.10  3.83     17.00     -283904.55     10285.28     23893.35
  7.10  3.83     18.00     -305292.48     11622.29     25917.43
  7.10  3.83     19.00     -326990.44     13061.23     27973.10
  7.10  3.83     20.00     -349461.64     14623.93     30105.12
  7.10  4.50    -20.00      171840.71      4844.54    -20695.89
  7.10  4.50    -19.00      156094.76      4108.74    -19073.67
  7.10  4.50    -18.00      140971.54      3452.15    -17524.03
  7.10  4.50    -17.00      126536.96      2870.93    -16052.43
  7.10  4.50    -16.00      112843.79      2360.83    -14663.06
  7.10  4.50    -15.00       99854.33      1916.10    -13351.27
  7.10  4.50    -14.00       87537.35      1531.52    -12113.15
  7.10  4.50    -13.00       75973.66      1203.54    -10955.74
  7.10  4.50    -12.00       65066.39       926.42     -9868.82
  7.10  4.50    -11.00       54863.74       696.46     -8856.34
  7.10  4.50    -10.00       45283.25       508.82     -7909.61
  7.10  4.50     -9.00       36216.43       359.19     -7017.53
  7.10  4.50     -8.00       27651.12       244.38     -6178.39
  7.10  4.50     -7.00       19473.31       161.16     -5380.70
  7.10  4.50     -6.00       11589.76       107.10     -4615.08
  7.10  4.50     -5.00        4846.07        79.89     -3962.52
  7.10  4.50     -4.00        1048.29        69.95     -3595.80
  7.10  4.50     -3.00       -3366.52        76.26     -3171.91
  7.10  4.50     -2.00       -8474.76       101.81     -2683.61
  7.10  4.50     -1.00      -14354.27       150.20     -2123.57
  7.10  4.50      0.00      -36615.12       357.57         0.00
  7.10  4.50      1.00      -46172.29       509.12       905.13
  7.10  4.50      2.00      -56131.06       696.78      1846.27
  7.10  4.50      3.00      -66739.80       926.21      2846.96
  7.10  4.50      4.00      -78156.19      1202.69      3922.30
  7.10  4.50      5.00      -90319.59      1529.75      5066.48
  7.10  4.50      6.00     -103335.16      1912.99      6289.56
  7.10  4.50      7.00     -117181.31      2356.74      7589.57
  7.10  4.50      8.00     -131860.44      2865.70      8966.79
  7.10  4.50      9.00     -147423.51      3445.64     10426.24
  7.10  4.50     10.00     -163825.79      4100.80     11963.78
  7.10  4.50     11.00     -180924.70      4833.14     13565.95
  7.10  4.50     12.00     -198962.48      5652.90     15256.17
  7.10  4.50     13.00     -217608.32      6557.50     17003.09
  7.10  4.50     14.00     -237205.57      7564.84     18838.35
  7.10  4.50     15.00     -257238.51      8665.21     20713.51
  7.10  4.50     16.00     -278001.90      9861.37     22660.59
  7.10  4.50     17.00     -299319.20     11160.59     24660.70
  7.10  4.50     18.00     -321090.35     12564.50     26704.49
  7.10  4.50     19.00     -343490.38     14084.36     28809.32
  7.10  4.50     20.00     -366401.79     15721.73     30964.18
  7.10  5.17    -20.00      160510.02      4346.68    -20196.44
  7.10  5.17    -19.00      145270.76      3663.55    -18619.29
  7.10  5.17    -18.00      130737.11      3058.11    -17123.40
  7.10  5.17    -17.00      116839.19      2523.79    -15700.78
  7.10  5.17    -16.00      103657.49      2057.09    -14358.40
  7.10  5.17    -15.00       91181.35      1652.85    -13094.20
  7.10  5.17    -14.00       79438.84      1306.64    -11910.04
  7.10  5.17    -13.00       68410.91      1013.51    -10803.15
  7.10  5.17    -12.00       58011.08       768.16     -9764.34
  7.10  5.17    -11.00       48228.04       566.55     -8791.72
  7.10  5.17    -10.00       39045.59       404.80     -7883.08
  7.10  5.17     -9.00       30354.54       278.82     -7027.20
  7.10  5.17     -8.00       22072.95       185.39     -6215.63
  7.10  5.17     -7.00       14122.98       121.90     -5440.39
  7.10  5.17     -6.00        6386.71        86.31     -4689.72
  7.10  5.17     -5.00        2339.44        71.58     -4297.57
  7.10  5.17     -4.00       -1845.04        72.17     -3894.66
  7.10  5.17     -3.00       -6691.91        90.87     -3430.56
  7.10  5.17     -2.00      -12281.09       131.05     -2897.73
  7.10  5.17     -1.00      -18697.29       196.73     -2288.27
  7.10  5.17      0.00      -42721.10       452.34         0.00
  7.10  5.17      1.00      -52746.86       629.76       946.29
  7.10  5.17      2.00      -63172.91       845.00      1928.06
  7.10  5.17      3.00      -74325.14      1105.15      2976.05
  7.10  5.17      4.00      -86256.58      1414.72      4095.30
  7.10  5.17      5.00      -99049.57      1779.03      5293.65
  7.10  5.17      6.00     -112646.23      2201.82      6565.53
  7.10  5.17      7.00     -127093.08      2688.34      7915.42
  7.10  5.17      8.00     -142393.58      3243.45      9343.70
  7.10  5.17      9.00     -158544.31      3871.96     10850.10
  7.10  5.17     10.00     -175536.85      4578.76     12433.95
  7.10  5.17     11.00     -193410.87      5369.92     14099.15
  7.10  5.17     12.00     -211944.74      6245.26     15824.85
  7.10  5.17     13.00     -231287.29      7213.43     17625.43
  7.10  5.17     14.00     -251372.00      8286.72     19491.22
  7.10  5.17     15.00     -271943.96      9447.17     21404.56
  7.10  5.17     16.00     -293312.54     10713.54     23393.51
  7.10  5.17     17.00     -315149.75     12083.31     25426.19
  7.10  5.17     18.00     -337475.01     13561.63     27504.75
  7.10  5.17     19.00     -360308.98     15154.58     29631.64
  7.10  5.17     20.00     -383496.92     16861.33     31792.55
  7.10  5.83    -20.00      149472.29      3882.06    -19737.95
  7.10  5.83    -19.00      134828.16      3251.55    -18215.52
  7.10  5.83    -18.00      120854.01      2694.67    -16771.25
  7.10  5.83    -17.00      107520.83      2205.88    -15401.21
  7.10  5.83    -16.00       94851.35      1780.73    -14106.64
  7.10  5.83    -15.00       82970.04      1416.17    -12898.74
  7.10  5.83    -14.00       71746.60      1105.59    -11763.77
  7.10  5.83    -13.00       61169.56       844.56    -10699.76
  7.10  5.83    -12.00       51231.81       628.88     -9705.20
  7.10  5.83    -11.00       41882.15       454.25     -8774.33
  7.10  5.83    -10.00       33062.84       316.76     -7900.86
  7.10  5.83     -9.00       24687.01       212.89     -7075.77
  7.10  5.83     -8.00       16661.26       139.75     -6289.50
  7.10  5.83     -7.00        8887.80        95.09     -5532.15
  7.10  5.83     -6.00        3552.26        74.89     -5013.92
  7.10  5.83     -5.00        -410.44        70.12     -4630.95
  7.10  5.83     -4.00       -5005.81        82.40     -4189.84
  7.10  5.83     -3.00      -10310.83       114.86     -3683.37
  7.10  5.83     -2.00      -16411.06       171.28     -3103.54
  7.10  5.83     -1.00      -23388.19       256.05     -2442.79
  7.10  5.83      0.00      -49077.84       563.18         0.00
  7.10  5.83      1.00      -59628.26       768.48       992.19
  7.10  5.83      2.00      -70567.19      1013.30      2018.31
  7.10  5.83      3.00      -82267.83      1305.97      3113.40
  7.10  5.83      4.00      -94772.60      1651.08      4281.41
  7.10  5.83      5.00     -108140.49      2053.81      5527.90
  7.10  5.83      6.00     -122400.90      2519.31      6855.65
  7.10  5.83      7.00     -137484.34      3051.22      8257.97
  7.10  5.83      8.00     -153426.74      3654.90      9738.29
  7.10  5.83      9.00     -170262.81      4336.05     11300.00
  7.10  5.83     10.00     -187829.38      5096.31     12927.54
  7.10  5.83     11.00     -206253.67      5943.21     14633.31
  7.10  5.83     12.00     -225453.57      6880.16     16409.59
  7.10  5.83     13.00     -245365.90      7918.19     18246.99
  7.10  5.83     14.00     -266107.27      9053.63     20162.42
  7.10  5.83     15.00     -287275.65     10280.66     22117.56
  7.10  5.83     16.00     -309171.29     11616.99     24139.54
  7.10  5.83     17.00     -331419.40     13055.18     26193.13
  7.10  5.83     18.00     -354491.56     14617.00     28323.33
  7.10  5.83     19.00     -377616.83     16279.27     30457.54
  7.10  5.83     20.00     -401267.47     18064.40     32640.67
  7.10  6.50    -20.00      138992.13      3455.11    -19346.94
  7.10  6.50    -19.00      124797.86      2872.13    -17865.68
  7.10  6.50    -18.00      111325.10      2360.81    -16468.13
  7.10  6.50    -17.00       98578.16      1915.91    -15153.59
  7.10  6.50    -16.00       86508.67      1531.65    -13916.17
  7.10  6.50    -15.00       75094.49      1203.08    -12752.71
  7.10  6.50    -14.00       64347.52       925.91    -11663.40
  7.10  6.50    -13.00       54261.98       695.75    -10646.80
  7.10  6.50    -12.00       44771.71       507.97     -9695.59
  7.10  6.50    -11.00       35811.65       358.50     -8802.69
  7.10  6.50    -10.00       27333.84       243.85     -7962.75
  7.10  6.50     -9.00       19220.28       160.76     -7163.74
  7.10  6.50     -8.00       11396.23       106.87     -6397.92
  7.10  6.50     -7.00        4701.05        79.81     -5745.89
  7.10  6.50     -6.00         957.17        69.96     -5382.36
  7.10  6.50     -5.00       -3396.42        76.18     -4963.09
  7.10  6.50     -4.00       -8430.88       101.41     -4481.41
  7.10  6.50     -3.00      -14222.75       149.12     -3930.19
  7.10  6.50     -2.00      -20853.35       223.43     -3301.92
  7.10  6.50     -1.00      -28419.92       329.22     -2587.66
  7.10  6.50      0.00      -55684.34       690.90         0.00
  7.10  6.50      1.00      -66831.02       926.42      1044.25
  7.10  6.50      2.00      -78317.17      1202.85      2117.34
  7.10  6.50      3.00      -90602.84      1530.25      3262.31
  7.10  6.50      4.00     -103733.76      1913.50      4483.35
  7.10  6.50      5.00     -117719.41      2357.25      5781.27
  7.10  6.50      6.00     -132503.96      2865.15      7150.63
  7.10  6.50      7.00     -148253.80      3444.86      8607.29
  7.10  6.50      8.00     -164870.87      4099.70     10141.84
  7.10  6.50      9.00     -182217.09      4831.69     11741.09
  7.10  6.50     10.00     -200537.62      5651.07     13428.52
  7.10  6.50     11.00     -219598.61      6557.75     15181.92
  7.10  6.50     12.00     -239451.49      7561.98     17004.25
  7.10  6.50     13.00     -259880.01      8661.81     18875.73
  7.10  6.50     14.00     -281081.91      9857.37     20820.48
  7.10  6.50     15.00     -302879.83     11155.91     22818.33
  7.10  6.50     16.00     -325176.64     12559.13     24860.11
  7.10  6.50     17.00     -348149.91     14078.22     26963.11
  7.10  6.50     18.00     -371682.98     15714.73     29116.29
  7.10  6.50     19.00     -395264.97     17453.66     31272.01
  7.10  6.50     20.00     -419200.69     19310.98     33459.29
  9.10  2.50    -20.00      191734.03      6151.39    -20432.26
  9.10  2.50    -19.00      174472.02      5275.03    -18684.12
  9.10  2.50    -18.00      157928.15      4488.43    -17015.75
  9.10  2.50    -17.00      142082.74      3785.53    -15424.35
  9.10  2.50    -16.00      126956.17      3161.53    -13911.01
  9.10  2.50    -15.00      112635.51      2612.84    -12483.47
  9.10  2.50    -14.00       99211.26      2135.47    -11149.61
  9.10  2.50    -13.00       86611.65      1704.16     -9898.06
  9.10  2.50    -12.00       74861.52      1351.05     -8737.77
  9.10  2.50    -11.00       63963.47      1052.99     -7664.76
  9.10  2.50    -10.00       53975.03       805.59     -6683.94
  9.10  2.50     -9.00       44778.32       602.80     -5783.36
  9.10  2.50     -8.00       36379.40       440.24     -4963.06
  9.10  2.50     -7.00       28671.16       312.97     -4212.26
  9.10  2.50     -6.00       21607.42       217.02     -3526.10
  9.10  2.50     -5.00       15051.63       148.58     -2891.08
  9.10  2.50     -4.00        8889.13       104.69     -2295.88
  9.10  2.50     -3.00        3730.50        83.08     -1798.91
  9.10  2.50     -2.00         830.34        76.63     -1520.19
  9.10  2.50     -1.00       -2683.83        83.97     -1183.70
  9.10  2.50      0.00      -15048.80       148.00         0.00
  9.10  2.50      1.00      -21780.22       217.14       641.98
  9.10  2.50      2.00      -28944.75       313.10      1324.27
  9.10  2.50      3.00      -36765.44       440.22      2068.26
  9.10  2.50      4.00      -45317.92       602.60      2881.25
  9.10  2.50      5.00      -54725.61       805.23      3775.17
  9.10  2.50      6.00      -64973.87      1052.46      4748.73
  9.10  2.50      7.00      -76121.12      1349.47      5807.68
  9.10  2.50      8.00      -88236.43      1702.05      6958.82
  9.10  2.50      9.00     -101219.83      2132.14      8189.18
  9.10  2.50     10.00     -115248.21      2610.40      9523.37
  9.10  2.50     11.00     -130096.55      3157.31     10936.37
  9.10  2.50     12.00     -145820.19      3778.97     12433.83
  9.10  2.50     13.00     -162412.84      4480.57     14015.51
  9.10  2.50     14.00     -179881.50      5267.73     15682.53
  9.10  2.50     15.00     -198089.35      6142.84     17422.17
  9.10  2.50     16.00     -217015.86      7110.57     19232.92
  9.10  2.50     17.00     -236611.28      8174.89     21110.59
  9.10  2.50     18.00     -256795.87      9338.72     23047.90
  9.10  2.50     19.00     -277590.09     10603.37     25048.42
  9.10  2.50     20.00     -298867.44     11979.88     27098.58
  9.10  3.17    -20.00      179289.31      5558.90    -19689.12
  9.10  3.17    -19.00      162616.31      4742.33    -17991.23
  9.10  3.17    -18.00      146593.41      4010.68    -16367.12
  9.10  3.17    -17.00      131328.97      3360.80    -14826.49
  9.10  3.17    -16.00      116855.98      2787.99    -13371.60
  9.10  3.17    -15.00      103195.56      2287.07    -12003.64
  9.10  3.17    -14.00       90374.27      1841.03    -10721.32
  9.10  3.17    -13.00       78417.46      1462.36     -9530.68
  9.10  3.17    -12.00       67292.93      1146.55     -8428.08
  9.10  3.17    -11.00       57061.89       882.96     -7417.18
  9.10  3.17    -10.00       47655.41       665.92     -6490.65
  9.10  3.17     -9.00       38999.27       490.24     -5640.74
  9.10  3.17     -8.00       31095.38       351.69     -4867.06
  9.10  3.17     -7.00       23844.78       245.75     -4159.62
  9.10  3.17     -6.00       17144.38       168.49     -3508.03
  9.10  3.17     -5.00       10882.61       116.71     -2901.21
  9.10  3.17     -4.00        4910.66        87.96     -2324.56
  9.10  3.17     -3.00        1854.19        77.35     -2030.06
  9.10  3.17     -2.00       -1432.84        79.74     -1714.91
  9.10  3.17     -1.00       -5395.82        97.87     -1336.36
  9.10  3.17      0.00      -19370.44       190.28         0.00
  9.10  3.17      1.00      -26492.79       277.86       677.37
  9.10  3.17      2.00      -34091.99       394.12      1398.88
  9.10  3.17      3.00      -42423.11       544.37      2188.86
  9.10  3.17      4.00      -51538.05       732.86      3052.31
  9.10  3.17      5.00      -61550.36       964.89      4000.17
  9.10  3.17      6.00      -72428.98      1244.77      5029.55
  9.10  3.17      7.00      -84208.58      1577.56      6143.88
  9.10  3.17      8.00      -97006.51      1982.34      7351.45
  9.10  3.17      9.00     -110731.16      2443.43      8648.58
  9.10  3.17     10.00     -125343.84      2966.37     10031.52
  9.10  3.17     11.00     -140889.57      3563.14     11503.35
  9.10  3.17     12.00     -157335.49      4238.71     13061.23
  9.10  3.17     13.00     -174546.43      4995.28     14692.56
  9.10  3.17     14.00     -192639.88      5840.94     16408.97
  9.10  3.17     15.00     -211444.43      6776.94     18194.44
  9.10  3.17     16.00     -231023.28      7810.33     20055.45
  9.10  3.17     17.00     -251086.36      8938.19     21964.62
  9.10  3.17     18.00     -272012.98     10172.11     23960.13
  9.10  3.17     19.00     -293460.55     11517.79     26007.00
  9.10  3.17     20.00     -314976.44     12958.98     28063.53
  9.10  3.83    -20.00      167357.72      5007.97    -19003.38
  9.10  3.83    -19.00      151144.41      4246.13    -17344.13
  9.10  3.83    -18.00      135729.24      3569.23    -15773.74
  9.10  3.83    -17.00      121090.98      2971.25    -14289.20
  9.10  3.83    -16.00      107269.33      2447.21    -12893.37
  9.10  3.83    -15.00       94271.06      1985.91    -11584.26
  9.10  3.83    -14.00       82051.26      1580.48    -10356.31
  9.10  3.83    -13.00       70725.15      1246.52     -9225.70
  9.10  3.83    -12.00       60227.90       965.80     -8181.64
  9.10  3.83    -11.00       50555.75       733.41     -7223.06
  9.10  3.83    -10.00       41681.83       544.40     -6346.65
  9.10  3.83     -9.00       33560.79       393.99     -5547.43
  9.10  3.83     -8.00       26123.20       277.63     -4818.13
  9.10  3.83     -7.00       19268.03       191.21     -4148.50
  9.10  3.83     -6.00       12884.74       131.27     -3527.47
  9.10  3.83     -5.00        6846.73        95.07     -2942.51
  9.10  3.83     -4.00        2796.11        79.52     -2551.26
  9.10  3.83     -3.00        -273.01        77.32     -2256.31
  9.10  3.83     -2.00       -3980.97        89.73     -1901.78
  9.10  3.83     -1.00       -8429.05       120.12     -1478.05
  9.10  3.83      0.00      -23905.16       244.10         0.00
  9.10  3.83      1.00      -31496.23       351.86       719.69
  9.10  3.83      2.00      -39584.52       490.30      1485.09
  9.10  3.83      3.00      -48449.65       665.54      2322.74
  9.10  3.83      4.00      -58158.68       882.29      3239.07
  9.10  3.83      5.00      -68762.93      1145.52      4238.99
  9.10  3.83      6.00      -80303.21      1460.41      5326.47
  9.10  3.83      7.00      -92792.86      1838.50      6500.95
  9.10  3.83      8.00     -106243.32      2283.89      7763.98
  9.10  3.83      9.00     -120636.12      2783.86      9119.27
  9.10  3.83     10.00     -135889.71      3354.39     10555.48
  9.10  3.83     11.00     -152108.93      4002.81     12082.91
  9.10  3.83     12.00     -169213.92      4732.88     13694.19
  9.10  3.83     13.00     -187190.94      5549.87     15388.27
  9.10  3.83     14.00     -205773.22      6452.57     17139.95
  9.10  3.83     15.00     -225210.53      7452.37     18973.57
  9.10  3.83     16.00     -245248.39      8547.77     20865.04
  9.10  3.83     17.00     -266160.00      9747.07     22842.70
  9.10  3.83     18.00     -287470.76     11052.19     24858.02
  9.10  3.83     19.00     -309150.45     12460.46     26910.52
  9.10  3.83     20.00     -331629.30     13992.61     29041.88
  9.10  4.50    -20.00      155665.60      4490.81    -18351.86
  9.10  4.50    -19.00      140163.27      3787.43    -16756.83
  9.10  4.50    -18.00      125342.29      3162.98    -15239.80
  9.10  4.50    -17.00      111292.52      2613.90    -13808.55
  9.10  4.50    -16.00       98102.70      2136.11    -12470.74
  9.10  4.50    -15.00       85668.31      1710.62    -11211.00
  9.10  4.50    -14.00       74130.80      1351.61    -10048.34
  9.10  4.50    -13.00       63406.09      1053.63     -8974.07
  9.10  4.50    -12.00       53510.46       805.73     -7986.74
  9.10  4.50    -11.00       44415.00       602.82     -7082.80
  9.10  4.50    -10.00       36085.71       440.10     -6258.25
  9.10  4.50     -9.00       28439.07       312.78     -5504.38
  9.10  4.50     -8.00       21421.04       216.84     -4815.41
  9.10  4.50     -7.00       14909.04       148.44     -4179.00
  9.10  4.50     -6.00        8787.29       104.61     -3583.59
  9.10  4.50     -5.00        3660.08        83.03     -3087.06
  9.10  4.50     -4.00         798.84        76.54     -2811.14
  9.10  4.50     -3.00       -2665.94        83.68     -2479.24
  9.10  4.50     -2.00       -6829.63       107.49     -2082.34
  9.10  4.50     -1.00      -11798.97       151.78     -1610.36
  9.10  4.50      0.00      -28685.39       310.29         0.00
  9.10  4.50      1.00      -36813.44       440.30       767.96
  9.10  4.50      2.00      -45425.54       602.77      1580.02
  9.10  4.50      3.00      -54869.59       805.17      2469.03
  9.10  4.50      4.00      -65191.10      1052.29      3439.33
  9.10  4.50      5.00      -76464.66      1349.59      4498.03
  9.10  4.50      6.00      -88658.61      1701.56      5642.10
  9.10  4.50      7.00     -101874.17      2132.87      6874.84
  9.10  4.50      8.00     -115973.19      2609.44      8196.23
  9.10  4.50      9.00     -131014.73      3156.06      9605.44
  9.10  4.50     10.00     -146962.61      3777.38     11099.12
  9.10  4.50     11.00     -163888.55      4480.24     12684.35
  9.10  4.50     12.00     -181658.20      5267.29     14348.48
  9.10  4.50     13.00     -200108.43      6139.87     16076.21
  9.10  4.50     14.00     -219404.31      7107.05     17883.56
  9.10  4.50     15.00     -239524.13      8174.04     19768.92
  9.10  4.50     16.00     -260046.18      9333.92     21692.14
  9.10  4.50     17.00     -281336.92     10597.92     23690.43
  9.10  4.50     18.00     -303155.31     11973.58     25737.67
  9.10  4.50     19.00     -325500.77     13461.22     27835.98
  9.10  4.50     20.00     -348365.13     15065.45     29985.22
  9.10  5.17    -20.00      144563.34      4014.35    -17773.16
  9.10  5.17    -19.00      129615.21      3363.67    -16227.91
  9.10  5.17    -18.00      115421.89      2790.14    -14768.37
  9.10  5.17    -17.00      102006.48      2288.56    -13395.72
  9.10  5.17    -16.00       89396.13      1848.20    -12109.24
  9.10  5.17    -15.00       77585.78      1462.96    -10907.18
  9.10  5.17    -14.00       66648.18      1147.22     -9803.24
  9.10  5.17    -13.00       56519.39       883.08     -8785.43
  9.10  5.17    -12.00       47201.21       665.71     -7853.10
  9.10  5.17    -11.00       38654.36       490.11     -7001.65
  9.10  5.17    -10.00       30802.52       351.39     -6222.98
  9.10  5.17     -9.00       23605.36       245.47     -5512.55
  9.10  5.17     -8.00       16951.42       168.27     -4858.99
  9.10  5.17     -7.00       10727.35       116.57     -4250.90
  9.10  5.17     -6.00        4799.33        87.92     -3674.96
  9.10  5.17     -5.00        1776.34        77.32     -3382.23
  9.10  5.17     -4.00       -1457.96        79.59     -3071.54
  9.10  5.17     -3.00       -5351.39        97.33     -2699.86
  9.10  5.17     -2.00      -10005.74       134.05     -2257.61
  9.10  5.17     -1.00      -15532.53       194.08     -1734.34
  9.10  5.17      0.00      -33749.73       389.98         0.00
  9.10  5.17      1.00      -42479.48       544.47       821.80
  9.10  5.17      2.00      -51641.72       732.92      1682.43
  9.10  5.17      3.00      -61714.55       964.85      2626.96
  9.10  5.17      4.00      -72705.31      1244.99      3655.99
  9.10  5.17      5.00      -84629.86      1578.27      4770.95
  9.10  5.17      6.00      -97474.09      1981.83      5965.41
  9.10  5.17      7.00     -111348.40      2442.72      7257.96
  9.10  5.17      8.00     -126136.34      2965.39      8637.04
  9.10  5.17      9.00     -141888.24      3561.86     10105.12
  9.10  5.17     10.00     -158572.74      4237.08     11659.31
  9.10  5.17     11.00     -176053.07      4993.20     13286.73
  9.10  5.17     12.00     -194454.03      5838.39     14999.48
  9.10  5.17     13.00     -213605.25      6773.89     16781.51
  9.10  5.17     14.00     -233571.80      7806.72     18639.30
  9.10  5.17     15.00     -254061.50      8933.93     20545.22
  9.10  5.17     16.00     -275462.36     10167.28     22538.64
  9.10  5.17     17.00     -297428.38     11512.20     24582.72
  9.10  5.17     18.00     -319502.53     12952.56     26636.32
  9.10  5.17     19.00     -342559.20     14523.28     28783.47
  9.10  5.17     20.00     -365655.01     16195.50     30934.65
  9.10  5.83    -20.00      133847.19      3572.41    -17253.09
  9.10  5.83    -19.00      119505.11      2973.60    -15763.65
  9.10  5.83    -18.00      105894.05      2447.95    -14358.00
  9.10  5.83    -17.00       93085.81      1991.31    -13042.10
  9.10  5.83    -16.00       81071.44      1582.58    -11806.90
  9.10  5.83    -15.00       69951.23      1246.81    -10674.43
  9.10  5.83    -14.00       59569.68       965.56     -9623.41
  9.10  5.83    -13.00       49998.14       732.87     -8658.94
  9.10  5.83    -12.00       41242.77       543.98     -7780.77
  9.10  5.83    -11.00       33191.52       393.48     -6977.22
  9.10  5.83    -10.00       25816.85       277.18     -6244.90
  9.10  5.83     -9.00       18998.94       190.80     -5571.55
  9.10  5.83     -8.00       12659.58       131.01     -4949.05
  9.10  5.83     -7.00        6662.43        94.97     -4363.77
  9.10  5.83     -6.00        2643.10        79.55     -3973.23
  9.10  5.83     -5.00        -376.76        77.34     -3682.01
  9.10  5.83     -4.00       -4017.96        89.54     -3333.60
  9.10  5.83     -3.00       -8374.09       119.30     -2919.21
  9.10  5.83     -2.00      -13552.31       170.64     -2428.82
  9.10  5.83     -1.00      -19672.97       248.43     -1851.26
  9.10  5.83      0.00      -39155.13       484.52         0.00
  9.10  5.83      1.00      -48534.22       665.84       879.52
  9.10  5.83      2.00      -58276.99       882.38      1791.02
  9.10  5.83      3.00      -68948.46      1145.50      2787.47
  9.10  5.83      4.00      -80577.02      1460.28      3871.46
  9.10  5.83      5.00      -93176.24      1838.22      5041.27
  9.10  5.83      6.00     -106758.74      2283.39      6298.56
  9.10  5.83      7.00     -121369.35      2784.13      7655.67
  9.10  5.83      8.00     -136817.97      3354.62      9088.78
  9.10  5.83      9.00     -153191.36      4001.50     10606.27
  9.10  5.83     10.00     -170549.12      4731.22     12213.95
  9.10  5.83     11.00     -188811.67      5547.74     13904.26
  9.10  5.83     12.00     -207716.32      6449.96     15652.32
  9.10  5.83     13.00     -227517.60      7449.25     17482.64
  9.10  5.83     14.00     -248078.08      8547.53     19382.28
  9.10  5.83     15.00     -269449.33      9746.78     21358.72
  9.10  5.83     16.00     -291122.59     11047.27     23358.90
  9.10  5.83     17.00     -313337.12     12454.77     25408.65
  9.10  5.83     18.00     -336401.77     13986.07     27537.54
  9.10  5.83     19.00     -359870.92     15630.73     29703.57
  9.10  5.83     20.00     -383172.14     17370.55     31852.96
  9.10  6.50    -20.00      123599.55      3165.63    -16796.27
  9.10  6.50    -19.00      109826.62      2615.68    -15359.82
  9.10  6.50    -18.00       96877.60      2137.11    -14016.73
  9.10  6.50    -17.00       84651.45      1717.23    -12753.04
  9.10  6.50    -16.00       73256.48      1351.92    -11578.07
  9.10  6.50    -15.00       62684.55      1053.64    -10499.02
  9.10  6.50    -14.00       52893.50       805.30     -9504.89
  9.10  6.50    -13.00       43904.84       602.30     -8596.85
  9.10  6.50    -12.00       35647.99       439.45     -7767.14
  9.10  6.50    -11.00       28068.00       312.17     -7009.62
  9.10  6.50    -10.00       21092.51       216.28     -6316.54
  9.10  6.50     -9.00       14623.58       148.05     -5677.76
  9.10  6.50     -8.00        8541.42       104.43     -5081.16
  9.10  6.50     -7.00        3450.85        83.06     -4584.82
  9.10  6.50     -6.00         633.74        76.69     -4311.76
  9.10  6.50     -5.00       -2766.20        83.73     -3985.38
  9.10  6.50     -4.00       -6840.50       107.09     -3597.06
  9.10  6.50     -3.00      -11688.99       150.40     -3137.49
  9.10  6.50     -2.00      -17425.97       218.15     -2596.08
  9.10  6.50     -1.00      -24169.26       315.69     -1961.96
  9.10  6.50      0.00      -44860.21       594.63         0.00
  9.10  6.50      1.00      -54944.47       805.35       941.84
  9.10  6.50      2.00      -65325.15      1052.42      1909.04
  9.10  6.50      3.00      -76706.87      1350.02      2967.41
  9.10  6.50      4.00      -88963.33      1701.46      4104.65
  9.10  6.50      5.00     -102297.85      2132.60      5330.86
  9.10  6.50      6.00     -116539.01      2608.95      6648.39
  9.10  6.50      7.00     -131752.41      3155.35      8053.95
  9.10  6.50      8.00     -147899.90      3776.38      9543.82
  9.10  6.50      9.00     -165059.00      4478.92     11125.43
  9.10  6.50     10.00     -183096.09      5265.60     12786.04
  9.10  6.50     11.00     -201845.88      6137.70     14510.01
  9.10  6.50     12.00     -221481.36      7104.39     16313.90
  9.10  6.50     13.00     -241983.35      8170.86     18196.15
  9.10  6.50     14.00     -263052.16      9333.95     20128.29
  9.10  6.50     15.00     -284683.13     10593.58     22112.39
  9.10  6.50     16.00     -307157.76     11973.47     24170.79
  9.10  6.50     17.00     -329915.56     13455.45     26252.74
  9.10  6.50     18.00     -353385.50     15058.83     28399.67
  9.10  6.50     19.00     -377419.30     16784.20     30597.78
  9.10  6.50     20.00     -401452.82     18614.05     32794.00
