 5.10 2.50  0.00516  0.00700  0.02239  0.00074 -0.00951 -0.14911 -0.04018 -0.02676    8825.9  4.322  6690.70  289.35
 5.10 3.50  0.00941  0.00743  0.02337 -0.01526 -0.01139 -0.25140 -0.04777 -0.02676   12978.2  4.220  7428.51  300.40
 5.10 4.50  0.01545  0.00822  0.02481 -0.02949 -0.01341 -0.35404 -0.05811 -0.02676   12230.2  4.118  8223.23  312.07
 5.10 5.50  0.02114  0.00927  0.02606 -0.03907 -0.01596 -0.33530 -0.06918 -0.02676   27051.8  4.016  9076.03  324.37
 5.10 6.50  0.02784  0.01065  0.02700 -0.05162 -0.01899 -0.39474 -0.08184 -0.02676   52758.4  3.913  9987.87  337.33
 5.10 7.50  0.03523  0.01236  0.02772 -0.06232 -0.02205 -0.43522 -0.08939 -0.02676   79189.1  3.811 10959.46  350.99
 6.10 2.50  0.00876  0.00638  0.02891 -0.00513 -0.00907 -0.15316 -0.03891 -0.02667   19499.0  5.053  5449.09  308.70
 6.10 3.50  0.01293  0.00692  0.03149 -0.01819 -0.01083 -0.24601 -0.04675 -0.02667   31435.2  4.915  6141.93  323.21
 6.10 4.50  0.01871  0.00777  0.03218 -0.02964 -0.01287 -0.33915 -0.05682 -0.02667   30494.6  4.778  6894.38  338.69
 6.10 5.50  0.02427  0.00888  0.03394 -0.03928 -0.01543 -0.32735 -0.06715 -0.02667   45841.4  4.641  7707.57  355.18
 6.10 6.50  0.03078  0.01029  0.03523 -0.05013 -0.01841 -0.38293 -0.07897 -0.02667   67324.1  4.504  8582.33  372.72
 6.10 7.50  0.03740  0.01198  0.03467 -0.05928 -0.02169 -0.39147 -0.08772 -0.02667   95605.2  4.369  9519.22  391.33
 7.10 2.50  0.00992  0.00605  0.02528 -0.00475 -0.00978 -0.16374 -0.02788 -0.02659   15503.6  5.735  4662.21  329.39
 7.10 3.50  0.01411  0.00661  0.02322 -0.01819 -0.01105 -0.24673 -0.03639 -0.02659   21802.1  5.556  5326.75  347.94
 7.10 4.50  0.01974  0.00748  0.02403 -0.03020 -0.01298 -0.33003 -0.04658 -0.02659   24176.3  5.378  6053.25  367.91
 7.10 5.50  0.02510  0.00862  0.02612 -0.03992 -0.01543 -0.31543 -0.05588 -0.02659   42181.0  5.202  6842.72  389.35
 7.10 6.50  0.03135  0.01003  0.02777 -0.04949 -0.01824 -0.36837 -0.06667 -0.02659   63475.7  5.027  7695.84  412.32
 7.10 7.50  0.03792  0.01175  0.02965 -0.06104 -0.02197 -0.38810 -0.07942 -0.02659   90258.2  4.855  8612.98  436.84
 8.10 2.50  0.01019  0.00581  0.01597 -0.00797 -0.00978 -0.15866 -0.02246 -0.02651   13398.0  6.371  4128.95  351.60
 8.10 3.50  0.01430  0.00641  0.01727 -0.02008 -0.01127 -0.24222 -0.03010 -0.02651   28917.0  6.145  4774.86  374.80
 8.10 4.50  0.01986  0.00730  0.01844 -0.03075 -0.01313 -0.32607 -0.04071 -0.02651   33483.8  5.922  5484.70  399.97
 8.10 5.50  0.02510  0.00842  0.01974 -0.03948 -0.01532 -0.30814 -0.05019 -0.02651   51353.2  5.703  6259.32  427.17
 8.10 6.50  0.03110  0.00984  0.02094 -0.04992 -0.01817 -0.35397 -0.06025 -0.02651   72602.3  5.488  7099.22  456.47
 8.10 7.50  0.03758  0.01156  0.02292 -0.06094 -0.02155 -0.38261 -0.07248 -0.02651   96796.0  5.278  8004.61  487.87
 9.10 2.50  0.00989  0.00570  0.01218 -0.00766 -0.01043 -0.16557 -0.01715 -0.02644   21546.9  6.960  3751.49  375.49
 9.10 3.50  0.01392  0.00629  0.01314 -0.02001 -0.01154 -0.23719 -0.02445 -0.02644   39208.6  6.684  4385.08  403.97
 9.10 4.50  0.01919  0.00717  0.01389 -0.03112 -0.01325 -0.30909 -0.03238 -0.02644   48825.7  6.413  5084.26  435.07
 9.10 5.50  0.02424  0.00829  0.01463 -0.03956 -0.01536 -0.29779 -0.04091 -0.02644   68592.3  6.148  5849.70  468.86
 9.10 6.50  0.02988  0.00966  0.01522 -0.04881 -0.01774 -0.33273 -0.04893 -0.02644   93313.0  5.891  6681.74  505.39
 9.10 7.50  0.03568  0.01131  0.01590 -0.05910 -0.02048 -0.34393 -0.05459 -0.02644  125286.1  5.643  7580.41  544.68
 9.80 2.50  0.00962  0.00567  0.00983 -0.00762 -0.01088 -0.16019 -0.01569 -0.02640   27136.5  7.346  3546.19  395.98
 9.80 3.50  0.01351  0.00625  0.01043 -0.02004 -0.01196 -0.22934 -0.02170 -0.02640   47403.7  7.032  4173.17  428.77
 9.80 4.50  0.01860  0.00712  0.01100 -0.03125 -0.01360 -0.29877 -0.02954 -0.02640   60221.0  6.726  4866.66  464.71
 9.80 5.50  0.02357  0.00824  0.01140 -0.04017 -0.01581 -0.29285 -0.03836 -0.02640   80578.4  6.430  5627.24  503.88
 9.80 6.50  0.02896  0.00959  0.01185 -0.04842 -0.01822 -0.31827 -0.04585 -0.02640  108664.1  6.143  6455.12  546.31
 9.80 7.50  0.03499  0.01125  0.01224 -0.06053 -0.02172 -0.35723 -0.06098 -0.02640  133857.9  5.868  7350.24  592.04
