5.719      239.20	   2.653e+3    2.804       10677.    2322.0   1.000
6.663		242.46	   2.040e+3    2.959       9802.     1925.4	  1.0
 6.281		267.27	   2.801e+3    2.914       12141.    1917.1   1.0
 5.931		295.65	   3.766e+3    2.916       14254.    1949.8   1.0
 5.582	   328.56	   4.956e+3    2.918       16270.    1990.0   1.0
 5.234	   366.67      6.386e+3     2.919       18067.    2040.0	 1.0 
 6.663		242.46	   2.040e+3    2.959       9802.    1925.4    1
 6.281		267.27	   2.801e+3    2.914       12141.   1917.1    1
 5.931	   295.65	   3.766e+3    2.916       14254.   1949.8    1
 5.582		328.56	   4.956e+3    2.918       16270.   1990.0    1
 5.234		366.67	   6.386e+3    2.919       18067.   2040.0    1
 7.534		245.77	   1.635e+3    2.995       9796.    1499.7	   1 
 7.078		274.88	   2.336e+3    2.966       12281.   1492.2    1
 6.642		309.04	   3.249e+3    2.934       14903.   1487.7    1
 6.199	   349.57	   4.394e+3    2.900       17456.   1489.7    1
 5.762     397.34	   5.787e+3     2.864       19786.   1503.0	   1 
7.534		245.77	   1.635e+3    2.995       9796.    1499.7    1
 7.087		274.88	   2.336e+3    2.920       12281.   1492.2    1
 6.642	   309.04	   3.249e+3    2.934       14903.   1487.7    1
 6.199		349.57	   4.394e+3    2.900       17456.   1489.7    1
 5.762		397.34	   5.787e+3    2.864       19786.   1503.0    1
 9.298		252.59	   1.146e+3    3.396       8232.     934.7	   1 
 8.623		291.11	   1.767e+3    3.357       10923.    929.4    1
 7.950		338.67	   2.612e+3    3.305       13681.    907.2    1
 7.289	   397.36	   3.704e+3    3.241       16315.    883.3    1
 6.657     468.38	   5.054e+3     3.168       18682.    860.9	   1 
 9.298		252.59	   1.146e+3    3.396       8232.    934.7     1
 8.623		291.11	   1.767e+3    3.357       10923.   929.4     1
 7.950	   338.67	   2.612e+3    3.305       13681.   907.2     1
 7.289		397.36	   3.704e+3    3.241       16315.   883.3     1
 6.657		468.38     5.054e+3    3.168       18682.   860.9     1
 11.011		259.66	   0.870e+3    3.817       6659.    343.0      1 
 10.057		308.84	   1.441e+3    3.766       9466.    380.7     1
 9.111		372.43	   2.247e+3    3.705       12585.   445.9     1
 8.204	   453.33	   3.310e+3    3.620       15094.   400.3     1
 7.367	   552.98      4.638e+3     3.518       17272.   346.2     1 
 11.011	   259.66	   0.870e+3    3.871       6659.    343.0    1
 10.057		308.84	   1.441e+3    3.766       9466.    380.7    1
 9.111	   372.43	   2.247e+3    3.705       12585.   445.9    1
 8.204		453.33	   3.310e+3    3.620       15094.   400.3    1
 7.367		552.98	   4.638e+3    3.518       17272.   346.2    1
 12.673		267.00	   0.698e+3    4.252       5582.    -168.8	  1 
 11.390		328.22	   1.236e+3    4.182       8259.    -144.6   1
 10.133		410.63	   2.017e+3    4.095       11206.    -90.4   1
 8.965	   517.92	   3.063e+3    4.001       14001.    -41.9   1
 7.929     651.62	   4.379e+3     3.848       16233.   -90.6	  1 
 
 
 
 
 
 
 
 
 
 
 
 
 
 
 
 
 
 
 
 
 
 
 
 
 
 
 
 
 
 
 
 
 
 
 
 
 
 
 
 
 
 
 
 
 
 
 
 
 
 
 
 
 
 
 
 
 
 
 
 
 
 
 
 
 
 
 
 
 
 
 
 
 
 
 
 
 
 
 
 
 
 
 
 
 
 
 
 
 
 
 
 
 
 
 
 
 
 