time (s) altitude (m) velocity (m/s) mass (kg)trajectory angle (rad) angle of attack (rad) heading angle (rad) latitude (rad)
0 90 30 29388 1.5691 0 -0.02145 -0.2123 2.3868
0.88219 117.79 33.002 29261 1.5682 -0.003044 0.073898 -0.2123 2.3868
2.4534 173.91 38.462 29035 1.563 -0.0078189 0.15681 -0.2123 2.3868
3.7865 228.33 43.21 28843 1.5547 -0.010922 0.17712 -0.2123 2.3868
4.1546 244.48 44.54 28790 1.5518 -0.011631 0.18194 -0.2123 2.3868
5.0368 285.18 47.761 28663 1.5437 -0.013091 0.1888 -0.2123 2.3868
6.608 364.75 53.618 28437 1.5254 -0.014761 0.19612 -0.2123 2.3868
7.9411 439.5 58.712 28245 1.5062 -0.015171 0.1999 -0.2123 2.3868
8.3092 461.32 60.14 28192 1.5003 -0.015147 0.20068 -0.2123 2.3868
9.1914 515.73 63.599 28065 1.4853 -0.014832 0.20229 -0.2123 2.3868
10.763 620.06 69.905 27838 1.4556 -0.01333 0.20442 -0.2123 2.3868
12.096 716.09 75.413 27646 1.4278 -0.011073 0.20574 -0.2123 2.3868
12.464 743.83 76.96 27593 1.4198 -0.010329 0.20605 -0.2123 2.3868
13.787 847.95 82.623 27403 1.3899 -0.0072619 0.20701 -0.2123 2.3868
16.144 1050.4 93.1 27064 1.3347 0.00035508 0.20831 -0.2123 2.3868
18.144 1239.2 102.41 26776 1.2889 0.0088943 0.20914 -0.2123 2.3868
18.696 1294.1 105.05 26696 1.2768 0.011368 0.20934 -0.2123 2.3869
20.019 1430.7 111.51 26506 1.2493 0.017119 0.20978 -0.2123 2.3869
22.376 1691.2 123.43 26167 1.2059 0.025529 0.21046 -0.21229 2.3869
24.375 1930 133.96 25879 1.1749 0.030364 0.21096 -0.21229 2.3869
24.927 1998.9 136.94 25800 1.1673 0.031418 0.21109 -0.21229 2.3869
26.251 2169.3 144.17 25609 1.1505 0.033354 0.21138 -0.21229 2.3869
28.608 2491.7 157.41 25270 1.1254 0.034906 0.21187 -0.21228 2.3869
30.607 2784.9 169 24983 1.1081 0.034874 0.21225 -0.21228 2.387
31.159 2869.1 172.26 24903 1.1039 0.034903 0.21235 -0.21227 2.387
32.483 3076.8 180.19 24713 1.0952 0.034891 0.21258 -0.21227 2.387
34.839 3468.2 194.7 24374 1.0839 0.034895 0.21298 -0.21226 2.387
36.839 3822.9 207.4 24086 1.079 0.034906 0.21331 -0.21226 2.387
37.391 3924.7 210.97 24007 1.0784 0.034881 0.2134 -0.21226 2.387
38.715 4175.7 219.63 23817 1.0784 0.034892 0.2136 -0.21225 2.3871
41.071 4648.7 235.45 23478 1.0832 0.034905 0.21397 -0.21224 2.3871
43.071 5077.8 249.28 23190 1.0923 0.034857 0.21427 -0.21224 2.3871
43.623 5201 253.16 23111 1.0955 0.034855 0.21436 -0.21223 2.3871
44.946 5505 262.58 22921 1.1048 0.034906 0.21456 -0.21223 2.3872
47.303 6079 279.9 22582 1.1258 0.033611 0.21492 -0.21222 2.3872
49.303 6599.6 294.28 22295 1.1436 0.030353 0.21523 -0.21221 2.3873
49.855 6748.5 297.92 22215 1.1474 0.029128 0.21532 -0.21221 2.3873
51.178 7113.7 306.25 22025 1.1543 0.025532 0.21553 -0.2122 2.3873
53.535 7789.1 319.64 21686 1.1561 0.016946 0.2159 -0.21219 2.3873
55.535 8382.6 330.09 21399 1.1453 0.0075154 0.21621 -0.21218 2.3874
56.087 8549.1 332.92 21320 1.1402 0.004586 0.2163 -0.21218 2.3874
57.41 8952 339.75 21130 1.1239 -0.0023578 0.2165 -0.21218 2.3874
59.767 9680.7 352.7 20791 1.0836 -0.012708 0.21683 -0.21216 2.3875
61.767 10307 364.82 20504 1.0416 -0.01912 0.21709 -0.21215 2.3875
62.319 10481 368.34 20424 1.029 -0.020627 0.21716 -0.21215 2.3876
63.201 10760 374.13 20297 1.0083 -0.022658 0.21727 -0.21214 2.3876
64.772 11258 384.98 20072 0.9699 -0.025334 0.21745 -0.21213 2.3876
66.105 11682 394.77 19880 0.93648 -0.026613 0.2176 -0.21212 2.3877
66.473 11799 397.58 19827 0.92722 -0.026823 0.21764 -0.21212 2.3877
67.356 12080 404.5 19700 0.90507 -0.027072 0.21773 -0.21211 2.3877
68.927 12580 417.5 19474 0.86625 -0.026676 0.21789 -0.2121 2.3878
70.26 13004 429.24 19283 0.83441 -0.025785 0.21803 -0.21208 2.3878
70.628 13121 432.59 19230 0.82585 -0.025549 0.21806 -0.21208 2.3879
71.51 13401 440.84 19103 0.8057 -0.024971 0.21815 -0.21207 2.3879
73.081 13901 456.26 18877 0.77112 -0.024444 0.21829 -0.21205 2.388
74.414 14325 470.08 18686 0.74287 -0.024812 0.21842 -0.21204 2.3881
74.782 14442 474.01 18633 0.7352 -0.025047 0.21845 -0.21203 2.3881
75.665 14722 483.66 18506 0.71702 -0.025762 0.21853 -0.21202 2.3881
77.236 15221 501.59 18280 0.68514 -0.027938 0.21867 -0.212 2.3882
78.569 15644 517.58 18088 0.6583 -0.030808 0.21878 -0.21199 2.3883
78.937 15760 522.11 18035 0.65087 -0.031725 0.21881 -0.21198 2.3883
79.819 16039 533.22 17908 0.63303 -0.034191 0.21888 -0.21197 2.3884
81.39 16533 553.82 17682 0.60089 -0.03954 0.21901 -0.21194 2.3885
82.724 16949 572.18 17491 0.57312 -0.045004 0.21912 -0.21192 2.3886
83.092 17063 577.41 17438 0.56536 -0.046591 0.21915 -0.21192 2.3886
83.974 17335 590.23 17311 0.54667 -0.050431 0.21922 -0.2119 2.3887
85.545 17813 614.17 17085 0.51333 -0.056892 0.21935 -0.21187 2.3888
86.878 18211 635.69 16893 0.48552 -0.061532 0.21945 -0.21185 2.3889
87.246 18320 641.83 16840 0.47799 -0.062653 0.21948 -0.21184 2.389
88.128 18579 656.9 16713 0.46026 -0.065179 0.21955 -0.21182 2.389
89.7 19033 685 16487 0.42992 -0.068766 0.21967 -0.21179 2.3892
91.033 19410 710.05 16295 0.40556 -0.0708 0.21977 -0.21176 2.3893
91.401 19513 717.16 16242 0.39906 -0.071248 0.2198 -0.21176 2.3894
92.283 19757 734.54 16115 0.38387 -0.072086 0.21986 -0.21173 2.3894
93.854 20184 766.62 15889 0.3581 -0.072936 0.21998 -0.2117 2.3896
95.187 20539 794.93 15697 0.33742 -0.073174 0.22008 -0.21166 2.3898
95.555 20635 802.92 15644 0.33188 -0.073215 0.22011 -0.21165 2.3898
96.438 20864 822.36 15517 0.31884 -0.073192 0.22018 -0.21163 2.3899
98.009 21264 857.97 15291 0.29639 -0.072853 0.2203 -0.21159 2.3901
99.342 21594 889.13 15099 0.27793 -0.072161 0.2204 -0.21155 2.3903
99.71 21683 897.88 15046 0.27291 -0.071883 0.22042 -0.21154 2.3903
100.59 21894 919.1 14919 0.26097 -0.07108 0.22049 -0.21151 2.3905
102.16 22260 957.7 14692 0.24 -0.068749 0.22061 -0.21146 2.3907
103.5 22557 991.21 14500 0.22245 -0.065737 0.22071 -0.21142 2.3909
103.86 22637 1000.6 14447 0.21764 -0.064783 0.22074 -0.21141 2.3909
104.75 22825 1023.2 14320 0.20618 -0.062227 0.22081 -0.21138 2.3911
106.32 23144 1064.1 14094 0.18604 -0.056719 0.22093 -0.21132 2.3913
107.65 23399 1099.5 13902 0.1694 -0.051179 0.22103 -0.21127 2.3915
108.02 23467 1109.4 13849 0.16492 -0.049599 0.22106 -0.21126 2.3916
108.9 23624 1133.3 13721 0.15439 -0.045874 0.22113 -0.21123 2.3918
110.47 23887 1176.8 13495 0.13643 -0.039947 0.22125 -0.21117 2.392
111.81 24092 1214.6 13303 0.12194 -0.035903 0.22136 -0.21111 2.3923
112.17 24146 1225.2 13250 0.11805 -0.034921 0.22139 -0.2111 2.3924
113.06 24269 1250.9 13123 0.10889 -0.032811 0.22146 -0.21106 2.3925
114.63 24471 1297.7 12896 0.093105 -0.029897 0.22158 -0.21099 2.3928
115.96 24623 1338.3 12704 0.080189 -0.027934 0.22169 -0.21093 2.3931
116.33 24662 1349.6 12651 0.076703 -0.027327 0.22172 -0.21091 2.3932
117.21 24749 1377 12524 0.068556 -0.025734 0.22179 -0.21087 2.3934
118.78 24884 1426.7 12297 0.055019 -0.021986 0.22193 -0.2108 2.3937
120.11 24981 1469.4 12105 0.044965 -0.017773 0.22204 -0.21073 2.394
120.48 25004 1481.3 12052 0.042496 -0.016484 0.22207 -0.21071 2.3941
121.37 25057 1509.9 11925 0.037236 -0.01308 0.22214 -0.21067 2.3943
122.94 25137 1561.5 11698 0.03015 -0.0060213 0.22228 -0.21058 2.3947
124.27 25197 1606.2 11506 0.026312 0.00086118 0.22239 -0.21051 2.395
124.64 25212 1618.8 11453 0.025604 0.0028577 0.22243 -0.21049 2.3951
