time (s) altitude (m) longitude (rad) latitude (rad) velocity (m/s) trajectory angle (rad) heading angle (rad) angle of attack (rad) bank angle (rad) fuel mass (kg) Third Stage (flag)
124.64 25212 2.3951 -0.21049 1618.8 0.025604 0.22243 0.0028577 0.40175 1562 1
128.49 25354 2.3961 -0.21027 1631.7 0.02053 0.22963 0.015449 0.38902 1551.5 1
135.35 25576 2.3978 -0.20986 1657.5 0.019756 0.24483 0.018006 0.36564 1531.5 1
141.18 25767 2.3993 -0.20948 1680.1 0.018706 0.25741 0.020262 0.40201 1514 1
142.78 25815 2.3998 -0.20937 1686.7 0.019103 0.26152 0.020669 0.42398 1508.9 1
146.64 25941 2.4008 -0.2091 1702.6 0.01942 0.27184 0.022357 0.47332 1496.7 1
153.5 26170 2.4026 -0.20859 1732.1 0.019187 0.29366 0.023298 0.60085 1474.1 1
159.32 26355 2.4041 -0.20811 1758.5 0.016796 0.31528 0.023164 0.69722 1454.1 1
160.93 26401 2.4046 -0.20797 1766 0.015792 0.32156 0.022353 0.72722 1448.5 1
163.5 26468 2.4052 -0.20775 1778.1 0.013674 0.33183 0.025208 0.76855 1439.4 1
168.07 26580 2.4065 -0.20731 1800.5 0.014657 0.35762 0.047791 0.84997 1422 1
171.96 26697 2.4075 -0.20691 1820.3 0.019225 0.38671 0.048488 0.91653 1406.2 1
173.03 26736 2.4078 -0.2068 1825.7 0.019521 0.39429 0.048413 0.93553 1401.9 1
175.6 26831 2.4085 -0.20651 1838.8 0.020631 0.41386 0.049705 0.97741 1391.5 1
180.17 27009 2.4097 -0.20596 1862.4 0.020978 0.45007 0.050058 1.0401 1372.9 1
184.05 27158 2.4108 -0.20545 1882.5 0.019834 0.48073 0.04831 1.0532 1357.3 1
185.12 27197 2.411 -0.2053 1888.1 0.019425 0.48893 0.047731 1.0529 1353 1
187.69 27289 2.4117 -0.20493 1901.5 0.018301 0.50832 0.046841 1.0469 1342.7 1
192.27 27442 2.4129 -0.20425 1925.6 0.016879 0.54147 0.045731 1.0013 1324.5 1
196.15 27567 2.414 -0.20363 1946.2 0.016585 0.56813 0.044685 0.97106 1309.2 1
197.22 27602 2.4142 -0.20345 1951.8 0.016543 0.57528 0.044451 0.96659 1304.9 1
199.79 27685 2.4149 -0.20302 1965.5 0.01652 0.59217 0.043774 0.95688 1294.8 1
204.37 27835 2.4161 -0.20221 1989.9 0.016658 0.62117 0.042609 0.93611 1276.8 1
208.25 27965 2.4171 -0.2015 2010.7 0.016771 0.64485 0.041683 0.93639 1261.6 1
209.32 28001 2.4174 -0.20129 2016.4 0.016721 0.6513 0.041438 0.93636 1257.5 1
211.89 28088 2.418 -0.2008 2030.1 0.01657 0.66657 0.040997 0.93695 1247.5 1
216.46 28241 2.4192 -0.19988 2054.6 0.016191 0.69315 0.040305 0.92898 1229.7 1
220.35 28370 2.4202 -0.19907 2075.3 0.015919 0.71499 0.039637 0.91554 1214.7 1
221.42 28405 2.4204 -0.19884 2081 0.015862 0.72088 0.03918 0.91189 1210.6 1
223.99 28489 2.4211 -0.19828 2094.7 0.015549 0.73454 0.037431 0.90322 1200.7 1
228.56 28636 2.4222 -0.19726 2118.7 0.014763 0.75778 0.036418 0.89031 1183.4 1
232.44 28755 2.4231 -0.19636 2138.7 0.014097 0.77694 0.035984 0.88691 1168.7 1
233.51 28787 2.4234 -0.19611 2144 0.013883 0.78215 0.035969 0.88664 1164.6 1
236.08 28862 2.424 -0.1955 2156.7 0.013395 0.79458 0.035962 0.8867 1154.9 1
240.66 28991 2.4251 -0.19438 2178.4 0.012559 0.81652 0.036062 0.88388 1137.6 1
244.54 29095 2.426 -0.19341 2196.1 0.011927 0.83481 0.035755 0.87489 1123 1
245.61 29123 2.4263 -0.19313 2200.9 0.011762 0.83977 0.035569 0.87222 1119 1
248.18 29188 2.4269 -0.19247 2212.1 0.011353 0.8515 0.035084 0.86418 1109.3 1
252.76 29300 2.4279 -0.19126 2231.5 0.010685 0.87167 0.034228 0.84329 1092.2 1
256.64 29391 2.4288 -0.19022 2247.3 0.010201 0.88816 0.033802 0.833 1077.8 1
257.71 29415 2.4291 -0.18992 2251.6 0.010068 0.89265 0.033693 0.83187 1073.8 1
260.28 29473 2.4296 -0.18922 2261.6 0.0097382 0.90332 0.033599 0.83021 1064.3 1
264.85 29571 2.4306 -0.18793 2279 0.0092088 0.92223 0.03402 0.83119 1047.3 1
268.74 29651 2.4315 -0.18682 2293.2 0.008848 0.93833 0.034464 0.83563 1032.9 1
269.81 29673 2.4317 -0.18651 2297.1 0.0087517 0.94279 0.034539 0.83576 1028.9 1
272.38 29724 2.4323 -0.18576 2306.2 0.0085433 0.95345 0.034586 0.83495 1019.4 1
276.95 29812 2.4332 -0.1844 2322.2 0.0082052 0.97219 0.034276 0.8273 1002.4 1
280.83 29885 2.434 -0.18323 2335.4 0.0079373 0.98772 0.033798 0.81797 988.05 1
281.9 29905 2.4342 -0.1829 2338.9 0.0078639 0.99194 0.033693 0.81634 984.09 1
284.47 29952 2.4348 -0.18211 2347.4 0.0076738 1.002 0.033339 0.81188 974.63 1
289.05 30032 2.4357 -0.18069 2362.1 0.0072818 1.0194 0.032715 0.80361 957.83 1
292.93 30098 2.4364 -0.17946 2374.1 0.00691 1.0339 0.032344 0.7978 943.63 1
294 30115 2.4366 -0.17912 2377.4 0.0068053 1.0378 0.032258 0.79625 939.71 1
296.57 30156 2.4371 -0.17829 2384.9 0.0065487 1.0472 0.032042 0.79215 930.34 1
301.15 30225 2.438 -0.1768 2397.7 0.0061375 1.0637 0.03219 0.7889 913.67 1
305.03 30281 2.4387 -0.17552 2407.9 0.0058754 1.0778 0.032991 0.7991 899.51 1
306.1 30296 2.4389 -0.17517 2410.6 0.0058132 1.0818 0.033214 0.80264 895.59 1
309.95 30348 2.4396 -0.17388 2420.2 0.0053675 1.0961 0.034032 0.83646 881.52 1
316.82 30435 2.4407 -0.17155 2437.1 0.0051834 1.1265 0.04442 0.93839 855.78 1
322.64 30511 2.4417 -0.16953 2451.3 0.0054774 1.1565 0.043818 0.96931 833.31 1
324.25 30533 2.4419 -0.16896 2455.2 0.0051724 1.1643 0.043676 0.9636 827.22 1
328.1 30582 2.4425 -0.1676 2464.5 0.0052456 1.1836 0.043834 0.9415 812.47 1
334.96 30670 2.4435 -0.16513 2480.8 0.0049944 1.2154 0.038734 0.92211 786.62 1
340.78 30738 2.4442 -0.16299 2494.5 0.0044207 1.2427 0.046836 0.97677 764.72 1
342.39 30755 2.4444 -0.1624 2498.2 0.0047166 1.2517 0.046806 0.98692 758.43 1
346.24 30801 2.4449 -0.16097 2507 0.0047361 1.2723 0.047201 0.99973 743.56 1
353.11 30881 2.4457 -0.15838 2522.5 0.0045383 1.3089 0.046411 0.99897 717.13 1
358.93 30947 2.4462 -0.15614 2535.4 0.0044003 1.3393 0.045478 0.98578 694.83 1
360.54 30965 2.4464 -0.15552 2539 0.004408 1.3476 0.045294 0.98877 688.69 1
364.39 31008 2.4467 -0.15403 2547.3 0.0043089 1.3674 0.045193 0.98926 674 1
371.25 31082 2.4472 -0.15134 2562 0.0041712 1.4025 0.04485 0.98693 647.88 1
377.08 31144 2.4476 -0.14903 2574.2 0.0040679 1.432 0.044296 0.98512 625.8 1
378.68 31160 2.4477 -0.14839 2577.5 0.0040237 1.4401 0.044381 0.98463 619.72 1
382.54 31200 2.4479 -0.14685 2585.4 0.0039548 1.4594 0.044051 0.98422 605.15 1
389.4 31269 2.4481 -0.14408 2599.3 0.0038252 1.4936 0.043525 0.98059 579.29 1
395.22 31326 2.4483 -0.14172 2610.8 0.0037384 1.5221 0.042759 0.97497 557.43 1
396.83 31342 2.4483 -0.14106 2613.9 0.0037077 1.5299 0.04279 0.97341 551.41 1
400.68 31379 2.4484 -0.13949 2621.4 0.0036471 1.5486 0.042397 0.97493 537.01 1
407.55 31443 2.4484 -0.13667 2634.5 0.0034669 1.5815 0.041784 0.96951 511.44 1
413.37 31497 2.4483 -0.13427 2645.3 0.0035275 1.6089 0.041179 0.95121 489.83 1
414.98 31512 2.4483 -0.1336 2648.2 0.0036276 1.6164 0.041113 0.94848 483.88 1
418.83 31550 2.4482 -0.13201 2655.2 0.0038546 1.6342 0.040808 0.95141 469.64 1
425.69 31619 2.448 -0.12917 2667.5 0.003444 1.666 0.039876 0.9844 444.39 1
431.52 31665 2.4477 -0.12675 2677.7 0.0024213 1.6926 0.038075 0.96182 423.14 1
433.12 31674 2.4476 -0.12608 2680.4 0.0022602 1.6996 0.037213 0.92444 417.31 1
436.98 31700 2.4474 -0.12448 2687.1 0.0027267 1.7155 0.036211 0.86066 403.36 1
443.84 31759 2.4469 -0.12163 2698.5 0.0035139 1.7392 0.026296 0.73931 379.18 1
449.66 31812 2.4465 -0.11921 2707.9 0.0028869 1.754 0.021458 0.63873 359.53 1
451.27 31823 2.4464 -0.11855 2710.4 0.0027813 1.7576 0.022441 0.61028 354.15 1
453.84 31842 2.4462 -0.11748 2714.5 0.0025298 1.7629 0.017948 0.56547 345.63 1
458.41 31866 2.4458 -0.11557 2721.6 0.0015991 1.7708 0.019361 0.48562 330.67 1
462.29 31895 2.4455 -0.11395 2727.7 0.0048906 1.7783 0.040367 0.41788 317.28 1
463.37 31912 2.4454 -0.11351 2729.3 0.0075074 1.781 0.043779 0.39918 313.28 1
465.94 31988 2.4451 -0.11244 2732.9 0.014342 1.7869 0.050936 0.35436 303.66 1
470.51 32269 2.4447 -0.11053 2737.2 0.031759 1.7972 0.068737 0.27451 286.05 1
474.39 32708 2.4443 -0.10892 2737.8 0.051517 1.8051 0.083501 0.20678 270.99 1
475.46 32868 2.4442 -0.10847 2737.4 0.057451 1.807 0.084111 0.18808 266.91 1
478.03 33321 2.4439 -0.10741 2735.8 0.071347 1.8107 0.089969 0.14237 257.53 1
482.61 34351 2.4435 -0.10552 2731.7 0.092678 1.8146 0.085686 0.07423 242.64 1
486.49 35402 2.4431 -0.10392 2728.3 0.10472 1.8159 0.080227 0.020981 232.25 1
487.56 35710 2.443 -0.10348 2727.3 0.10726 1.816 0.066238 0 229.7 1
487.56 35710 2.443 -0.10348 2727.3 0.10726 1.816 0.066238 0 229.7 0
495.84 38348 2.4421 -0.10013 2671.4 0.12362 1.8292 0.039429 0.75674 229.7 0
510.57 42631 2.4404 -0.094329 2617.1 0.087818 1.8693 0.047406 1.5708 229.7 0
523.08 44759 2.4389 -0.08952 2580.1 0.046536 1.8988 0.10091 1.5646 229.7 0
526.53 45146 2.4384 -0.088212 2570 0.03449 1.9114 0.10972 1.5708 229.7 0
534.8 45577 2.4373 -0.08512 2545.1 0.0061664 1.9398 0.13975 1.5708 229.7 0
549.54 44858 2.435 -0.079785 2497.2 -0.045243 2.0029 0.17453 1.5708 229.7 0
562.05 42774 2.4328 -0.075488 2450.6 -0.089905 2.0742 0.17453 1.5708 229.7 0
565.5 41964 2.4322 -0.074348 2435.7 -0.10242 2.0977 0.17242 1.5707 229.7 0
573.77 39614 2.4306 -0.071721 2393 -0.1334 2.1666 0.17453 1.5708 229.7 0
588.51 34253 2.4272 -0.067681 2245.6 -0.17528 2.3979 0.17453 1.447 229.7 0
601.01 29589 2.4237 -0.06537 2041.2 -0.16156 2.7207 0.12345 1.2738 229.7 0
604.47 28535 2.4227 -0.064989 1980.9 -0.14347 2.8203 0.11788 1.2926 229.7 0
610.67 27078 2.4209 -0.064591 1842.5 -0.10099 3.0358 0.12398 1.2246 231.54 0
621.72 25994 2.418 -0.064943 1722.1 -0.006506 3.4944 0.14238 1.2674 207.5 0
631.1 26548 2.4158 -0.066253 1799 0.070538 3.8483 0.10542 1.0885 156.69 0
633.69 26922 2.4152 -0.06675 1809.9 0.09918 3.913 0.099923 0.9807 145.53 0
639.9 28558 2.4141 -0.068058 1841.9 0.19049 4.0472 0.12191 0.70854 118.23 0
650.95 33890 2.4123 -0.070624 1850.5 0.32537 4.1871 0.13196 0.56947 86.308 0
660.33 39718 2.4111 -0.072842 1813.2 0.34398 4.2302 0.1175 0.54551 79.16 0
662.92 41252 2.4108 -0.073453 1794.9 0.34544 4.2383 0.12017 0.53444 79.495 0
669.12 44937 2.4101 -0.0749 1763.1 0.33391 4.2499 0.12162 0.52564 79.494 0
680.18 50921 2.4088 -0.077456 1719.6 0.29571 4.26 0.12336 0.49024 79.494 0
689.55 55270 2.4078 -0.079612 1690.5 0.25487 4.2641 0.12482 0.46604 79.494 0
692.14 56347 2.4075 -0.080206 1683.6 0.24259 4.2649 0.12529 0.46717 79.494 0
698.35 58694 2.4068 -0.081627 1668.6 0.21223 4.2663 0.12531 0.44687 79.492 0
709.4 62046 2.4056 -0.084154 1647.4 0.15526 4.2678 0.12632 0.41419 79.493 0
718.78 64045 2.4046 -0.086295 1634.7 0.105 4.2687 0.12884 0.41261 79.488 0
721.37 64458 2.4043 -0.086885 1632.1 0.09091 4.2689 0.12931 0.4091 79.484 0
729.64 65377 2.4034 -0.088772 1626.1 0.045471 4.2695 0.12877 0.38217 79.466 0
744.38 65491 2.4018 -0.092133 1624.6 -0.036035 4.2706 0.12744 0.36419 79.474 0
756.88 64058 2.4004 -0.094984 1632.2 -0.10464 4.2717 0.12959 0.35499 79.468 0
760.34 63416 2.4001 -0.095772 1635.6 -0.12331 4.272 0.12936 0.35653 79.469 0
768.61 61449 2.3992 -0.097661 1646.3 -0.16732 4.273 0.12923 0.34253 79.448 0
783.35 56471 2.3976 -0.10103 1672.3 -0.24154 4.2758 0.12687 0.33706 79.457 0
795.85 50850 2.3962 -0.1039 1699.1 -0.29697 4.2803 0.1258 0.3335 79.451 0
799.3 49091 2.3959 -0.10469 1706.7 -0.3103 4.2821 0.12843 0.33969 79.453 0
807.58 44594 2.395 -0.1066 1722.7 -0.33492 4.289 0.12183 0.33258 79.453 0
822.32 35888 2.3935 -0.11003 1737.6 -0.34853 4.3125 0.079478 0.33223 79.453 0
834.82 29139 2.3923 -0.113 1695.3 -0.26893 4.3625 0.078006 0.30492 79.453 0
838.27 27720 2.392 -0.11383 1663.9 -0.21517 4.3859 0.095041 0.2773 79.453 0
846.55 26187 2.3914 -0.11585 1643.9 -0.012024 4.4539 0.10123 0.25744 62.085 0
861.28 29453 2.3906 -0.1196 1730.6 0.23872 4.5453 0.057514 0.30552 12.118 0
873.79 35045 2.3901 -0.12284 1711.7 0.24348 4.5726 0.018976 0.34905 9.8516e-05 0
877.24 36336 2.39 -0.12372 1695.7 0.23976 4.5765 0.010085 0.34606 0.10444 0
885.51 39435 2.3897 -0.12582 1665.4 0.20938 4.5814 0.017435 0.32092 0.073283 0
900.25 43790 2.3892 -0.1295 1624.4 0.15138 4.5884 0.058588 0.26832 0.0097582 0
912.76 46323 2.3888 -0.13259 1598.8 0.10063 4.5937 0.067699 0.22371 0.0010614 0
916.21 46838 2.3887 -0.13344 1593.6 0.084864 4.5946 0.070133 0.21699 0 0
924.48 47710 2.3885 -0.13547 1582.8 0.048056 4.597 0.089795 0.18643 0 0
939.22 48090 2.3881 -0.13906 1569.7 -0.01476 4.6012 0.12513 0.15191 0 0
951.72 47307 2.3878 -0.14209 1564.1 -0.064568 4.6049 0.12641 0.1285 0 0
955.18 46924 2.3877 -0.14293 1563.4 -0.078007 4.6059 0.12749 0.13655 0 0
961.38 46058 2.3875 -0.14442 1562.5 -0.10059 4.6078 0.12889 0.1134 0 0
972.43 44015 2.3872 -0.14708 1561.6 -0.13509 4.6115 0.12943 0.10285 0 0
981.81 41884 2.387 -0.14933 1559.2 -0.15538 4.6154 0.1302 0.092351 0 0
984.4 41252 2.3869 -0.14995 1557.9 -0.1589 4.6166 0.12992 0.098584 0 0
990.61 39700 2.3868 -0.15143 1552.9 -0.16281 4.6198 0.12982 0.086395 0 0
1001.7 37007 2.3866 -0.15405 1534.3 -0.14924 4.627 0.12843 0.081851 0 0
1011 35110 2.3864 -0.15625 1505.5 -0.11331 4.635 0.12687 0.080006 0 0
1013.6 34698 2.3863 -0.15685 1495.2 -0.099222 4.6375 0.12628 0.083138 0 0
1019.8 33961 2.3862 -0.15827 1466.8 -0.060081 4.6441 0.12455 0.081847 0 0
1030.9 33616 2.3861 -0.16075 1408.1 0.017372 4.657 0.12105 0.086827 0 0
1040.3 34229 2.386 -0.16277 1356.4 0.074768 4.668 0.11846 0.090866 0 0
1042.9 34511 2.386 -0.16331 1342.8 0.087158 4.6708 0.11766 0.096162 0 0
1049.1 35329 2.3859 -0.16459 1311.5 0.11016 4.6772 0.11672 0.092636 0 0
1060.1 37047 2.3858 -0.16679 1262.1 0.12736 4.6863 0.11556 0.092057 0 0
1069.5 38508 2.3858 -0.1686 1226.7 0.12107 4.6922 0.1156 0.085472 0 0
1072.1 38884 2.3858 -0.16909 1218 0.11673 4.6935 0.11541 0.091393 0 0
1078.3 39707 2.3858 -0.17025 1198.7 0.10233 4.6965 0.11577 0.079636 0 0
1089.3 40823 2.3857 -0.17228 1169.9 0.066495 4.7006 0.1172 0.07308 0 0
1098.7 41349 2.3857 -0.17398 1150.6 0.029468 4.7035 0.11861 0.06533 0 0
1101.3 41420 2.3857 -0.17444 1145.9 0.018601 4.7042 0.11905 0.072527 0 0
1107.5 41458 2.3857 -0.17554 1136.1 -0.0079907 4.706 0.12022 0.059508 0 0
1118.6 41063 2.3857 -0.17749 1121.9 -0.055068 4.7088 0.12302 0.053744 0 0
1127.9 40291 2.3857 -0.17912 1112.2 -0.091825 4.7114 0.12472 0.048818 0 0
1130.5 40014 2.3857 -0.17956 1109.8 -0.10106 4.7121 0.12512 0.058071 0 0
1136.7 39251 2.3857 -0.18063 1103.8 -0.12089 4.714 0.1261 0.044181 0 0
1147.8 37626 2.3857 -0.1825 1091.2 -0.14522 4.7175 0.12751 0.041403 0 0
1157.2 36112 2.3857 -0.18407 1076.1 -0.15122 4.721 0.12734 0.03608 0 0
1159.8 35694 2.3857 -0.1845 1070.8 -0.15005 4.7219 0.1272 0.044956 0 0
1166 34730 2.3857 -0.18552 1055.6 -0.14185 4.7247 0.12698 0.033906 0 0
1177 33275 2.3858 -0.1873 1018.1 -0.10871 4.7294 0.12655 0.031231 0 0
1186.4 32447 2.3858 -0.18875 974.81 -0.066583 4.7338 0.12711 0.027551 0 0
1189 32297 2.3858 -0.18914 961.13 -0.053882 4.7349 0.12749 0.033916 0 0
1197.3 32032 2.3858 -0.19035 914.15 -0.01687 4.7387 0.12051 0.025202 0 0
1212 32024 2.3859 -0.19236 831.22 0.0067758 4.7435 0.092194 0.023408 0 0
1224.5 32003 2.3859 -0.19392 769.43 -0.018614 4.7466 0.086241 0.018403 0 0
1228 31935 2.3859 -0.19433 753.3 -0.028149 4.7473 0.087372 0.035513 0 0
1236.2 31679 2.386 -0.19528 716.47 -0.057305 4.7494 0.087744 0.014902 0 0
1251 30795 2.386 -0.19685 656.39 -0.12038 4.7518 0.088615 0.01425 0 0
1263.5 29631 2.3861 -0.19807 608.23 -0.17515 4.7543 0.092264 0.0091997 0 0
1266.9 29255 2.3861 -0.19839 594.73 -0.18873 4.7548 0.095771 0.026384 0 0
1275.2 28297 2.3861 -0.19912 559.12 -0.21282 4.7568 0.10948 0.0062574 0 0
1289.9 26606 2.3862 -0.20029 485.69 -0.22378 4.7591 0.13848 0.0067322 0 0
1302.4 25373 2.3862 -0.20116 422.34 -0.21239 4.7612 0.14252 -0.0011366 0 0
1305.9 25074 2.3862 -0.20138 406.89 -0.20971 4.761 0.14358 0.026748 0 0
1312.1 24575 2.3863 -0.20175 380.2 -0.20185 4.7635 0.14662 0.0038153 0 0
1323.1 23808 2.3863 -0.20236 339.3 -0.1879 4.7639 0.14569 -0.00085493 0 0
1332.5 23244 2.3863 -0.20282 312.72 -0.18688 4.7646 0.13826 0.00011238 0 0
1335.1 23094 2.3863 -0.20295 306.8 -0.19004 4.7647 0.13682 0.018666 0 0
1341.3 22734 2.3863 -0.20323 294.33 -0.19899 4.7664 0.13443 -0.0015421 0 0
1352.4 22076 2.3864 -0.20372 277.85 -0.22303 4.7649 0.12811 -0.0060625 0 0
1361.7 21480 2.3864 -0.2041 268.41 -0.2465 4.765 0.12389 0.0035647 0 0
1364.3 21310 2.3864 -0.20421 266.27 -0.25179 4.7656 0.12306 0.020498 0 0
1370.5 20894 2.3864 -0.20446 261.46 -0.26047 4.7676 0.1222 -0.0035638 0 0
1381.6 20154 2.3864 -0.20489 253.34 -0.26374 4.7643 0.11785 -0.0096559 0 0
1391 19546 2.3865 -0.20524 246.66 -0.26129 4.7641 0.11262 0.0072515 0 0
1393.6 19381 2.3865 -0.20534 244.87 -0.26066 4.7654 0.11176 0.026646 0 0
1399.8 18997 2.3865 -0.20556 240.29 -0.25567 4.7683 0.11043 -0.0042176 0 0
1410.8 18350 2.3865 -0.20596 231.65 -0.24617 4.762 0.10562 -0.016528 0 0
1420.2 17833 2.3865 -0.20628 224.36 -0.2436 4.7621 0.10236 0.022104 0 0
1422.8 17693 2.3865 -0.20637 222.38 -0.24319 4.7658 0.10183 0.038699 0 0
1429 17365 2.3865 -0.20658 217.6 -0.24199 4.7699 0.10079 -0.0068829 0 0
1440 16796 2.3865 -0.20693 209.68 -0.24725 4.7605 0.095907 -0.020747 0 0
1449.4 16309 2.3866 -0.20723 204.23 -0.26148 4.7602 0.09223 0.023411 0 0
1452 16172 2.3866 -0.20731 202.95 -0.26527 4.7643 0.091189 0.042967 0 0
1458.2 15838 2.3866 -0.2075 200.16 -0.27521 4.7702 0.088205 -0.0015807 0 0
1469.3 15215 2.3866 -0.20782 196.9 -0.30304 4.7606 0.077993 -0.02598 0 0
1478.7 14638 2.3866 -0.2081 196.35 -0.33612 4.7591 0.06885 0.028832 0 0
1481.2 14468 2.3866 -0.20817 196.52 -0.34393 4.7644 0.067034 0.046908 0 0
1487.4 14048 2.3866 -0.20835 196.97 -0.35805 4.7708 0.061104 -0.0035423 0 0
1498.5 13258 2.3866 -0.20867 198.11 -0.38048 4.7588 0.048106 -0.029816 0 0
1507.9 12559 2.3866 -0.20894 197.77 -0.38874 4.7583 0.044396 0.037545 0 0
1510.5 12366 2.3866 -0.20901 197 -0.38406 4.7656 0.043897 0.056953 0 0
1516.7 11918 2.3867 -0.20919 193.76 -0.37113 4.7744 0.041937 -0.0031686 0 0
1527.7 11179 2.3867 -0.2095 183.96 -0.35282 4.7564 0.038241 -0.040658 0 0
1537.1 10601 2.3867 -0.20974 174.03 -0.35529 4.7551 0.036972 0.057128 0 0
1539.7 10444 2.3867 -0.20981 171.52 -0.35841 4.7673 0.036503 0.070925 0 0
1545.9 10069 2.3867 -0.20996 166.18 -0.37821 4.7789 0.033019 -0.0018993 0 0
1557 9348.2 2.3867 -0.21022 161.79 -0.44511 4.7589 0.027515 -0.046588 0 0
1566.3 8665.4 2.3867 -0.21043 161.25 -0.48363 4.7542 0.028542 0.042503 0 0
1568.9 8471 2.3867 -0.21049 160.61 -0.47996 4.7647 0.027657 0.059412 0 0
1575.1 8009.3 2.3867 -0.21063 159.58 -0.48954 4.7758 0.023705 -8.5726e-05 0 0
1586.2 7153 2.3868 -0.21087 159.62 -0.52699 4.7586 0.017667 -0.039341 0 0
1595.6 6380 2.3868 -0.21107 160.23 -0.55255 4.7544 0.015269 0.038376 0 0
1598.1 6161.7 2.3868 -0.21113 160 -0.55346 4.7639 0.015107 0.053976 0 0
1604.4 5641 2.3868 -0.21126 159 -0.55478 4.7755 0.012947 0.0047847 0 0
1615.4 4721.5 2.3868 -0.21149 155.89 -0.55442 4.7616 0.011051 -0.033028 0 0
1624.8 3975.4 2.3868 -0.21168 151.22 -0.52682 4.7575 0.013881 0.031949 0 0
1627.4 3782.1 2.3868 -0.21174 149.36 -0.50885 4.767 0.0142 0.046668 0 0
1633.6 3345.4 2.3868 -0.21186 144.95 -0.496 4.7767 0.010461 -0.011986 0 0
1644.6 2595 2.3868 -0.21208 139.33 -0.48886 4.7404 0.013755 -0.040581 0 0
1654 2060.1 2.3868 -0.21225 125.3 -0.35746 4.7923 0.034231 0.18327 0 0
1656.6 1961.4 2.3868 -0.2123 116.37 -0.28264 4.8587 0.036551 0.25893 0 0
