time (s) altitude (m) velocity (m/s) mass (kg) dynamic pressure (Pa)trajectory angle (rad) Lift (N)Drag (N)heading angle (rad) latitude (rad) angle of attack (rad) 
487.56 35710 2727.3 3300 27358 0.10726 29878 10104 1.816 -0.10348 0.26533
488.56 36006 2735.8 3285.1 26299 0.10929 29752 10189 1.816 -0.10307 0.27187
490.35 36550 2751 3258.7 24462 0.11293 29541 10390 1.816 -0.10233 0.28433
491.87 37027 2763.8 3236.3 22954 0.11606 29340 10599 1.8161 -0.1017 0.2955
492.29 37162 2767.3 3230.1 22546 0.11693 29287 10656 1.8161 -0.10153 0.29878
493.29 37489 2775.8 3215.2 21585 0.11901 28901 10654 1.8161 -0.10111 0.3051
495.08 38089 2791 3188.8 19935 0.12262 27730 10384 1.8161 -0.10036 0.31334
496.59 38613 2804.2 3166.3 18601 0.12547 25988 9749.6 1.8162 -0.099726 0.31431
497.01 38761 2808 3160.1 18244 0.12619 25505 9571.7 1.8162 -0.099549 0.31443
498.01 39118 2817 3145.3 17410 0.12786 24345 9137 1.8162 -0.099126 0.31448
499.8 39769 2833.7 3118.8 15998 0.1305 22310 8360.5 1.8162 -0.098368 0.31388
501.32 40333 2848.3 3096.4 14875 0.13244 20648 7722.9 1.8163 -0.097722 0.31286
501.73 40491 2852.5 3090.2 14577 0.13292 20280 7591.9 1.8163 -0.097543 0.31335
502.74 40873 2862.4 3075.3 13883 0.13403 19432 7294.9 1.8163 -0.097114 0.31465
504.52 41563 2880.6 3048.9 12719 0.13577 17780 6669.1 1.8163 -0.096345 0.31438
506.04 42158 2896.5 3026.4 11802 0.13699 16437 6153.9 1.8164 -0.095689 0.31357
506.46 42324 2901 3020.2 11559 0.13729 16107 6031 1.8164 -0.095507 0.31367
508.46 43127 2922.7 2990.5 10461 0.13854 14580 5458.4 1.8164 -0.094632 0.31371
512.04 44588 2963.1 2937.6 8748.3 0.14006 12189 4560.3 1.8165 -0.093057 0.31362
515.07 45853 2998.9 2892.8 7514.7 0.14073 10457 3908.6 1.8166 -0.091705 0.31333
515.91 46206 3009 2880.4 7206.1 0.14083 10042 3755 1.8166 -0.091328 0.31364
517.91 47057 3033.6 2850.7 6521 0.14095 9093.7 3400.4 1.8167 -0.090421 0.31379
521.49 48591 3078.8 2797.8 5535 0.14082 7720 2883.3 1.8167 -0.088788 0.31378
524.52 49908 3118.5 2752.9 4808.9 0.14044 6707.4 2502.3 1.8168 -0.087382 0.31375
525.35 50273 3129.6 2740.5 4624.8 0.14029 6448.1 2404.5 1.8168 -0.086991 0.31366
527.36 51154 3156.7 2710.8 4217 0.13989 5867.4 2184.2 1.8169 -0.086048 0.31317
530.93 52734 3206.3 2657.9 3615.9 0.13901 5013.7 1859.6 1.8169 -0.084349 0.31235
533.97 54086 3249.6 2613 3162.9 0.13815 4378.7 1619.9 1.817 -0.082885 0.31194
534.8 54461 3261.7 2600.6 3046.5 0.1379 4177.5 1538.2 1.817 -0.082478 0.30984
536.81 55363 3291.3 2570.9 2781.9 0.13724 3772.4 1380.3 1.8171 -0.081495 0.30739
540.38 56977 3345.3 2518 2358.4 0.13592 3090.5 1110.2 1.8171 -0.079723 0.30008
543.41 58355 3392.5 2473.1 2043.3 0.13466 2607.9 922.66 1.8172 -0.078196 0.29461
544.25 58736 3405.7 2460.7 1962.9 0.13429 2477.5 871.03 1.8172 -0.077771 0.29235
546.26 59652 3437.9 2431 1781.2 0.13339 2213.5 770.67 1.8173 -0.076745 0.28923
549.83 61290 3496.7 2378.1 1493.1 0.1317 1776.9 604.89 1.8173 -0.074893 0.2809
552.86 62684 3548.1 2333.2 1281 0.13021 1508.7 511.84 1.8174 -0.073297 0.27896
553.7 63070 3562.4 2320.8 1227.2 0.12982 1446.1 491 1.8174 -0.072853 0.27908
555.71 63996 3597.3 2291.1 1106.2 0.12889 1296.8 440.14 1.8174 -0.071779 0.2781
559.28 65652 3660.9 2238.2 915.76 0.12723 1020.4 340.97 1.8175 -0.069842 0.26846
562.31 67063 3716.5 2193.4 777.07 0.12573 811.72 265.2 1.8176 -0.068171 0.25687
563.15 67453 3732.1 2181 742.14 0.1253 760.71 246.81 1.8176 -0.067705 0.25361
565.15 68390 3769.9 2151.3 663.91 0.12431 684.91 223.25 1.8176 -0.06658 0.25475
568.73 70064 3839 2098.4 542.11 0.12249 486.83 152.16 1.8177 -0.064549 0.23162
571.76 71486 3899.9 2053.5 453.95 0.12043 277.91 80.571 1.8177 -0.062796 0.17793
572.6 71877 3917.1 2041.1 431.69 0.11968 237.44 68.738 1.8177 -0.062308 0.16488
574.6 72813 3959 2011.4 382.6 0.11772 150.73 45.244 1.8178 -0.061127 0.12989
578.18 74461 4035.8 1958.5 308.68 0.11337 52.952 23.862 1.8178 -0.058993 0.067516
581.21 75830 4103.2 1913.6 257.78 0.10883 8.114 17.133 1.8179 -0.057148 0.01461
582.04 76201 4122.2 1901.2 245.41 0.10744 4.7188e-16 15.996 1.8179 -0.056634 0
582.04 76201 4122.2 1901.2 245.41 0.10744 4.7188e-16 15.996 1.8179 -0.056634 0
583.04 76643 4121.2 1901.2 228.76 0.10573 1.3929e-15 14.905 1.8179 -0.056017 0
584.04 77075 4120.2 1901.2 213.54 0.10403 -6.8434e-17 13.908 1.8179 -0.055401 0
585.04 77499 4119.2 1901.2 199.51 0.10232 3.8361e-16 12.988 1.8179 -0.054785 0
586.04 77916 4118.3 1901.2 186.55 0.10061 1.4946e-15 12.14 1.8179 -0.054169 0
587.04 78326 4117.4 1901.2 174.59 0.098904 6.7141e-16 11.358 1.818 -0.053553 0
588.04 78729 4116.5 1901.2 163.54 0.097196 -7.3373e-16 10.635 1.818 -0.052937 0
589.04 79125 4115.6 1901.2 153.33 0.095487 5.8963e-16 9.9667 1.818 -0.052321 0
590.04 79514 4114.7 1901.2 143.88 0.093777 8.5301e-16 9.3491 1.818 -0.051705 0
591.04 79896 4113.8 1901.2 135.14 0.092066 1.0827e-15 8.778 1.818 -0.051089 0
592.04 80270 4113 1901.2 127.05 0.090355 -5.7001e-16 8.2494 1.818 -0.050474 0
593.04 80638 4112.2 1901.2 119.55 0.088643 -2.8735e-16 7.76 1.818 -0.049858 0
594.04 80998 4111.3 1901.2 112.61 0.086931 7.5784e-16 7.3066 1.8181 -0.049242 0
595.04 81352 4110.6 1901.2 106.17 0.085217 5.1036e-17 6.8863 1.8181 -0.048627 0
596.04 81698 4109.8 1901.2 100.19 0.083504 -3.6926e-16 6.4966 1.8181 -0.048012 0
597.04 82037 4109 1901.2 94.65 0.08179 3.0332e-16 6.135 1.8181 -0.047396 0
598.04 82370 4108.3 1901.2 89.502 0.080075 4.7326e-16 5.7994 1.8181 -0.046781 0
599.04 82695 4107.5 1901.2 84.718 0.078359 4.4797e-16 5.4876 1.8181 -0.046166 0
600.04 83013 4106.8 1901.2 80.271 0.076644 -4.1159e-16 5.1979 1.8181 -0.045551 0
601.04 83324 4106.1 1901.2 76.137 0.074927 8.2958e-16 4.9286 1.8181 -0.044935 0
602.04 83627 4105.5 1901.2 72.29 0.07321 2.4036e-16 4.6781 1.8181 -0.04432 0
603.04 83924 4104.8 1901.2 68.71 0.071493 6.5783e-16 4.445 1.8181 -0.043705 0
604.04 84214 4104.2 1901.2 65.376 0.069775 5.5782e-16 4.2281 1.8182 -0.04309 0
605.04 84496 4103.5 1901.2 62.27 0.068056 3.854e-16 4.0261 1.8182 -0.042475 0
606.04 84772 4102.9 1901.2 59.378 0.066337 4.448e-16 3.8379 1.8182 -0.041861 0
607.04 85040 4102.3 1770.3 0 0.064618 -0 0 1.8182 -0.041246 0
608.04 85302 4101.8 1770.3 0 0.062898 0 0 1.8182 -0.040631 0
609.04 85556 4101.2 1770.3 0 0.061178 0 0 1.8182 -0.040016 0
610.04 85803 4100.7 1770.3 0 0.059457 0 0 1.8182 -0.039402 0
611.04 86043 4100.1 1770.3 0 0.057736 0 0 1.8182 -0.038787 0
612.04 86276 4099.6 1770.3 0 0.056015 -0 0 1.8182 -0.038172 0
613.04 86502 4099.1 1770.3 0 0.054293 -0 0 1.8182 -0.037558 0
614.04 86721 4098.7 1770.3 0 0.052571 0 0 1.8182 -0.036943 0
615.04 86933 4098.2 1770.3 0 0.050848 0 0 1.8182 -0.036329 0
616.04 87138 4097.8 1770.3 0 0.049125 0 0 1.8183 -0.035714 0
617.04 87336 4097.3 1770.3 0 0.047402 0 0 1.8183 -0.0351 0
618.04 87526 4096.9 1770.3 0 0.045679 -0 0 1.8183 -0.034485 0
619.04 87710 4096.5 1770.3 0 0.043955 0 0 1.8183 -0.033871 0
620.04 87886 4096.1 1770.3 0 0.042231 -0 0 1.8183 -0.033257 0
621.04 88056 4095.8 1770.3 0 0.040506 0 0 1.8183 -0.032642 0
622.04 88218 4095.4 1770.3 0 0.038782 0 0 1.8183 -0.032028 0
623.04 88373 4095.1 1770.3 0 0.037057 0 0 1.8183 -0.031414 0
624.04 88521 4094.8 1770.3 0 0.035331 0 0 1.8183 -0.0308 0
625.04 88662 4094.5 1770.3 0 0.033606 -0 0 1.8183 -0.030186 0
626.04 88797 4094.2 1770.3 0 0.03188 -0 0 1.8183 -0.029571 0
627.04 88923 4094 1770.3 0 0.030154 -0 0 1.8183 -0.028957 0
628.04 89043 4093.7 1770.3 0 0.028428 -0 0 1.8183 -0.028343 0
629.04 89156 4093.5 1770.3 0 0.026702 0 0 1.8183 -0.027729 0
630.04 89262 4093.3 1770.3 0 0.024976 0 0 1.8183 -0.027115 0
631.04 89361 4093.1 1770.3 0 0.023249 0 0 1.8183 -0.026501 0
632.04 89452 4092.9 1770.3 0 0.021523 -0 0 1.8183 -0.025887 0
633.04 89537 4092.7 1770.3 0 0.019796 -0 0 1.8183 -0.025273 0
634.04 89614 4092.6 1770.3 0 0.018069 -0 0 1.8183 -0.024658 0
635.04 89685 4092.5 1770.3 0 0.016342 0 0 1.8183 -0.024044 0
636.04 89748 4092.3 1770.3 0 0.014615 0 0 1.8183 -0.02343 0
637.04 89804 4092.3 1770.3 0 0.012887 0 0 1.8183 -0.022816 0
638.04 89854 4092.2 1770.3 0 0.01116 0 0 1.8183 -0.022202 0
639.04 89896 4092.1 1770.3 0 0.0094326 0 0 1.8183 -0.021588 0
640.04 89931 4092.1 1770.3 0 0.0077052 0 0 1.8183 -0.020974 0
641.04 89959 4092 1770.3 0 0.0059778 -0 0 1.8183 -0.02036 0
642.04 89980 4092 1770.3 0 0.0042503 0 0 1.8183 -0.019746 0
643.04 89993 4092 1770.3 0 0.0025229 0 0 1.8183 -0.019132 0
644.04 90000 4092 1770.3 0 0.00079541 0 0 1.8183 -0.018518 0
645.04 90000 4092.1 1770.3 0 0 0 0 1.8183 -0.017904 0
