.2 -20  -0.1028722 0.073428938  -0.025719
.2 20	0.18112749 0.075168866  0.018582
.5 -20 -0.089378742 0.064080272 -0.023304
.5 -10 -0.022548655 0.044855159 -0.011754
.5  10  0.099838702 0.053622668 0.0072811
.5  20  0.18679238  0.065263551 0.0219156
1.1 -20 -0.11088891 0.099570465 -0.034495
1.1 20  0.15202923  0.10640974  0.025194
3  -20  0.022535008 0.059157382 -0.00699
3  -10  0.029810748 0.053472557 -0.005892
3   10  0.054513535 0.053425504 0.00005119
3   20  0.068648076 0.059855208 0.003525
9  -20 -0.009110487 0.013266327 -0.00554662
9  -10  0.002788526 0.008227878 -0.0025278
9   10  0.015494234 0.008471464 0.0004943
9   20  0.030202253 0.014565745 0.0041389