time (s) altitude (m) velocity (m/s) mass (kg)trajectory angle (rad) angle of attack (rad) heading angle (rad) latitude (rad)
0 90 30 29388 1.5691 0 1.5127 -0.2123 2.3868
0.88209 117.78 32.995 29261 1.568 -0.0024324 1.5732 -0.2123 2.3868
2.4532 173.88 38.445 29035 1.563 -0.006253 1.6218 -0.2123 2.3868
3.7861 228.27 43.185 28843 1.5554 -0.0087589 1.6377 -0.2123 2.3868
4.1541 244.4 44.512 28790 1.5528 -0.0093455 1.6407 -0.2123 2.3868
5.0362 285.07 47.727 28663 1.5456 -0.010612 1.6462 -0.2123 2.3868
6.6073 364.58 53.571 28437 1.5293 -0.01208 1.6526 -0.2123 2.3868
7.9403 439.27 58.653 28245 1.5122 -0.012442 1.6562 -0.2123 2.3868
8.3083 461.07 60.076 28192 1.507 -0.012448 1.657 -0.2123 2.3868
9.1904 515.45 63.524 28065 1.4936 -0.012307 1.6587 -0.2123 2.3868
10.761 619.73 69.804 27838 1.467 -0.011303 1.661 -0.2123 2.3868
12.094 715.75 75.282 27647 1.442 -0.0096234 1.6626 -0.2123 2.3868
12.462 743.49 76.819 27594 1.4348 -0.00908 1.663 -0.2123 2.3868
13.373 814.43 80.671 27463 1.4163 -0.007595 1.6638 -0.21229 2.3868
15.338 978.74 89.218 27180 1.374 -0.0033584 1.6654 -0.21229 2.3868
17.962 1222 101.17 26802 1.3161 0.0047685 1.667 -0.21228 2.3868
20.725 1507.7 114.48 26404 1.2589 0.014848 1.6684 -0.21227 2.3868
23.079 1775.5 126.41 26066 1.2162 0.02245 1.6694 -0.21225 2.3868
24.559 1955.5 134.18 25853 1.1928 0.026157 1.67 -0.21224 2.3868
24.925 2001.3 136.12 25800 1.1875 0.026999 1.6701 -0.21224 2.3868
25.807 2114.3 140.88 25673 1.1753 0.028898 1.6704 -0.21223 2.3868
27.378 2323.9 149.5 25447 1.1561 0.031591 1.671 -0.21222 2.3868
28.711 2510.3 156.98 25255 1.1422 0.033083 1.6714 -0.21221 2.3868
29.079 2563.1 159.07 25202 1.1387 0.033416 1.6715 -0.2122 2.3868
29.961 2692.3 164.12 25076 1.131 0.034099 1.6718 -0.21219 2.3868
31.532 2931.4 173.28 24850 1.1194 0.034788 1.6723 -0.21217 2.3868
32.865 3143.6 181.22 24658 1.1116 0.034892 1.6727 -0.21216 2.3868
33.233 3203.7 183.44 24605 1.1097 0.034902 1.6728 -0.21215 2.3868
34.115 3350.6 188.8 24478 1.1059 0.034885 1.6731 -0.21214 2.3868
35.686 3622.1 198.53 24252 1.101 0.034761 1.6736 -0.21212 2.3868
37.019 3862.9 206.95 24060 1.0987 0.034581 1.674 -0.2121 2.3868
37.387 3931.1 209.31 24008 1.0984 0.034533 1.6741 -0.2121 2.3868
38.269 4097.8 214.99 23881 1.0982 0.034418 1.6744 -0.21208 2.3868
39.84 4405.8 225.29 23655 1.0998 0.03429 1.6748 -0.21206 2.3868
41.173 4678.9 234.2 23463 1.1033 0.034347 1.6752 -0.21204 2.3868
41.541 4756.2 236.69 23410 1.1046 0.034401 1.6754 -0.21203 2.3868
42.423 4945.3 242.71 23283 1.1084 0.034569 1.6756 -0.21202 2.3868
43.994 5295 253.62 23058 1.1176 0.034905 1.6761 -0.21199 2.3868
45.327 5605.3 263.09 22866 1.1276 0.034868 1.6765 -0.21197 2.3868
45.695 5693.2 265.73 22813 1.1307 0.034729 1.6767 -0.21196 2.3868
46.578 5908.2 272.11 22686 1.1386 0.034242 1.6769 -0.21194 2.3868
48.149 6306 283.69 22461 1.1537 0.032462 1.6775 -0.21192 2.3868
49.482 6658.6 293.24 22269 1.1656 0.029924 1.6779 -0.21189 2.3868
49.85 6758.3 295.68 22216 1.1682 0.029095 1.6781 -0.21188 2.3868
50.732 7000.8 301.37 22089 1.1736 0.026837 1.6784 -0.21187 2.3868
52.303 7445 310.8 21864 1.179 0.021883 1.679 -0.21184 2.3868
53.636 7832.5 318.23 21672 1.1786 0.016679 1.6795 -0.21181 2.3868
54.004 7941.1 320.21 21619 1.1776 0.015109 1.6796 -0.21181 2.3868
54.886 8203.7 324.87 21492 1.1737 0.011131 1.6799 -0.21179 2.3868
56.457 8679.1 332.99 21267 1.161 0.0035573 1.6805 -0.21176 2.3868
57.79 9089 339.91 21075 1.1446 -0.0028304 1.6809 -0.21173 2.3868
58.158 9203.1 341.86 21022 1.1392 -0.0044542 1.6811 -0.21172 2.3868
59.04 9478 346.66 20895 1.1251 -0.0082573 1.6813 -0.2117 2.3868
60.611 9972.3 355.68 20670 1.0962 -0.014123 1.6818 -0.21166 2.3868
61.944 10396 363.83 20478 1.0688 -0.018066 1.6822 -0.21163 2.3868
62.312 10513 366.16 20425 1.0608 -0.01903 1.6823 -0.21162 2.3868
63.194 10796 371.88 20298 1.0412 -0.021081 1.6826 -0.21159 2.3867
64.765 11302 382.61 20073 1.0047 -0.023805 1.683 -0.21155 2.3867
66.098 11733 392.31 19881 0.97285 -0.025117 1.6833 -0.2115 2.3867
66.466 11852 395.09 19828 0.96402 -0.025366 1.6834 -0.21149 2.3867
67.348 12139 401.94 19701 0.94286 -0.025766 1.6836 -0.21146 2.3867
68.919 12651 414.79 19476 0.90556 -0.025765 1.6839 -0.2114 2.3867
70.252 13086 426.37 19284 0.87475 -0.02521 1.6842 -0.21134 2.3867
70.62 13207 429.69 19231 0.86642 -0.02506 1.6843 -0.21133 2.3867
71.502 13496 437.83 19104 0.84678 -0.024676 1.6844 -0.21129 2.3867
73.073 14012 453.04 18878 0.81292 -0.024332 1.6847 -0.21121 2.3867
74.406 14451 466.68 18687 0.78518 -0.024641 1.6849 -0.21115 2.3867
74.774 14573 470.56 18634 0.77765 -0.024834 1.685 -0.21113 2.3867
75.656 14864 480.09 18507 0.75981 -0.025418 1.6851 -0.21108 2.3867
77.228 15384 497.81 18281 0.7286 -0.027307 1.6854 -0.21099 2.3867
78.56 15826 513.62 18089 0.7024 -0.029878 1.6856 -0.21091 2.3867
78.928 15949 518.11 18036 0.69517 -0.030692 1.6856 -0.21089 2.3867
79.811 16241 529.1 17910 0.67784 -0.03283 1.6858 -0.21084 2.3867
81.382 16762 549.49 17684 0.64682 -0.03747 1.686 -0.21073 2.3866
82.715 17203 567.67 17492 0.62022 -0.042218 1.6862 -0.21064 2.3866
83.083 17324 572.83 17439 0.61282 -0.043577 1.6862 -0.21061 2.3866
83.965 17614 585.51 17312 0.59504 -0.046905 1.6863 -0.21055 2.3866
85.536 18128 609.14 17086 0.56337 -0.052826 1.6865 -0.21042 2.3866
86.869 18559 630.34 16894 0.53683 -0.05759 1.6867 -0.21031 2.3866
87.237 18678 636.39 16841 0.52961 -0.058822 1.6867 -0.21028 2.3866
88.119 18961 651.22 16714 0.51253 -0.061699 1.6868 -0.21021 2.3866
89.69 19459 678.88 16488 0.4831 -0.066087 1.687 -0.21006 2.3866
91.023 19877 703.55 16296 0.45927 -0.068932 1.6871 -0.20994 2.3866
91.391 19992 710.55 16243 0.45288 -0.069617 1.6871 -0.2099 2.3865
92.273 20265 727.67 16116 0.43788 -0.071104 1.6872 -0.20981 2.3865
93.844 20746 759.27 15890 0.41222 -0.073008 1.6874 -0.20965 2.3865
95.177 21149 787.17 15698 0.39145 -0.073827 1.6875 -0.2095 2.3865
95.545 21260 795.04 15645 0.38586 -0.073977 1.6875 -0.20946 2.3865
96.427 21522 814.2 15518 0.37272 -0.074187 1.6876 -0.20935 2.3865
97.998 21984 849.32 15292 0.35006 -0.073904 1.6877 -0.20916 2.3865
99.331 22369 880.08 15100 0.33153 -0.07291 1.6878 -0.209 2.3864
99.699 22474 888.73 15047 0.32651 -0.072548 1.6878 -0.20895 2.3864
100.58 22724 909.7 14920 0.31462 -0.071521 1.6879 -0.20883 2.3864
102.15 23161 947.91 14693 0.29391 -0.068891 1.688 -0.20861 2.3864
103.49 23523 981.12 14501 0.27671 -0.065744 1.6881 -0.20842 2.3864
103.85 23621 990.4 14448 0.27202 -0.064774 1.6881 -0.20837 2.3864
104.74 23854 1012.9 14321 0.26087 -0.062285 1.6882 -0.20824 2.3863
106.31 24257 1053.6 14095 0.24134 -0.057124 1.6883 -0.20799 2.3863
107.64 24587 1088.8 13903 0.22521 -0.052101 1.6883 -0.20778 2.3863
108.01 24676 1098.6 13850 0.22085 -0.050696 1.6884 -0.20771 2.3863
108.89 24886 1122.5 13722 0.21058 -0.047299 1.6884 -0.20757 2.3863
110.46 25246 1165.8 13496 0.19299 -0.041573 1.6885 -0.20729 2.3862
111.79 25537 1203.5 13304 0.17876 -0.037353 1.6886 -0.20705 2.3862
112.16 25615 1214.1 13251 0.17494 -0.036311 1.6886 -0.20698 2.3862
113.04 25799 1239.7 13123 0.16598 -0.033932 1.6886 -0.20682 2.3862
114.61 26112 1286.3 12897 0.1506 -0.030573 1.6887 -0.20651 2.3861
115.95 26362 1326.8 12705 0.13805 -0.028673 1.6888 -0.20625 2.3861
116.32 26429 1338.1 12652 0.13465 -0.028232 1.6888 -0.20617 2.3861
117.2 26584 1365.6 12524 0.12663 -0.027305 1.6888 -0.20599 2.3861
118.77 26845 1415.3 12298 0.11281 -0.026076 1.6889 -0.20565 2.386
120.1 27049 1458.4 12106 0.10161 -0.025315 1.6889 -0.20535 2.386
120.47 27103 1470.4 12052 0.098625 -0.025088 1.6889 -0.20527 2.386
121.35 27228 1499.4 11925 0.09169 -0.024558 1.689 -0.20507 2.386
122.92 27433 1551.9 11699 0.08017 -0.023486 1.689 -0.2047 2.3859
124.26 27591 1597.3 11506 0.071016 -0.022448 1.6891 -0.20437 2.3859
124.62 27633 1610 11453 0.068521 -0.022156 1.6891 -0.20428 2.3859
