time (s) altitude (m) longitude (rad) latitude (rad) velocity (m/s) trajectory angle (rad) heading angle (rad) angle of attack (rad) bank angle (rad) fuel mass (kg) 
124.62 27633 2.3859 -0.20428 1610 0.068521 1.6891 -0.022156 0.21291 1562
128.26 27985 2.3858 -0.20337 1614.9 0.052643 1.6903 -0.0020109 0.20665 1556.3
134.73 28428 2.3856 -0.20175 1625.8 0.033029 1.6939 0.0045085 0.17549 1545.8
140.22 28652 2.3854 -0.20036 1636 0.016284 1.6964 0.0045702 0.14735 1537.1
141.73 28685 2.3853 -0.19998 1639 0.011941 1.6971 0.010479 0.14277 1534.6
145.36 28729 2.3852 -0.19905 1646.8 0.0026375 1.6987 0.0083025 0.12647 1528.6
151.83 28671 2.385 -0.19739 1662 -0.013044 1.701 0.012355 0.08454 1517.6
157.32 28504 2.3848 -0.19597 1676.9 -0.022496 1.7027 0.018366 0.067608 1507.3
158.84 28445 2.3847 -0.19558 1681.4 -0.024351 1.7031 0.018841 0.064965 1504.3
162.47 28283 2.3846 -0.19463 1692.7 -0.027911 1.7042 0.02156 0.056222 1496.7
168.94 27958 2.3844 -0.19293 1715 -0.030471 1.7058 0.023704 0.039814 1481.9
174.43 27668 2.3842 -0.19146 1736.2 -0.030799 1.707 0.020532 0.039271 1468
175.95 27586 2.3841 -0.19105 1742.4 -0.031063 1.7074 0.021441 0.038853 1463.9
179.58 27393 2.384 -0.19007 1758.1 -0.029482 1.7082 0.024233 0.035113 1453.5
186.05 27090 2.3837 -0.18829 1788.5 -0.022592 1.7096 0.025433 0.030878 1433.2
191.54 26910 2.3835 -0.18676 1815.7 -0.013489 1.7109 0.02749 0.034095 1414.5
193.05 26876 2.3835 -0.18633 1823.4 -0.010232 1.7113 0.032739 0.033936 1409.1
196.69 26854 2.3833 -0.1853 1842.8 0.004489 1.7124 0.046891 0.028836 1395.1
203.16 27118 2.383 -0.18344 1877.4 0.040343 1.7142 0.052777 0.021257 1368.6
208.65 27694 2.3828 -0.18184 1903.8 0.069559 1.7157 0.053644 0.030974 1346.7
210.16 27905 2.3827 -0.18139 1910.4 0.077114 1.7162 0.063313 0.035485 1340.9
213.79 28497 2.3826 -0.18032 1924.4 0.090496 1.7177 0.031653 0.052417 1328.1
220.26 29600 2.3823 -0.1784 1941.2 0.079204 1.7192 -0.02476 0.13154 1311.8
225.75 30263 2.382 -0.17675 1961.2 0.04105 1.7173 -0.072673 0.18618 1303.3
227.27 30364 2.382 -0.17629 1973.6 0.026761 1.7159 -0.08589 0.18664 1301.6
230.9 30430 2.3818 -0.17517 1999.6 -0.0072158 1.7128 -0.068094 0.16897 1297.5
237.37 30056 2.3815 -0.17315 2030.9 -0.044398 1.7114 -0.00518 0.091539 1286.4
242.86 29520 2.3813 -0.17142 2052.1 -0.046087 1.7131 0.038541 0.042979 1271.5
244.38 29384 2.3812 -0.17094 2060.3 -0.042455 1.7134 0.053337 0.040218 1266.6
248.01 29111 2.381 -0.16978 2077.4 -0.030636 1.7144 0.043716 0.029361 1254
254.48 28826 2.3807 -0.16768 2110.7 -0.011773 1.7155 0.038256 0.016803 1230.8
259.97 28779 2.3804 -0.16588 2138.6 0.0038912 1.7164 0.034922 0.027971 1210.3
261.48 28799 2.3804 -0.16538 2146.1 0.0078224 1.7167 0.034816 0.029873 1204.7
265.12 28906 2.3802 -0.16417 2163.5 0.018431 1.7177 0.0344 0.037683 1190.9
271.59 29215 2.3799 -0.16199 2189.9 0.022277 1.7193 -0.00044381 0.078112 1168.8
277.08 29426 2.3796 -0.16013 2208.7 0.010179 1.7205 -0.00053566 0.11136 1152.8
278.59 29450 2.3795 -0.15961 2214.2 0.0088276 1.721 -0.00076648 0.11461 1148.1
282.23 29487 2.3793 -0.15836 2226.6 0.001046 1.7219 -0.0046983 0.1198 1137.5
288.7 29471 2.379 -0.15613 2250.2 -0.00050725 1.7253 0.02934 0.14564 1116.4
294.18 29527 2.3786 -0.15421 2271 0.011801 1.7307 0.026106 0.1726 1096.1
295.7 29578 2.3786 -0.15368 2276.1 0.012698 1.732 0.0079922 0.17704 1090.9
299.33 29661 2.3783 -0.1524 2287.2 0.0075142 1.7337 -0.0023229 0.18508 1079.7
305.8 29731 2.378 -0.15011 2307.3 0.003819 1.7381 0.022973 0.20216 1058.7
311.29 29829 2.3776 -0.14816 2325.1 0.014357 1.7447 0.033001 0.20145 1038.6
312.81 29890 2.3775 -0.14761 2329.7 0.017034 1.7464 0.032478 0.19954 1033.1
316.44 30075 2.3773 -0.14631 2340.5 0.025356 1.7508 0.032259 0.18851 1019.8
322.91 30453 2.3769 -0.14398 2356 0.020173 1.7545 -0.020849 0.15278 999.95
328.4 30581 2.3765 -0.14198 2366.7 -0.0032281 1.754 -0.016644 0.12818 986.78
329.92 30553 2.3764 -0.14143 2370.2 -0.0064278 1.7544 -0.0025043 0.12324 982.59
333.55 30488 2.3761 -0.14011 2379.2 -0.0070946 1.7559 0.025547 0.10682 971.28
340.02 30455 2.3757 -0.13774 2396.1 0.0031829 1.7591 0.025924 0.0727 948.93
345.51 30508 2.3753 -0.13571 2408.4 0.0012225 1.7603 -0.0090294 0.065777 931.62
347.02 30503 2.3752 -0.13515 2411.4 -0.0033656 1.7604 -0.0064075 0.063254 927.53
350.66 30455 2.3749 -0.13381 2419.3 -0.006267 1.7611 0.01659 0.053448 916.26
357.13 30418 2.3744 -0.1314 2433.9 0.0037105 1.7625 0.034485 0.032555 893.37
362.62 30548 2.374 -0.12935 2445 0.014975 1.7635 0.027412 0.030503 873.46
364.13 30607 2.3739 -0.12878 2448 0.01675 1.7637 0.027649 0.030761 868.23
367.76 30786 2.3737 -0.12741 2454.7 0.022639 1.7644 0.027624 0.030677 855.57
374.23 31151 2.3732 -0.12497 2465.5 0.020522 1.7651 -0.0064601 0.043542 835.76
379.72 31345 2.3728 -0.1229 2473.9 0.0061519 1.7655 -0.0061394 0.059759 821.61
381.24 31357 2.3726 -0.12232 2476.4 0.0038742 1.7657 -0.0055766 0.06114 817.45
384.87 31355 2.3724 -0.12094 2482.5 -0.0040982 1.766 -0.0059741 0.060472 807.91
391.34 31216 2.3719 -0.11848 2494 -0.011236 1.7671 0.015962 0.066944 789.45
396.83 31079 2.3715 -0.11637 2504.6 -0.0068468 1.7689 0.026116 0.082894 771.59
398.35 31059 2.3713 -0.11579 2507.6 -0.0052299 1.7695 0.017079 0.086656 766.53
401.98 31017 2.3711 -0.1144 2514.3 -0.0040005 1.7708 0.017329 0.09394 754.77
408.45 30973 2.3705 -0.1119 2526.4 -0.0013276 1.7735 0.017491 0.12479 733.5
413.94 30972 2.3701 -0.10978 2536.5 0.0011018 1.7766 0.017167 0.14888 715.26
415.45 30977 2.37 -0.10919 2539.3 0.0017443 1.7775 0.016958 0.15147 710.21
419.09 31000 2.3697 -0.10778 2545.8 0.0032159 1.7796 0.016692 0.15228 698.12
425.56 31074 2.3691 -0.10525 2557.2 0.005715 1.7834 0.01652 0.14671 676.63
431.05 31169 2.3687 -0.10311 2566.5 0.0077409 1.7864 0.016515 0.13624 658.51
432.56 31200 2.3685 -0.10251 2569 0.0082788 1.7872 0.016394 0.13419 653.54
436.19 31281 2.3682 -0.10109 2574.8 0.0093478 1.789 0.016527 0.12289 641.72
442.66 31463 2.3676 -0.098545 2584.9 0.012 1.7917 0.01634 0.095234 620.82
448.15 31617 2.3672 -0.09638 2593 0.0081601 1.793 -0.0093291 0.085699 604.43
449.67 31644 2.367 -0.095781 2595.2 0.0037437 1.7931 -0.0098517 0.083604 600.53
453.3 31643 2.3667 -0.094343 2600.8 -0.0031778 1.7935 -0.0010077 0.073356 590.54
459.77 31549 2.3661 -0.091775 2611.3 -0.006279 1.7947 0.01714 0.049793 570.97
465.26 31479 2.3656 -0.089589 2620.1 -0.0028996 1.7957 0.017343 0.045005 553.05
466.78 31470 2.3655 -0.088984 2622.6 -0.0024991 1.7959 0.017392 0.044519 548.16
470.41 31455 2.3651 -0.087532 2628.3 -0.00070167 1.7965 0.017066 0.039868 536.25
476.88 31467 2.3645 -0.084939 2638.3 0.001932 1.7974 0.014855 0.035265 515.05
482.37 31504 2.364 -0.082732 2646.6 0.0028615 1.7982 0.012125 0.040953 497.27
483.88 31515 2.3639 -0.082121 2648.9 0.0028537 1.7984 0.011713 0.041433 492.41
487.52 31542 2.3635 -0.080655 2654.3 0.0027869 1.7989 0.011487 0.038479 480.78
493.99 31589 2.3629 -0.078038 2663.8 0.0026714 1.7997 0.011591 0.036496 460.09
499.48 31628 2.3624 -0.075811 2671.7 0.0026207 1.8004 0.011394 0.04181 442.55
500.99 31638 2.3623 -0.075195 2673.9 0.0025729 1.8006 0.011379 0.042324 437.72
504.62 31663 2.3619 -0.073717 2679.1 0.0024987 1.8011 0.011412 0.038928 426.13
511.09 31706 2.3613 -0.071077 2688.2 0.0025165 1.8019 0.011654 0.035635 405.5
516.58 31744 2.3608 -0.06883 2695.7 0.002564 1.8026 0.011281 0.040263 388.01
518.1 31754 2.3606 -0.068209 2697.8 0.0025204 1.8028 0.010738 0.040687 383.19
521.73 31778 2.3603 -0.066718 2702.8 0.0022537 1.8032 0.010831 0.036972 371.68
528.2 31818 2.3596 -0.064056 2711.5 0.0024589 1.804 0.012309 0.03336 351.09
533.69 31857 2.3591 -0.061792 2718.7 0.002672 1.8046 0.010055 0.03852 333.64
535.21 31868 2.3589 -0.061166 2720.7 0.0023616 1.8048 0.0096971 0.039042 328.89
538.84 31889 2.3586 -0.059663 2725.5 0.0019891 1.8052 0.010711 0.035591 317.45
545.31 31925 2.3579 -0.056981 2733.8 0.0022024 1.8059 0.01192 0.032423 296.94
550.8 31960 2.3574 -0.054699 2740.8 0.0023319 1.8065 0.010068 0.037469 279.56
552.31 31969 2.3572 -0.054068 2742.7 0.0020937 1.8067 0.010308 0.037987 274.81
555.95 31989 2.3569 -0.052554 2747.2 0.0019703 1.8071 0.010955 0.034605 263.37
562.42 32025 2.3562 -0.049851 2755.2 0.0020767 1.8078 0.01107 0.032102 242.94
567.91 32056 2.3557 -0.047553 2761.8 0.0020074 1.8084 0.010319 0.037833 225.67
569.42 32065 2.3555 -0.046917 2763.7 0.0019054 1.8086 0.0099306 0.038403 220.92
573.05 32082 2.3551 -0.045392 2768 0.001685 1.809 0.01065 0.035191 209.53
579.52 32117 2.3545 -0.042671 2775.6 0.0022171 1.8097 0.01201 0.033763 189.11
585.01 32151 2.3539 -0.040356 2782 0.0021451 1.8103 0.0077928 0.040342 171.91
586.53 32160 2.3538 -0.039717 2783.7 0.001517 1.8105 0.0065123 0.04081 167.27
590.16 32171 2.3534 -0.038182 2787.9 0.0010254 1.8109 0.011818 0.0379 155.98
596.63 32209 2.3527 -0.035442 2795.1 0.0033079 1.8118 0.014108 0.03916 135.34
602.12 32259 2.3521 -0.033113 2801.1 0.0022753 1.8125 0.00012045 0.045217 118.39
603.64 32266 2.352 -0.032469 2802.9 0.00013459 1.8126 0.0030384 0.043684 114.04
607.27 32255 2.3516 -0.030924 2807 -0.0014758 1.813 0.01062 0.03463 103
613.74 32284 2.3509 -0.028168 2813.5 0.0070787 1.8136 0.038143 0.014963 81.32
619.23 32528 2.3503 -0.025826 2816.5 0.026403 1.8141 0.053957 0.011175 61.145
620.74 32656 2.3502 -0.025179 2816.7 0.032445 1.8142 0.059585 0.010876 55.607
624.38 33075 2.3498 -0.02363 2815.5 0.049301 1.8144 0.067673 0.0051876 42.359
630.85 34231 2.3491 -0.020878 2810.4 0.077864 1.8147 0.078474 0.0068271 20.898
636.34 35628 2.3485 -0.018555 2797.9 0.10472 1.8151 0.13293 0.0068638 4.74
637.85 36089 2.3484 -0.017917 2791.1 0.11506 1.8153 0.14269 0 0.28749
637.85 36089 2.3484 -0.017917 2791.1 0.11506 1.8153 0.14269 0 0.28749
640.54 37070 2.3481 -0.016798 2750.2 0.14733 1.8184 0.13648 0.15975 0.28676
645.34 39240 2.3476 -0.014856 2694.8 0.18249 1.8353 0.1231 0.51708 0.28654
649.41 41288 2.3471 -0.013249 2661.8 0.19319 1.8535 0.11255 0.74052 0.28598
650.53 41862 2.347 -0.012811 2654.3 0.19428 1.8578 0.10967 0.7819 0.28584
653.22 43239 2.3467 -0.011767 2638.4 0.19435 1.8674 0.10445 0.85484 0.28512
658.02 45642 2.3461 -0.0099279 2616.2 0.18855 1.8805 0.090713 0.98405 0.2849
662.09 47589 2.3456 -0.0083817 2601.5 0.18002 1.8883 0.08148 0.98987 0.28434
663.21 48108 2.3455 -0.0079565 2598 0.17746 1.89 0.079337 0.99191 0.28421
665.9 49319 2.3451 -0.0069399 2590 0.17081 1.8936 0.075334 0.99924 0.28358
670.7 51347 2.3445 -0.0051363 2577.9 0.15787 1.8985 0.063979 0.99435 0.28332
674.77 52932 2.344 -0.0036116 2569.2 0.1461 1.9014 0.057651 0.96969 0.2828
675.89 53348 2.3439 -0.0031914 2567 0.14277 1.9021 0.056615 0.96802 0.28266
679.93 54758 2.3433 -0.0016827 2559.6 0.13054 1.9042 0.052357 0.98088 0.28232
687.12 56945 2.3424 0.00099762 2548.8 0.10789 1.9069 0.04138 0.97185 0.28192
693.23 58465 2.3416 0.0032667 2541.4 0.088126 1.9085 0.036693 0.92286 0.28151
694.91 58830 2.3414 0.0038925 2539.7 0.082627 1.9089 0.036082 0.91671 0.28136
698.95 59608 2.3409 0.0053915 2536 0.069346 1.9097 0.03543 0.9219 0.25821
706.14 60654 2.3399 0.0080585 2530.7 0.045507 1.9109 0.03479 0.90445 0.26845
712.24 61200 2.3391 0.010319 2527.7 0.025172 1.9118 0.035946 0.85818 0.26122
713.93 61295 2.3389 0.010943 2527.1 0.019557 1.912 0.036344 0.84971 0.2637
716.62 61397 2.3385 0.011939 2526.4 0.01057 1.9124 0.037019 0.84718 0.24643
721.42 61429 2.3379 0.013713 2525.5 -0.0054148 1.9131 0.039548 0.83288 0.25415
725.49 61303 2.3374 0.015217 2525.4 -0.018952 1.9136 0.041625 0.81743 0.24752
726.61 61244 2.3372 0.015633 2525.5 -0.022681 1.9138 0.042052 0.81516 0.24819
729.3 61060 2.3369 0.016628 2525.8 -0.031617 1.9142 0.043294 0.81532 0.23227
734.1 60581 2.3362 0.0184 2526.8 -0.047443 1.9149 0.047434 0.80935 0.23921
738.17 60025 2.3357 0.019902 2528.1 -0.060773 1.9156 0.05037 0.79945 0.23418
739.29 59847 2.3355 0.020317 2528.6 -0.064432 1.9158 0.05093 0.79816 0.23586
741.98 59379 2.3352 0.021311 2529.8 -0.073179 1.9163 0.052493 0.79993 0.21866
746.78 58398 2.3346 0.023081 2532.3 -0.088572 1.9174 0.057424 0.80098 0.22616
750.85 57420 2.334 0.024582 2534.8 -0.10142 1.9185 0.060584 0.79769 0.2207
751.97 57127 2.3339 0.024996 2535.5 -0.10493 1.9189 0.061142 0.7977 0.22249
754.66 56383 2.3335 0.025989 2537.4 -0.11327 1.9197 0.062709 0.80354 0.20443
759.46 54919 2.3329 0.027755 2540.8 -0.12779 1.9217 0.067334 0.81949 0.21229
763.52 53539 2.3323 0.029253 2543.8 -0.13971 1.9237 0.06995 0.82778 0.20653
764.65 53136 2.3322 0.029666 2544.6 -0.14292 1.9243 0.070394 0.82997 0.2084
767.34 52134 2.3318 0.030656 2546.6 -0.1505 1.9261 0.071677 0.84361 0.19778
772.14 50224 2.3311 0.032417 2549.7 -0.16341 1.9299 0.075336 0.88106 0.20214
776.2 48482 2.3306 0.033907 2551.7 -0.17361 1.9343 0.077303 0.89936 0.19859
777.33 47983 2.3304 0.034318 2552.2 -0.17628 1.9357 0.077653 0.90312 0.19958
780.02 46757 2.33 0.035302 2552.9 -0.18237 1.9396 0.078792 0.92351 0.19893
784.82 44478 2.3293 0.037047 2552.3 -0.19195 1.9489 0.082333 0.97035 0.19864
788.88 42464 2.3288 0.038519 2549.1 -0.19825 1.9601 0.08453 0.9826 0.19807
790.01 41898 2.3286 0.038924 2547.7 -0.19957 1.9638 0.084932 0.985 0.19791
792.7 40531 2.3282 0.039889 2542.8 -0.20196 1.9743 0.086354 1.0037 0.19716
797.49 38082 2.3274 0.041589 2527.9 -0.20267 2.0003 0.090944 1.0336 0.19691
801.56 36039 2.3268 0.043003 2506.3 -0.19791 2.0322 0.093904 1.0244 0.1963
802.69 35489 2.3266 0.043388 2498.6 -0.19535 2.0429 0.094424 1.0233 0.19615
805.38 34214 2.3261 0.044295 2476.2 -0.18711 2.0727 0.096175 1.0333 0.19535
810.17 32156 2.3252 0.045848 2420.5 -0.16262 2.144 0.1013 1.0307 0.19512
814.24 30732 2.3243 0.047078 2355.9 -0.12892 2.2233 0.10406 0.99273 0.19449
815.37 30409 2.324 0.047399 2335.6 -0.11716 2.2476 0.10452 0.98458 0.19434
818.06 29774 2.3234 0.048134 2283.5 -0.086006 2.31 0.10601 0.96765 0.19353
822.85 29206 2.3222 0.0493 2182.3 -0.016985 2.4271 0.10993 0.86967 0.1933
826.92 29352 2.3211 0.050141 2095.8 0.052071 2.5201 0.11153 0.77114 0.19266
828.05 29497 2.3208 0.05035 2073.3 0.071237 2.543 0.11176 0.75624 0.19251
830.74 30010 2.3201 0.050814 2022.4 0.11471 2.594 0.11249 0.71845 0.1917
835.53 31421 2.3188 0.051531 1944.8 0.18112 2.6657 0.11315 0.62293 0.19146
839.6 32995 2.3178 0.052054 1892.6 0.22271 2.7081 0.11193 0.58672 0.19083
840.73 33472 2.3175 0.052188 1880.3 0.23119 2.7178 0.1117 0.58157 0.19067
843.42 34666 2.3168 0.052494 1853.7 0.2475 2.7375 0.11116 0.5689 0.18986
848.21 36899 2.3155 0.052999 1815.3 0.26355 2.7634 0.10811 0.55219 0.18962
852.28 38825 2.3145 0.053399 1789.4 0.26687 2.7788 0.10497 0.56162 0.18899
853.4 39354 2.3142 0.053505 1783.1 0.26648 2.7823 0.10447 0.56256 0.18884
856.1 40608 2.3136 0.053756 1769.1 0.26386 2.7896 0.10333 0.5617 0.1881
860.89 42771 2.3124 0.054187 1747.6 0.25419 2.7997 0.09895 0.57043 0.18783
864.96 44511 2.3114 0.054543 1732 0.24214 2.806 0.095452 0.58607 0.18725
866.08 44973 2.3111 0.054639 1728.1 0.23835 2.8075 0.094883 0.58821 0.18711
868.78 46047 2.3104 0.054869 1719.2 0.22863 2.8107 0.093595 0.58951 0.17553
873.57 47833 2.3092 0.055272 1705.1 0.20946 2.8154 0.089044 0.60066 0.18032
877.64 49211 2.3082 0.055608 1694.6 0.1917 2.8185 0.085694 0.61425 0.17653
878.76 49569 2.3079 0.0557 1692 0.18661 2.8193 0.085142 0.61627 0.17768
881.46 50385 2.3073 0.055921 1685.9 0.17412 2.821 0.083876 0.61821 0.1568
886.25 51691 2.3061 0.056309 1676.3 0.1511 2.8236 0.079529 0.6297 0.16607
890.32 52647 2.3051 0.056636 1669.4 0.13086 2.8255 0.076433 0.64204 0.15897
891.44 52887 2.3048 0.056726 1667.6 0.12519 2.826 0.075921 0.64399 0.16066
894.14 53416 2.3042 0.056941 1663.8 0.11144 2.8271 0.074738 0.64714 0.14305
898.93 54204 2.303 0.057321 1657.9 0.086591 2.8289 0.070773 0.66077 0.15152
903 54714 2.302 0.057642 1654 0.065141 2.8302 0.068047 0.67286 0.14033
904.12 54830 2.3017 0.057731 1653 0.059178 2.8305 0.067602 0.67485 0.13686
906.82 55061 2.3011 0.057942 1651.1 0.044821 2.8314 0.066583 0.67959 0.12123
911.61 55314 2.2999 0.058317 1648.7 0.019123 2.8328 0.06331 0.69576 0.12907
915.68 55369 2.2989 0.058633 1647.6 -0.0028291 2.8339 0.061209 0.70706 0.1165
916.8 55358 2.2986 0.05872 1647.4 -0.0089006 2.8342 0.060881 0.70897 0.11092
919.5 55286 2.298 0.058929 1647.4 -0.02346 2.835 0.060186 0.71486 0.095163
924.29 54998 2.2968 0.059299 1648.1 -0.049344 2.8363 0.058161 0.73116 0.10173
928.36 54594 2.2958 0.059612 1649.6 -0.071268 2.8375 0.057086 0.73899 0.089494
929.48 54457 2.2955 0.059698 1650.2 -0.077303 2.8379 0.05695 0.74028 0.083596
932.17 54081 2.2949 0.059904 1651.9 -0.091726 2.8387 0.056806 0.7454 0.06738
936.97 53254 2.2937 0.060269 1655.5 -0.11718 2.8403 0.056801 0.75523 0.075012
941.04 52394 2.2927 0.060577 1659.4 -0.13852 2.8419 0.057286 0.7548 0.064823
942.16 52132 2.2924 0.060662 1660.7 -0.14435 2.8423 0.057431 0.75451 0.061683
944.85 51457 2.2918 0.060864 1663.8 -0.15824 2.8435 0.0581 0.75516 0.042541
949.65 50102 2.2906 0.061223 1669.8 -0.18242 2.8459 0.060892 0.74737 0.050942
953.72 48800 2.2896 0.061525 1675.5 -0.20228 2.8484 0.063372 0.73227 0.044895
954.84 48417 2.2893 0.061608 1677.2 -0.20763 2.8492 0.063865 0.72923 0.046925
957.53 47457 2.2886 0.061806 1681.2 -0.22022 2.8512 0.065506 0.72039 0.021482
962.33 45608 2.2875 0.062154 1688.4 -0.24129 2.8556 0.07132 0.68332 0.03269
966.4 43909 2.2865 0.062445 1694.3 -0.25737 2.8604 0.075645 0.65057 0.024629
967.52 43420 2.2862 0.062525 1695.8 -0.26144 2.8619 0.076446 0.64433 0.027314
970.21 42219 2.2855 0.062713 1699.2 -0.27046 2.8661 0.078872 0.62281 0.0074575
975.01 39987 2.2843 0.063041 1703.5 -0.28251 2.8755 0.086606 0.55619 0.015875
979.08 38036 2.2833 0.063309 1704.2 -0.28706 2.886 0.091477 0.51693 0.0093449
980.2 37494 2.2831 0.063381 1703.8 -0.28718 2.8894 0.092298 0.51041 0.011265
982.89 36198 2.2824 0.063549 1701.5 -0.28512 2.8988 0.09456 0.48555 0.010192
987.69 33958 2.2812 0.063831 1690.6 -0.27007 2.9197 0.10044 0.4407 0.0095994
991.76 32212 2.2802 0.064047 1672.8 -0.24353 2.9435 0.10196 0.44939 0.008461
992.88 31768 2.2799 0.064101 1666.4 -0.23396 2.9514 0.10159 0.45286 0.0080732
995.57 30790 2.2792 0.064223 1648.4 -0.20712 2.9724 0.10037 0.45815 0.0062365
1000.4 29399 2.2781 0.0644 1608.4 -0.14902 3.0177 0.094903 0.50474 0.0053415
1004.4 28612 2.2771 0.064501 1568.6 -0.09435 3.0644 0.090113 0.55811 0.0020407
1005.6 28460 2.2768 0.06452 1556.9 -0.079049 3.0785 0.089354 0.56551 0.00019821
1008.3 28210 2.2761 0.06455 1528.1 -0.041598 3.1134 0.087735 0.57988 3.4842e-05
1013 28142 2.275 0.064546 1475.9 0.022114 3.1779 0.083217 0.61989 0
1017.1 28416 2.2741 0.064487 1432.9 0.069646 3.2323 0.081211 0.63842 0
1018.2 28537 2.2738 0.064463 1421.2 0.081789 3.247 0.08108 0.64036 0
