time (s) altitude (m) velocity (m/s) mass (kg)trajectory angle (rad) angle of attack (rad) heading angle (rad) latitude (rad)
0 90 30 29388 1.5691 0 -0.19625 -0.2123 2.3868
0.29405 98.968 30.996 29346 1.5689 -0.00093725 -0.16335 -0.2123 2.3868
0.81778 115.67 32.782 29270 1.5684 -0.0025752 -0.11323 -0.2123 2.3868
1.2621 130.57 34.31 29206 1.5676 -0.0039131 -0.081984 -0.2123 2.3868
1.3848 134.81 34.734 29189 1.5673 -0.0042738 -0.074961 -0.2123 2.3868
1.6789 145.17 35.754 29146 1.5665 -0.0051289 -0.060668 -0.2123 2.3868
2.2026 164.38 37.583 29071 1.5647 -0.0065811 -0.041902 -0.2123 2.3868
2.647 181.42 39.148 29007 1.5627 -0.0077284 -0.030698 -0.2123 2.3868
2.7696 186.25 39.582 28989 1.5621 -0.0080353 -0.028158 -0.2123 2.3868
3.0637 198.04 40.626 28947 1.5606 -0.0087561 -0.022831 -0.2123 2.3868
3.5874 219.81 42.498 28871 1.5574 -0.0099567 -0.015431 -0.2123 2.3868
4.0318 239.05 44.1 28807 1.5542 -0.010879 -0.010669 -0.2123 2.3868
4.1545 244.48 44.544 28790 1.5533 -0.011123 -0.0095436 -0.2123 2.3868
4.7351 270.96 46.659 28706 1.5485 -0.012212 -0.0050561 -0.2123 2.3868
5.8844 326.99 50.907 28541 1.5369 -0.013896 0.00096485 -0.2123 2.3868
7.1588 394.86 55.714 28357 1.5212 -0.01498 0.0051091 -0.2123 2.3868
8.0717 447.24 59.223 28226 1.508 -0.015291 0.0071349 -0.2123 2.3868
8.3089 461.37 60.143 28192 1.5044 -0.015296 0.0075783 -0.2123 2.3868
9.1911 515.79 63.601 28065 1.4899 -0.015147 0.00898 -0.2123 2.3868
10.762 620.17 69.901 27838 1.4611 -0.013969 0.0108 -0.2123 2.3868
12.095 716.27 75.401 27646 1.434 -0.011972 0.011911 -0.2123 2.3868
12.463 744.02 76.946 27593 1.4262 -0.011289 0.012166 -0.2123 2.3868
13.125 795.26 79.753 27498 1.4118 -0.0099112 0.012584 -0.2123 2.3868
14.303 890.79 84.848 27329 1.3852 -0.0069474 0.013218 -0.2123 2.3868
15.303 976.14 89.267 27185 1.3621 -0.0038838 0.013669 -0.2123 2.3868
15.579 1000.4 90.502 27145 1.3557 -0.0029826 0.013782 -0.2123 2.3868
16.241 1059.7 93.485 27050 1.3402 -0.00072217 0.014036 -0.2123 2.3868
17.419 1169.7 98.907 26880 1.3129 0.0036935 0.014436 -0.2123 2.3868
18.419 1267.3 103.63 26736 1.2905 0.0077711 0.014735 -0.2123 2.3868
18.695 1294.9 104.95 26696 1.2845 0.0089037 0.014812 -0.2123 2.3869
19.357 1362.4 108.14 26601 1.2702 0.01164 0.014987 -0.2123 2.3869
20.535 1486.9 113.95 26432 1.246 0.01637 0.015273 -0.2123 2.3869
21.535 1596.9 118.98 26288 1.2268 0.020083 0.015494 -0.2123 2.3869
21.811 1628 120.38 26248 1.2217 0.021048 0.015552 -0.2123 2.3869
22.473 1703.7 123.79 26153 1.21 0.023291 0.015686 -0.2123 2.3869
23.651 1843 129.95 25983 1.1906 0.026788 0.01591 -0.2123 2.3869
24.651 1965.7 135.27 25839 1.1756 0.029189 0.016087 -0.2123 2.3869
24.927 2000.4 136.76 25800 1.1717 0.029788 0.016134 -0.2123 2.3869
25.588 2084.7 140.35 25705 1.1628 0.031095 0.016244 -0.2123 2.3869
26.767 2239.5 146.84 25535 1.1483 0.032923 0.016431 -0.2123 2.3869
27.767 2375.6 152.43 25391 1.1373 0.033934 0.016581 -0.2123 2.3869
28.043 2413.9 153.99 25351 1.1345 0.034157 0.016622 -0.2123 2.3869
28.704 2507.2 157.76 25256 1.1281 0.034575 0.016716 -0.2123 2.3869
29.883 2678.4 164.54 25087 1.1176 0.034897 0.016879 -0.2123 2.3869
30.882 2828.6 170.39 24943 1.1098 0.034805 0.017012 -0.2123 2.387
31.158 2870.9 172.02 24903 1.1078 0.034768 0.017047 -0.2123 2.387
32.482 3078.8 179.93 24713 1.099 0.034579 0.017214 -0.2123 2.387
34.838 3470.4 194.41 24374 1.0877 0.034644 0.017496 -0.2123 2.387
36.838 3825.2 207.08 24086 1.0828 0.034879 0.017722 -0.2123 2.387
37.39 3927.1 210.64 24007 1.0823 0.034867 0.017783 -0.2123 2.387
38.272 4093.4 216.39 23880 1.0822 0.034888 0.017879 -0.2123 2.3871
39.843 4400.9 226.8 23654 1.084 0.034887 0.018046 -0.2123 2.3871
41.177 4673.7 235.8 23463 1.0878 0.034837 0.018185 -0.2123 2.3871
41.545 4751 238.32 23410 1.0892 0.034818 0.018222 -0.2123 2.3871
42.427 4939.8 244.4 23283 1.0931 0.034787 0.018313 -0.2123 2.3871
43.998 5289.3 255.41 23057 1.1023 0.034892 0.018471 -0.2123 2.3872
45.331 5599.5 264.95 22866 1.1124 0.034902 0.018604 -0.2123 2.3872
45.699 5687.4 267.62 22813 1.1155 0.034794 0.018641 -0.2123 2.3872
46.108 5786.5 270.6 22754 1.1191 0.034606 0.018682 -0.2123 2.3872
46.964 5997.6 276.87 22631 1.127 0.033959 0.018767 -0.2123 2.3872
48.034 6269.6 284.79 22477 1.1373 0.032631 0.018873 -0.21229 2.3872
49.031 6531.1 291.96 22334 1.1462 0.030897 0.018971 -0.21229 2.3873
49.688 6707.5 296.4 22239 1.1511 0.029472 0.019036 -0.21229 2.3873
49.853 6752.3 297.49 22216 1.1523 0.029085 0.019052 -0.21229 2.3873
51.177 7117.8 305.84 22025 1.1593 0.025481 0.019183 -0.21229 2.3873
53.534 7793.8 319.25 21687 1.1615 0.016883 0.019412 -0.21229 2.3873
55.533 8388 329.72 21399 1.1509 0.0074675 0.019602 -0.21229 2.3874
56.085 8554.8 332.56 21320 1.1459 0.0045583 0.019654 -0.21229 2.3874
56.699 8741.4 335.71 21232 1.1391 0.0012997 0.01971 -0.21229 2.3874
57.983 9135.2 342.44 21047 1.1213 -0.0050172 0.019826 -0.21229 2.3874
59.588 9633.1 351.31 20817 1.0935 -0.011761 0.019965 -0.21229 2.3875
61.083 10102 360.18 20602 1.0634 -0.016921 0.020089 -0.21229 2.3875
62.069 10413 366.34 20460 1.0418 -0.019695 0.020169 -0.21229 2.3876
62.317 10491 367.93 20424 1.0362 -0.020327 0.020189 -0.21229 2.3876
63.199 10771 373.71 20298 1.0158 -0.022318 0.020258 -0.21229 2.3876
64.77 11271 384.53 20072 0.97791 -0.024919 0.020377 -0.21229 2.3876
66.103 11697 394.31 19880 0.94499 -0.026163 0.020476 -0.21229 2.3877
66.471 11815 397.11 19827 0.93586 -0.026357 0.020502 -0.21229 2.3877
66.912 11956 400.53 19764 0.92494 -0.026521 0.020534 -0.21229 2.3877
67.698 12207 406.79 19651 0.90558 -0.026591 0.02059 -0.21229 2.3877
68.365 12420 412.26 19555 0.88932 -0.026428 0.020637 -0.21228 2.3878
68.549 12479 413.8 19529 0.88487 -0.026367 0.02065 -0.21228 2.3878
68.99 12621 417.54 19465 0.87427 -0.026193 0.020681 -0.21228 2.3878
69.775 12872 424.38 19353 0.85566 -0.025788 0.020735 -0.21228 2.3878
70.442 13086 430.35 19257 0.84018 -0.025367 0.02078 -0.21228 2.3879
70.626 13145 432.03 19230 0.83595 -0.025249 0.020793 -0.21228 2.3879
71.508 13428 440.26 19103 0.81605 -0.024689 0.020853 -0.21228 2.3879
73.079 13932 455.63 18878 0.78189 -0.024118 0.020957 -0.21228 2.388
74.412 14360 469.4 18686 0.75399 -0.024452 0.021045 -0.21228 2.3881
74.78 14478 473.32 18633 0.74642 -0.024704 0.021069 -0.21228 2.3881
75.361 14665 479.61 18549 0.73457 -0.025176 0.021107 -0.21228 2.3881
76.51 15034 492.46 18384 0.71138 -0.026572 0.021182 -0.21228 2.3882
77.785 15444 507.31 18201 0.68589 -0.028903 0.021264 -0.21227 2.3883
78.697 15737 518.35 18070 0.66765 -0.031022 0.021322 -0.21227 2.3883
78.935 15813 521.27 18036 0.66291 -0.031647 0.021338 -0.21227 2.3883
79.817 16096 532.34 17909 0.64519 -0.034105 0.021394 -0.21227 2.3884
81.388 16598 552.88 17683 0.61329 -0.039412 0.021494 -0.21227 2.3885
82.721 17020 571.19 17491 0.58572 -0.044844 0.021579 -0.21227 2.3886
83.089 17136 576.4 17438 0.57802 -0.046419 0.021602 -0.21227 2.3886
83.971 17413 589.18 17311 0.55947 -0.050237 0.021658 -0.21227 2.3887
85.543 17901 613.05 17085 0.52637 -0.056712 0.021758 -0.21226 2.3888
86.876 18309 634.49 16893 0.49873 -0.061399 0.021843 -0.21226 2.3889
87.244 18420 640.61 16840 0.49125 -0.062513 0.021866 -0.21226 2.389
87.824 18595 650.44 16757 0.47959 -0.064198 0.021904 -0.21226 2.389
88.974 18937 670.54 16591 0.45713 -0.067076 0.021977 -0.21226 2.3891
90.248 19312 693.81 16408 0.43329 -0.06948 0.022059 -0.21225 2.3893
91.161 19576 711.1 16276 0.41693 -0.070764 0.022118 -0.21225 2.3894
91.398 19644 715.68 16242 0.41277 -0.071032 0.022134 -0.21225 2.3894
91.979 19810 727.03 16159 0.40276 -0.071655 0.022171 -0.21225 2.3894
93.128 20135 750.07 15993 0.38362 -0.072556 0.022246 -0.21225 2.3896
94.402 20490 776.51 15810 0.36336 -0.073093 0.02233 -0.21224 2.3897
95.315 20740 796 15678 0.3494 -0.073298 0.022391 -0.21224 2.3898
95.553 20805 801.14 15644 0.34584 -0.073322 0.022406 -0.21224 2.3899
96.435 21043 820.51 15517 0.33284 -0.073382 0.022465 -0.21224 2.39
98.006 21459 856 15291 0.31041 -0.073193 0.022571 -0.21223 2.3902
99.339 21804 887.07 15099 0.29197 -0.07257 0.022662 -0.21223 2.3903
99.707 21897 895.79 15046 0.28696 -0.072303 0.022687 -0.21223 2.3904
100.59 22119 916.95 14919 0.27505 -0.071483 0.022748 -0.21223 2.3905
102.16 22504 955.46 14692 0.25416 -0.069127 0.022858 -0.21222 2.3907
103.49 22818 988.9 14500 0.23673 -0.066113 0.022952 -0.21222 2.3909
103.86 22903 998.24 14447 0.23195 -0.065156 0.022979 -0.21221 2.391
104.3 23004 1009.5 14384 0.22626 -0.06392 0.02301 -0.21221 2.3911
105.09 23180 1029.7 14271 0.21617 -0.06149 0.023067 -0.21221 2.3912
105.75 23325 1047.1 14175 0.20769 -0.059185 0.023115 -0.21221 2.3913
105.94 23365 1051.9 14148 0.20537 -0.058528 0.023128 -0.21221 2.3913
106.38 23459 1063.4 14085 0.19982 -0.056916 0.023161 -0.21221 2.3914
107.17 23622 1084.2 13971 0.19005 -0.053906 0.023218 -0.2122 2.3915
107.83 23757 1102 13875 0.1819 -0.051229 0.023268 -0.2122 2.3917
108.02 23793 1106.9 13849 0.17968 -0.050487 0.023282 -0.2122 2.3917
108.9 23964 1130.8 13722 0.16919 -0.046946 0.023348 -0.2122 2.3918
110.47 24253 1174.3 13495 0.15123 -0.041182 0.023467 -0.21219 2.3921
111.8 24481 1212.1 13303 0.13671 -0.037181 0.023569 -0.21218 2.3924
112.17 24541 1222.7 13250 0.1328 -0.036228 0.023598 -0.21218 2.3924
112.61 24612 1235.5 13186 0.12817 -0.03515 0.023632 -0.21218 2.3925
113.4 24733 1258.5 13073 0.12006 -0.033438 0.023694 -0.21218 2.3927
114.06 24831 1278.3 12977 0.1133 -0.032209 0.023746 -0.21217 2.3928
114.25 24858 1283.8 12951 0.11146 -0.031887 0.023761 -0.21217 2.3929
114.69 24920 1297 12887 0.10706 -0.031144 0.023796 -0.21217 2.393
115.47 25026 1320.9 12774 0.099359 -0.029901 0.023859 -0.21217 2.3931
116.14 25111 1341.3 12678 0.092948 -0.028887 0.023913 -0.21216 2.3933
116.32 25134 1347 12651 0.0912 -0.028598 0.023928 -0.21216 2.3933
117.21 25238 1374.4 12524 0.082977 -0.027112 0.024 -0.21216 2.3935
118.78 25405 1424.2 12297 0.069206 -0.023571 0.024131 -0.21215 2.3938
120.11 25528 1467.1 12105 0.05881 -0.019533 0.024243 -0.21214 2.3941
120.48 25559 1479 12052 0.056215 -0.018299 0.024275 -0.21214 2.3942
120.92 25595 1493.4 11989 0.053279 -0.016719 0.024312 -0.21214 2.3943
121.71 25655 1519.1 11875 0.048605 -0.01368 0.02438 -0.21213 2.3945
122.37 25703 1541.1 11779 0.045197 -0.01085 0.024438 -0.21213 2.3947
122.56 25716 1547.1 11753 0.044332 -0.010037 0.024454 -0.21213 2.3947
123 25745 1561.8 11689 0.042388 -0.0080293 0.024493 -0.21213 2.3948
123.78 25796 1588.2 11576 0.039386 -0.0042359 0.024562 -0.21212 2.395
124.45 25837 1610.9 11480 0.037321 -0.00083119 0.024622 -0.21212 2.3952
124.63 25848 1617.2 11453 0.036831 0.00011301 0.024638 -0.21212 2.3953
