time (s) altitude (m) longitude (rad) latitude (rad) velocity (m/s) trajectory angle (rad) heading angle (rad) angle of attack (rad) bank angle (rad) fuel mass (kg) 
124.63 25848 2.3953 -0.21212 1617.2 0.036831 0.024638 0.00011301 0.91664 1562
126.64 25956 2.3958 -0.2121 1622.8 0.030228 0.03083 0.0035746 0.91342 1557.3
130.21 26102 2.3967 -0.21207 1633.5 0.020083 0.043452 0.0097572 0.88805 1548.8
133.24 26184 2.3975 -0.21203 1643.3 0.013316 0.055637 0.014917 0.85923 1541.2
134.08 26201 2.3977 -0.21202 1646.1 0.011768 0.059226 0.01632 0.85452 1539.1
136.08 26234 2.3982 -0.21198 1653.1 0.0084518 0.068126 0.018414 0.8403 1533.8
139.65 26271 2.3992 -0.21191 1666.1 0.0042475 0.084747 0.022613 0.79717 1524.2
142.68 26287 2.4 -0.21184 1677.7 0.0023339 0.099414 0.024601 0.77331 1515.6
143.52 26290 2.4002 -0.21182 1681.1 0.0019517 0.1035 0.02522 0.77009 1513.2
145.52 26295 2.4008 -0.21176 1689.2 0.0013546 0.11346 0.026106 0.76424 1507.2
149.1 26303 2.4017 -0.21165 1704.2 0.0013017 0.13179 0.028689 0.75874 1496.3
152.13 26312 2.4025 -0.21153 1717.7 0.0022757 0.14823 0.030836 0.76865 1486.6
152.96 26315 2.4028 -0.2115 1721.5 0.0026546 0.15293 0.031408 0.77127 1483.8
154.97 26326 2.4033 -0.21141 1730.7 0.0037881 0.16447 0.032837 0.78241 1477
158.54 26358 2.4043 -0.21124 1747.9 0.006596 0.18694 0.037926 0.83091 1464.4
161.57 26401 2.4051 -0.21108 1763.1 0.0096689 0.20852 0.042014 0.87498 1453.2
162.41 26416 2.4054 -0.21103 1767.4 0.010562 0.21482 0.042876 0.88331 1449.9
164.41 26457 2.4059 -0.21091 1777.8 0.012805 0.2304 0.044748 0.90611 1442.1
167.98 26551 2.4069 -0.21067 1796.6 0.016471 0.26019 0.048229 0.97231 1427.9
171.01 26648 2.4077 -0.21044 1812.5 0.018698 0.28711 0.048686 1.0145 1415.7
171.85 26677 2.408 -0.21037 1816.9 0.019136 0.29456 0.048919 1.0248 1412.3
173.85 26748 2.4085 -0.2102 1827.5 0.019992 0.3127 0.049177 1.0443 1404.2
177.42 26882 2.4095 -0.20987 1846.4 0.020536 0.34554 0.049788 1.0896 1389.7
180.45 26996 2.4104 -0.20956 1862.6 0.02017 0.37373 0.049741 1.1031 1377.4
181.29 27028 2.4106 -0.20947 1867 0.02005 0.38144 0.049588 1.105 1374
183.3 27102 2.4112 -0.20924 1877.7 0.019645 0.39981 0.048869 1.1042 1365.9
186.87 27232 2.4121 -0.20882 1896.8 0.018821 0.43149 0.046671 1.0908 1351.6
189.9 27339 2.413 -0.20843 1912.9 0.018204 0.45724 0.045483 1.0744 1339.5
190.73 27368 2.4132 -0.20832 1917.4 0.018083 0.46422 0.045282 1.0721 1336.2
192.74 27437 2.4137 -0.20805 1928.1 0.017799 0.48078 0.044841 1.0652 1328.2
196.31 27559 2.4147 -0.20753 1947.1 0.017508 0.50945 0.043563 1.045 1314.1
199.34 27662 2.4155 -0.20707 1963.3 0.017425 0.53291 0.042541 1.0348 1302.2
200.18 27691 2.4158 -0.20694 1967.7 0.017395 0.53928 0.042298 1.0333 1298.9
202.85 27783 2.4165 -0.20651 1981.9 0.017281 0.55936 0.041652 1.0301 1288.4
207.61 27945 2.4178 -0.2057 2007.2 0.016943 0.59417 0.04052 1.0247 1269.9
211.65 28082 2.4188 -0.20497 2028.5 0.016536 0.62282 0.039854 1.0213 1254.2
212.77 28119 2.4191 -0.20476 2034.4 0.016412 0.63061 0.039571 1.0189 1249.9
214.1 28164 2.4195 -0.20451 2041.4 0.016261 0.63986 0.03941 1.0173 1244.8
216.49 28242 2.4201 -0.20405 2053.9 0.016002 0.65612 0.038883 1.0106 1235.6
218.51 28308 2.4206 -0.20365 2064.5 0.0158 0.66965 0.038401 1.0048 1227.8
219.06 28326 2.4208 -0.20354 2067.4 0.015745 0.67335 0.038258 1.0038 1225.7
220.4 28370 2.4211 -0.20327 2074.4 0.0156 0.68213 0.037757 1.0011 1220.6
222.78 28446 2.4217 -0.20278 2086.8 0.015269 0.69739 0.036314 0.99225 1211.5
224.8 28510 2.4222 -0.20235 2097.3 0.014928 0.70994 0.035662 0.98675 1203.9
225.36 28528 2.4224 -0.20223 2100.2 0.014834 0.71337 0.035587 0.98592 1201.8
228.03 28610 2.423 -0.20165 2114 0.014395 0.72966 0.035302 0.98041 1191.7
232.79 28752 2.4242 -0.20058 2138 0.013675 0.75805 0.034875 0.97374 1173.8
236.83 28868 2.4252 -0.19963 2157.5 0.013032 0.78168 0.034758 0.97622 1158.6
237.95 28899 2.4255 -0.19937 2162.7 0.012829 0.78817 0.034785 0.97541 1154.4
240.62 28972 2.4261 -0.19872 2175 0.012374 0.80361 0.034634 0.97363 1144.4
245.38 29097 2.4273 -0.19753 2196 0.011538 0.83046 0.033628 0.96209 1126.6
249.42 29196 2.4282 -0.1965 2213.1 0.010828 0.85239 0.03272 0.94846 1111.6
250.54 29223 2.4285 -0.1962 2217.7 0.010643 0.85832 0.03266 0.9456 1107.4
253.21 29285 2.4291 -0.1955 2228.6 0.010252 0.87239 0.032419 0.93689 1097.5
257.97 29391 2.4302 -0.19421 2247.3 0.0097775 0.89676 0.031722 0.91543 1080
262.01 29479 2.4311 -0.19309 2262.5 0.0094847 0.91678 0.031198 0.91045 1065.1
263.13 29503 2.4313 -0.19277 2266.6 0.0093737 0.92225 0.031071 0.9108 1061.1
264.47 29531 2.4316 -0.1924 2271.4 0.0092341 0.92877 0.03094 0.91158 1056.2
266.85 29580 2.4321 -0.19172 2279.9 0.0088946 0.94028 0.030312 0.9154 1047.5
268.87 29620 2.4325 -0.19113 2287 0.008481 0.94992 0.029794 0.91902 1040.1
269.43 29631 2.4327 -0.19097 2288.9 0.0083503 0.95256 0.029778 0.91964 1038.1
270.76 29656 2.4329 -0.19058 2293.5 0.0080616 0.95894 0.030602 0.9216 1033.2
273.14 29699 2.4334 -0.18988 2301.5 0.0078104 0.9707 0.033412 0.9278 1024.5
275.16 29736 2.4338 -0.18927 2308.2 0.0078112 0.98104 0.033962 0.93142 1017
275.72 29746 2.434 -0.18911 2310.1 0.0077965 0.98388 0.033844 0.9319 1015
279.73 29818 2.4348 -0.18789 2323.1 0.0076705 1.0043 0.033728 0.93533 1000.1
286.87 29942 2.4361 -0.18567 2345.5 0.0072403 1.04 0.032976 0.931 973.82
292.93 30042 2.4373 -0.18373 2363.6 0.0067849 1.0695 0.032259 0.92128 951.61
294.61 30069 2.4376 -0.18318 2368.5 0.0066656 1.0774 0.032094 0.92117 945.5
296.61 30100 2.4379 -0.18253 2374.2 0.0064842 1.087 0.031854 0.92047 938.19
300.18 30154 2.4385 -0.18135 2383.9 0.0061093 1.1037 0.031509 0.91883 925.19
303.21 30197 2.439 -0.18034 2391.9 0.0057617 1.1178 0.031416 0.91852 914.18
304.05 30208 2.4392 -0.18005 2394 0.0056645 1.1217 0.03141 0.91852 911.14
306.05 30235 2.4395 -0.17938 2399 0.0054375 1.131 0.031556 0.91882 903.86
309.63 30280 2.4401 -0.17816 2407.5 0.0050996 1.1476 0.032173 0.9214 890.88
312.66 30316 2.4406 -0.17711 2414.3 0.0048933 1.1619 0.032729 0.92479 879.84
313.49 30326 2.4407 -0.17682 2416.2 0.0048456 1.1658 0.032924 0.92544 876.79
314.83 30342 2.4409 -0.17636 2419.1 0.0047864 1.1722 0.033125 0.92641 871.91
317.21 30369 2.4412 -0.17553 2424.3 0.004703 1.1835 0.033499 0.92971 863.21
319.23 30392 2.4415 -0.17482 2428.6 0.0046469 1.1932 0.033754 0.93199 855.82
319.79 30398 2.4416 -0.17462 2429.8 0.0046338 1.1959 0.033856 0.93235 853.78
321.12 30413 2.4418 -0.17415 2432.7 0.0046103 1.2023 0.033972 0.93339 848.89
323.51 30440 2.4421 -0.1733 2437.7 0.0045718 1.2138 0.03419 0.93642 840.16
325.53 30462 2.4424 -0.17258 2442 0.0045443 1.2236 0.0344 0.93805 832.76
326.08 30469 2.4425 -0.17238 2443.2 0.0045402 1.2264 0.034476 0.93828 830.71
328.76 30498 2.4428 -0.17141 2448.9 0.0045432 1.2394 0.034757 0.94013 820.9
333.52 30551 2.4434 -0.16968 2458.9 0.0045347 1.2628 0.035189 0.94969 803.42
337.56 30596 2.4438 -0.1682 2467.2 0.0044282 1.2828 0.035556 0.95969 788.57
338.67 30608 2.444 -0.16778 2469.5 0.004382 1.2884 0.035693 0.96126 784.47
340.01 30623 2.4441 -0.16729 2472.2 0.0043316 1.2951 0.035773 0.96232 779.55
342.39 30648 2.4444 -0.1664 2477 0.0042413 1.307 0.035982 0.96506 770.79
344.41 30669 2.4446 -0.16564 2481.1 0.0041692 1.3172 0.036158 0.96627 763.35
344.97 30675 2.4446 -0.16543 2482.2 0.004152 1.32 0.036219 0.96647 761.3
346.31 30688 2.4447 -0.16493 2484.8 0.0041154 1.3267 0.036312 0.96694 756.37
348.69 30713 2.445 -0.16403 2489.5 0.0040603 1.3387 0.036495 0.96847 747.6
350.71 30733 2.4451 -0.16327 2493.4 0.0040196 1.349 0.036606 0.96965 740.16
351.26 30739 2.4452 -0.16305 2494.4 0.0040088 1.3518 0.03666 0.96991 738.1
352.6 30752 2.4453 -0.16255 2497 0.0039855 1.3586 0.036709 0.97082 733.18
354.98 30775 2.4455 -0.16164 2501.5 0.0039333 1.3707 0.036852 0.97429 724.4
357 30795 2.4457 -0.16086 2505.3 0.0038755 1.3809 0.037002 0.977 716.95
357.56 30801 2.4457 -0.16065 2506.4 0.003859 1.3838 0.037048 0.97744 714.9
358.9 30813 2.4458 -0.16013 2508.9 0.0038207 1.3906 0.037161 0.97875 709.97
361.28 30836 2.446 -0.15921 2513.3 0.0037454 1.4028 0.037244 0.98196 701.18
363.3 30855 2.4461 -0.15843 2517 0.0036389 1.4131 0.036691 0.98263 693.74
363.85 30860 2.4461 -0.15821 2518 0.0035946 1.416 0.036418 0.98248 691.69
366.53 30883 2.4463 -0.15717 2522.9 0.0034153 1.4295 0.036963 0.97579 681.86
371.29 30927 2.4465 -0.15531 2531.5 0.0039231 1.4533 0.036576 0.92922 664.31
375.33 30969 2.4467 -0.15372 2538.7 0.0042239 1.4714 0.027256 0.88035 649.74
376.45 30981 2.4467 -0.15328 2540.7 0.0038686 1.4756 0.026208 0.8735 645.87
379.12 31006 2.4468 -0.15222 2545.5 0.0033965 1.4858 0.026814 0.85787 636.53
383.88 31045 2.447 -0.15033 2553.9 0.0031675 1.5038 0.027461 0.83403 619.85
387.92 31078 2.4471 -0.14872 2560.9 0.0032498 1.5191 0.027526 0.83954 605.68
389.04 31087 2.4471 -0.14827 2562.8 0.0032315 1.5233 0.027935 0.83961 601.77
391.71 31110 2.4472 -0.1472 2567.4 0.0033117 1.5335 0.027999 0.84164 592.38
396.47 31151 2.4472 -0.14529 2575.5 0.0033779 1.5517 0.02784 0.84754 575.66
400.51 31186 2.4472 -0.14366 2582.3 0.0033348 1.5672 0.027923 0.85262 561.5
401.63 31195 2.4472 -0.14321 2584.2 0.0033223 1.5715 0.027982 0.85394 557.59
404.3 31218 2.4472 -0.14213 2588.6 0.0032715 1.5818 0.028011 0.8582 548.22
409.06 31257 2.4472 -0.1402 2596.4 0.0030728 1.6002 0.027878 0.86357 531.54
413.1 31289 2.4471 -0.13857 2602.9 0.0028978 1.6156 0.027302 0.84623 517.42
414.22 31297 2.4471 -0.13811 2604.7 0.0028876 1.6197 0.027176 0.83683 513.54
415.55 31307 2.4471 -0.13757 2606.9 0.0029091 1.6246 0.027098 0.8286 508.88
417.93 31326 2.447 -0.1366 2610.6 0.0031169 1.6332 0.027078 0.796 500.59
419.95 31343 2.447 -0.13578 2613.8 0.0035322 1.6403 0.027244 0.76968 493.56
420.51 31349 2.4469 -0.13555 2614.7 0.0036804 1.6423 0.027268 0.76522 491.61
421.85 31362 2.4469 -0.13501 2616.8 0.0040689 1.6469 0.027312 0.75317 486.96
424.23 31390 2.4468 -0.13404 2620.4 0.0049696 1.6548 0.027443 0.71685 478.68
426.25 31419 2.4468 -0.13321 2623.5 0.0059429 1.6613 0.027487 0.69629 471.67
426.81 31428 2.4467 -0.13298 2624.3 0.0062247 1.6631 0.027479 0.69325 469.73
428.81 31463 2.4467 -0.13217 2627.3 0.0073163 1.6695 0.027836 0.6803 462.79
432.38 31542 2.4465 -0.13071 2632.5 0.0093087 1.6804 0.026537 0.66305 450.52
435.41 31621 2.4464 -0.12947 2636.7 0.010303 1.689 0.022205 0.67491 440.34
436.25 31644 2.4463 -0.12913 2637.9 0.010311 1.6913 0.021332 0.67785 437.59
438.26 31698 2.4462 -0.12831 2640.7 0.010194 1.6966 0.019951 0.69126 431.06
441.83 31790 2.446 -0.12684 2645.6 0.0090962 1.7058 0.017618 0.74324 419.65
444.86 31856 2.4458 -0.1256 2649.7 0.007323 1.7136 0.016344 0.78096 410.14
445.69 31872 2.4458 -0.12526 2650.9 0.0067479 1.7158 0.015608 0.78555 407.54
447.7 31904 2.4457 -0.12444 2653.6 0.0051433 1.7208 0.013878 0.79507 401.36
451.27 31935 2.4454 -0.12297 2658.6 0.0013149 1.7288 0.008407 0.79063 390.59
454.3 31930 2.4452 -0.12173 2662.9 -0.0025756 1.7346 0.0070463 0.74493 381.64
455.14 31923 2.4452 -0.12139 2664.1 -0.0035712 1.7362 0.0082307 0.73161 379.16
457.14 31898 2.445 -0.12057 2667 -0.0055986 1.7401 0.010704 0.70495 373.13
460.71 31834 2.4448 -0.1191 2672.3 -0.0075366 1.7478 0.017347 0.63956 362.02
463.74 31773 2.4446 -0.11785 2676.7 -0.0072104 1.7549 0.022336 0.58928 352.16
464.58 31757 2.4445 -0.11751 2678 -0.0068492 1.7569 0.023903 0.57389 349.38
466.58 31724 2.4443 -0.11669 2680.8 -0.0053383 1.7619 0.027391 0.53917 342.58
470.16 31694 2.444 -0.11522 2685.7 -0.00060266 1.771 0.033625 0.47687 330.09
473.19 31712 2.4438 -0.11397 2689.6 0.0054704 1.7786 0.038909 0.42412 319.16
474.02 31727 2.4437 -0.11363 2690.6 0.0074713 1.7807 0.040369 0.40952 316.1
476.03 31781 2.4435 -0.1128 2692.8 0.012812 1.7856 0.043865 0.37466 308.72
479.6 31957 2.4432 -0.11134 2696 0.02407 1.7937 0.050098 0.31235 295.48
482.63 32198 2.4429 -0.11009 2697.9 0.035062 1.7999 0.055384 0.25957 284.33
483.47 32280 2.4428 -0.10975 2698.2 0.038271 1.8014 0.056844 0.24501 281.3
485.47 32509 2.4426 -0.10893 2698.7 0.046185 1.8047 0.060341 0.21024 274.12
489.04 33023 2.4423 -0.10747 2698.6 0.060673 1.8095 0.066573 0.14808 261.84
492.07 33569 2.442 -0.10623 2697.4 0.072854 1.8122 0.071857 0.096264 252.08
492.91 33737 2.4419 -0.10589 2696.9 0.076129 1.8127 0.073316 0.082309 249.51
494.91 34169 2.4417 -0.10507 2695.4 0.083722 1.8138 0.076793 0.068417 243.59
498.48 35034 2.4413 -0.10362 2691.7 0.096091 1.8153 0.082377 0.048893 233.93
501.51 35852 2.441 -0.1024 2688.1 0.10472 1.816 0.082142 0.016371 226.7
502.35 36089 2.4409 -0.10206 2687 0.10664 1.8161 0.080129 0 224.88
502.35 36089 2.4409 -0.10206 2687 0.10664 1.8161 0.080129 0 224.88
505.25 36970 2.4406 -0.10089 2663 0.12029 1.819 0.070011 0.25248 224.88
510.4 38688 2.4401 -0.09885 2630.3 0.1295 1.8319 0.054594 0.70223 224.88
514.77 40155 2.4396 -0.097141 2609 0.12584 1.8455 0.056146 1.0837 224.87
515.98 40546 2.4395 -0.096673 2603.5 0.12381 1.8497 0.061812 1.1891 224.87
518.87 41449 2.4392 -0.095556 2590.8 0.11655 1.8602 0.071878 1.4698 224.87
524.03 42886 2.4386 -0.093586 2569.8 0.099552 1.8794 0.089861 1.5707 224.87
528.4 43918 2.438 -0.091934 2553.1 0.08551 1.8952 0.10509 1.4509 224.87
529.61 44176 2.4379 -0.091481 2548.7 0.081982 1.8995 0.10929 1.5705 224.87
532.5 44743 2.4375 -0.0904 2538.2 0.072043 1.9099 0.11932 1.5706 224.87
537.66 45565 2.4368 -0.088494 2520 0.054194 1.9285 0.13729 1.5706 224.87
542.03 46077 2.4362 -0.086897 2505 0.03891 1.9445 0.15246 1.5705 224.87
543.24 46188 2.436 -0.08646 2500.9 0.034669 1.949 0.15663 1.5695 224.87
546.13 46401 2.4356 -0.085416 2491.4 0.024468 1.9599 0.16544 1.5706 224.87
551.28 46598 2.4348 -0.083579 2475.1 0.0061585 1.9797 0.17446 1.5706 224.87
555.66 46580 2.4341 -0.082041 2462.1 -0.0094942 1.9966 0.1741 1.5704 224.86
556.86 46545 2.4339 -0.08162 2458.6 -0.013834 2.0013 0.17405 1.569 224.86
559.76 46410 2.4335 -0.080617 2450.4 -0.024263 2.0125 0.17443 1.5705 224.86
564.91 45987 2.4326 -0.078853 2436.1 -0.04296 2.0333 0.17441 1.5705 224.86
569.28 45446 2.4318 -0.07738 2423.8 -0.058922 2.052 0.17437 1.5702 224.86
570.49 45268 2.4316 -0.076978 2420.4 -0.063345 2.0575 0.17392 1.5688 224.86
573.39 44788 2.4311 -0.07602 2411.9 -0.073971 2.071 0.1744 1.5704 224.86
578.54 43755 2.4302 -0.074344 2395.6 -0.093028 2.0978 0.17445 1.5705 224.86
582.91 42701 2.4293 -0.072954 2380 -0.10931 2.124 0.17437 1.57 224.86
584.12 42381 2.4291 -0.072577 2375.3 -0.11382 2.132 0.17412 1.5686 224.86
587.01 41565 2.4285 -0.071684 2363.1 -0.12467 2.1526 0.17444 1.57 224.85
592.17 39942 2.4275 -0.070142 2337.1 -0.14422 2.1963 0.17447 1.5706 224.85
596.54 38398 2.4265 -0.068892 2309.3 -0.16082 2.2428 0.17443 1.5611 224.85
597.75 37946 2.4262 -0.068559 2300.4 -0.16533 2.2576 0.17245 1.5181 224.85
600.64 36826 2.4256 -0.067784 2276.3 -0.17419 2.2969 0.17451 1.492 224.85
605.8 34753 2.4243 -0.066504 2220.3 -0.18387 2.3862 0.1737 1.4074 224.85
610.17 32995 2.4232 -0.065545 2160.7 -0.18384 2.479 0.15342 1.3491 224.85
611.38 32522 2.4229 -0.065305 2143.5 -0.18276 2.506 0.151 1.325 224.85
614.27 31422 2.4221 -0.064771 2098.5 -0.17695 2.5764 0.14096 1.3032 224.85
619.42 29638 2.4207 -0.063993 2012.9 -0.15967 2.7145 0.12491 1.266 224.85
623.8 28353 2.4194 -0.063519 1934.7 -0.13805 2.8453 0.11934 1.2496 224.85
625 28041 2.4191 -0.063421 1911.6 -0.13098 2.8844 0.1203 1.244 224.85
627.17 27534 2.4185 -0.063281 1868.4 -0.11691 2.9583 0.12001 1.2459 224.84
631.04 26803 2.4174 -0.063156 1788.1 -0.089547 3.0995 0.12007 1.2468 224.84
634.32 26359 2.4165 -0.063175 1718.6 -0.064918 3.2264 0.11957 1.25 224.84
635.22 26264 2.4162 -0.0632 1699.6 -0.058122 3.2621 0.11831 1.249 224.84
637.4 26083 2.4157 -0.063292 1651.8 -0.041894 3.3479 0.1149 1.2491 225.32
641.26 25895 2.4147 -0.06356 1618.9 -0.018981 3.4837 0.099512 1.2455 219.1
644.54 25831 2.414 -0.063879 1645.6 -0.0058508 3.5794 0.089481 1.2474 206.13
645.45 25825 2.4137 -0.06398 1647.2 -0.0019714 3.6066 0.085999 1.2467 203.37
647.62 25832 2.4133 -0.064247 1660.4 0.0059691 3.6678 0.083784 1.2512 195.46
651.48 25913 2.4124 -0.064801 1686.9 0.018459 3.7728 0.076217 1.2582 180.88
654.76 26038 2.4117 -0.065343 1712.6 0.026025 3.8539 0.065243 1.2694 168.23
655.67 26080 2.4115 -0.065504 1720.2 0.027372 3.8744 0.064077 1.27 164.72
657.84 26189 2.4111 -0.065907 1739.1 0.030659 3.9233 0.061754 1.2728 156.13
661.7 26411 2.4104 -0.066685 1775.7 0.034319 4.0036 0.05258 1.2801 140.41
664.98 26617 2.4098 -0.0674 1808.4 0.035752 4.0654 0.051193 1.2752 126.93
665.89 26676 2.4097 -0.067606 1817.2 0.036352 4.0826 0.052183 1.2575 123.25
668.06 26826 2.4093 -0.068114 1838.7 0.039796 4.1228 0.052421 1.1798 114.33
671.92 27162 2.4087 -0.069066 1876.9 0.055792 4.1871 0.050819 0.94545 98.572
675.2 27573 2.4082 -0.069915 1908.1 0.077997 4.2314 0.048979 0.78921 85.596
676.11 27715 2.4081 -0.070154 1916.3 0.084436 4.2421 0.048654 0.74666 82.12
678.28 28101 2.4078 -0.070738 1935.2 0.10055 4.2652 0.047586 0.68277 74.034
682.14 28963 2.4073 -0.071802 1965.3 0.12804 4.2985 0.046303 0.57574 60.69
685.42 29858 2.4069 -0.072724 1986.8 0.14848 4.3201 0.045276 0.51708 50.635
686.33 30129 2.4068 -0.072982 1992 0.15338 4.3253 0.044319 0.49629 48.084
688.5 30814 2.4066 -0.073603 2003.3 0.16378 4.3361 0.043889 0.47413 42.386
692.37 32139 2.4062 -0.074719 2019.1 0.17744 4.3514 0.041865 0.4374 33.62
695.65 33334 2.4058 -0.075675 2028.4 0.18381 4.361 0.037841 0.42049 27.561
696.55 33671 2.4057 -0.07594 2030.4 0.18467 4.3632 0.038249 0.41519 26.109
698.72 34484 2.4055 -0.076576 2033.9 0.18607 4.3681 0.040152 0.40847 22.902
702.59 35947 2.4051 -0.077714 2036.3 0.18778 4.3761 0.056247 0.39822 17.945
705.87 37198 2.4047 -0.078681 2035.5 0.18914 4.3828 0.065932 0.39439 14.337
706.77 37545 2.4046 -0.078949 2035.2 0.18916 4.3844 0.069688 0.39357 13.452
708.94 38375 2.4044 -0.079589 2028.3 0.18967 4.3886 0.072219 0.38916 12.595
712.81 39846 2.4041 -0.080724 2008 0.18917 4.3954 0.075486 0.37984 12.991
716.09 41072 2.4037 -0.08168 1995.7 0.1859 4.3999 0.075729 0.37396 12.734
716.99 41404 2.4037 -0.081943 1991.7 0.18473 4.4011 0.076226 0.37282 12.831
720.25 42575 2.4034 -0.082888 1980 0.17927 4.4046 0.077145 0.36374 12.829
726.05 44543 2.4028 -0.084561 1961.7 0.1662 4.4096 0.07905 0.34659 12.829
730.97 46071 2.4024 -0.085974 1948.5 0.15255 4.4127 0.080332 0.33501 12.827
732.32 46467 2.4023 -0.086364 1945.1 0.14846 4.4135 0.080973 0.33428 12.827
735.58 47371 2.402 -0.087295 1937.6 0.13819 4.4151 0.083127 0.32373 12.824
741.38 48808 2.4015 -0.08895 1925.5 0.11907 4.4177 0.096958 0.30455 12.824
746.3 49853 2.401 -0.09035 1916.2 0.10254 4.4197 0.11232 0.29536 12.822
747.66 50114 2.4009 -0.090736 1913.8 0.097929 4.4203 0.11468 0.29443 12.822
752 50863 2.4006 -0.091968 1906.7 0.082895 4.4219 0.12093 0.28242 12.82
759.73 51879 2.3999 -0.094156 1896.1 0.05526 4.4246 0.12679 0.26549 12.819
766.29 52415 2.3994 -0.096008 1889.1 0.031018 4.4265 0.12405 0.25083 12.818
768.1 52509 2.3992 -0.096519 1887.5 0.024184 4.427 0.12484 0.25222 12.817
772.44 52640 2.3988 -0.097741 1884.2 0.0077714 4.4282 0.12529 0.24255 12.816
780.17 52540 2.3982 -0.099916 1880 -0.021518 4.4303 0.12676 0.23117 12.815
786.73 52123 2.3977 -0.10176 1878 -0.046099 4.432 0.12778 0.21829 12.814
788.54 51955 2.3975 -0.10227 1877.7 -0.052797 4.4325 0.12787 0.2202 12.813
792.88 51461 2.3972 -0.10348 1877.3 -0.068638 4.4337 0.12828 0.21084 12.811
800.61 50267 2.3966 -0.10565 1877.5 -0.095763 4.4361 0.1286 0.20562 12.811
807.17 48956 2.396 -0.10749 1878.3 -0.11717 4.4383 0.12829 0.196 12.81
808.98 48549 2.3959 -0.10799 1878.6 -0.12274 4.439 0.12823 0.19774 12.809
813.32 47499 2.3955 -0.10921 1879.2 -0.13531 4.4408 0.12814 0.18875 12.807
821.05 45397 2.3949 -0.11136 1879.4 -0.15419 4.4445 0.12779 0.18601 12.807
827.61 43431 2.3944 -0.11319 1877.6 -0.1652 4.4486 0.12752 0.17967 12.806
829.42 42869 2.3943 -0.1137 1876.6 -0.16716 4.4499 0.12721 0.18409 12.805
832.32 41960 2.3941 -0.1145 1874.3 -0.16917 4.4522 0.12698 0.18022 12.803
837.47 40333 2.3937 -0.11594 1867.9 -0.16871 4.457 0.12539 0.18032 12.803
841.85 38982 2.3934 -0.11715 1859.7 -0.16367 4.462 0.12327 0.17837 12.802
843.05 38619 2.3933 -0.11749 1856.9 -0.16144 4.4635 0.12273 0.18032 12.802
845.95 37774 2.3931 -0.11829 1849.1 -0.15448 4.4675 0.1218 0.17804 12.8
851.1 36395 2.3928 -0.11971 1831 -0.13577 4.4758 0.12092 0.18143 12.799
855.47 35400 2.3925 -0.12091 1811.5 -0.11393 4.484 0.1167 0.18194 12.798
856.68 35159 2.3924 -0.12124 1805.5 -0.10718 4.4864 0.11288 0.18497 12.798
859.57 34645 2.3922 -0.12203 1790.6 -0.09066 4.4923 0.10607 0.18371 12.796
864.73 33943 2.3919 -0.12342 1764.2 -0.06318 4.5026 0.085845 0.18609 12.796
869.1 33537 2.3917 -0.12459 1742.9 -0.043402 4.5108 0.077427 0.18472 12.794
870.31 33451 2.3916 -0.12491 1736.9 -0.037936 4.513 0.07833 0.1876 12.794
873.2 33295 2.3914 -0.12568 1722 -0.02436 4.5185 0.077931 0.18476 12.792
878.36 33188 2.3912 -0.12703 1694.5 -4.6017e-05 4.5283 0.077044 0.18254 12.792
882.73 33261 2.391 -0.12816 1671 0.019594 4.5363 0.076208 0.17639 12.79
883.94 33305 2.3909 -0.12847 1664.5 0.02472 4.5384 0.075947 0.17805 12.79
886.83 33453 2.3908 -0.12921 1647.8 0.036837 4.5434 0.078413 0.1727 12.975
891.98 33848 2.3906 -0.13051 1635 0.056294 4.5518 0.090855 0.16618 10.591
896.36 34303 2.3904 -0.13161 1641.3 0.070558 4.5582 0.096883 0.15951 5.8278
897.56 34446 2.3903 -0.13191 1640.3 0.074661 4.56 0.096643 0.16242 4.9316
900.46 34821 2.3902 -0.13265 1647 0.082823 4.564 0.09336 0.16052 2.238
905.61 35573 2.39 -0.13395 1643.5 0.093591 4.5704 0.08014 0.16186 0.00085645
909.99 36258 2.3899 -0.13505 1619.2 0.097887 4.5752 0.075008 0.16182 0.35348
911.19 36449 2.3898 -0.13535 1616.6 0.097903 4.5764 0.075119 0.16615 0.0025568
914.09 36905 2.3897 -0.13607 1605.5 0.097952 4.5791 0.074209 0.16352 0.00061203
919.24 37699 2.3896 -0.13734 1587.3 0.09475 4.5836 0.072407 0.16194 5.142e-06
923.61 38335 2.3894 -0.1384 1573.4 0.089311 4.5869 0.072623 0.16144 9.8343e-07
924.82 38502 2.3894 -0.13869 1569.7 0.087493 4.5877 0.072935 0.1651 1.4356e-05
927.71 38887 2.3893 -0.13939 1561.3 0.082638 4.5898 0.074692 0.15935 1.4569e-05
932.87 39511 2.3892 -0.14063 1547.1 0.073495 4.5932 0.085581 0.15401 1.509e-05
937.24 39981 2.389 -0.14167 1535.2 0.066154 4.5962 0.097862 0.15504 1.5306e-05
938.45 40101 2.389 -0.14196 1532 0.064207 4.5971 0.1001 0.1579 1.5344e-05
941.34 40374 2.3889 -0.14264 1524.4 0.059486 4.5991 0.10677 0.15049 1.5388e-05
946.5 40808 2.3888 -0.14385 1511.3 0.051623 4.6026 0.12163 0.14295 1.5493e-05
950.87 41126 2.3887 -0.14487 1500.5 0.045054 4.6056 0.12435 0.1404 1.5535e-05
952.08 41206 2.3886 -0.14515 1497.7 0.043005 4.6064 0.12468 0.14034 1.5542e-05
956.42 41460 2.3885 -0.14616 1487.9 0.035095 4.609 0.12198 0.12963 1.5547e-05
964.15 41767 2.3884 -0.14793 1472.6 0.018289 4.6132 0.11775 0.12461 1.5553e-05
970.71 41869 2.3882 -0.14942 1461.1 0.0027878 4.6165 0.12239 0.11456 1.5547e-05
972.52 41871 2.3882 -0.14983 1458.1 -0.0013342 4.6174 0.12298 0.11879 1.5545e-05
976.86 41830 2.3881 -0.15081 1451.1 -0.011343 4.6195 0.12431 0.10912 1.5535e-05
984.59 41606 2.3879 -0.15255 1439.4 -0.028655 4.6231 0.12535 0.10379 1.5495e-05
991.15 41271 2.3878 -0.15401 1430.1 -0.042544 4.6262 0.12414 0.094681 1.5461e-05
992.96 41156 2.3877 -0.15441 1427.6 -0.046222 4.627 0.12409 0.10028 1.5454e-05
997.3 40844 2.3877 -0.15537 1421.7 -0.0545 4.629 0.12407 0.089889 1.5432e-05
1005 40177 2.3875 -0.15707 1410.9 -0.066917 4.6326 0.12449 0.085605 1.5354e-05
1011.6 39524 2.3874 -0.1585 1401.2 -0.074333 4.6358 0.1254 0.079239 1.5295e-05
1013.4 39334 2.3874 -0.15889 1398.3 -0.075756 4.6367 0.12539 0.086007 1.5284e-05
1017.7 38869 2.3873 -0.15983 1391.1 -0.078064 4.639 0.12554 0.075846 1.5252e-05
1025.5 38032 2.3872 -0.16149 1376.5 -0.077823 4.6431 0.12537 0.072829 1.5139e-05
1032 37352 2.3871 -0.16289 1362.2 -0.073048 4.6469 0.12491 0.068517 1.5058e-05
1033.8 37176 2.3871 -0.16327 1357.9 -0.070984 4.6479 0.12472 0.076248 1.5044e-05
1038.2 36777 2.387 -0.16418 1346.9 -0.064781 4.6506 0.12448 0.066575 1.5002e-05
1045.9 36184 2.3869 -0.16579 1325 -0.049711 4.6554 0.12381 0.065071 1.4862e-05
1052.5 35823 2.3868 -0.16713 1304.3 -0.033859 4.6596 0.1233 0.061616 1.4764e-05
1054.3 35749 2.3868 -0.1675 1298.2 -0.029152 4.6607 0.123 0.069757 1.4747e-05
1058.6 35618 2.3868 -0.16837 1283.2 -0.017647 4.6636 0.12267 0.060546 1.4699e-05
1066.4 35545 2.3867 -0.1699 1255.2 0.0025627 4.6685 0.1218 0.060364 1.4539e-05
1072.9 35630 2.3867 -0.17117 1230.8 0.01783 4.6725 0.12113 0.056169 1.443e-05
1074.7 35674 2.3866 -0.17152 1224 0.021561 4.6735 0.12083 0.064976 1.4411e-05
1079.1 35809 2.3866 -0.17234 1207.7 0.029399 4.6761 0.12055 0.056608 1.436e-05
1086.8 36128 2.3866 -0.17378 1179.1 0.039097 4.6802 0.11985 0.057266 1.4192e-05
1093.4 36443 2.3865 -0.17498 1155.6 0.042559 4.6835 0.1193 0.050905 1.4078e-05
1095.2 36532 2.3865 -0.1753 1149.2 0.042742 4.6842 0.11906 0.060364 1.4059e-05
1099.5 36741 2.3865 -0.17607 1134.4 0.041814 4.6863 0.11894 0.05278 1.4008e-05
1107.2 37081 2.3865 -0.17742 1109.1 0.035748 4.6895 0.11831 0.05211 1.3841e-05
1113.8 37306 2.3864 -0.17855 1089 0.026555 4.692 0.11766 0.045753 1.373e-05
1115.6 37355 2.3864 -0.17886 1083.7 0.023452 4.6926 0.11748 0.059523 1.3711e-05
1118.9 37427 2.3864 -0.1794 1074.3 0.01734 4.6939 0.11755 0.04976 1.3662e-05
1124.7 37496 2.3864 -0.18037 1058.3 0.005065 4.6959 0.1174 0.043561 1.3505e-05
1129.6 37492 2.3864 -0.18118 1045.4 -0.0065129 4.6975 0.11701 0.049831 1.3401e-05
1130.9 37481 2.3864 -0.1814 1041.9 -0.009862 4.698 0.11697 0.056243 1.3383e-05
1134.2 37433 2.3864 -0.18192 1033.7 -0.018042 4.6992 0.11721 0.044413 1.3339e-05
1140 37281 2.3864 -0.18285 1019.6 -0.03287 4.7008 0.11766 0.036918 1.3195e-05
1144.9 37086 2.3864 -0.18363 1007.8 -0.045429 4.7023 0.11777 0.045187 1.3101e-05
1146.3 37021 2.3863 -0.18384 1004.6 -0.048859 4.7028 0.11783 0.051312 1.3085e-05
1149.5 36849 2.3863 -0.18435 996.96 -0.056898 4.704 0.1184 0.038913 1.3045e-05
1155.3 36483 2.3863 -0.18525 983.16 -0.070208 4.7056 0.11995 0.030821 1.2917e-05
1160.2 36121 2.3863 -0.18599 971.12 -0.080191 4.7071 0.12077 0.039345 1.2833e-05
1161.6 36014 2.3863 -0.1862 967.71 -0.082719 4.7076 0.12096 0.045542 1.2819e-05
1164.9 35746 2.3863 -0.18669 959.36 -0.088268 4.7087 0.12189 0.033102 1.2784e-05
1170.7 35237 2.3863 -0.18754 943.56 -0.095994 4.7103 0.12427 0.025216 1.267e-05
1175.6 34785 2.3863 -0.18826 928.98 -0.10027 4.7118 0.1252 0.033204 1.2595e-05
1176.9 34659 2.3863 -0.18845 924.75 -0.10112 4.7123 0.12535 0.03968 1.2582e-05
1180.2 34355 2.3863 -0.18892 914.18 -0.10251 4.7135 0.1261 0.027209 1.255e-05
1186 33817 2.3863 -0.18973 893.75 -0.10284 4.7151 0.12676 0.020034 1.2447e-05
1190.9 33373 2.3863 -0.19041 874.77 -0.10154 4.7166 0.1253 0.02835 1.2379e-05
1192.3 33254 2.3863 -0.19059 869.28 -0.10107 4.7171 0.12493 0.035359 1.2367e-05
1195.5 32973 2.3863 -0.19103 855.64 -0.099631 4.7183 0.12391 0.022124 1.2337e-05
1201.3 32493 2.3863 -0.19179 830.02 -0.097434 4.7197 0.11747 0.01533 1.2241e-05
1206.2 32103 2.3863 -0.19242 807.41 -0.097195 4.721 0.11028 0.026205 1.2177e-05
1207.6 31997 2.3863 -0.19259 801.07 -0.097468 4.7216 0.109 0.033912 1.2166e-05
1210.9 31744 2.3863 -0.19299 785.64 -0.098588 4.7227 0.10534 0.018554 1.2138e-05
1216.7 31293 2.3864 -0.19368 758.3 -0.10381 4.7238 0.094676 0.010445 1.2044e-05
1221.6 30898 2.3864 -0.19425 735.58 -0.11162 4.7249 0.089806 0.02607 1.1982e-05
1222.9 30786 2.3864 -0.19441 729.27 -0.11401 4.7254 0.089351 0.034266 1.1971e-05
1226.2 30510 2.3864 -0.19477 714.07 -0.12004 4.7265 0.089004 0.015899 1.1943e-05
1232 30000 2.3864 -0.1954 686.36 -0.1309 4.7272 0.090366 0.0044604 1.185e-05
1236.9 29550 2.3864 -0.19591 661.95 -0.1396 4.7282 0.093153 0.024664 1.1788e-05
1238.3 29424 2.3864 -0.19605 655.03 -0.14184 4.7288 0.09359 0.033001 1.1777e-05
1241.5 29119 2.3864 -0.19638 638.27 -0.14721 4.7299 0.095373 0.012697 1.1748e-05
1247.3 28571 2.3864 -0.19694 607.06 -0.15516 4.7304 0.1028 -0.00079074 1.1654e-05
1252.2 28110 2.3864 -0.19739 579.13 -0.15989 4.7313 0.10946 0.022568 1.1589e-05
1253.6 27985 2.3864 -0.19751 571.31 -0.16104 4.732 0.11075 0.030708 1.1578e-05
1256.9 27687 2.3864 -0.19779 552.53 -0.16368 4.7332 0.11492 0.009715 1.1549e-05
1262.7 27173 2.3864 -0.19827 518.8 -0.16667 4.7335 0.12807 -0.0039628 1.145e-05
1267.6 26757 2.3864 -0.19865 490.35 -0.16756 4.7342 0.1359 0.021769 1.1384e-05
1268.9 26646 2.3864 -0.19875 482.69 -0.16785 4.7351 0.13711 0.029686 1.1372e-05
1272.2 26387 2.3864 -0.19899 464.74 -0.16856 4.7364 0.14057 0.007777 1.1341e-05
1278 25947 2.3865 -0.19939 434.03 -0.16886 4.7364 0.14889 -0.0066882 1.1238e-05
1282.9 25598 2.3865 -0.19971 409.54 -0.16832 4.7371 0.15186 0.0215 1.1168e-05
1284.3 25506 2.3865 -0.1998 403.19 -0.16837 4.7381 0.15239 0.029389 1.1156e-05
1287.5 25289 2.3865 -0.19999 388.55 -0.16846 4.7396 0.15398 0.0054948 1.1123e-05
1293.3 24924 2.3865 -0.20033 364.68 -0.16869 4.7389 0.15634 -0.010816 1.1015e-05
1298.2 24629 2.3865 -0.2006 346.8 -0.16996 4.7393 0.15542 0.021235 1.0941e-05
1299.6 24550 2.3865 -0.20067 342.31 -0.17082 4.7405 0.15528 0.029384 1.0928e-05
1302.8 24363 2.3865 -0.20084 332.13 -0.17296 4.7421 0.15526 0.0027283 1.0893e-05
1308.6 24036 2.3865 -0.20113 316.23 -0.17868 4.7406 0.15262 -0.01578 1.0779e-05
1313.6 23760 2.3865 -0.20137 305.03 -0.1869 4.7406 0.14863 0.021791 1.0701e-05
1314.9 23683 2.3865 -0.20143 302.29 -0.18985 4.742 0.14801 0.030438 1.0687e-05
1318.2 23497 2.3865 -0.20158 296.18 -0.19699 4.7436 0.14686 0.001121 1.065e-05
1324 23155 2.3865 -0.20184 287.04 -0.21214 4.7415 0.14191 -0.019554 1.0529e-05
1328.9 22851 2.3865 -0.20205 280.99 -0.22786 4.7412 0.13779 0.022625 1.0446e-05
1330.3 22764 2.3865 -0.20211 279.55 -0.23235 4.7427 0.13724 0.031798 1.0432e-05
1333.5 22552 2.3865 -0.20225 276.36 -0.24226 4.7445 0.13651 0.00044254 1.0393e-05
1339.3 22159 2.3865 -0.20249 271.49 -0.25739 4.7419 0.13386 -0.02234 1.0265e-05
1344.2 21814 2.3866 -0.20269 267.97 -0.26754 4.7412 0.13185 0.022124 1.0177e-05
1345.6 21718 2.3866 -0.20274 267.06 -0.26969 4.7429 0.13156 0.031707 1.0162e-05
1348.8 21485 2.3866 -0.20287 264.84 -0.27309 4.7448 0.13144 -0.0011906 1.0121e-05
1354.6 21073 2.3866 -0.2031 260.74 -0.27387 4.7413 0.13 -0.025079 9.9842e-06
1359.6 20729 2.3866 -0.20329 257.08 -0.27098 4.7401 0.12794 0.021116 9.8911e-06
1360.9 20636 2.3866 -0.20335 256.05 -0.2698 4.742 0.12757 0.031066 9.875e-06
1364.2 20416 2.3866 -0.20347 253.43 -0.2657 4.7439 0.12696 -0.0030248 9.8314e-06
1370 20040 2.3866 -0.20369 248.54 -0.25715 4.7396 0.12367 -0.026492 9.6868e-06
1374.9 19735 2.3866 -0.20387 244.42 -0.25151 4.7382 0.12028 0.022869 9.5881e-06
1376.2 19653 2.3866 -0.20392 243.31 -0.25031 4.7404 0.11974 0.033106 9.571e-06
1379.5 19459 2.3866 -0.20404 240.59 -0.24714 4.7425 0.11862 -0.0024402 9.5248e-06
1385.3 19124 2.3866 -0.20425 235.91 -0.24368 4.7381 0.11452 -0.02603 9.3715e-06
1390.2 18846 2.3866 -0.20443 232.27 -0.24436 4.7371 0.11141 0.026951 9.2668e-06
1391.6 18769 2.3866 -0.20448 231.32 -0.24479 4.7395 0.11094 0.03727 9.2488e-06
1394.8 18588 2.3866 -0.20459 229.04 -0.24552 4.7422 0.11013 -9.2082e-05 9.1998e-06
1400.6 18267 2.3866 -0.20479 225.14 -0.24709 4.7379 0.10754 -0.02556 9.0373e-06
1405.6 17997 2.3866 -0.20496 222 -0.24925 4.7371 0.1058 0.030223 8.9263e-06
1406.9 17922 2.3866 -0.205 221.15 -0.2497 4.7399 0.10554 0.040474 8.9072e-06
1410.2 17745 2.3866 -0.20511 219.1 -0.25013 4.7431 0.10522 0.0015221 8.8553e-06
1416 17434 2.3866 -0.2053 215.36 -0.24933 4.7386 0.10402 -0.026169 8.6831e-06
1420.9 17175 2.3866 -0.20546 212.12 -0.24829 4.7377 0.10296 0.031295 8.5655e-06
1422.2 17104 2.3866 -0.2055 211.21 -0.24794 4.7408 0.10278 0.041424 8.5452e-06
1425.5 16937 2.3866 -0.20561 209 -0.24665 4.7442 0.10257 0.0013204 8.4903e-06
1431.3 16645 2.3866 -0.20579 204.96 -0.24422 4.7391 0.10144 -0.028253 8.308e-06
1436.2 16404 2.3866 -0.20594 201.53 -0.24368 4.7377 0.10021 0.030343 8.1835e-06
1437.6 16338 2.3866 -0.20598 200.6 -0.24381 4.7409 0.1 0.040391 8.162e-06
1440.8 16181 2.3867 -0.20608 198.38 -0.24408 4.7442 0.09962 -0.00068716 8.1039e-06
1446.6 15904 2.3867 -0.20625 194.56 -0.24629 4.7381 0.097887 -0.031405 7.911e-06
1451.5 15671 2.3867 -0.2064 191.59 -0.25102 4.736 0.096241 0.028581 7.7794e-06
1452.9 15606 2.3867 -0.20644 190.83 -0.25261 4.7392 0.095974 0.038702 7.7567e-06
1456.2 15451 2.3867 -0.20653 189.06 -0.25621 4.7422 0.095384 -0.0029394 7.6952e-06
1462 15171 2.3867 -0.2067 186.22 -0.26367 4.7354 0.093118 -0.033111 7.4913e-06
1466.9 14930 2.3867 -0.20683 184.16 -0.27155 4.7331 0.091278 0.02999 7.3522e-06
1468.2 14863 2.3867 -0.20687 183.64 -0.27361 4.7366 0.090985 0.040589 7.3282e-06
1471.5 14701 2.3867 -0.20696 182.44 -0.27772 4.7401 0.090311 -0.00014568 7.2633e-06
1477.3 14409 2.3867 -0.20712 180.42 -0.2839 4.7345 0.088044 -0.025249 7.048e-06
1482.2 14160 2.3867 -0.20725 178.81 -0.28865 4.7345 0.08648 0.038716 6.9011e-06
1483.6 14090 2.3867 -0.20729 178.37 -0.28953 4.7387 0.086247 0.046396 6.8758e-06
1487.9 13870 2.3867 -0.2074 176.87 -0.29071 4.7434 0.085391 -0.0055759 6.8073e-06
1495.6 13481 2.3867 -0.20761 173.95 -0.29088 4.7332 0.082709 -0.027806 6.5801e-06
1502.2 13156 2.3867 -0.20778 171.28 -0.29169 4.7335 0.080906 0.041456 6.4253e-06
1504 13067 2.3867 -0.20782 170.51 -0.29162 4.7397 0.080622 0.057084 6.3986e-06
1508.4 12855 2.3867 -0.20793 168.57 -0.29064 4.7473 0.079991 0.0034841 6.3264e-06
1516.1 12487 2.3867 -0.20813 164.88 -0.28971 4.7365 0.077877 -0.038203 6.087e-06
1522.6 12180 2.3867 -0.20829 161.75 -0.29229 4.7306 0.076245 0.024419 5.9238e-06
1524.5 12095 2.3867 -0.20833 160.91 -0.29311 4.7354 0.075964 0.046322 5.8957e-06
1527.3 11961 2.3867 -0.2084 159.55 -0.29437 4.7405 0.075578 0.010041 5.8197e-06
1532.5 11723 2.3867 -0.20852 157.18 -0.29686 4.737 0.074431 -0.023707 5.5676e-06
1536.9 11523 2.3867 -0.20863 155.2 -0.29954 4.7358 0.073768 0.029579 5.3959e-06
1538.1 11467 2.3867 -0.20865 154.66 -0.30013 4.7394 0.073667 0.037573 5.3662e-06
1541 11335 2.3867 -0.20872 153.37 -0.30141 4.7428 0.073349 -0.0018561 5.2863e-06
1546.1 11102 2.3867 -0.20884 151 -0.30268 4.7354 0.072579 -0.032213 5.0211e-06
1550.5 10906 2.3867 -0.20894 148.98 -0.30391 4.733 0.072286 0.031167 4.8405e-06
1551.7 10852 2.3867 -0.20896 148.45 -0.30463 4.737 0.072242 0.040045 4.8093e-06
1554.6 10724 2.3867 -0.20903 147.19 -0.30623 4.7413 0.072071 0.0042209 4.7252e-06
1559.8 10495 2.3867 -0.20914 145.06 -0.30956 4.7373 0.071707 -0.017566 4.4465e-06
1564.1 10302 2.3867 -0.20923 143.36 -0.31267 4.7391 0.071599 0.042778 4.2566e-06
1565.3 10249 2.3867 -0.20926 142.91 -0.31345 4.744 0.071573 0.047629 4.2238e-06
1569.7 10058 2.3867 -0.20935 141.33 -0.31597 4.7489 0.071328 -0.011976 4.1355e-06
1577.4 9719.6 2.3867 -0.20951 138.63 -0.32025 4.7314 0.070627 -0.035996 3.8426e-06
1584 9434 2.3867 -0.20965 136.46 -0.32417 4.7309 0.070068 0.049941 3.6431e-06
1585.8 9355.3 2.3867 -0.20968 135.88 -0.32513 4.7402 0.069953 0.0648 3.6087e-06
1590.1 9167.3 2.3867 -0.20977 134.5 -0.32714 4.751 0.069463 0.0040463 3.5159e-06
1597.9 8833.9 2.3868 -0.20992 132.12 -0.33207 4.7347 0.067925 -0.04634 3.2083e-06
1604.4 8551 2.3868 -0.21005 130.25 -0.33838 4.7254 0.066767 0.028366 2.9987e-06
1606.2 8472.6 2.3868 -0.21009 129.76 -0.33984 4.7324 0.066538 0.051076 2.9626e-06
1609.1 8347.4 2.3868 -0.21014 128.99 -0.34215 4.7396 0.066083 0.013641 2.8651e-06
1614.3 8124.1 2.3868 -0.21024 127.65 -0.34666 4.7362 0.064645 -0.021787 2.5419e-06
1618.6 7934.1 2.3868 -0.21032 126.55 -0.35142 4.7355 0.063668 0.033293 2.3218e-06
1619.9 7881.5 2.3868 -0.21034 126.26 -0.35264 4.7402 0.06347 0.041037 2.2838e-06
1622.7 7755.1 2.3868 -0.2104 125.57 -0.35548 4.7449 0.062717 -0.00048994 2.1813e-06
1627.9 7529 2.3868 -0.21049 124.37 -0.36235 4.7356 0.060303 -0.03555 1.8416e-06
1632.3 7335 2.3868 -0.21057 123.43 -0.3704 4.7314 0.058634 0.027311 1.6102e-06
1633.5 7281 2.3868 -0.21059 123.2 -0.37251 4.7358 0.058297 0.035334 1.5702e-06
1636.4 7150.7 2.3868 -0.21064 122.67 -0.37756 4.7395 0.057104 -0.0040963 1.4624e-06
1641.5 6915.2 2.3868 -0.21073 121.81 -0.38947 4.7298 0.053271 -0.033617 1.1049e-06
1645.9 6710.2 2.3868 -0.21081 121.27 -0.40284 4.7268 0.050664 0.031843 8.6128e-07
1647.1 6652.6 2.3868 -0.21083 121.18 -0.40631 4.7316 0.050156 0.040142 8.192e-07
1650 6512.9 2.3868 -0.21088 120.97 -0.41432 4.7365 0.048416 0.0020364 7.0555e-07
1655.2 6257.1 2.3868 -0.21097 120.93 -0.43225 4.7299 0.042972 -0.025182 3.2849e-07
1659.5 6030.8 2.3868 -0.21105 121.39 -0.45132 4.7298 0.039463 0.040284 7.131e-08
1660.7 5966.5 2.3868 -0.21107 121.6 -0.45596 4.7354 0.038794 0.048474 2.6867e-08
1663.6 5809.7 2.3868 -0.21112 122.18 -0.46621 4.7421 0.036477 0.011377 0
1668.8 5518.1 2.3868 -0.21121 124.32 -0.49033 4.7395 0.029329 -0.016288 0
1673.2 5253 2.3868 -0.21128 127.6 -0.51632 4.7418 0.024898 0.045417 0
1674.4 5176.1 2.3868 -0.2113 128.64 -0.52197 4.7473 0.024081 0.052763 0
1677.3 4987 2.3868 -0.21135 131.27 -0.53406 4.7544 0.021254 0.015 0
1682.4 4627.3 2.3868 -0.21145 136.93 -0.56389 4.7524 0.013358 -0.020536 0
1686.8 4293.7 2.3868 -0.21153 142.02 -0.59578 4.7521 0.0094825 0.031057 0
1688 4196.4 2.3868 -0.21155 143.15 -0.60167 4.7558 0.0088612 0.036533 0
1690.9 3957.7 2.3868 -0.2116 145.48 -0.61534 4.7592 0.0066493 -0.0033051 0
1696 3514.6 2.3868 -0.2117 147.27 -0.63779 4.7503 0.0027916 -0.04604 0
1700.4 3127.2 2.3868 -0.21178 147.27 -0.64979 4.7428 0.0037206 0.0037434 0
1701.6 3019.5 2.3868 -0.2118 147.41 -0.64937 4.7445 0.0040824 0.009624 0
1704.5 2761.7 2.3868 -0.21185 147.34 -0.64574 4.7437 0.0050812 -0.02217 0
1709.7 2314.4 2.3868 -0.21195 146.56 -0.60419 4.7291 0.01262 -0.040308 0
1714 1976.1 2.3868 -0.21203 142.37 -0.5105 4.7244 0.021602 0.027273 0
1715.2 1895.6 2.3868 -0.21206 139.8 -0.4739 4.7301 0.023265 0.037266 0
1718.1 1730.5 2.3868 -0.21211 132.69 -0.39074 4.739 0.027238 0.025741 0
1723.3 1528.9 2.3868 -0.21221 116.11 -0.25303 4.7629 0.038818 0.071871 0
1727.7 1427.8 2.3868 -0.21228 101.87 -0.18811 4.8176 0.044382 0.17765 0
1728.9 1405.3 2.3868 -0.2123 98.803 -0.18904 4.8414 0.044729 0.19306 0
