time (s) altitude (m) velocity (m/s) mass (kg)trajectory angle (rad) angle of attack (rad) heading angle (rad) latitude (rad)
0 150 30 29388 1.5691 0 1.7023 -0.21673 2.3889
0.44109 163.56 31.496 29325 1.5687 -0.0013179 1.7271 -0.21673 2.3889
1.2267 189.36 34.19 29211 1.5671 -0.0035807 1.7569 -0.21673 2.3889
1.8932 212.92 36.505 29115 1.565 -0.0053602 1.7713 -0.21673 2.3889
2.0773 219.7 37.148 29089 1.5643 -0.0058279 1.7744 -0.21673 2.3889
2.5184 236.42 38.7 29025 1.5622 -0.0069201 1.7804 -0.21673 2.3889
3.304 267.92 41.491 28912 1.5577 -0.0086783 1.788 -0.21673 2.3889
3.9705 296.37 43.889 28816 1.553 -0.0099514 1.7925 -0.21673 2.3889
4.1545 304.51 44.555 28790 1.5515 -0.010277 1.7935 -0.21673 2.3889
5.0367 345.22 47.78 28663 1.5436 -0.011681 1.7976 -0.21673 2.3889
6.6079 424.83 53.643 28437 1.5258 -0.013283 1.8024 -0.21673 2.3889
7.941 499.61 58.743 28245 1.5071 -0.013647 1.8052 -0.21673 2.3889
8.3091 521.45 60.171 28192 1.5014 -0.013619 1.8058 -0.21673 2.3889
9.1913 575.89 63.634 28065 1.4869 -0.01331 1.8071 -0.21673 2.3889
10.762 680.3 69.943 27838 1.4581 -0.011862 1.809 -0.21673 2.3889
12.096 776.42 75.452 27646 1.4312 -0.0096432 1.8102 -0.21673 2.3889
12.464 804.18 76.998 27593 1.4234 -0.0089067 1.8105 -0.21673 2.3889
13.125 855.44 79.808 27498 1.4092 -0.0074396 1.8111 -0.21673 2.3889
14.304 951 84.905 27329 1.383 -0.0043323 1.8119 -0.21672 2.3889
15.303 1036.4 89.32 27185 1.3604 -0.001168 1.8125 -0.21672 2.3889
15.58 1060.6 90.553 27145 1.3541 -0.00024533 1.8127 -0.21672 2.3889
16.241 1120 93.541 27050 1.3392 0.002051 1.813 -0.21672 2.3889
17.42 1230 98.978 26880 1.3129 0.0064465 1.8136 -0.21672 2.3889
18.419 1327.7 103.69 26736 1.2913 0.010425 1.8141 -0.21671 2.3889
18.695 1355.4 105.02 26696 1.2854 0.011529 1.8142 -0.21671 2.3889
20.019 1492.2 111.45 26506 1.2585 0.016778 1.8148 -0.2167 2.3889
22.376 1753.4 123.33 26167 1.2158 0.024892 1.8157 -0.21669 2.3889
24.375 1992.9 133.81 25879 1.1851 0.029774 1.8164 -0.21668 2.3889
24.927 2062 136.77 25800 1.1775 0.030781 1.8166 -0.21667 2.3889
25.589 2146.5 140.35 25705 1.1689 0.03185 1.8168 -0.21667 2.3889
26.767 2301.8 146.82 25535 1.1548 0.033318 1.8172 -0.21666 2.3889
27.767 2438.2 152.39 25391 1.1441 0.034079 1.8175 -0.21665 2.3889
28.043 2476.7 153.95 25351 1.1413 0.034241 1.8176 -0.21664 2.3889
28.705 2570.3 157.7 25256 1.1349 0.034556 1.8178 -0.21664 2.3889
29.883 2741.9 164.47 25087 1.1245 0.034824 1.8181 -0.21662 2.3889
30.883 2892.6 170.29 24943 1.1167 0.034802 1.8184 -0.21661 2.3889
31.159 2935 171.92 24903 1.1146 0.034786 1.8185 -0.21661 2.3889
31.821 3038.2 175.85 24808 1.1101 0.034725 1.8187 -0.2166 2.3889
32.999 3227.2 182.94 24639 1.103 0.034608 1.819 -0.21659 2.3889
33.999 3392.9 189.05 24495 1.098 0.034547 1.8193 -0.21658 2.3889
34.275 3439.6 190.75 24455 1.0968 0.034545 1.8194 -0.21657 2.3889
34.937 3553 194.86 24360 1.0942 0.034543 1.8196 -0.21656 2.3889
36.115 3760.7 202.28 24191 1.0908 0.034599 1.8199 -0.21655 2.3889
37.115 3942.9 208.67 24047 1.0891 0.034703 1.8202 -0.21653 2.3889
37.391 3994.1 210.45 24007 1.0888 0.034735 1.8202 -0.21653 2.3889
38.714 4245.9 219.08 23817 1.0887 0.034875 1.8206 -0.21651 2.3889
41.071 4720.2 234.85 23478 1.0934 0.034886 1.8213 -0.21647 2.3889
43.071 5150.4 248.63 23191 1.1022 0.034806 1.8218 -0.21644 2.3889
43.623 5273.9 252.51 23111 1.1053 0.03484 1.822 -0.21643 2.3889
44.237 5413.8 256.85 23023 1.1093 0.034893 1.8222 -0.21642 2.3889
45.52 5715 266.06 22838 1.119 0.034808 1.8226 -0.21639 2.3888
47.125 6108.9 277.82 22608 1.1331 0.033669 1.823 -0.21637 2.3888
48.62 6493.8 288.72 22393 1.1465 0.031406 1.8235 -0.21634 2.3888
49.606 6756.8 295.53 22251 1.154 0.029351 1.8238 -0.21632 2.3888
49.854 6824 297.17 22216 1.1555 0.028742 1.8239 -0.21632 2.3888
50.205 6919.8 299.45 22165 1.1576 0.027854 1.824 -0.21631 2.3888
50.978 7133.6 304.31 22054 1.1612 0.02569 1.8243 -0.2163 2.3888
52.052 7436.8 310.72 21900 1.1639 0.022183 1.8246 -0.21628 2.3888
53.264 7786.6 317.54 21726 1.1635 0.017557 1.8251 -0.21625 2.3888
54.43 8129.6 323.8 21558 1.1592 0.012412 1.8254 -0.21623 2.3888
55.372 8410.8 328.72 21423 1.1527 0.0078133 1.8258 -0.21621 2.3888
55.946 8584 331.7 21340 1.1474 0.0048916 1.8259 -0.2162 2.3888
56.086 8626.4 332.42 21320 1.146 0.0041812 1.826 -0.2162 2.3888
56.437 8732.8 334.24 21270 1.1421 0.0023978 1.8261 -0.21619 2.3888
57.21 8968.5 338.27 21159 1.1323 -0.0014513 1.8263 -0.21617 2.3888
58.284 9299.1 344.01 21004 1.116 -0.0063985 1.8267 -0.21615 2.3888
59.496 9675.4 350.8 20830 1.0946 -0.011309 1.827 -0.21612 2.3888
60.662 10040 357.69 20662 1.0715 -0.015366 1.8273 -0.21609 2.3888
61.603 10337 363.51 20527 1.0514 -0.018151 1.8276 -0.21607 2.3888
62.178 10518 367.17 20445 1.0386 -0.019649 1.8277 -0.21605 2.3888
62.318 10563 368.08 20424 1.0354 -0.01999 1.8278 -0.21605 2.3888
63.189 10839 373.82 20299 1.0152 -0.021951 1.828 -0.21602 2.3887
64.913 11388 385.82 20052 0.97369 -0.024777 1.8284 -0.21597 2.3887
66.825 11999 400.23 19777 0.92649 -0.026154 1.8288 -0.2159 2.3887
68.194 12437 411.31 19580 0.89293 -0.026143 1.8291 -0.21585 2.3887
68.55 12551 414.3 19529 0.88433 -0.026027 1.8291 -0.21583 2.3887
69.212 12763 419.97 19434 0.86849 -0.025808 1.8293 -0.21581 2.3887
70.39 13141 430.47 19264 0.84087 -0.025367 1.8295 -0.21576 2.3887
71.39 13462 439.77 19121 0.81804 -0.025047 1.8297 -0.21571 2.3887
71.666 13550 442.41 19081 0.81184 -0.02499 1.8297 -0.2157 2.3887
72.327 13763 448.84 18986 0.79715 -0.024891 1.8298 -0.21567 2.3887
73.506 14141 460.7 18816 0.77154 -0.025072 1.83 -0.21561 2.3886
74.506 14462 471.18 18673 0.75026 -0.025684 1.8302 -0.21556 2.3886
74.782 14551 474.14 18633 0.74444 -0.025915 1.8302 -0.21555 2.3886
75.653 14831 483.67 18508 0.72623 -0.026791 1.8303 -0.2155 2.3886
77.377 15384 503.42 18260 0.69061 -0.029544 1.8306 -0.2154 2.3886
79.288 15996 526.7 17985 0.65117 -0.034339 1.8308 -0.21529 2.3885
80.658 16432 544.3 17788 0.62257 -0.038765 1.831 -0.2152 2.3885
81.014 16545 549.01 17737 0.61507 -0.040059 1.831 -0.21517 2.3885
81.675 16754 557.92 17642 0.60104 -0.0425 1.8311 -0.21513 2.3885
82.854 17124 574.31 17472 0.57584 -0.04707 1.8313 -0.21504 2.3885
83.853 17436 588.8 17328 0.55434 -0.051079 1.8314 -0.21497 2.3885
84.129 17521 592.89 17288 0.54839 -0.05217 1.8314 -0.21495 2.3885
84.791 17725 602.89 17193 0.53418 -0.054765 1.8315 -0.2149 2.3884
85.969 18084 621.37 17024 0.5091 -0.059076 1.8316 -0.2148 2.3884
86.969 18385 637.73 16880 0.48824 -0.062292 1.8317 -0.21472 2.3884
87.245 18468 642.36 16840 0.48258 -0.063113 1.8317 -0.21469 2.3884
87.907 18664 653.65 16745 0.46917 -0.065002 1.8318 -0.21464 2.3884
89.085 19010 674.47 16575 0.44599 -0.067875 1.8319 -0.21453 2.3883
90.085 19298 692.82 16431 0.42707 -0.069773 1.832 -0.21444 2.3883
90.361 19378 697.99 16392 0.42197 -0.070243 1.832 -0.21441 2.3883
91.023 19566 710.59 16296 0.40996 -0.07126 1.832 -0.21435 2.3883
92.201 19897 733.68 16127 0.38931 -0.072634 1.8321 -0.21423 2.3883
93.201 20173 753.91 15983 0.37249 -0.073362 1.8322 -0.21412 2.3882
93.477 20249 759.6 15943 0.36796 -0.073527 1.8322 -0.21409 2.3882
94.8 20607 787.46 15753 0.34684 -0.074083 1.8323 -0.21395 2.3882
97.157 21225 839.41 15413 0.31132 -0.0741 1.8325 -0.21367 2.3881
99.157 21730 885.69 15125 0.28281 -0.073154 1.8326 -0.21342 2.388
99.709 21865 898.8 15046 0.27513 -0.072769 1.8327 -0.21335 2.388
100.58 22076 919.77 14920 0.26313 -0.07197 1.8327 -0.21324 2.388
102.3 22479 962.24 14672 0.23971 -0.069546 1.8328 -0.213 2.3879
104.22 22903 1010.7 14397 0.21415 -0.065169 1.8329 -0.21272 2.3878
105.58 23190 1046.1 14199 0.19608 -0.061003 1.833 -0.21251 2.3878
105.94 23262 1055.5 14148 0.19143 -0.05979 1.833 -0.21246 2.3878
106.6 23393 1072.9 14053 0.18283 -0.057482 1.833 -0.21235 2.3877
107.78 23616 1104.3 13883 0.16775 -0.053141 1.8331 -0.21216 2.3877
108.78 23796 1131.4 13739 0.15526 -0.049326 1.8331 -0.212 2.3876
109.06 23844 1139 13699 0.15187 -0.048291 1.8331 -0.21195 2.3876
109.72 23956 1157.2 13604 0.14385 -0.04584 1.8331 -0.21184 2.3876
110.9 24145 1190.2 13434 0.12995 -0.041782 1.8332 -0.21163 2.3875
111.9 24294 1218.7 13290 0.11855 -0.038754 1.8332 -0.21145 2.3875
112.17 24333 1226.7 13250 0.11546 -0.037979 1.8332 -0.2114 2.3875
112.83 24424 1245.9 13155 0.10816 -0.036213 1.8333 -0.21128 2.3875
114.01 24576 1280.8 12985 0.095499 -0.033534 1.8333 -0.21105 2.3874
115.01 24692 1310.9 12841 0.085061 -0.031707 1.8333 -0.21086 2.3873
115.29 24723 1319.3 12801 0.082225 -0.031226 1.8333 -0.2108 2.3873
115.95 24792 1339.6 12705 0.07552 -0.030104 1.8334 -0.21067 2.3873
117.13 24903 1376.2 12536 0.063942 -0.027957 1.8334 -0.21043 2.3872
118.13 24986 1407.8 12391 0.054601 -0.025743 1.8334 -0.21022 2.3872
118.4 25007 1416.6 12352 0.052124 -0.02504 1.8334 -0.21016 2.3871
119.02 25050 1436.2 12263 0.046801 -0.023405 1.8334 -0.21003 2.3871
120.3 25128 1477.7 12078 0.036639 -0.019401 1.8335 -0.20975 2.387
121.91 25203 1530.1 11847 0.026466 -0.013247 1.8335 -0.20938 2.3869
123.4 25256 1579.8 11631 0.019608 -0.0063877 1.8335 -0.20903 2.3868
124.39 25284 1613.2 11489 0.01628 -0.001281 1.8335 -0.20879 2.3868
124.64 25291 1621.7 11453 0.01564 3.0856e-05 1.8335 -0.20873 2.3868
