time (s) altitude (m) longitude (rad) latitude (rad) velocity (m/s) trajectory angle (rad) heading angle (rad) angle of attack (rad) bank angle (rad) fuel mass (kg) 
124.64 25291 2.3868 -0.20873 1621.7 0.01564 1.8335 3.0856e-05 1562
127.19 25350 2.3866 -0.20811 1630.6 0.013759 1.8336 0.012602 1555.2
131.73 25458 2.3863 -0.20698 1647.8 0.015673 1.8337 0.014048 1542.2
135.59 25562 2.386 -0.20602 1662.8 0.016362 1.8337 0.013395 1531
136.65 25591 2.3859 -0.20575 1667.1 0.01678 1.8337 0.015603 1527.8
139.2 25665 2.3858 -0.20511 1677.4 0.01782 1.8338 0.013533 1520.2
143.75 25805 2.3854 -0.20395 1696.4 0.018624 1.8339 0.012643 1506.3
147.6 25928 2.3852 -0.20296 1712.9 0.018953 1.8339 0.011739 1494.3
148.67 25963 2.3851 -0.20268 1717.6 0.018894 1.834 0.012092 1490.9
151.22 26047 2.3849 -0.20202 1728.9 0.019048 1.834 0.012273 1482.7
155.76 26198 2.3846 -0.20083 1749.6 0.019342 1.8341 0.012008 1467.8
159.62 26329 2.3843 -0.1998 1767.7 0.019092 1.8341 0.010491 1455
160.68 26365 2.3842 -0.19952 1772.7 0.018827 1.8341 0.010667 1451.4
163.23 26449 2.384 -0.19883 1784.6 0.018388 1.8342 0.010965 1442.8
167.78 26599 2.3837 -0.1976 1805.9 0.018458 1.8343 0.012638 1427.4
171.63 26728 2.3834 -0.19655 1823.8 0.018197 1.8343 0.0088123 1414.4
172.7 26763 2.3833 -0.19625 1828.6 0.017525 1.8343 0.0094431 1410.9
174.4 26816 2.3832 -0.19578 1836.5 0.016814 1.8344 0.0090858 1405.2
177.43 26909 2.383 -0.19494 1850.6 0.016696 1.8344 0.01557 1395
180 26994 2.3828 -0.19422 1863.1 0.019821 1.8344 0.026044 1385.9
180.7 27022 2.3827 -0.19402 1866.6 0.021411 1.8345 0.027218 1383.3
182.41 27095 2.3826 -0.19354 1874.9 0.024463 1.8345 0.020807 1377.1
185.43 27236 2.3823 -0.19268 1888.7 0.023736 1.8345 0.00013147 1367
188.01 27340 2.3821 -0.19195 1899.8 0.018689 1.8346 0.00018006 1359.1
188.71 27364 2.3821 -0.19174 1902.9 0.017827 1.8346 0.0030434 1356.9
190.42 27419 2.3819 -0.19125 1910.5 0.015383 1.8346 8.4251e-05 1351.5
193.44 27492 2.3817 -0.19038 1923.9 0.010032 1.8346 8.2136e-05 1342.1
196.01 27535 2.3815 -0.18963 1935.8 0.0082117 1.8347 0.017536 1333.8
196.72 27547 2.3814 -0.18942 1939.3 0.0091206 1.8347 0.020926 1331.3
198.43 27580 2.3813 -0.18892 1947.6 0.011101 1.8347 0.020663 1325.3
201.45 27656 2.3811 -0.18803 1962.4 0.014373 1.8347 0.020466 1314.6
204.02 27737 2.3808 -0.18727 1975.1 0.018157 1.8348 0.027532 1305.4
204.73 27764 2.3808 -0.18706 1978.7 0.019805 1.8348 0.028348 1302.8
206.44 27836 2.3806 -0.18655 1987 0.022791 1.8348 0.021157 1296.6
209.46 27975 2.3804 -0.18564 2000.9 0.022042 1.8349 4.7769e-05 1286.5
212.03 28077 2.3802 -0.18486 2012.2 0.017183 1.8349 7.2232e-05 1278.7
212.74 28101 2.3801 -0.18464 2015.4 0.016338 1.8349 0.003952 1276.4
214.44 28154 2.38 -0.18413 2022.9 0.014089 1.8349 4.8583e-05 1271.1
217.47 28223 2.3797 -0.1832 2036.5 0.0087251 1.835 5.0194e-05 1261.8
220.04 28264 2.3795 -0.18241 2048.7 0.0081142 1.835 0.02696 1253.3
220.75 28277 2.3794 -0.18219 2052.3 0.010033 1.835 0.027736 1250.6
222.45 28316 2.3793 -0.18166 2060.7 0.01177 1.835 0.014508 1244.7
225.48 28387 2.379 -0.18071 2074.7 0.010682 1.835 0.0096782 1234.6
228.05 28447 2.3788 -0.17991 2087.3 0.012683 1.8351 0.032397 1225.7
228.76 28467 2.3788 -0.17968 2091.1 0.014972 1.8351 0.034109 1223
230.46 28529 2.3786 -0.17915 2099.9 0.019762 1.8351 0.03355 1216.6
233.49 28673 2.3783 -0.17818 2114.4 0.024136 1.8351 0.013081 1205.8
236.06 28801 2.3781 -0.17736 2125.4 0.021721 1.8352 0.00012037 1197.6
236.77 28832 2.3781 -0.17713 2128.4 0.020662 1.8352 0.0002689 1195.4
238.47 28902 2.3779 -0.17659 2135.5 0.018061 1.8352 4.8915e-05 1190.2
241.5 29004 2.3776 -0.17561 2147.8 0.01336 1.8352 3.5504e-05 1180.9
244.07 29067 2.3774 -0.17478 2158 0.0093794 1.8353 6.1615e-05 1173.1
244.78 29080 2.3773 -0.17454 2160.8 0.0082819 1.8353 0.004036 1171
246.48 29107 2.3772 -0.17399 2167.5 0.0060573 1.8353 3.4477e-05 1165.7
249.51 29129 2.3769 -0.173 2179.3 0.00084557 1.8353 2.901e-05 1156.5
252.08 29129 2.3767 -0.17215 2189.8 0.00010629 1.8353 0.026916 1148.1
252.79 29130 2.3766 -0.17191 2192.9 0.0018389 1.8354 0.028682 1145.5
254.49 29143 2.3765 -0.17135 2200.2 0.0049192 1.8354 0.027733 1139.4
257.52 29193 2.3762 -0.17034 2212.8 0.0098403 1.8354 0.025656 1128.5
260.09 29260 2.376 -0.16948 2223.1 0.01379 1.8354 0.026895 1119.3
260.8 29283 2.3759 -0.16925 2225.9 0.015004 1.8354 0.029026 1116.7
262.5 29346 2.3757 -0.16867 2232.5 0.018024 1.8354 0.024938 1110.6
265.53 29471 2.3755 -0.16765 2243.2 0.017889 1.8355 2.3946e-05 1100.6
268.1 29563 2.3752 -0.16678 2251.5 0.013094 1.8355 3.0709e-05 1092.9
268.81 29582 2.3751 -0.16654 2253.9 0.012358 1.8355 0.00015805 1090.6
271.36 29643 2.3749 -0.16567 2262.1 0.0086786 1.8355 1.6363e-05 1082.9
275.91 29693 2.3745 -0.16412 2276.6 0.0013538 1.8356 1.344e-05 1069.2
279.76 29692 2.3741 -0.16279 2289.2 -0.00046695 1.8356 0.023686 1056.7
280.83 29692 2.374 -0.16242 2292.9 0.0015469 1.8356 0.023525 1052.9
283.38 29709 2.3738 -0.16154 2301.3 0.0042746 1.8356 0.021834 1044
287.92 29777 2.3733 -0.15996 2315.7 0.0085296 1.8357 0.021174 1028.2
291.78 29869 2.373 -0.15861 2327.4 0.012217 1.8357 0.022177 1014.8
292.84 29901 2.3729 -0.15823 2330.5 0.013306 1.8357 0.023583 1011.1
295.39 29991 2.3726 -0.15734 2337.9 0.016575 1.8357 0.023403 1002.1
299.94 30172 2.3722 -0.15573 2349.8 0.015917 1.8358 1.6094e-05 987.43
303.79 30288 2.3718 -0.15436 2358.7 0.0087901 1.8358 2.8927e-05 976.18
304.86 30307 2.3717 -0.15398 2361.2 0.0076842 1.8358 0.00013952 972.96
307.41 30343 2.3714 -0.15307 2367.1 0.0040286 1.8358 1.9832e-05 965.39
311.95 30345 2.371 -0.15145 2377.6 -0.0032547 1.8359 1.4713e-05 952.01
315.81 30303 2.3706 -0.15006 2387 -0.004846 1.8359 0.025927 939.8
316.87 30291 2.3705 -0.14968 2389.9 -0.0026635 1.8359 0.026098 935.97
318.57 30284 2.3703 -0.14907 2394.2 -0.0011746 1.8359 0.018243 930.17
321.6 30280 2.37 -0.14797 2401.5 -2.0495e-05 1.8359 0.017572 920.03
324.17 30285 2.3698 -0.14704 2407.6 0.0022239 1.8359 0.025635 911.19
324.88 30290 2.3697 -0.14678 2409.3 0.0032979 1.836 0.026256 908.67
326.58 30310 2.3696 -0.14617 2413.4 0.0059454 1.836 0.025615 902.61
329.61 30358 2.3692 -0.14506 2419.9 0.0063593 1.836 0.0021325 892.55
332.18 30388 2.369 -0.14412 2425 0.0028623 1.836 0.0055726 884.67
332.89 30392 2.3689 -0.14386 2426.4 0.0027006 1.836 0.011448 882.36
334.59 30403 2.3687 -0.14324 2430.1 0.0027807 1.836 0.016003 876.74
337.62 30433 2.3684 -0.14213 2436.5 0.0057746 1.836 0.026761 866.26
340.19 30479 2.3682 -0.14118 2441.8 0.0087555 1.8361 0.01578 857.31
340.9 30495 2.3681 -0.14092 2443.2 0.0086458 1.8361 0.015794 855
343.45 30553 2.3679 -0.13998 2448.3 0.009697 1.8361 0.015411 846.48
348 30650 2.3674 -0.1383 2456.9 0.0069327 1.8361 0 832.15
351.85 30697 2.367 -0.13687 2464.1 0.0030917 1.8361 0.015636 820.31
352.92 30704 2.3669 -0.13648 2466.2 0.004127 1.8361 0.016016 816.7
355.47 30731 2.3666 -0.13553 2471.1 0.004811 1.8362 0.016282 808.33
360.01 30797 2.3662 -0.13383 2479.5 0.0066949 1.8362 0.016772 793.35
363.87 30859 2.3658 -0.13239 2486.5 0.0055655 1.8362 5.764e-05 781.15
364.93 30872 2.3657 -0.13199 2488.4 0.0036081 1.8362 0.0010365 778.06
366.63 30883 2.3655 -0.13135 2491.4 0.0014163 1.8362 4.4455e-05 772.97
369.66 30877 2.3652 -0.13021 2497 -0.0029692 1.8362 4.4047e-05 763.98
372.23 30851 2.3649 -0.12925 2501.9 -0.0046426 1.8362 0.017421 755.96
372.94 30843 2.3648 -0.12898 2503.3 -0.0039719 1.8363 0.018088 753.55
374.64 30829 2.3647 -0.12834 2506.6 -0.0022006 1.8363 0.026509 747.72
377.67 30830 2.3643 -0.12719 2512.6 0.0024338 1.8363 0.025999 737.06
380.24 30855 2.3641 -0.12622 2517.4 0.0049592 1.8363 0.017533 728.24
380.95 30864 2.364 -0.12595 2518.7 0.0052364 1.8363 0.016494 725.88
382.65 30888 2.3638 -0.1253 2521.8 0.006087 1.8363 0.018439 720.19
385.68 30943 2.3635 -0.12415 2527.3 0.0082304 1.8363 0.018329 709.98
388.25 30998 2.3632 -0.12317 2531.8 0.0078462 1.8363 2.153e-06 701.72
388.96 31011 2.3632 -0.1229 2533 0.0065696 1.8363 0.00066543 699.65
390.66 31035 2.363 -0.12225 2535.9 0.0044518 1.8363 3.3479e-05 694.52
393.69 31053 2.3627 -0.12109 2541.2 0.00023245 1.8364 1.1994e-05 685.47
396.26 31047 2.3624 -0.1201 2545.8 -0.0013528 1.8364 0.017385 677.44
396.97 31045 2.3623 -0.11983 2547.1 -0.00066156 1.8364 0.019328 675.03
398.67 31044 2.3621 -0.11918 2550.2 0.00044384 1.8364 0.018453 669.34
401.7 31055 2.3618 -0.11801 2555.6 0.0021639 1.8364 0.017591 659.22
404.27 31074 2.3616 -0.11702 2560.1 0.0035737 1.8364 0.017919 650.63
404.98 31080 2.3615 -0.11675 2561.4 0.0039933 1.8364 0.019277 648.26
406.68 31101 2.3613 -0.11609 2564.3 0.0051609 1.8364 0.016501 642.55
409.71 31138 2.361 -0.11492 2569.4 0.0037063 1.8364 4.8923e-05 632.98
412.28 31154 2.3607 -0.11392 2573.8 0.0013905 1.8364 0.015039 625.06
412.99 31156 2.3606 -0.11365 2575 0.0020878 1.8365 0.018102 622.64
415.54 31172 2.3604 -0.11266 2579.3 0.002633 1.8365 0.012227 614.3
420.08 31207 2.3599 -0.11089 2586.8 0.003437 1.8365 0.016523 599.46
423.94 31248 2.3595 -0.10938 2593.2 0.0050312 1.8365 0.012672 586.73
425 31263 2.3594 -0.10897 2594.9 0.0048296 1.8365 0.012873 583.33
427.56 31298 2.3591 -0.10797 2598.9 0.0054022 1.8365 0.013329 575.02
432.1 31349 2.3586 -0.10619 2606.2 0.0026223 1.8365 3.3882e-05 560.9
435.95 31359 2.3582 -0.10467 2612.4 -0.00034618 1.8366 0.017504 549.02
437.02 31358 2.3581 -0.10425 2614.1 0.0010169 1.8366 0.018846 545.37
438.72 31364 2.3579 -0.10358 2616.8 0.0018134 1.8366 0.014639 539.76
441.75 31380 2.3576 -0.10238 2621.6 0.0022002 1.8366 0.01387 529.95
444.32 31400 2.3573 -0.10137 2625.6 0.0041547 1.8366 0.028277 521.34
445.03 31409 2.3572 -0.10109 2626.7 0.0055565 1.8366 0.033155 518.82
446.73 31442 2.357 -0.10041 2629.1 0.0097177 1.8366 0.040037 512.64
449.76 31556 2.3567 -0.099213 2633 0.019185 1.8366 0.047689 501.37
452.33 31717 2.3564 -0.098192 2635.7 0.028485 1.8366 0.053333 491.74
453.04 31773 2.3563 -0.097911 2636.3 0.031243 1.8366 0.055452 489.08
454.74 31928 2.3561 -0.097235 2637.5 0.038039 1.8366 0.058344 482.74
457.77 32284 2.3558 -0.096032 2638.8 0.05136 1.8367 0.069284 471.57
460.34 32673 2.3555 -0.095012 2638.7 0.063429 1.8367 0.072404 462.36
461.05 32795 2.3555 -0.094731 2638.6 0.066512 1.8367 0.071482 459.93
462.8 33120 2.3553 -0.094035 2638.2 0.07379 1.8367 0.073007 454.14
466.59 33929 2.3549 -0.092534 2636.6 0.087935 1.8368 0.076421 442.5
471.65 35203 2.3543 -0.090535 2632.5 0.10264 1.8369 0.079476 429.49
476.98 36714 2.3537 -0.088437 2628.1 0.1123 1.837 0.077824 417.87
481.52 38067 2.3532 -0.086655 2620.3 0.11427 1.8371 0.061626 413.33
484.37 38913 2.3529 -0.085539 2612.3 0.11246 1.8371 0.059478 414.08
485.08 39118 2.3529 -0.085264 2610.9 0.11198 1.8371 0.059581 413.85
486.78 39611 2.3527 -0.0846 2607 0.11038 1.8372 0.058337 413.85
489.81 40466 2.3524 -0.08342 2600.7 0.1067 1.8372 0.056514 413.85
492.38 41165 2.3521 -0.082421 2595.7 0.10291 1.8373 0.056235 413.85
493.09 41353 2.352 -0.082145 2594.4 0.10177 1.8373 0.05596 413.85
494.79 41795 2.3518 -0.081485 2591.4 0.09891 1.8373 0.056124 413.85
497.82 42548 2.3515 -0.080311 2586.4 0.093424 1.8373 0.057605 413.85
500.39 43151 2.3512 -0.079316 2582.4 0.088452 1.8374 0.058638 413.85
501.1 43312 2.3512 -0.079042 2581.4 0.087029 1.8374 0.058868 413.85
502.8 43686 2.351 -0.078384 2578.9 0.083538 1.8374 0.059225 413.85
505.83 44312 2.3507 -0.077214 2574.9 0.077062 1.8375 0.060319 413.85
508.4 44803 2.3504 -0.076223 2571.8 0.071377 1.8375 0.062846 413.85
509.11 44931 2.3503 -0.075949 2570.9 0.06979 1.8375 0.064655 413.85
511.66 45370 2.35 -0.074966 2568 0.064099 1.8375 0.06931 413.85
516.2 46056 2.3496 -0.073216 2563.3 0.053681 1.8376 0.069183 413.85
520.06 46541 2.3492 -0.071734 2559.9 0.044424 1.8376 0.068553 413.85
521.12 46658 2.349 -0.071325 2559 0.04183 1.8376 0.068967 413.85
523.67 46911 2.3488 -0.070344 2557.1 0.035546 1.8377 0.069587 413.85
528.22 47258 2.3483 -0.0686 2554.1 0.024195 1.8377 0.070003 413.85
532.07 47448 2.3479 -0.067121 2552.1 0.014395 1.8377 0.067566 413.85
533.14 47483 2.3478 -0.066713 2551.6 0.011651 1.8377 0.068124 413.85
535.69 47538 2.3475 -0.065735 2550.6 0.0050963 1.8377 0.068745 413.85
540.23 47529 2.347 -0.063994 2549.1 -0.0065705 1.8377 0.069588 413.85
544.09 47416 2.3466 -0.062517 2548.2 -0.01643 1.8377 0.06983 413.85
545.15 47368 2.3465 -0.06211 2548 -0.019141 1.8377 0.06945 413.85
547.7 47223 2.3463 -0.061133 2547.7 -0.025629 1.8377 0.069102 413.85
552.25 46860 2.3458 -0.059394 2547.5 -0.037071 1.8377 0.068767 413.85
556.1 46449 2.3454 -0.05792 2547.6 -0.046603 1.8377 0.068394 413.85
557.17 46319 2.3453 -0.057513 2547.6 -0.049199 1.8377 0.068769 413.85
559.72 45979 2.345 -0.056537 2547.8 -0.055329 1.8377 0.068857 413.85
564.26 45278 2.3445 -0.0548 2548.4 -0.065872 1.8377 0.068677 413.85
568.12 44588 2.3441 -0.053326 2549.2 -0.074569 1.8376 0.061248 413.85
569.18 44383 2.344 -0.052919 2549.4 -0.07699 1.8376 0.059713 413.85
571.73 43864 2.3437 -0.051944 2550 -0.082636 1.8376 0.058988 413.85
576.28 42851 2.3433 -0.050208 2551.2 -0.092178 1.8376 0.05691 413.85
580.13 41909 2.3429 -0.048735 2552.2 -0.099652 1.8375 0.055441 413.85
581.2 41636 2.3427 -0.048329 2552.4 -0.10159 1.8375 0.05604 413.85
586.3 40261 2.3422 -0.04638 2553.5 -0.10974 1.8374 0.056196 413.66
595.39 37602 2.3413 -0.042912 2551 -0.11797 1.8373 0.06295 414.59
603.1 35325 2.3405 -0.039971 2552.2 -0.11145 1.8372 0.080707 408.18
605.22 34733 2.3402 -0.039157 2556.3 -0.1058 1.8372 0.081258 402.22
606.93 34284 2.3401 -0.038505 2558.5 -0.10073 1.8371 0.081334 397.94
609.95 33545 2.3397 -0.037342 2562.3 -0.089749 1.8371 0.080964 389.51
612.53 32990 2.3395 -0.036353 2565.4 -0.078721 1.8371 0.078698 381.58
613.23 32850 2.3394 -0.03608 2566.2 -0.075475 1.8371 0.077366 379.28
614.94 32538 2.3392 -0.035424 2568.4 -0.067375 1.837 0.076067 373.58
617.96 32073 2.3389 -0.034253 2572.2 -0.052198 1.837 0.070009 362.84
620.53 31769 2.3386 -0.033257 2575.9 -0.039952 1.837 0.059596 353.43
621.24 31698 2.3386 -0.032982 2577 -0.036929 1.837 0.057836 350.83
622.95 31553 2.3384 -0.032321 2579.8 -0.029639 1.837 0.054949 344.52
625.97 31369 2.3381 -0.031143 2584.8 -0.017492 1.837 0.0479 333.18
628.54 31283 2.3378 -0.030141 2589.1 -0.0086561 1.837 0.040774 323.64
629.25 31269 2.3377 -0.029864 2590.3 -0.006517 1.837 0.037238 321.03
631.81 31246 2.3374 -0.028868 2594.7 -0.00085407 1.837 0.027904 311.96
636.35 31284 2.3369 -0.027089 2602.2 0.0073994 1.837 0.030902 296.05
640.2 31407 2.3365 -0.025575 2607.8 0.018319 1.837 0.046101 282.01
641.27 31464 2.3364 -0.025157 2609.1 0.022458 1.837 0.048871 277.99
643.82 31648 2.3361 -0.024154 2611.8 0.032776 1.837 0.053476 268.42
648.36 32150 2.3357 -0.022366 2615.1 0.051839 1.8371 0.059406 251.85
652.22 32755 2.3352 -0.02085 2615.9 0.068254 1.8371 0.069618 238.6
653.28 32951 2.3351 -0.020431 2615.8 0.073046 1.8371 0.070178 235.07
655.83 33472 2.3349 -0.019429 2615.1 0.083191 1.8371 0.070935 227.14
660.38 34550 2.3344 -0.017647 2613 0.097643 1.8372 0.070911 214.69
664.23 35576 2.334 -0.016139 2610.6 0.10598 1.8373 0.069608 205.82
665.3 35872 2.3338 -0.015723 2609.8 0.10765 1.8373 0.072775 203.64
667.85 36601 2.3336 -0.014727 2608.1 0.11112 1.8373 0.068218 198.53
672.39 37915 2.3331 -0.012956 2601.4 0.10999 1.8374 0.029644 194.46
676.25 38983 2.3327 -0.011458 2592.5 0.10293 1.8374 0.025463 195.4
677.31 39263 2.3326 -0.011045 2590.8 0.10122 1.8375 0.030113 195.09
679.01 39701 2.3324 -0.010385 2587.6 0.098138 1.8375 0.029224 195.09
682.04 40446 2.3321 -0.0092126 2582.5 0.092125 1.8375 0.02753 195.09
684.61 41038 2.3318 -0.0082188 2578.4 0.086627 1.8376 0.028321 195.09
685.32 41194 2.3317 -0.0079447 2577.4 0.085079 1.8376 0.028561 195.09
687.02 41559 2.3315 -0.0072878 2574.9 0.081277 1.8376 0.02864 195.09
690.05 42164 2.3312 -0.0061191 2570.8 0.074303 1.8376 0.030197 195.09
692.62 42635 2.331 -0.0051285 2567.6 0.068234 1.8377 0.031057 195.09
693.33 42757 2.3309 -0.0048551 2566.8 0.066529 1.8377 0.031228 195.09
695.03 43038 2.3307 -0.0042002 2564.9 0.062379 1.8377 0.029963 195.09
698.06 43493 2.3304 -0.0030346 2561.7 0.054693 1.8377 0.026057 195.09
700.63 43830 2.3301 -0.0020463 2559.4 0.047871 1.8377 0.022401 195.09
701.34 43916 2.33 -0.0017735 2558.8 0.045946 1.8377 0.021484 195.09
705.17 44313 2.3296 -0.00030337 2555.8 0.035231 1.8377 0.01546 195.09
711.99 44755 2.3289 0.0023126 2551.9 0.015416 1.8378 0.013158 195.09
717.77 44857 2.3283 0.0045301 2549.7 -0.0015632 1.8378 0.013125 195.09
719.36 44841 2.3281 0.005142 2549.2 -0.0062695 1.8378 0.014166 195.09
723.19 44725 2.3277 0.0066082 2548.4 -0.01749 1.8378 0.013309 195.09
730.01 44248 2.327 0.0092183 2547.9 -0.037313 1.8377 0.016254 195.09
735.79 43580 2.3264 0.011432 2548.2 -0.053203 1.8377 0.028077 195.09
737.39 43355 2.3263 0.012042 2548.3 -0.057271 1.8377 0.032171 195.09
739.94 42963 2.326 0.013018 2548.6 -0.06361 1.8377 0.031757 195.09
744.48 42163 2.3255 0.014756 2549.2 -0.074536 1.8376 0.031642 195.09
748.34 41387 2.3251 0.01623 2549.8 -0.083365 1.8376 0.030688 195.09
749.4 41158 2.325 0.016637 2550 -0.08573 1.8376 0.030728 195.09
751.95 40583 2.3247 0.017612 2550.4 -0.091213 1.8375 0.030093 195.09
756.5 39474 2.3243 0.019348 2551 -0.10037 1.8375 0.028412 195.09
760.35 38453 2.3239 0.02082 2551.4 -0.10734 1.8374 0.028124 195.09
761.42 38160 2.3237 0.021226 2551.4 -0.10909 1.8374 0.030261 195.09
763.97 37440 2.3235 0.0222 2550.6 -0.11224 1.8373 0.042801 195.39
768.51 36140 2.323 0.023934 2552.8 -0.11105 1.8373 0.073447 191.37
772.37 35080 2.3226 0.025409 2559.3 -0.10345 1.8372 0.074559 182.52
773.43 34803 2.3225 0.025817 2560.4 -0.10107 1.8372 0.074066 180.39
775.98 34166 2.3222 0.026797 2563.9 -0.093921 1.8371 0.073821 174.09
780.53 33164 2.3217 0.028547 2570 -0.077357 1.8371 0.071868 161.22
784.38 32477 2.3213 0.030038 2575.4 -0.061081 1.837 0.06311 148.9
785.45 32316 2.3212 0.03045 2577 -0.056718 1.837 0.060962 145.35
788 31979 2.321 0.03144 2581.1 -0.045962 1.837 0.056997 136.53
792.54 31551 2.3205 0.033209 2588.6 -0.027006 1.837 0.049624 120.12
796.4 31355 2.3201 0.034714 2595.1 -0.012732 1.837 0.040317 105.97
797.46 31325 2.32 0.03513 2596.9 -0.0094148 1.837 0.031324 102.1
800.01 31280 2.3197 0.03613 2601.4 -0.0040059 1.837 0.029375 93.174
804.56 31314 2.3192 0.037913 2608.3 0.011737 1.837 0.056474 76.257
808.41 31551 2.3188 0.039429 2609.9 0.037978 1.837 0.087699 60.185
809.47 31670 2.3187 0.039847 2609.1 0.047137 1.837 0.097292 55.574
812.03 32067 2.3184 0.040847 2604.1 0.072764 1.837 0.11928 44.299
816.57 33206 2.3179 0.042617 2588.9 0.12028 1.837 0.13606 25.467
820.43 34576 2.3175 0.044101 2573.3 0.1542 1.8371 0.1464 12.219
821.49 35006 2.3174 0.044508 2568.8 0.16243 1.8371 0.15914 9.0145
823.19 35740 2.3172 0.045156 2561.2 0.17492 1.8372 0.15718 4.0144
826.22 37152 2.3169 0.046301 2544.4 0.19125 1.8372 0.15056 0.0023309
828.79 38422 2.3166 0.047263 2526.9 0.20031 1.8373 0.15697 0.92936
829.5 38780 2.3166 0.047527 2523 0.20248 1.8373 0.15848 0.62403
831.2 39651 2.3164 0.048158 2513.3 0.20665 1.8374 0.16238 0.62403
834.23 41228 2.3161 0.049275 2497.4 0.21154 1.8375 0.16895 0.62403
836.8 42579 2.3158 0.050216 2485.4 0.21334 1.8375 0.16902 0.62403
837.51 42952 2.3158 0.050475 2482.4 0.21346 1.8376 0.16855 0.62403
839.21 43845 2.3156 0.051095 2475.4 0.21323 1.8376 0.16988 0.62403
842.24 45422 2.3153 0.052194 2463.8 0.21132 1.8377 0.1742 0.62403
844.81 46740 2.315 0.053124 2454.9 0.20844 1.8378 0.17368 0.62403
845.52 47099 2.315 0.05338 2452.6 0.20743 1.8378 0.17201 0.62403
