time (s) altitude (m) velocity (m/s) mass (kg) dynamic pressure (Pa)trajectory angle (rad) Lift (N)Drag (N)heading angle (rad) latitude (rad) angle of attack (rad) 
845.52 47099 2452.6 3300 4239.9 0.20743 5803.3 2176 1.8378 0.05338 0.31048
847.02 47857 2468.1 3277.8 3902.2 0.20589 5355.2 2009.5 1.8378 0.053923 0.31104
849.69 49205 2496.4 3238.2 3367.7 0.20304 4626.2 1735.8 1.8379 0.054899 0.31121
851.96 50345 2521 3204.6 2974 0.20051 4055.1 1516.5 1.838 0.055737 0.30956
852.59 50660 2527.9 3195.3 2873.9 0.19979 3907.1 1459.3 1.838 0.05597 0.30892
854.09 51412 2544.6 3173.1 2659.2 0.19805 3623.4 1354.1 1.838 0.05653 0.30938
856.76 52748 2574.9 3133.5 2328.2 0.19491 3147.2 1171.5 1.8381 0.057538 0.3076
859.03 53877 2601.1 3099.9 2077.9 0.19218 2760 1019.3 1.8381 0.058403 0.30383
859.66 54188 2608.5 3090.7 2013.3 0.19141 2662.9 981.52 1.8381 0.058643 0.30292
861.16 54932 2626.3 3068.4 1866.1 0.18956 2463.7 906.89 1.8382 0.059222 0.30249
863.83 56252 2658.5 3028.9 1628.5 0.18626 2115.1 772.42 1.8383 0.060264 0.29903
866.1 57366 2686.4 2995.3 1449.5 0.18341 1842.6 665.97 1.8383 0.061158 0.2946
866.73 57672 2694.2 2986 1403.4 0.18261 1774.1 639.42 1.8383 0.061406 0.29346
868.23 58406 2713.1 2963.8 1298.5 0.18071 1632.3 586.41 1.8384 0.062005 0.29229
870.9 59705 2747.3 2924.2 1129.7 0.17731 1383.2 490.18 1.8384 0.063082 0.28704
873.17 60802 2776.9 2890.6 1003 0.17439 1194.6 417.09 1.8385 0.064008 0.28168
873.8 61103 2785.2 2881.3 970.41 0.17358 1147.8 399.2 1.8385 0.064265 0.28036
875.3 61824 2805.2 2859.1 896.4 0.17165 1059.8 368.12 1.8385 0.064884 0.28022
877.97 63100 2841.4 2819.5 777.57 0.16826 914.79 316.19 1.8386 0.066 0.27925
880.24 64177 2872.7 2786 688.55 0.16542 789.82 270.07 1.8386 0.066957 0.27431
880.87 64473 2881.4 2776.7 665.73 0.16463 756.11 257.49 1.8386 0.067224 0.27241
882.37 65180 2902.6 2754.5 613.9 0.16275 687.59 232.64 1.8387 0.067865 0.26976
885.04 66433 2940.8 2714.9 530.92 0.15938 567.47 188.07 1.8387 0.069021 0.26117
887.31 67488 2974 2681.3 468.99 0.15649 481.39 156.51 1.8388 0.070013 0.25404
887.94 67778 2983.3 2672 453.14 0.1557 460.33 148.89 1.8388 0.070289 0.25227
889.44 68471 3005.6 2649.8 417.21 0.15379 418.67 134.45 1.8388 0.070954 0.25017
892.11 69697 3046.1 2610.2 359.83 0.15041 347.52 109.36 1.8389 0.072151 0.24379
894.38 70728 3081.2 2576.6 317.13 0.14755 293.54 91.059 1.8389 0.07318 0.23653
895.01 71012 3091 2567.4 306.22 0.14676 279.72 86.378 1.8389 0.073466 0.23434
896.51 71688 3114.7 2545.1 280.85 0.14486 250.45 76.659 1.839 0.074156 0.23043
899.18 72885 3157.6 2505.6 240.74 0.14146 200.78 59.974 1.839 0.075398 0.22001
901.45 73890 3194.7 2472 211.25 0.13856 167.87 49.207 1.8391 0.076465 0.21293
902.08 74166 3205.1 2462.7 203.76 0.13776 159.55 46.561 1.8391 0.076762 0.21084
903.58 74825 3230.1 2440.5 186.89 0.13584 141.55 41.098 1.8391 0.077478 0.20599
906.25 75987 3275.6 2400.9 160.27 0.13227 95.653 26.791 1.8391 0.078767 0.1748
908.52 76961 3315.3 2367.3 140.78 0.12885 57.43 16.566 1.8392 0.079876 0.13289
909.15 77227 3326.4 2358 135.85 0.12783 50.178 14.872 1.8392 0.080184 0.12299
910.65 77860 3353.3 2335.8 124.8 0.12525 34.155 11.27 1.8392 0.080928 0.097133
913.32 78966 3402.1 2296.2 107.52 0.12019 13.287 7.6121 1.8393 0.082268 0.050423
915.59 79879 3444.5 2262.6 95.007 0.11543 2.2078 6.1645 1.8393 0.08342 0.010947
916.22 80126 3456.3 2253.4 91.868 0.11404 0 5.8962 1.8393 0.083741 0
916.22 80126 3456.3 2253.4 91.868 0.11404 0 5.8962 1.8393 0.083741 0
917.22 80519 3455.3 2253.4 86.074 0.11179 -3.5405e-16 5.5303 1.8393 0.084254 0
918.22 80901 3454.2 2253.4 80.782 0.10954 6.0415e-17 5.1958 1.8393 0.084767 0
919.22 81274 3453.2 2253.4 75.896 0.10729 -2.5543e-16 4.8866 1.8394 0.085281 0
920.22 81640 3452.3 2253.4 71.383 0.10503 0 4.6008 1.8394 0.085794 0
921.22 81998 3451.3 2253.4 67.211 0.10278 2.7646e-16 4.3363 1.8394 0.086306 0
922.22 82349 3450.4 2253.4 63.354 0.10052 -2.1322e-16 4.0914 1.8394 0.086819 0
923.22 82691 3449.4 2253.4 59.783 0.098267 -2.012e-16 3.8646 1.8394 0.087332 0
924.22 83025 3448.5 2253.4 56.479 0.096008 4.224e-17 3.6545 1.8394 0.087845 0
925.22 83352 3447.7 2253.4 53.417 0.093749 2.1973e-16 3.4597 1.8394 0.088358 0
926.22 83671 3446.8 2253.4 50.581 0.091488 0 3.2789 1.8395 0.088871 0
927.22 83982 3446 2253.4 47.95 0.089227 3.3172e-16 3.1112 1.8395 0.089383 0
928.22 84285 3445.2 2253.4 45.51 0.086964 -2.808e-16 2.9555 1.8395 0.089896 0
929.22 84580 3444.4 2253.4 43.246 0.084701 -5.66e-17 2.8109 1.8395 0.090408 0
930.22 84868 3443.6 2253.4 41.132 0.082437 -5.3833e-17 2.6755 1.8395 0.090921 0
931.22 85147 3442.9 2122.5 0 0.080171 0 0 1.8395 0.091433 0
932.22 85419 3442.2 2122.5 0 0.077905 0 0 1.8395 0.091946 0
933.22 85683 3441.5 2122.5 0 0.075638 0 0 1.8395 0.092458 0
934.22 85939 3440.8 2122.5 0 0.07337 -0 0 1.8395 0.092971 0
935.22 86188 3440.1 2122.5 0 0.071101 0 0 1.8396 0.093483 0
936.22 86428 3439.5 2122.5 0 0.068832 -0 0 1.8396 0.093995 0
937.22 86661 3438.9 2122.5 0 0.066562 -0 0 1.8396 0.094508 0
938.22 86886 3438.3 2122.5 0 0.064291 0 0 1.8396 0.09502 0
939.22 87103 3437.7 2122.5 0 0.062019 0 0 1.8396 0.095532 0
940.22 87312 3437.2 2122.5 0 0.059747 0 0 1.8396 0.096044 0
941.22 87513 3436.7 2122.5 0 0.057473 -0 0 1.8396 0.096557 0
942.22 87707 3436.1 2122.5 0 0.0552 -0 0 1.8396 0.097069 0
943.22 87892 3435.7 2122.5 0 0.052925 0 0 1.8396 0.097581 0
944.22 88070 3435.2 2122.5 0 0.050651 0 0 1.8396 0.098093 0
945.22 88240 3434.8 2122.5 0 0.048375 0 0 1.8396 0.098605 0
946.22 88402 3434.4 2122.5 0 0.046099 0 0 1.8396 0.099117 0
947.22 88557 3434 2122.5 0 0.043823 0 0 1.8397 0.099629 0
948.22 88703 3433.6 2122.5 0 0.041546 -0 0 1.8397 0.10014 0
949.22 88842 3433.2 2122.5 0 0.039268 0 0 1.8397 0.10065 0
950.22 88973 3432.9 2122.5 0 0.03699 0 0 1.8397 0.10117 0
951.22 89096 3432.6 2122.5 0 0.034712 -0 0 1.8397 0.10168 0
952.22 89211 3432.3 2122.5 0 0.032434 -0 0 1.8397 0.10219 0
953.22 89318 3432 2122.5 0 0.030155 0 0 1.8397 0.1027 0
954.22 89418 3431.8 2122.5 0 0.027875 -0 0 1.8397 0.10321 0
955.22 89510 3431.6 2122.5 0 0.025596 0 0 1.8397 0.10372 0
956.22 89594 3431.4 2122.5 0 0.023316 -0 0 1.8397 0.10424 0
957.22 89670 3431.2 2122.5 0 0.021036 -0 0 1.8397 0.10475 0
958.22 89738 3431 2122.5 0 0.018756 0 0 1.8397 0.10526 0
959.22 89798 3430.9 2122.5 0 0.016475 -0 0 1.8397 0.10577 0
960.22 89851 3430.8 2122.5 0 0.014195 0 0 1.8397 0.10628 0
961.22 89896 3430.7 2122.5 0 0.011914 0 0 1.8397 0.1068 0
962.22 89933 3430.6 2122.5 0 0.0096329 -0 0 1.8397 0.10731 0
963.22 89962 3430.6 2122.5 0 0.0073519 -0 0 1.8397 0.10782 0
964.22 89983 3430.6 2122.5 0 0.0050709 0 0 1.8397 0.10833 0
965.22 89997 3430.6 2122.5 0 0.0027899 0 0 1.8397 0.10884 0
966.22 90002 3430.6 2122.5 0 0.00050887 0 0 1.8397 0.10936 0
967.22 90000 3430.6 2122.5 0 0 0 0 1.8397 0.10987 0
