time (s) altitude (m) longitude (rad) latitude (rad) velocity (m/s) trajectory angle (rad) heading angle (rad) angle of attack (rad) bank angle (rad) fuel mass (kg) 
0 27004 2.3868 -0.2123 1520 0.0022219 6.5234e-05 0.01294 0.26782 1562
2.106 27004 2.3873 -0.2123 1523.7 -0.0015965 0.0026513 0.013964 0.26326 1558.8
5.857 26979 2.3883 -0.2123 1530.7 -0.0069345 0.0073892 0.019065 0.24239 1552.8
9.0395 26938 2.389 -0.21229 1537 -0.0092834 0.011627 0.023946 0.22871 1547.5
9.9181 26926 2.3892 -0.21229 1538.9 -0.0095893 0.012839 0.024933 0.22849 1546
12.024 26894 2.3898 -0.21228 1543.3 -0.0099784 0.015826 0.026072 0.23033 1542.3
15.775 26836 2.3907 -0.21226 1551.5 -0.0099768 0.021614 0.026652 0.25836 1535.5
18.958 26787 2.3915 -0.21224 1558.8 -0.0098973 0.027199 0.025489 0.29552 1529.6
19.836 26773 2.3917 -0.21224 1560.9 -0.0099563 0.02885 0.025541 0.30194 1527.9
21.942 26740 2.3922 -0.21222 1565.9 -0.0099702 0.032957 0.025337 0.32113 1523.8
25.693 26681 2.3932 -0.21219 1575.4 -0.0099657 0.041243 0.0254 0.38321 1516.4
28.876 26631 2.394 -0.21215 1583.8 -0.0099482 0.049445 0.025467 0.42811 1509.8
29.754 26617 2.3942 -0.21214 1586.1 -0.0099359 0.051849 0.025261 0.43799 1508
31.86 26584 2.3947 -0.21211 1592 -0.0099432 0.057806 0.025176 0.45964 1503.5
35.611 26525 2.3957 -0.21205 1602.9 -0.0099523 0.069538 0.025687 0.52404 1495.2
38.794 26474 2.3965 -0.21199 1612.6 -0.0099347 0.080786 0.026117 0.56609 1487.9
39.673 26460 2.3967 -0.21197 1615.3 -0.0099103 0.084037 0.025992 0.57517 1485.8
41.779 26426 2.3973 -0.21193 1622.1 -0.0098987 0.092021 0.025834 0.59427 1480.8
45.53 26365 2.3982 -0.21183 1634.8 -0.0099463 0.1072 0.026251 0.64435 1471.4
48.712 26314 2.3991 -0.21174 1646.1 -0.0097789 0.12123 0.027518 0.66898 1463.2
49.591 26300 2.3993 -0.21171 1649.4 -0.0096058 0.12527 0.027814 0.67393 1460.8
51.697 26267 2.3999 -0.21164 1657.3 -0.009049 0.13517 0.028683 0.68175 1455
55.448 26216 2.4008 -0.2115 1672.1 -0.0070493 0.15403 0.031674 0.70173 1444.2
58.63 26185 2.4017 -0.21137 1685.4 -0.0042519 0.17144 0.033772 0.71797 1434.6
59.509 26180 2.4019 -0.21133 1689.2 -0.0033525 0.17643 0.034118 0.72405 1431.8
61.615 26172 2.4025 -0.21122 1698.4 -0.0010848 0.18868 0.034802 0.73748 1425.1
65.366 26179 2.4035 -0.21103 1715.4 0.003275 0.21201 0.037361 0.78647 1412.5
68.548 26207 2.4043 -0.21084 1730.5 0.0071243 0.23383 0.039748 0.83332 1401.4
69.427 26219 2.4046 -0.21078 1734.7 0.0081779 0.24017 0.040265 0.84562 1398.2
71.533 26253 2.4051 -0.21064 1745.1 0.010669 0.25579 0.041642 0.87058 1390.5
75.284 26338 2.4062 -0.21037 1764.2 0.014906 0.28594 0.045877 0.93871 1376.1
78.467 26431 2.407 -0.2101 1780.9 0.017963 0.31394 0.048169 0.98923 1363.4
79.345 26460 2.4073 -0.21003 1785.6 0.018658 0.32188 0.048471 1.0049 1359.9
81.451 26533 2.4078 -0.20984 1796.7 0.019989 0.34124 0.048795 1.0303 1351.4
85.202 26672 2.4088 -0.20946 1816.6 0.020936 0.3766 0.049665 1.093 1336.2
88.385 26793 2.4097 -0.20912 1833.5 0.020499 0.4074 0.05054 1.1179 1323.2
89.263 26826 2.4099 -0.20902 1838.2 0.020353 0.41593 0.050788 1.1192 1319.7
91.369 26904 2.4105 -0.20877 1849.5 0.01998 0.43642 0.051087 1.1191 1311.1
95.12 27042 2.4115 -0.20829 1869.8 0.019479 0.47244 0.050368 1.1088 1295.8
98.303 27157 2.4123 -0.20785 1886.9 0.019168 0.50197 0.048417 1.0961 1282.9
99.181 27189 2.4126 -0.20772 1891.6 0.019069 0.50989 0.048069 1.0946 1279.3
101.95 27288 2.4133 -0.20731 1906.6 0.01875 0.53453 0.047066 1.0878 1268.2
107.44 27483 2.4147 -0.20644 1936.1 0.018228 0.58146 0.045174 1.0704 1246.3
113.53 27697 2.4163 -0.20538 1968.7 0.017714 0.63086 0.043336 1.0582 1222.2
117.89 27848 2.4174 -0.20457 1992.1 0.017238 0.66474 0.042017 1.0488 1205.1
119.02 27887 2.4177 -0.20435 1998.1 0.017117 0.67332 0.041806 1.0473 1200.7
121.12 27958 2.4182 -0.20394 2009.3 0.016867 0.68914 0.041367 1.0444 1192.5
124.87 28084 2.4191 -0.20317 2029.3 0.016432 0.71666 0.040387 1.0336 1177.9
128.06 28190 2.4199 -0.2025 2046.2 0.016132 0.73934 0.039819 1.0245 1165.6
128.94 28219 2.4201 -0.20231 2050.8 0.016064 0.74551 0.039712 1.0226 1162.2
131.04 28288 2.4206 -0.20184 2061.9 0.015913 0.76016 0.039173 1.017 1154.1
134.79 28411 2.4215 -0.201 2081.7 0.015576 0.78528 0.037007 1.0005 1139.7
137.98 28513 2.4222 -0.20025 2098.4 0.015167 0.8056 0.035915 0.99293 1127.6
138.85 28541 2.4224 -0.20004 2102.9 0.015044 0.81113 0.035835 0.9922 1124.3
140.96 28607 2.4229 -0.19954 2113.9 0.014732 0.82426 0.035595 0.99168 1116.3
144.71 28722 2.4238 -0.19862 2133 0.014083 0.84731 0.03518 0.99227 1102.2
147.89 28815 2.4245 -0.19781 2148.6 0.013442 0.86659 0.035026 0.99314 1090.2
148.77 28841 2.4247 -0.19759 2152.9 0.013259 0.87187 0.034977 0.99262 1086.9
150.88 28900 2.4251 -0.19704 2162.8 0.012823 0.88447 0.034959 0.99066 1079
154.63 29002 2.4259 -0.19605 2180.1 0.012151 0.90661 0.034782 0.98066 1064.9
157.81 29084 2.4266 -0.19518 2194.1 0.011675 0.92497 0.034088 0.97124 1053
158.69 29107 2.4268 -0.19494 2197.9 0.011536 0.92994 0.033807 0.96966 1049.7
160.8 29159 2.4272 -0.19436 2207 0.01118 0.94173 0.033381 0.96526 1041.9
164.55 29250 2.428 -0.1933 2222.6 0.010597 0.96228 0.032829 0.95199 1028
167.73 29324 2.4287 -0.19239 2235.4 0.0102 0.97929 0.032485 0.94362 1016.2
168.61 29344 2.4288 -0.19213 2238.9 0.010094 0.98394 0.032305 0.94193 1012.9
170.71 29391 2.4292 -0.19151 2247.1 0.0098332 0.99495 0.03201 0.93748 1005.2
174.47 29472 2.43 -0.1904 2261.3 0.0094278 1.0142 0.031623 0.92702 991.38
177.65 29539 2.4306 -0.18944 2273 0.009091 1.0302 0.031082 0.92552 979.71
178.53 29557 2.4307 -0.18917 2276.2 0.0089662 1.0346 0.030552 0.92601 976.49
180.63 29599 2.4311 -0.18852 2283.6 0.0085942 1.045 0.03079 0.92914 968.81
184.38 29671 2.4318 -0.18736 2296.6 0.008181 1.064 0.033555 0.94262 955.02
187.57 29730 2.4323 -0.18635 2307.2 0.0080518 1.0808 0.033951 0.95182 943.23
188.44 29746 2.4325 -0.18607 2310.2 0.0079644 1.0854 0.033847 0.95224 939.98
190.55 29785 2.4328 -0.1854 2317 0.0077991 1.0964 0.033912 0.9518 932.19
194.3 29852 2.4335 -0.18418 2329.1 0.00754 1.1159 0.033693 0.94649 918.33
197.48 29907 2.434 -0.18313 2339.1 0.00735 1.1322 0.033383 0.9413 906.6
198.36 29922 2.4341 -0.18284 2341.9 0.0072994 1.1367 0.033279 0.9409 903.37
200.47 29958 2.4344 -0.18214 2348.3 0.007158 1.1473 0.033053 0.93978 895.62
204.22 30020 2.435 -0.18088 2359.6 0.0068465 1.166 0.032581 0.93784 881.86
207.4 30070 2.4355 -0.17979 2368.8 0.0065204 1.1816 0.032201 0.93592 870.22
208.28 30083 2.4356 -0.17949 2371.3 0.0064227 1.1859 0.03197 0.93444 867.02
210.39 30115 2.4359 -0.17877 2377.2 0.0061807 1.1961 0.031889 0.92771 859.34
214.14 30170 2.4364 -0.17746 2387.4 0.0061385 1.2139 0.031563 0.89399 845.66
217.32 30216 2.4368 -0.17634 2395.6 0.0060416 1.2279 0.026174 0.86379 834.21
218.2 30229 2.4369 -0.17603 2397.8 0.0057867 1.2313 0.026073 0.85958 831.12
220.31 30257 2.4372 -0.17529 2403 0.0054255 1.2398 0.026088 0.84912 823.68
224.06 30304 2.4376 -0.17395 2412 0.0050349 1.2545 0.026065 0.82716 810.42
227.24 30342 2.438 -0.17281 2419.3 0.0048869 1.2669 0.026148 0.82381 799.18
228.12 30353 2.4381 -0.17249 2421.3 0.0048448 1.2703 0.026191 0.82364 796.07
230.22 30377 2.4383 -0.17173 2425.9 0.004768 1.2784 0.026332 0.82584 788.63
233.97 30420 2.4388 -0.17036 2434 0.0046112 1.2931 0.026705 0.8364 775.37
237.16 30455 2.4391 -0.16919 2440.7 0.0044521 1.3057 0.027121 0.84417 764.11
238.04 30465 2.4392 -0.16887 2442.5 0.0044129 1.3092 0.027253 0.84448 760.99
242.25 30511 2.4396 -0.16731 2451.2 0.0045215 1.326 0.027811 0.83209 746.04
249.75 30594 2.4402 -0.16451 2466.7 0.0044614 1.356 0.027962 0.87006 719.45
256.11 30661 2.4407 -0.1621 2479.7 0.0039184 1.3848 0.036622 0.97436 696.54
257.87 30677 2.4409 -0.16143 2483.2 0.0039988 1.3943 0.037174 0.98687 689.98
262.08 30720 2.4411 -0.15981 2491.4 0.0041687 1.4165 0.036976 0.96308 674.36
269.59 30799 2.4415 -0.15691 2505.9 0.0041189 1.4506 0.026862 0.85861 647.3
275.95 30861 2.4418 -0.15443 2518.2 0.0035411 1.474 0.026622 0.82107 625.11
277.71 30876 2.4419 -0.15374 2521.5 0.0037279 1.4809 0.026826 0.82815 618.9
281.92 30916 2.442 -0.15209 2529.3 0.0037307 1.4969 0.026764 0.83489 604.13
289.42 30986 2.4422 -0.14912 2542.9 0.0035892 1.5256 0.02729 0.84807 577.81
295.79 31043 2.4423 -0.14659 2554.2 0.0034913 1.5504 0.027822 0.85579 555.45
297.54 31058 2.4423 -0.14589 2557.3 0.003477 1.5573 0.027966 0.85856 549.28
299.65 31077 2.4423 -0.14504 2561 0.0034621 1.5656 0.028071 0.85975 541.87
303.4 31110 2.4423 -0.14354 2567.4 0.0034289 1.5805 0.028298 0.86655 528.68
306.58 31138 2.4423 -0.14226 2572.9 0.0033502 1.5931 0.028363 0.87352 517.48
307.46 31146 2.4423 -0.14191 2574.4 0.0033151 1.5967 0.028379 0.87432 514.39
309.57 31163 2.4422 -0.14106 2577.9 0.0032232 1.6051 0.028331 0.87581 506.99
313.32 31194 2.4422 -0.13955 2584.2 0.0031292 1.62 0.028158 0.85947 493.81
316.5 31220 2.4421 -0.13827 2589.5 0.003348 1.6322 0.028069 0.82492 482.65
317.38 31228 2.4421 -0.13791 2590.9 0.0034926 1.6356 0.028121 0.81721 479.57
319.49 31248 2.442 -0.13706 2594.4 0.0039415 1.6434 0.028258 0.79513 472.19
323.24 31293 2.4419 -0.13555 2600.4 0.0053648 1.6569 0.028421 0.73358 459.05
326.42 31344 2.4418 -0.13426 2605.4 0.0070807 1.6676 0.028182 0.70604 447.94
327.3 31361 2.4418 -0.1339 2606.8 0.0075533 1.6705 0.027994 0.70353 444.89
329.4 31406 2.4417 -0.13305 2610 0.0087453 1.6775 0.028656 0.70222 437.59
333.16 31502 2.4415 -0.13153 2615.5 0.010669 1.6899 0.027269 0.72156 424.69
336.34 31593 2.4413 -0.13024 2620.1 0.011034 1.6998 0.020942 0.75489 414.06
337.22 31618 2.4413 -0.12988 2621.4 0.010729 1.7023 0.019937 0.76055 411.22
339.32 31676 2.4412 -0.12903 2624.4 0.0098349 1.7082 0.017594 0.77804 404.47
343.07 31759 2.4409 -0.1275 2629.8 0.0067449 1.7177 0.011099 0.81425 392.82
346.26 31799 2.4407 -0.12621 2634.4 0.0026029 1.7245 0.0057429 0.80586 383.31
347.14 31803 2.4407 -0.12585 2635.6 0.0013031 1.7261 0.0041612 0.79749 380.74
349.24 31802 2.4406 -0.12499 2638.8 -0.001855 1.7299 0.0055435 0.77285 374.58
352.99 31761 2.4403 -0.12347 2644.5 -0.0058412 1.7375 0.013005 0.70273 363.26
356.17 31706 2.4401 -0.12217 2649.4 -0.0070564 1.7449 0.017911 0.65081 353.2
357.05 31689 2.44 -0.12181 2650.7 -0.0071525 1.747 0.019685 0.63426 350.37
359.16 31650 2.4399 -0.12095 2654 -0.0066143 1.7522 0.02335 0.59775 343.42
362.91 31598 2.4396 -0.11942 2659.6 -0.0034231 1.762 0.029897 0.53229 330.59
366.09 31589 2.4393 -0.11813 2664.1 0.0015799 1.7705 0.035448 0.47685 319.3
366.97 31594 2.4392 -0.11777 2665.3 0.003332 1.7728 0.036982 0.46151 316.12
369.08 31626 2.4391 -0.11691 2668 0.0081694 1.7784 0.040655 0.42483 308.43
372.83 31760 2.4387 -0.11538 2672.2 0.018888 1.7879 0.047202 0.35937 294.55
376.01 31966 2.4384 -0.11408 2674.8 0.029818 1.7952 0.052755 0.30388 282.75
376.89 32040 2.4383 -0.11373 2675.4 0.033079 1.7971 0.054288 0.28856 279.52
379 32249 2.4381 -0.11287 2676.5 0.041219 1.8013 0.057962 0.25189 271.85
382.75 32738 2.4378 -0.11135 2677.1 0.056433 1.8074 0.064508 0.18646 258.67
385.93 33274 2.4375 -0.11006 2676.4 0.069472 1.8112 0.070061 0.13117 248.14
386.81 33442 2.4374 -0.1097 2676.1 0.073009 1.812 0.071594 0.11598 245.36
388.91 33876 2.4372 -0.10885 2674.8 0.081238 1.8135 0.075136 0.086879 238.97
392.66 34759 2.4368 -0.10734 2671.4 0.094882 1.8154 0.082289 0.051218 228.51
395.85 35607 2.4365 -0.10606 2667.7 0.10472 1.8162 0.083639 0.018336 220.68
396.73 35855 2.4364 -0.1057 2666.6 0.10695 1.8162 0.081264 0 218.71
396.73 35855 2.4364 -0.1057 2666.6 0.10695 1.8162 0.081264 0 218.71
401.22 37252 2.4359 -0.10392 2630.7 0.12606 1.8223 0.063515 0.38702 218.71
409.21 39952 2.4351 -0.1008 2586 0.12816 1.8484 0.062401 1.1068 218.71
415.99 42049 2.4343 -0.098218 2554.8 0.11134 1.875 0.093105 1.5477 218.71
417.87 42566 2.4341 -0.097513 2546.4 0.10478 1.8833 0.097291 1.5706 218.71
422.36 43670 2.4335 -0.095836 2527.9 0.089338 1.9013 0.11293 1.5707 218.71
430.35 45184 2.4324 -0.0929 2497 0.061442 1.9326 0.14082 1.5707 218.71
437.14 46018 2.4315 -0.090458 2472.4 0.037403 1.9592 0.1644 1.5706 218.71
439.01 46175 2.4312 -0.089793 2465.9 0.030709 1.9666 0.17087 1.5695 218.71
442 46362 2.4308 -0.088737 2455.9 0.019969 1.9786 0.17448 1.5705 218.71
447.33 46497 2.4299 -0.08688 2439.3 0.00068749 1.9995 0.17447 1.5705 218.71
451.86 46414 2.4292 -0.085327 2426.1 -0.015797 2.017 0.17443 1.5702 218.7
453.1 46359 2.429 -0.084902 2422.5 -0.020367 2.0219 0.17417 1.5685 218.7
456.1 46172 2.4285 -0.08389 2414.1 -0.031349 2.0338 0.17445 1.5703 218.7
461.43 45644 2.4276 -0.082113 2399.3 -0.051042 2.0559 0.17447 1.5702 218.7
465.95 45002 2.4268 -0.080632 2386.4 -0.067852 2.0761 0.1744 1.5695 218.7
467.2 44793 2.4266 -0.080227 2382.7 -0.072509 2.082 0.17418 1.5642 218.7
470.19 44238 2.426 -0.079267 2373.6 -0.083667 2.0969 0.17446 1.5697 218.7
475.52 43058 2.425 -0.077589 2355.7 -0.10377 2.1268 0.17447 1.5666 218.7
480.04 41870 2.4241 -0.076205 2338.1 -0.12039 2.1567 0.17445 1.5313 218.7
481.29 41514 2.4238 -0.07583 2332.6 -0.12473 2.1658 0.17435 1.5046 218.7
484.29 40614 2.4232 -0.074946 2318.4 -0.13439 2.1898 0.17445 1.4773 218.7
489.62 38881 2.4221 -0.073429 2287.4 -0.14803 2.2409 0.1745 1.3913 218.7
494.14 37327 2.4211 -0.072214 2253.3 -0.15471 2.2951 0.17427 1.349 218.7
495.39 36894 2.4208 -0.071892 2242.3 -0.15586 2.3123 0.17318 1.3218 218.7
498.38 35856 2.4201 -0.07115 2213.2 -0.15644 2.3569 0.16835 1.3078 218.7
503.71 34054 2.4187 -0.069937 2154.8 -0.15334 2.446 0.14722 1.2786 218.7
508.23 32611 2.4176 -0.069033 2101.2 -0.14712 2.5299 0.13322 1.2695 218.69
509.48 32231 2.4172 -0.068805 2085.5 -0.14489 2.555 0.12831 1.2641 218.69
512.48 31356 2.4164 -0.068301 2047.3 -0.13888 2.617 0.12101 1.2684 218.69
517.81 29936 2.4149 -0.067556 1973.8 -0.1263 2.7393 0.11459 1.2807 218.69
522.33 28885 2.4136 -0.067097 1903.9 -0.11341 2.8589 0.1159 1.2944 218.69
523.58 28622 2.4133 -0.067001 1883.1 -0.10942 2.8952 0.11495 1.2969 218.69
525.82 28180 2.4127 -0.066864 1845.1 -0.10219 2.9625 0.1151 1.3041 218.69
529.82 27491 2.4115 -0.066734 1774.2 -0.088204 3.0914 0.11673 1.3062 218.69
533.21 27010 2.4106 -0.066741 1711.9 -0.074338 3.2089 0.1175 1.2962 218.69
534.15 26894 2.4104 -0.066762 1694.5 -0.070069 3.2423 0.11643 1.2903 218.69
536.39 26653 2.4098 -0.066844 1650.5 -0.058955 3.3231 0.1134 1.2749 219.15
540.39 26330 2.4088 -0.067093 1621 -0.040462 3.4515 0.097152 1.2321 213.17
543.78 26145 2.408 -0.067395 1648.1 -0.026617 3.5425 0.088245 1.2098 200.55
544.72 26107 2.4078 -0.067492 1650.1 -0.02211 3.5689 0.085792 1.2036 197.79
546.96 26043 2.4072 -0.067748 1664 -0.01195 3.6283 0.082418 1.1997 189.88
550.96 26024 2.4063 -0.068286 1691.8 0.0058033 3.7323 0.07828 1.2047 175.01
554.35 26097 2.4056 -0.068822 1718.1 0.019408 3.8186 0.074641 1.2203 161.68
555.29 26132 2.4054 -0.068982 1725.7 0.022715 3.8419 0.071067 1.2143 157.9
558.66 26293 2.4047 -0.069599 1755.5 0.031094 3.9195 0.062649 1.2673 144.15
564.65 26650 2.4036 -0.070844 1813.4 0.034647 4.0429 0.05282 1.2951 119.4
569.74 26999 2.4028 -0.072031 1863.9 0.042006 4.136 0.053215 1.1211 98.493
571.15 27115 2.4025 -0.072378 1878 0.04811 4.1604 0.052029 1.0317 92.689
574.51 27481 2.402 -0.073239 1910.6 0.06754 4.2105 0.050322 0.86967 79.119
580.51 28509 2.4012 -0.074854 1963 0.11004 4.2777 0.047397 0.65116 56.609
585.6 29788 2.4006 -0.076284 1998.9 0.14289 4.316 0.045283 0.55444 40.163
587 30199 2.4004 -0.076686 2007.1 0.15031 4.3246 0.043997 0.52065 36.158
589.25 30899 2.4002 -0.077333 2018.8 0.1606 4.3362 0.043561 0.50686 30.255
593.24 32253 2.3997 -0.078498 2035.1 0.17367 4.3529 0.040546 0.47727 21.222
596.64 33469 2.3994 -0.079496 2044.7 0.17888 4.3632 0.033927 0.46288 15.055
597.57 33811 2.3993 -0.079772 2046.8 0.17926 4.3655 0.033159 0.46048 13.593
599.82 34631 2.399 -0.080437 2050.8 0.17942 4.3705 0.034637 0.4572 10.38
603.82 36095 2.3986 -0.081627 2053.7 0.17914 4.379 0.051477 0.45684 5.4066
607.21 37336 2.3982 -0.082639 2052.9 0.17914 4.3863 0.061317 0.4588 1.763
608.14 37678 2.3982 -0.082918 2052.7 0.17879 4.3882 0.065221 0.45898 0.86869
610.39 38496 2.3979 -0.083588 2046 0.17843 4.3928 0.066645 0.45812 0.00087175
614.39 39934 2.3975 -0.084777 2026.1 0.1763 4.4005 0.068646 0.45456 0.39795
617.78 41122 2.3972 -0.085779 2014.1 0.17182 4.4056 0.069376 0.44799 0.12958
618.71 41443 2.3971 -0.086055 2010.2 0.17037 4.407 0.069701 0.44675 0.22685
622.08 42566 2.3968 -0.087045 1998.8 0.16396 4.4111 0.070362 0.43818 0.21629
628.08 44432 2.3963 -0.088801 1981.1 0.14949 4.4168 0.071874 0.41728 0.21272
633.17 45857 2.3958 -0.090285 1968.4 0.13492 4.4206 0.072946 0.3982 0.20413
634.57 46223 2.3957 -0.090694 1965.2 0.1306 4.4214 0.073243 0.39547 0.20191
637.94 47048 2.3954 -0.091672 1958.1 0.11982 4.4234 0.073677 0.38297 0.19257
643.93 48331 2.3949 -0.093411 1947 0.09942 4.4262 0.07461 0.35658 0.18807
649.02 49223 2.3945 -0.094882 1939.1 0.081231 4.4282 0.075446 0.34097 0.18007
650.43 49437 2.3943 -0.095288 1937.2 0.076089 4.4287 0.075828 0.33823 0.17779
654.92 50025 2.394 -0.096584 1931.6 0.059434 4.4303 0.078906 0.3211 0.1694
662.91 50712 2.3933 -0.098887 1923.2 0.029841 4.4329 0.098319 0.2926 0.16494
669.7 50941 2.3927 -0.10084 1917.4 0.0055119 4.4352 0.11662 0.27288 0.15731
671.57 50949 2.3926 -0.10137 1916 -0.0010779 4.4358 0.11824 0.27108 0.15543
676.06 50872 2.3922 -0.10266 1913.1 -0.01683 4.4374 0.12042 0.25586 0.14811
684.05 50404 2.3916 -0.10495 1909.3 -0.044382 4.4401 0.12317 0.23501 0.14502
690.84 49683 2.391 -0.10689 1907.2 -0.066908 4.4425 0.12417 0.22138 0.13951
692.71 49433 2.3909 -0.10743 1906.7 -0.072934 4.4432 0.12475 0.22123 0.13811
697.2 48749 2.3905 -0.10871 1905.9 -0.086897 4.445 0.12545 0.20814 0.1316
705.2 47251 2.3899 -0.11099 1904.5 -0.10964 4.4483 0.12664 0.19398 0.12959
711.98 45730 2.3894 -0.11292 1902.8 -0.12592 4.4515 0.12707 0.18408 0.12491
713.85 45275 2.3892 -0.11345 1902.1 -0.12976 4.4525 0.12717 0.18539 0.12385
718.34 44137 2.3889 -0.11472 1899.9 -0.13755 4.4551 0.12741 0.17511 0.11799
726.34 41989 2.3883 -0.11699 1892.8 -0.14505 4.4607 0.12765 0.16651 0.11643
733.12 40141 2.3878 -0.1189 1881.9 -0.1431 4.4667 0.12744 0.16028 0.11213
734.99 39643 2.3877 -0.11943 1877.9 -0.1409 4.4685 0.12718 0.16245 0.11115
739.48 38494 2.3874 -0.12069 1866.2 -0.13243 4.4736 0.12683 0.15644 0.10499
747.48 36719 2.3868 -0.12292 1837 -0.10529 4.4843 0.12532 0.1551 0.10323
754.26 35620 2.3864 -0.1248 1804.2 -0.071086 4.4952 0.12379 0.1561 0.098189
756.14 35399 2.3863 -0.12531 1793.9 -0.060208 4.4984 0.12352 0.15939 0.096866
760.63 35027 2.386 -0.12653 1768 -0.032626 4.5067 0.12221 0.15948 0.089432
768.62 34919 2.3856 -0.12866 1719.2 0.017072 4.5219 0.12042 0.16611 0.086629
775.41 35339 2.3853 -0.13043 1678.1 0.054811 4.5347 0.12136 0.17112 0.079206
777.28 35525 2.3852 -0.13091 1667.1 0.064037 4.5381 0.11965 0.17514 0.076905
781.77 36071 2.385 -0.13205 1642.5 0.081616 4.5457 0.11145 0.17401 0.051828
789.76 37230 2.3847 -0.13404 1607 0.093393 4.5558 0.080856 0.17625 0.0061779
796.55 38216 2.3844 -0.1357 1584.6 0.086855 4.5617 0.071736 0.17248 0.00090983
798.42 38468 2.3843 -0.13616 1578.8 0.084367 4.5632 0.074829 0.17706 3.4017e-06
802.91 39037 2.3842 -0.13724 1565.9 0.077061 4.5666 0.076688 0.17013 3.422e-06
810.91 39908 2.3839 -0.13916 1544.3 0.063038 4.5723 0.094999 0.16392 3.5216e-06
817.69 40508 2.3837 -0.14077 1526.5 0.052911 4.5774 0.11742 0.15681 3.6198e-06
819.56 40656 2.3836 -0.14121 1521.7 0.050459 4.5788 0.12061 0.1596 3.6393e-06
824.05 40978 2.3835 -0.14226 1510.5 0.043903 4.5821 0.12199 0.15001 3.7114e-06
832.05 41423 2.3832 -0.14411 1492.5 0.02983 4.5874 0.12145 0.14112 3.9706e-06
838.83 41655 2.383 -0.14567 1479 0.015916 4.5915 0.12161 0.13307 4.1642e-06
840.7 41694 2.383 -0.1461 1475.5 0.011906 4.5926 0.12228 0.13597 4.1982e-06
845.19 41740 2.3828 -0.14712 1467.5 0.0021288 4.5951 0.12278 0.12576 4.2984e-06
853.19 41662 2.3826 -0.14893 1454.3 -0.015485 4.5993 0.1235 0.11785 4.6371e-06
859.97 41438 2.3825 -0.15046 1443.9 -0.030032 4.6028 0.12398 0.11088 4.8716e-06
861.85 41352 2.3824 -0.15087 1441.2 -0.033893 4.6038 0.12417 0.11454 4.9116e-06
866.33 41104 2.3823 -0.15187 1434.7 -0.042747 4.6061 0.12449 0.10491 5.0195e-06
874.33 40534 2.3821 -0.15364 1423.2 -0.056615 4.6102 0.1249 0.09896 5.3745e-06
881.11 39943 2.382 -0.15513 1413.1 -0.065825 4.6139 0.12513 0.093502 5.6121e-06
882.99 39767 2.3819 -0.15554 1410.2 -0.067858 4.6149 0.12514 0.09809 5.6521e-06
887.48 39326 2.3818 -0.15652 1403 -0.071723 4.6175 0.12523 0.089148 5.7556e-06
895.47 38505 2.3817 -0.15825 1388.8 -0.074625 4.6221 0.12509 0.085265 6.0913e-06
902.26 37811 2.3815 -0.1597 1375.1 -0.072692 4.6263 0.12485 0.081274 6.312e-06
904.13 37626 2.3815 -0.1601 1370.9 -0.071403 4.6275 0.12468 0.086601 6.349e-06
908.62 37201 2.3814 -0.16105 1360.4 -0.067014 4.6306 0.12453 0.078455 6.4421e-06
916.61 36539 2.3813 -0.16273 1339.3 -0.054814 4.636 0.1239 0.076327 6.7414e-06
923.4 36106 2.3812 -0.16413 1319.1 -0.04082 4.6409 0.12333 0.07346 6.9357e-06
925.27 36010 2.3812 -0.16452 1313.2 -0.036507 4.6422 0.12306 0.079449 6.9681e-06
929.76 35828 2.3811 -0.16543 1298.4 -0.025686 4.6456 0.12275 0.0717 7.048e-06
937.76 35666 2.381 -0.16703 1270.6 -0.0058017 4.6513 0.12193 0.070502 7.303e-06
944.54 35685 2.3809 -0.16836 1245.9 0.010011 4.6561 0.12133 0.067938 7.4667e-06
946.41 35713 2.3809 -0.16872 1239 0.013999 4.6574 0.12104 0.074638 7.4938e-06
950.9 35815 2.3808 -0.16958 1222.5 0.022595 4.6605 0.12075 0.06632 7.5593e-06
958.9 36092 2.3808 -0.17109 1193.1 0.033966 4.6655 0.12012 0.064982 7.7666e-06
965.68 36387 2.3807 -0.17233 1168.9 0.038989 4.6694 0.11974 0.061933 7.8979e-06
967.55 36473 2.3807 -0.17267 1162.3 0.039603 4.6704 0.11952 0.069364 7.9194e-06
972.04 36679 2.3807 -0.17348 1146.9 0.039665 4.6728 0.11941 0.059998 7.9701e-06
980.04 37023 2.3806 -0.17489 1120.6 0.035256 4.6766 0.11928 0.058004 8.1286e-06
986.82 37261 2.3806 -0.17607 1099.5 0.027388 4.6796 0.11925 0.054579 8.2269e-06
988.7 37314 2.3806 -0.17639 1093.9 0.024634 4.6804 0.11913 0.062613 8.2428e-06
993.19 37417 2.3805 -0.17715 1080.8 0.017112 4.6823 0.1193 0.052577 8.2787e-06
1001.2 37497 2.3805 -0.17848 1058.6 0.0012094 4.6852 0.11969 0.049997 8.3884e-06
1008 37452 2.3805 -0.17959 1040.9 -0.014094 4.6877 0.11981 0.046852 8.4542e-06
1009.8 37421 2.3805 -0.1799 1036.1 -0.018512 4.6883 0.11978 0.055111 8.4645e-06
1014.3 37310 2.3804 -0.18062 1024.9 -0.02927 4.69 0.12014 0.044805 8.4859e-06
1022.3 36995 2.3804 -0.18188 1005.4 -0.048316 4.6926 0.12071 0.042067 8.5481e-06
1029.1 36616 2.3804 -0.18294 988.96 -0.063655 4.6949 0.1207 0.039416 8.5821e-06
1031 36495 2.3804 -0.18323 984.38 -0.067668 4.6955 0.12071 0.047583 8.5871e-06
1035.5 36178 2.3804 -0.18391 973.24 -0.076681 4.6971 0.1212 0.037143 8.5944e-06
1043.5 35535 2.3804 -0.18511 952.36 -0.089983 4.6997 0.12216 0.034663 8.6111e-06
1050.2 34933 2.3804 -0.1861 933.05 -0.098001 4.702 0.12249 0.032263 8.6148e-06
1052.1 34761 2.3803 -0.18637 927.39 -0.09965 4.7026 0.12262 0.040349 8.6146e-06
1056.6 34343 2.3803 -0.18701 913.1 -0.10246 4.7043 0.12362 0.029847 8.6088e-06
1064.6 33602 2.3803 -0.18813 884.58 -0.10327 4.707 0.12571 0.027784 8.5823e-06
1071.4 33000 2.3803 -0.18905 856.99 -0.10056 4.7094 0.12585 0.025477 8.5576e-06
1073.3 32840 2.3803 -0.1893 848.84 -0.099507 4.71 0.12574 0.033914 8.5527e-06
1077.8 32472 2.3803 -0.18988 828.29 -0.09653 4.7117 0.12583 0.023333 8.5345e-06
1085.7 31864 2.3803 -0.19089 788.96 -0.092215 4.7142 0.12013 0.021683 8.4683e-06
1092.5 31382 2.3803 -0.1917 754.29 -0.093061 4.7162 0.11016 0.019613 8.4174e-06
1094.4 31251 2.3803 -0.19192 744.75 -0.09446 4.7167 0.10819 0.029222 8.408e-06
1098.9 30933 2.3803 -0.19243 721.91 -0.099278 4.7181 0.10249 0.017985 8.3787e-06
1106.9 30336 2.3803 -0.1933 683.16 -0.11545 4.72 0.090754 0.016115 8.2765e-06
1113.7 29773 2.3803 -0.194 651.89 -0.13437 4.7216 0.090784 0.014607 8.2021e-06
1115.5 29608 2.3803 -0.19419 643.07 -0.13934 4.722 0.091154 0.025914 8.1888e-06
1120 29196 2.3804 -0.19463 622.06 -0.15169 4.7232 0.092816 0.013259 8.1496e-06
1128 28420 2.3804 -0.19537 583.2 -0.17093 4.7248 0.10108 0.010445 8.0159e-06
1134.8 27744 2.3804 -0.19596 548.22 -0.18255 4.7263 0.11062 0.0099991 7.921e-06
1136.7 27558 2.3804 -0.19612 538.32 -0.18502 4.7267 0.11286 0.02223 7.9043e-06
1141.2 27117 2.3804 -0.19648 514.55 -0.1899 4.728 0.12028 0.0085179 7.8568e-06
1149.2 26367 2.3804 -0.19709 471.53 -0.19168 4.7294 0.14028 0.0055569 7.6963e-06
1156 25786 2.3804 -0.19756 435.39 -0.18693 4.7307 0.14846 0.0066019 7.5844e-06
1157.8 25637 2.3804 -0.19768 425.88 -0.18548 4.7311 0.1495 0.018717 7.5649e-06
1162.3 25298 2.3804 -0.19797 403.99 -0.18153 4.7325 0.15228 0.0044651 7.5106e-06
1170.3 24753 2.3804 -0.19845 368.6 -0.1734 4.7332 0.15655 0.001346 7.3289e-06
1177.1 24344 2.3804 -0.19882 342.77 -0.16788 4.7342 0.15597 0.0053559 7.2037e-06
1179 24238 2.3804 -0.19892 336.45 -0.16734 4.7346 0.15608 0.017329 7.182e-06
1183.5 23993 2.3804 -0.19914 322.29 -0.16603 4.736 0.15708 0.0014335 7.1227e-06
1191.5 23582 2.3804 -0.19953 300.72 -0.16695 4.7356 0.15598 -0.0035069 6.9255e-06
1198.2 23245 2.3804 -0.19983 286.13 -0.17516 4.7362 0.15141 0.006447 6.7908e-06
1200.1 23151 2.3804 -0.19991 282.72 -0.17931 4.7368 0.15073 0.018652 6.7676e-06
1204.6 22921 2.3805 -0.20011 275.29 -0.18965 4.7382 0.14983 -0.00018327 6.7051e-06
1212.6 22491 2.3805 -0.20044 264.92 -0.2133 4.7369 0.14431 -0.0079252 6.4982e-06
1219.4 22094 2.3805 -0.20071 258.94 -0.23839 4.737 0.13887 0.0079239 6.358e-06
1221.3 21978 2.3805 -0.20078 257.69 -0.24544 4.7379 0.13824 0.020444 6.3339e-06
1225.7 21690 2.3805 -0.20096 254.99 -0.25939 4.7395 0.13775 -0.00064133 6.2699e-06
1233.7 21155 2.3805 -0.20126 250.91 -0.27536 4.7377 0.13449 -0.010191 6.0591e-06
1240.5 20689 2.3805 -0.20152 247.82 -0.28164 4.7374 0.13065 0.0079447 5.9171e-06
1242.4 20560 2.3805 -0.20158 246.98 -0.28232 4.7384 0.13 0.021019 5.8929e-06
1246.9 20253 2.3805 -0.20175 244.71 -0.28046 4.7402 0.12901 -0.0019108 5.829e-06
1254.9 19724 2.3805 -0.20204 240.1 -0.27182 4.7375 0.12398 -0.011627 5.6193e-06
1261.7 19296 2.3805 -0.20229 235.98 -0.26507 4.7371 0.11913 0.0095355 5.4789e-06
1263.5 19181 2.3805 -0.20235 234.84 -0.26344 4.7384 0.11838 0.023592 5.455e-06
1268 18911 2.3805 -0.20251 231.89 -0.25813 4.7404 0.11713 -0.0026377 5.3925e-06
1276 18451 2.3805 -0.20279 226.28 -0.24913 4.7368 0.11308 -0.013941 5.1882e-06
1282.8 18081 2.3805 -0.20302 221.46 -0.24488 4.7363 0.11025 0.013483 5.052e-06
1284.7 17980 2.3805 -0.20308 220.13 -0.24391 4.7381 0.10976 0.028477 5.0288e-06
1289.2 17745 2.3805 -0.20323 216.86 -0.24136 4.7407 0.10917 -0.0025588 4.9687e-06
1297.2 17339 2.3805 -0.20349 210.95 -0.23784 4.7359 0.10712 -0.017278 4.7725e-06
1304 17006 2.3805 -0.20371 206.07 -0.23806 4.7352 0.1054 0.018116 4.6421e-06
1305.8 16915 2.3805 -0.20376 204.76 -0.23851 4.7377 0.10507 0.033644 4.62e-06
1310.3 16699 2.3806 -0.2039 201.68 -0.23953 4.7411 0.10472 -0.0020149 4.5627e-06
1318.3 16320 2.3806 -0.20414 196.39 -0.24241 4.7352 0.10314 -0.020408 4.376e-06
1325.1 16001 2.3806 -0.20434 192.29 -0.24736 4.7342 0.10154 0.022037 4.252e-06
1327 15912 2.3806 -0.2044 191.23 -0.24899 4.7375 0.10125 0.037654 4.231e-06
1331.5 15701 2.3806 -0.20453 188.75 -0.25216 4.7415 0.10089 -0.0014362 4.1766e-06
1339.4 15325 2.3806 -0.20475 184.56 -0.25704 4.7346 0.099199 -0.022777 3.9992e-06
1346.2 15007 2.3806 -0.20494 181.29 -0.26216 4.7334 0.097448 0.024956 3.8813e-06
1348.1 14919 2.3806 -0.20499 180.44 -0.26361 4.7373 0.097151 0.040531 3.8613e-06
1352.6 14708 2.3806 -0.20512 178.4 -0.26587 4.742 0.096677 -0.0011488 3.8094e-06
1360.6 14335 2.3806 -0.20533 174.82 -0.26884 4.7341 0.094658 -0.024634 3.64e-06
1367.4 14021 2.3806 -0.20551 171.92 -0.27269 4.7327 0.092781 0.027431 3.5271e-06
1369.2 13934 2.3806 -0.20555 171.16 -0.27378 4.7372 0.092477 0.043118 3.5079e-06
1373.7 13727 2.3806 -0.20567 169.29 -0.27524 4.7425 0.091916 -0.0009958 3.4578e-06
1381.7 13361 2.3806 -0.20587 165.96 -0.27732 4.7336 0.089851 -0.026348 3.2941e-06
1388.5 13054 2.3806 -0.20604 163.23 -0.28072 4.732 0.08816 0.029909 3.1847e-06
1390.4 12969 2.3806 -0.20609 162.5 -0.28159 4.7372 0.08789 0.04575 3.166e-06
1394.9 12767 2.3806 -0.20619 160.7 -0.2827 4.7431 0.087365 -0.00091195 3.1171e-06
1402.9 12411 2.3806 -0.20639 157.47 -0.28428 4.733 0.085536 -0.028244 2.9566e-06
1409.7 12113 2.3806 -0.20654 154.78 -0.28734 4.7313 0.084078 0.03273 2.8489e-06
1411.5 12031 2.3806 -0.20659 154.06 -0.28812 4.7372 0.083838 0.048608 2.8305e-06
1416 11835 2.3806 -0.20669 152.3 -0.28928 4.7439 0.083316 -0.00092263 2.7819e-06
1424 11490 2.3806 -0.20687 149.16 -0.29142 4.7323 0.081653 -0.03063 2.6221e-06
1430.8 11200 2.3806 -0.20702 146.56 -0.29476 4.7303 0.080487 0.036019 2.5146e-06
1432.7 11121 2.3806 -0.20706 145.86 -0.29547 4.7372 0.080315 0.051898 2.4961e-06
1437.2 10931 2.3806 -0.20716 144.15 -0.29661 4.7448 0.079977 -0.00050478 2.4472e-06
1445.2 10596 2.3806 -0.20733 141.22 -0.29957 4.7318 0.079153 -0.032945 2.2861e-06
1451.9 10314 2.3806 -0.20747 138.96 -0.30405 4.7294 0.078688 0.038772 2.1773e-06
1453.8 10236 2.3806 -0.20751 138.37 -0.30493 4.7371 0.07861 0.054686 2.1586e-06
1458.3 10050 2.3806 -0.20761 136.98 -0.30676 4.7457 0.078443 -4.1946e-05 2.1089e-06
1466.3 9720.7 2.3806 -0.20777 134.53 -0.30892 4.7314 0.077873 -0.034673 1.9447e-06
1473.1 9444.5 2.3807 -0.2079 132.5 -0.31109 4.7286 0.077347 0.040886 1.8336e-06
1475 9368.6 2.3807 -0.20794 131.95 -0.31164 4.7372 0.077269 0.056827 1.8145e-06
1479.4 9187.6 2.3807 -0.20803 130.63 -0.3126 4.7466 0.077041 -4.8792e-05 1.7635e-06
1487.4 8868.4 2.3807 -0.20818 128.3 -0.31444 4.7307 0.076341 -0.036627 1.5951e-06
1494.2 8600.2 2.3807 -0.20831 126.41 -0.31728 4.7274 0.075792 0.04246 1.4809e-06
1496.1 8526.3 2.3807 -0.20835 125.91 -0.31799 4.7368 0.075709 0.058503 1.4613e-06
1500.6 8350.1 2.3807 -0.20843 124.71 -0.31936 4.7469 0.075449 3.0415e-05 1.4087e-06
1508.6 8038.5 2.3807 -0.20858 122.63 -0.32187 4.7299 0.07462 -0.037231 1.235e-06
1515.4 7775.9 2.3807 -0.2087 120.96 -0.32531 4.7267 0.073905 0.044741 1.1172e-06
1517.2 7703.5 2.3807 -0.20873 120.53 -0.32618 4.737 0.073767 0.060727 1.0969e-06
1521.7 7530.5 2.3807 -0.20881 119.48 -0.32795 4.7482 0.07328 0.0012196 1.0426e-06
1529.7 7223 2.3807 -0.20895 117.74 -0.3331 4.7293 0.071323 -0.042587 8.6293e-07
1536.5 6960.4 2.3807 -0.20907 116.49 -0.34143 4.7221 0.069268 0.03717 7.4101e-07
1538.4 6887.2 2.3807 -0.2091 116.2 -0.34382 4.7315 0.068775 0.057077 7.2002e-07
1541.7 6754.8 2.3807 -0.20916 115.7 -0.3479 4.7413 0.067722 0.011898 6.6373e-07
1547.7 6516 2.3807 -0.20926 114.92 -0.35851 4.7343 0.063609 -0.028383 4.7754e-07
1552.8 6307.6 2.3807 -0.20935 114.47 -0.37295 4.7322 0.060021 0.037155 3.5113e-07
1554.2 6248.7 2.3807 -0.20937 114.4 -0.37711 4.739 0.059284 0.046288 3.2936e-07
1557.6 6105.3 2.3807 -0.20943 114.28 -0.38682 4.7451 0.056703 -0.0038284 2.7093e-07
1563.6 5838.8 2.3807 -0.20953 114.45 -0.41403 4.7285 0.047534 -0.052903 7.7622e-08
1568.7 5595 2.3807 -0.20961 115.51 -0.44838 4.7172 0.040757 0.01791 0
1570.1 5523.7 2.3807 -0.20963 116.05 -0.4574 4.7218 0.039568 0.032637 0
1572.3 5406.7 2.3807 -0.20967 116.95 -0.47011 4.726 0.037775 0.013268 0
1576.3 5188.4 2.3807 -0.20973 119.15 -0.49245 4.7268 0.032171 -0.004736 0
1579.7 4991.9 2.3807 -0.20979 121.71 -0.51181 4.7287 0.028775 0.026509 0
1580.7 4935.6 2.3807 -0.20981 122.48 -0.51595 4.7313 0.028215 0.030395 0
1582.9 4798 2.3807 -0.20984 124.33 -0.52396 4.7347 0.026475 0.0068048 0
1586.9 4542.7 2.3807 -0.20991 127.98 -0.53747 4.7329 0.021902 -0.014629 0
1590.3 4315.7 2.3807 -0.20997 131.27 -0.54749 4.7327 0.019931 0.020962 0
1591.2 4251.3 2.3807 -0.20999 132.07 -0.54827 4.735 0.019611 0.025037 0
1593.5 4095.6 2.3807 -0.21003 133.83 -0.54884 4.7376 0.018606 0.0034517 0
1597.5 3814 2.3807 -0.2101 136.39 -0.54671 4.7356 0.016471 -0.013198 0
1600.9 3573.1 2.3807 -0.21016 137.85 -0.54138 4.736 0.016032 0.023584 0
1601.8 3506.6 2.3807 -0.21018 138.09 -0.53832 4.7385 0.015929 0.027729 0
1604.1 3348.4 2.3807 -0.21022 138.44 -0.53094 4.7416 0.015417 0.0066264 0
1608.1 3071.3 2.3807 -0.2103 138.38 -0.51736 4.7403 0.014553 -0.011857 0
1611.4 2842.2 2.3807 -0.21036 137.72 -0.50496 4.7405 0.014643 0.020647 0
1612.4 2780 2.3807 -0.21038 137.43 -0.50083 4.7428 0.014618 0.024083 0
1614.6 2633.6 2.3807 -0.21042 136.63 -0.49204 4.7453 0.014231 0.0024011 0
1618.6 2380.1 2.3807 -0.2105 134.93 -0.47979 4.742 0.013661 -0.020614 0
1622 2171.9 2.3807 -0.21056 133.3 -0.47121 4.7394 0.013856 0.0071775 0
1623 2115.4 2.3807 -0.21058 132.81 -0.46854 4.7407 0.013852 0.010173 0
1625.2 1982.1 2.3807 -0.21062 131.64 -0.46373 4.7409 0.013488 -0.0096609 0
1629.2 1749.6 2.3807 -0.21069 129.61 -0.4598 4.7347 0.012943 -0.027971 0
1632.6 1556 2.3807 -0.21075 127.97 -0.45867 4.7305 0.013121 0.002098 0
1633.5 1503.1 2.3807 -0.21077 127.53 -0.45802 4.7314 0.013121 0.0057251 0
1635.8 1377.1 2.3807 -0.21081 126.5 -0.45784 4.7312 0.012751 -0.0095025 0
1639.8 1154.5 2.3807 -0.21088 124.82 -0.46042 4.7265 0.012495 -0.0178 0
1643.2 967.19 2.3807 -0.21094 123.48 -0.46079 4.7254 0.013417 0.013976 0
1644.1 915.89 2.3807 -0.21096 123.1 -0.45954 4.7271 0.013677 0.017713 0
1646.3 794.13 2.3807 -0.211 122.15 -0.45633 4.7293 0.014207 0.0037854 0
1650.3 584.07 2.3807 -0.21106 119.83 -0.4379 4.7292 0.018189 -4.9217e-05 0
1653.7 419.75 2.3807 -0.21112 116.35 -0.40244 4.7344 0.023196 0.038037 0
1654.7 378.01 2.3807 -0.21114 115.01 -0.39001 4.7389 0.024179 0.044308 0
1656.9 284.48 2.3807 -0.21117 111.56 -0.36251 4.7483 0.026643 0.041249 0
1660.9 141.27 2.3807 -0.21124 104.16 -0.31482 4.7722 0.033953 0.080766 0
1664.3 40.221 2.3807 -0.21129 97.612 -0.28801 4.8128 0.037399 0.1497 0
1665.2 14.633 2.3807 -0.2113 96.079 -0.28739 4.8285 0.037604 0.15899 0
