time (s) altitude (m) velocity (m/s) mass (kg) dynamic pressure (Pa)trajectory angle (rad) Lift (N)Drag (N)heading angle (rad) latitude (rad) angle of attack (rad) 
396.73 35855 2666.6 3300 25577 0.10695 30198 10524 1.8162 -0.1057 0.28018
397.75 36151 2675.2 3284.8 24593 0.10913 30109 10680 1.8163 -0.10529 0.28708
399.59 36696 2690.4 3257.7 22880 0.11305 29784 10863 1.8163 -0.10455 0.29933
401.14 37175 2703.3 3234.7 21471 0.11639 29491 11001 1.8163 -0.10392 0.31068
401.57 37310 2706.8 3228.3 21090 0.11731 29334 10997 1.8163 -0.10375 0.31343
402.6 37640 2715.4 3213.1 20192 0.11945 28106 10540 1.8164 -0.10333 0.3136
404.43 38243 2731.3 3186 18654 0.12292 26020 9764.3 1.8164 -0.10258 0.31405
405.98 38770 2745.2 3163 17414 0.12553 24335 9140.5 1.8164 -0.10194 0.31443
406.41 38918 2749.1 3156.6 17083 0.1262 23873 8966.7 1.8164 -0.10176 0.31444
407.44 39276 2758.7 3141.4 16308 0.12772 22811 8572.3 1.8165 -0.10134 0.31463
409.27 39928 2776.1 3114.3 14997 0.13014 21037 7918.2 1.8165 -0.10058 0.31522
410.82 40493 2791.3 3091.3 13955 0.13193 19612 7389.5 1.8165 -0.099929 0.31562
411.25 40651 2795.6 3085 13678 0.13238 19214 7237.5 1.8166 -0.099749 0.31552
412.28 41033 2806 3069.7 13034 0.13339 18311 6897.1 1.8166 -0.099317 0.31553
414.11 41722 2825 3042.6 11953 0.13494 16766 6308.1 1.8166 -0.098545 0.31518
415.66 42317 2841.5 3019.6 11101 0.13602 15556 5848.6 1.8167 -0.097885 0.31496
416.09 42483 2846.1 3013.3 10876 0.13629 15237 5728 1.8167 -0.097702 0.31492
418.15 43284 2868.7 2982.8 9855.4 0.13737 13816 5194.7 1.8167 -0.096822 0.31504
421.81 44741 2910.6 2928.6 8262.5 0.13862 11594 4360.2 1.8168 -0.095237 0.31521
424.92 46001 2947.6 2882.6 7113.2 0.13911 9974.2 3748.4 1.8169 -0.093875 0.31504
425.78 46352 2958 2869.9 6825.4 0.13917 9564.6 3592.7 1.8169 -0.093496 0.3149
427.83 47200 2983.5 2839.5 6195.5 0.13919 8706.4 3274.5 1.8169 -0.092582 0.31548
431.5 48726 3030.3 2785.3 5271 0.13891 7429.1 2795.5 1.817 -0.090934 0.31607
434.6 50036 3071.3 2739.2 4589.2 0.13842 6442.1 2415.3 1.8171 -0.089516 0.31518
435.46 50400 3082.8 2726.5 4416.1 0.13824 6190.3 2318.1 1.8171 -0.089121 0.31486
437.52 51276 3110.8 2696.1 4037.4 0.13777 5662.4 2119.1 1.8171 -0.088169 0.31494
441.18 52848 3162.1 2641.9 3469.7 0.1368 4860.8 1813.8 1.8172 -0.086451 0.31464
444.29 54193 3206.8 2595.9 3040.9 0.1359 4270.7 1593 1.8173 -0.084971 0.31511
445.14 54567 3219.4 2583.2 2930.5 0.13564 4118.8 1536.2 1.8173 -0.084559 0.31526
447.2 55464 3249.9 2552.7 2679.2 0.13501 3764 1401.6 1.8174 -0.083564 0.31513
450.86 57073 3305.4 2498.5 2275.6 0.13386 3185.2 1180.4 1.8174 -0.08177 0.31426
453.97 58448 3354 2452.5 1973.9 0.13285 2739 1008.9 1.8175 -0.080223 0.31228
454.83 58830 3367.6 2439.8 1896.7 0.13257 2600.5 952.2 1.8175 -0.079792 0.30964
456.88 59747 3400.7 2409.4 1721.8 0.13185 2318.4 840.63 1.8175 -0.078752 0.30569
460.55 61390 3461.2 2355.2 1443.9 0.13045 1855.9 657.37 1.8176 -0.076874 0.29597
463.65 62793 3514.1 2309.2 1238.7 0.12916 1526.9 530.42 1.8177 -0.075254 0.28766
464.51 63182 3529 2296.5 1186.6 0.12879 1431.2 491.73 1.8177 -0.074803 0.28347
466.57 64115 3565.2 2266 1069.3 0.12787 1268.6 432.54 1.8177 -0.073713 0.28036
470.23 65785 3631.1 2211.8 884.73 0.12629 1037.3 352.78 1.8178 -0.071744 0.27816
473.34 67210 3688.6 2165.8 749.99 0.12498 840.04 281.75 1.8179 -0.070044 0.26946
474.2 67604 3704.7 2153.1 716.02 0.12461 783.72 260.8 1.8179 -0.06957 0.26521
475.55 68228 3730.5 2133.1 665.11 0.124 712.18 235.29 1.8179 -0.068819 0.26126
478.23 69467 3782.4 2093.4 573.4 0.12276 573.63 184.83 1.8179 -0.067315 0.24955
481.2 70845 3841.7 2049.4 484.69 0.12117 400.05 122.11 1.818 -0.065623 0.2186
483.33 71833 3885.4 2017.9 427.63 0.11966 259.92 75.286 1.818 -0.064395 0.17708
483.88 72089 3897 2009.7 413.83 0.11918 235.36 68.056 1.818 -0.064073 0.16892
485.93 73039 3940.7 1979.3 366.21 0.11722 149.03 44.351 1.8181 -0.062869 0.13311
489.6 74714 4020.8 1925.1 294.63 0.11281 51.973 22.92 1.8181 -0.060691 0.069184
492.7 76104 4091.2 1879.1 245.47 0.10815 7.9192 16.327 1.8182 -0.058807 0.014976
493.56 76481 4111 1866.4 233.54 0.10672 -1.4969e-15 15.227 1.8182 -0.058281 0
493.56 76481 4111 1866.4 233.54 0.10672 -1.4969e-15 15.227 1.8182 -0.058281 0
494.56 76919 4110 1866.4 217.8 0.10501 -9.7718e-16 14.195 1.8182 -0.057666 0
495.56 77346 4109 1866.4 203.41 0.10329 -4.563e-16 13.252 1.8182 -0.057052 0
496.56 77766 4108.1 1866.4 190.13 0.10158 1.9498e-15 12.382 1.8182 -0.056437 0
497.56 78179 4107.2 1866.4 177.87 0.099865 -7.9803e-16 11.579 1.8183 -0.055823 0
498.56 78585 4106.2 1866.4 166.55 0.09815 2.9356e-16 10.838 1.8183 -0.055209 0
499.56 78984 4105.3 1866.4 156.09 0.096433 6.0025e-16 10.153 1.8183 -0.054594 0
500.56 79376 4104.4 1866.4 146.41 0.094716 -4.6922e-17 9.5204 1.8183 -0.05398 0
501.56 79761 4103.6 1866.4 137.47 0.092998 -4.4054e-17 8.9353 1.8183 -0.053366 0
502.56 80138 4102.7 1866.4 129.19 0.091279 2.277e-16 8.394 1.8183 -0.052752 0
503.56 80508 4101.9 1866.4 121.52 0.08956 -5.452e-16 7.8929 1.8183 -0.052138 0
504.56 80872 4101.1 1866.4 114.41 0.08784 4.3999e-16 7.4288 1.8183 -0.051524 0
505.56 81228 4100.3 1866.4 107.83 0.08612 3.4556e-16 6.9987 1.8184 -0.05091 0
506.56 81577 4099.5 1866.4 101.72 0.084399 4.8897e-17 6.6 1.8184 -0.050296 0
507.56 81919 4098.7 1866.4 96.053 0.082677 -3.5399e-16 6.2302 1.8184 -0.049683 0
508.56 82254 4098 1866.4 90.792 0.080955 4.3644e-17 5.8869 1.8184 -0.049069 0
509.56 82582 4097.2 1866.4 85.904 0.079232 7.5707e-16 5.5682 1.8184 -0.048455 0
510.56 82903 4096.5 1866.4 81.363 0.077509 5.9971e-16 5.2721 1.8184 -0.047842 0
511.56 83216 4095.8 1866.4 77.14 0.075785 7.6018e-16 4.9969 1.8184 -0.047228 0
512.56 83523 4095.1 1866.4 73.213 0.074061 -7.0388e-17 4.741 1.8184 -0.046615 0
513.56 83822 4094.5 1866.4 69.559 0.072336 2.5078e-16 4.503 1.8184 -0.046002 0
514.56 84115 4093.8 1866.4 66.156 0.07061 2.1996e-16 4.2814 1.8184 -0.045388 0
515.56 84400 4093.2 1866.4 62.988 0.068884 3.7344e-16 4.0751 1.8185 -0.044775 0
516.56 84678 4092.6 1866.4 60.035 0.067158 6.0123e-17 3.883 1.8185 -0.044162 0
517.56 84949 4092 1866.4 57.228 0.065431 -2.2696e-16 3.7008 1.8185 -0.043548 0
518.56 85213 4091.4 1735.5 0 0.063704 0 0 1.8185 -0.042935 0
519.56 85470 4090.8 1735.5 0 0.061976 -0 0 1.8185 -0.042322 0
520.56 85720 4090.3 1735.5 0 0.060248 -0 0 1.8185 -0.041709 0
521.56 85963 4089.7 1735.5 0 0.058519 0 0 1.8185 -0.041096 0
522.56 86198 4089.2 1735.5 0 0.056791 0 0 1.8185 -0.040483 0
523.56 86427 4088.7 1735.5 0 0.055061 -0 0 1.8185 -0.03987 0
524.56 86648 4088.2 1735.5 0 0.053331 -0 0 1.8185 -0.039257 0
525.56 86863 4087.8 1735.5 0 0.051601 -0 0 1.8185 -0.038644 0
526.56 87070 4087.3 1735.5 0 0.049871 -0 0 1.8185 -0.038032 0
527.56 87270 4086.9 1735.5 0 0.04814 -0 0 1.8185 -0.037419 0
528.56 87463 4086.5 1735.5 0 0.046409 -0 0 1.8186 -0.036806 0
529.56 87650 4086.1 1735.5 0 0.044677 0 0 1.8186 -0.036193 0
530.56 87828 4085.7 1735.5 0 0.042946 0 0 1.8186 -0.035581 0
531.56 88000 4085.3 1735.5 0 0.041214 0 0 1.8186 -0.034968 0
532.56 88165 4084.9 1735.5 0 0.039481 0 0 1.8186 -0.034355 0
533.56 88323 4084.6 1735.5 0 0.037749 0 0 1.8186 -0.033743 0
534.56 88473 4084.3 1735.5 0 0.036016 0 0 1.8186 -0.03313 0
535.56 88617 4084 1735.5 0 0.034283 0 0 1.8186 -0.032518 0
536.56 88753 4083.7 1735.5 0 0.03255 -0 0 1.8186 -0.031905 0
537.56 88883 4083.4 1735.5 0 0.030816 0 0 1.8186 -0.031292 0
538.56 89005 4083.2 1735.5 0 0.029082 -0 0 1.8186 -0.03068 0
539.56 89120 4083 1735.5 0 0.027349 0 0 1.8186 -0.030067 0
540.56 89228 4082.7 1735.5 0 0.025614 -0 0 1.8186 -0.029455 0
541.56 89329 4082.5 1735.5 0 0.02388 -0 0 1.8186 -0.028843 0
542.56 89423 4082.3 1735.5 0 0.022146 0 0 1.8186 -0.02823 0
543.56 89510 4082.2 1735.5 0 0.020411 0 0 1.8186 -0.027618 0
544.56 89590 4082 1735.5 0 0.018677 0 0 1.8186 -0.027005 0
545.56 89663 4081.9 1735.5 0 0.016942 -0 0 1.8186 -0.026393 0
546.56 89728 4081.8 1735.5 0 0.015207 0 0 1.8186 -0.02578 0
547.56 89787 4081.7 1735.5 0 0.013472 -0 0 1.8186 -0.025168 0
548.56 89838 4081.6 1735.5 0 0.011737 0 0 1.8186 -0.024556 0
549.56 89883 4081.5 1735.5 0 0.010002 -0 0 1.8186 -0.023943 0
550.56 89920 4081.5 1735.5 0 0.008267 0 0 1.8186 -0.023331 0
551.56 89950 4081.4 1735.5 0 0.0065318 -0 0 1.8186 -0.022718 0
552.56 89973 4081.4 1735.5 0 0.0047966 0 0 1.8186 -0.022106 0
553.56 89989 4081.4 1735.5 0 0.0030615 0 0 1.8186 -0.021494 0
554.56 89998 4081.4 1735.5 0 0.0013263 0 0 1.8186 -0.020881 0
555.56 90000 4081.4 1735.5 0 0 0 0 1.8186 -0.020269 0
