time (s) altitude (m) velocity (m/s) mass (kg)trajectory angle (rad) angle of attack (rad) heading angle (rad) latitude (rad)
0 90 30 29388 1.5691 0 -0.15017 -0.2123 2.3868
0.88216 117.79 33.002 29261 1.5683 -0.0029986 -0.062599 -0.2123 2.3868
2.4533 173.91 38.464 29035 1.5632 -0.0077633 0.0148 -0.2123 2.3868
3.7864 228.33 43.213 28843 1.555 -0.010896 0.033426 -0.2123 2.3868
4.1545 244.48 44.544 28790 1.5521 -0.011607 0.037945 -0.2123 2.3868
5.0366 285.18 47.765 28663 1.5441 -0.013082 0.044212 -0.2123 2.3868
6.6078 364.76 53.623 28437 1.526 -0.014772 0.050817 -0.2123 2.3868
7.9409 439.52 58.718 28245 1.507 -0.01521 0.054195 -0.2123 2.3868
8.3089 461.34 60.146 28192 1.5012 -0.015189 0.054878 -0.2123 2.3868
9.1911 515.76 63.605 28065 1.4863 -0.014877 0.056295 -0.2123 2.3868
10.762 620.11 69.911 27838 1.4569 -0.013363 0.05815 -0.2123 2.3868
12.095 716.16 75.417 27646 1.4294 -0.011124 0.059291 -0.2123 2.3868
12.463 743.91 76.964 27593 1.4214 -0.010393 0.059556 -0.2123 2.3868
13.787 848.06 82.625 27403 1.3918 -0.0074297 0.060376 -0.2123 2.3868
16.143 1050.6 93.083 27064 1.3368 1.6911e-06 0.061468 -0.2123 2.3868
18.143 1239.5 102.37 26776 1.2908 0.0084108 0.062162 -0.2123 2.3868
18.695 1294.4 105.01 26696 1.2788 0.010847 0.062327 -0.2123 2.3869
20.018 1430.9 111.46 26506 1.2512 0.016565 0.062689 -0.2123 2.3869
22.375 1691.5 123.38 26167 1.2077 0.025101 0.063243 -0.2123 2.3869
24.375 1930.3 133.9 25879 1.1767 0.030096 0.063646 -0.2123 2.3869
24.927 1999.2 136.87 25800 1.169 0.031176 0.063749 -0.2123 2.3869
26.25 2169.7 144.1 25609 1.1522 0.033213 0.063984 -0.2123 2.3869
28.607 2492.2 157.32 25270 1.1273 0.034905 0.064369 -0.2123 2.3869
30.606 2785.5 168.9 24983 1.1102 0.034882 0.064669 -0.21229 2.387
31.158 2869.7 172.16 24903 1.1061 0.034902 0.064748 -0.21229 2.387
32.482 3077.6 180.08 24713 1.0975 0.034877 0.064932 -0.21229 2.387
34.838 3469.2 194.57 24374 1.0864 0.034904 0.065243 -0.21229 2.387
36.838 3824.2 207.25 24086 1.0817 0.034906 0.065494 -0.21229 2.387
37.39 3926 210.81 24007 1.0812 0.034846 0.065562 -0.21229 2.387
38.713 4177.2 219.46 23817 1.0812 0.034851 0.065721 -0.21229 2.3871
41.07 4650.5 235.26 23478 1.0862 0.034906 0.065998 -0.21228 2.3871
43.07 5079.9 249.06 23191 1.0954 0.034875 0.066228 -0.21228 2.3871
43.622 5203.2 252.94 23111 1.0987 0.034871 0.066291 -0.21228 2.3872
44.945 5507.5 262.35 22921 1.1081 0.034906 0.066441 -0.21228 2.3872
47.302 6081.8 279.63 22582 1.1292 0.033642 0.066707 -0.21228 2.3872
49.301 6602.7 294.01 22295 1.1473 0.030486 0.066934 -0.21227 2.3873
49.854 6751.8 297.66 22216 1.1512 0.02926 0.066996 -0.21227 2.3873
51.177 7117.3 306 22025 1.1583 0.025704 0.067147 -0.21227 2.3873
53.534 7793.4 319.4 21687 1.1608 0.017191 0.067413 -0.21227 2.3873
55.533 8387.8 329.86 21399 1.1506 0.0078173 0.067633 -0.21227 2.3874
56.085 8554.6 332.69 21320 1.1456 0.0048984 0.067693 -0.21226 2.3874
57.408 8958.3 339.51 21130 1.1297 -0.002047 0.067833 -0.21226 2.3874
59.765 9688.6 352.41 20791 1.0902 -0.012412 0.068071 -0.21226 2.3875
61.765 10317 364.5 20504 1.0487 -0.018819 0.06826 -0.21226 2.3875
62.317 10492 368.01 20424 1.0363 -0.020333 0.068311 -0.21225 2.3876
63.64 10912 376.74 20234 1.0054 -0.023234 0.068429 -0.21225 2.3876
65.997 11663 393.56 19896 0.94758 -0.026238 0.068628 -0.21225 2.3877
67.997 12303 409.27 19608 0.89811 -0.026625 0.06879 -0.21224 2.3878
68.549 12480 413.85 19529 0.8847 -0.026434 0.068833 -0.21224 2.3878
69.872 12904 425.28 19339 0.85323 -0.02565 0.068935 -0.21224 2.3878
72.229 13659 447.24 19000 0.8001 -0.024267 0.069112 -0.21223 2.388
74.228 14301 467.51 18712 0.75773 -0.02436 0.069258 -0.21222 2.3881
74.78 14479 473.37 18633 0.74635 -0.024739 0.069297 -0.21222 2.3881
76.104 14904 487.91 18443 0.71949 -0.02594 0.069391 -0.21221 2.3882
78.46 15662 515.5 18104 0.67249 -0.030129 0.069556 -0.2122 2.3883
80.46 16303 540.68 17816 0.63248 -0.036001 0.069695 -0.21219 2.3884
81.012 16479 547.92 17737 0.62127 -0.037907 0.069732 -0.21219 2.3885
82.335 16899 565.85 17546 0.59409 -0.043122 0.069823 -0.21219 2.3886
84.692 17639 600 17207 0.54468 -0.053258 0.069983 -0.21217 2.3888
86.692 18255 631.51 16920 0.50289 -0.060895 0.070118 -0.21216 2.3889
87.244 18422 640.66 16840 0.49164 -0.06254 0.070155 -0.21216 2.389
88.567 18819 663.38 16650 0.46537 -0.066285 0.070244 -0.21215 2.3891
90.924 19511 706.6 16311 0.42141 -0.070858 0.070403 -0.21213 2.3893
92.923 20081 745.95 16023 0.38717 -0.072525 0.070539 -0.21212 2.3895
93.475 20236 757.22 15943 0.3782 -0.072777 0.070577 -0.21211 2.3896
94.799 20603 784.95 15753 0.35747 -0.073037 0.070667 -0.2121 2.3898
97.155 21240 836.68 15413 0.32277 -0.072929 0.07083 -0.21208 2.39
99.155 21762 882.78 15125 0.29495 -0.072313 0.07097 -0.21207 2.3903
99.707 21903 895.84 15046 0.28744 -0.071995 0.071009 -0.21206 2.3904
101.03 22234 927.7 14855 0.26966 -0.070908 0.071103 -0.21205 2.3906
103.39 22801 986.24 14516 0.23856 -0.066935 0.071272 -0.21202 2.3909
105.39 23253 1037.5 14228 0.21268 -0.06123 0.071419 -0.212 2.3912
105.94 23373 1051.9 14148 0.20564 -0.059376 0.07146 -0.212 2.3913
107.26 23650 1086.8 13957 0.18901 -0.054267 0.071558 -0.21198 2.3915
109.62 24108 1150.7 13618 0.16082 -0.044537 0.071737 -0.21195 2.392
111.62 24459 1206.9 13330 0.13861 -0.037716 0.071892 -0.21192 2.3923
112.17 24550 1222.7 13250 0.13273 -0.036378 0.071935 -0.21192 2.3924
113.49 24756 1261.4 13059 0.11898 -0.03342 0.07204 -0.2119 2.3927
115.85 25082 1332.4 12720 0.095538 -0.029632 0.072229 -0.21186 2.3932
117.85 25316 1394.7 12431 0.076884 -0.026243 0.072394 -0.21183 2.3936
118.4 25374 1412.2 12352 0.072031 -0.024854 0.07244 -0.21182 2.3937
119.73 25500 1454.7 12161 0.061221 -0.021169 0.072551 -0.2118 2.394
122.08 25687 1531.5 11821 0.046112 -0.012421 0.072754 -0.21176 2.3946
124.08 25817 1598.4 11533 0.037979 -0.0028857 0.072929 -0.21173 2.3951
124.63 25850 1617.3 11453 0.036333 2.4676e-06 0.072979 -0.21172 2.3952
