time (s) altitude (m) longitude (rad) latitude (rad) velocity (m/s) trajectory angle (rad) heading angle (rad) angle of attack (rad) bank angle (rad) fuel mass (kg) 
124.63 25850 2.3952 -0.21172 1617.3 0.036333 0.072979 2.4676e-06 1.0092 1562
128.6 26043 2.3963 -0.21164 1629 0.024299 0.089188 0.015324 0.98937 1552.4
135.67 26237 2.3981 -0.21144 1652.7 0.010446 0.12439 0.019859 0.88346 1534.1
141.67 26303 2.3997 -0.21123 1674.7 0.0032837 0.15285 0.024136 0.79594 1517.7
143.33 26310 2.4001 -0.21116 1681.3 0.002562 0.16134 0.026508 0.78494 1512.9
147.3 26325 2.4012 -0.21098 1697.5 0.0020403 0.18184 0.028036 0.76342 1501
154.37 26355 2.4031 -0.2106 1728.7 0.0033328 0.21959 0.030382 0.78458 1478.4
160.37 26406 2.4047 -0.21022 1757.7 0.0068464 0.25709 0.040104 0.86037 1457.2
162.02 26428 2.4052 -0.2101 1766.1 0.0086833 0.2695 0.044083 0.87593 1450.9
165.99 26508 2.4062 -0.20979 1786.8 0.013739 0.30127 0.047273 0.92287 1435.3
173.06 26724 2.4082 -0.20914 1824.1 0.019398 0.36323 0.04926 1.0457 1406.8
179.06 26945 2.4098 -0.20848 1856 0.019835 0.41883 0.050331 1.0919 1382.5
180.72 27005 2.4102 -0.20828 1864.9 0.019903 0.43423 0.049852 1.0958 1375.7
184.69 27151 2.4113 -0.20778 1886.1 0.019281 0.47018 0.047801 1.095 1359.7
191.76 27403 2.4132 -0.20677 1923.8 0.018181 0.5306 0.045102 1.0626 1331.4
197.76 27612 2.4148 -0.20581 1955.8 0.017831 0.57858 0.043169 1.0468 1307.7
199.41 27670 2.4152 -0.20553 1964.6 0.017643 0.59142 0.042639 1.0447 1301.2
203.38 27806 2.4162 -0.20483 1985.7 0.017195 0.62153 0.041773 1.0398 1285.6
210.45 28044 2.418 -0.20349 2023.2 0.016421 0.67288 0.040022 1.0201 1258.1
216.45 28242 2.4195 -0.20227 2054.8 0.015961 0.71411 0.038732 1.0034 1235
218.11 28296 2.42 -0.20192 2063.4 0.01585 0.72517 0.038428 0.99903 1228.6
222.08 28425 2.4209 -0.20105 2084.2 0.015407 0.75074 0.036257 0.98891 1213.5
229.15 28647 2.4226 -0.19943 2120.7 0.014386 0.79394 0.03521 0.97507 1186.8
235.14 28825 2.424 -0.19798 2150.4 0.013393 0.82952 0.034704 0.98556 1164.2
236.8 28872 2.4244 -0.19757 2158.2 0.012938 0.83922 0.034683 0.98208 1158
240.77 28980 2.4253 -0.19656 2176.5 0.012179 0.86219 0.034615 0.97226 1143.1
247.84 29160 2.4269 -0.19469 2207.3 0.0111 0.90149 0.033069 0.94759 1116.7
253.84 29302 2.4282 -0.19304 2231.9 0.010255 0.93308 0.032271 0.9349 1094.5
255.5 29340 2.4285 -0.19257 2238.4 0.010035 0.94166 0.031966 0.93094 1088.4
259.46 29427 2.4293 -0.19144 2253.7 0.0096015 0.96177 0.03161 0.91734 1073.8
266.53 29575 2.4308 -0.18936 2279.5 0.0087831 0.99632 0.030718 0.91256 1047.9
272.53 29690 2.4319 -0.18754 2300.2 0.0080582 1.0259 0.033679 0.9382 1025.9
274.19 29721 2.4322 -0.18703 2305.7 0.008002 1.0345 0.0338 0.94155 1019.7
278.16 29793 2.433 -0.18579 2318.6 0.0077126 1.0549 0.033797 0.94008 1005
285.23 29916 2.4342 -0.18353 2340.9 0.007286 1.0905 0.033235 0.92988 978.94
291.23 30016 2.4352 -0.18156 2359.1 0.0068846 1.1199 0.032612 0.92806 956.92
292.88 30043 2.4355 -0.18101 2363.9 0.0067201 1.1279 0.032423 0.9296 950.85
296.85 30103 2.4361 -0.17968 2375.2 0.0061865 1.1469 0.031885 0.92635 936.36
303.92 30204 2.4372 -0.17726 2393.9 0.0059452 1.1798 0.031494 0.87951 910.6
309.92 30292 2.438 -0.17517 2408.4 0.0062179 1.205 0.026146 0.81455 889.04
311.58 30317 2.4382 -0.17458 2412.3 0.0060123 1.2111 0.026163 0.80954 883.24
314.23 30356 2.4386 -0.17365 2418.3 0.0061253 1.2212 0.02623 0.80582 873.86
318.94 30416 2.4392 -0.17197 2428.6 0.0040559 1.2369 0.016434 0.81721 857.72
322.94 30446 2.4397 -0.17053 2437.1 0.0023358 1.2508 0.034615 0.8424 843.95
324.04 30452 2.4398 -0.17013 2439.5 0.0033373 1.2564 0.034709 0.84715 839.78
326.69 30478 2.4401 -0.16917 2445.1 0.0045277 1.2687 0.035071 0.86399 830.02
331.4 30533 2.4407 -0.16744 2454.9 0.0046707 1.2894 0.027937 0.90889 813
335.4 30575 2.4411 -0.16596 2463.2 0.0038056 1.307 0.035998 0.92353 798.67
336.5 30585 2.4412 -0.16555 2465.5 0.0042442 1.3127 0.036119 0.92421 794.54
339.15 30615 2.4415 -0.16456 2470.9 0.004842 1.3258 0.036395 0.91552 784.75
343.86 30674 2.4419 -0.16279 2480.4 0.0050711 1.3469 0.027743 0.87251 767.7
347.86 30721 2.4422 -0.16127 2488.4 0.0042876 1.3623 0.027486 0.85732 753.68
348.97 30732 2.4423 -0.16085 2490.6 0.0042618 1.3668 0.027441 0.85837 749.76
352.94 30770 2.4426 -0.15933 2498.4 0.0034667 1.3822 0.027164 0.88051 735.84
360.01 30826 2.4431 -0.15661 2511.9 0.0031543 1.4139 0.03777 0.94651 710.36
366.01 30883 2.4434 -0.15427 2522.9 0.0046039 1.4451 0.037822 0.9429 688.01
367.66 30903 2.4435 -0.15363 2525.8 0.0048 1.4531 0.026721 0.92439 681.94
371.63 30945 2.4437 -0.15207 2533.1 0.0035858 1.4688 0.026985 0.87926 668.04
378.7 31003 2.4439 -0.14927 2545.8 0.0031589 1.4958 0.027611 0.82463 643.23
384.7 31053 2.4441 -0.14689 2556.4 0.0034694 1.5185 0.028077 0.84938 622.14
386.36 31068 2.4441 -0.14623 2559.3 0.0033937 1.525 0.028173 0.85167 616.31
390.33 31103 2.4442 -0.14464 2566.1 0.0033614 1.5404 0.028446 0.85776 602.34
397.4 31163 2.4442 -0.1418 2578.1 0.0032754 1.5682 0.028568 0.86238 577.44
403.39 31213 2.4442 -0.13938 2588.1 0.0031955 1.5916 0.028376 0.85938 556.35
405.05 31227 2.4442 -0.13871 2590.8 0.0031805 1.598 0.02824 0.86047 550.54
409.02 31259 2.4441 -0.1371 2597.3 0.0031058 1.6133 0.028105 0.85698 536.62
416.09 31316 2.444 -0.13423 2608.6 0.0030373 1.6403 0.027745 0.85053 511.88
422.09 31362 2.4438 -0.13179 2618 0.00293 1.6628 0.027042 0.84631 490.96
423.75 31375 2.4437 -0.13112 2620.6 0.0028607 1.669 0.026518 0.83948 485.21
427.72 31405 2.4435 -0.1295 2626.7 0.0029272 1.6833 0.026121 0.80882 471.44
434.79 31460 2.4432 -0.12662 2637.5 0.0028978 1.7059 0.020873 0.72565 447.3
440.78 31504 2.4428 -0.12417 2646.5 0.0025664 1.7222 0.020605 0.68868 427.21
442.44 31515 2.4427 -0.12349 2648.9 0.0026922 1.7268 0.01998 0.68282 421.63
446.41 31543 2.4425 -0.12187 2654.8 0.0027388 1.7373 0.019895 0.67252 408.35
453.48 31594 2.4419 -0.11897 2665.1 0.0026455 1.7552 0.018247 0.64623 384.82
459.48 31635 2.4415 -0.11652 2673.7 0.0025311 1.7689 0.017062 0.56655 365.04
461.13 31647 2.4413 -0.11584 2676 0.0026693 1.7722 0.011422 0.53666 359.59
463.78 31665 2.4411 -0.11476 2679.8 0.0025428 1.7771 0.016452 0.50168 351
468.49 31697 2.4407 -0.11283 2686.4 0.0025121 1.7847 0.011373 0.41428 335.74
472.49 31724 2.4403 -0.11119 2692 0.0024605 1.7897 0.017931 0.34786 322.92
473.6 31731 2.4402 -0.11073 2693.5 0.0033689 1.7913 0.024315 0.32732 319.22
476.24 31772 2.44 -0.10965 2696.7 0.008861 1.7957 0.041858 0.28117 309.81
480.96 31989 2.4395 -0.10771 2700.5 0.026598 1.8038 0.058398 0.19891 291.99
484.96 32379 2.4391 -0.10607 2701.1 0.046007 1.8091 0.07124 0.12929 276.76
486.06 32525 2.439 -0.10562 2700.8 0.052021 1.8103 0.075579 0.11015 272.61
488.71 32947 2.4387 -0.10454 2699.4 0.065952 1.8125 0.075575 0.091863 263.03
493.42 33926 2.4383 -0.10262 2695.6 0.087621 1.8157 0.081357 0.072228 247.67
497.42 34960 2.4379 -0.10099 2689.8 0.10472 1.8173 0.10008 0.020038 236.18
498.52 35277 2.4377 -0.10055 2687.5 0.1097 1.8174 0.081256 0 233.2
498.52 35277 2.4377 -0.10055 2687.5 0.1097 1.8174 0.081256 0 233.2
508.15 38543 2.4367 -0.096735 2612.9 0.13833 1.8405 0.060343 0.90805 233.2
525.28 43925 2.4347 -0.090223 2542.5 0.093752 1.9077 0.087006 1.5708 233.2
539.82 46403 2.4327 -0.084888 2494.7 0.0487 1.9468 0.1438 1.3786 233.2
543.84 46879 2.4321 -0.083446 2482.6 0.036653 1.9626 0.15594 1.5708 233.2
553.46 47342 2.4306 -0.080051 2454.9 0.0022215 1.9956 0.17453 1.5708 233.2
570.59 46141 2.4278 -0.074219 2411.5 -0.060257 2.0582 0.17453 1.5708 233.2
585.13 43116 2.4251 -0.069538 2369.7 -0.11434 2.1289 0.17453 1.5706 233.2
589.15 41963 2.4243 -0.068302 2354.7 -0.12946 2.1552 0.17452 1.5601 233.2
598.77 38733 2.4223 -0.065495 2302.7 -0.15561 2.2423 0.17453 1.3678 233.2
615.91 32745 2.4181 -0.061342 2140.8 -0.14874 2.4955 0.13001 1.2322 233.2
630.45 28976 2.4141 -0.059182 1929.6 -0.099048 2.8329 0.11622 1.2611 233.2
634.46 28297 2.4129 -0.05889 1860.1 -0.08259 2.9517 0.1183 1.3117 233.2
641.68 27402 2.4109 -0.058748 1721.7 -0.056456 3.1903 0.11784 1.3007 234.52
654.53 26633 2.4077 -0.059544 1630.4 -0.017697 3.5714 0.086374 1.2635 216.61
665.43 26509 2.4053 -0.06106 1731.9 0.0014877 3.8251 0.076609 1.2744 175.25
668.44 26524 2.4047 -0.061601 1746.6 0.008649 3.9038 0.075353 1.3389 164.29
675.66 26655 2.4033 -0.063106 1814.3 0.016111 4.0718 0.063306 1.2446 133.95
688.51 27710 2.4014 -0.066367 1942.9 0.078093 4.286 0.047936 0.77483 80.135
699.42 30202 2.4002 -0.069498 2026.5 0.15353 4.3762 0.042882 0.5495 42.953
702.43 31205 2.3999 -0.070391 2041.6 0.16381 4.3926 0.037281 0.51594 35.151
709.64 33717 2.3992 -0.072565 2065.5 0.17474 4.4161 0.03336 0.48396 21.225
722.5 38374 2.3981 -0.076501 2075.8 0.17349 4.4439 0.07314 0.47065 5.6707
733.4 42182 2.3972 -0.079852 2055.6 0.16612 4.4642 0.074227 0.45368 0.00011778
736.41 43199 2.397 -0.080773 2043.3 0.15942 4.4671 0.059817 0.44333 0.64058
743.63 45393 2.3964 -0.082968 2024.2 0.14026 4.4729 0.069584 0.41444 0.29058
756.48 48507 2.3955 -0.086854 1997.9 0.10016 4.48 0.07469 0.3593 0.02286
767.39 50268 2.3947 -0.090133 1982.2 0.061801 4.4839 0.074434 0.31742 0.067184
770.4 50603 2.3945 -0.091036 1978.9 0.050758 4.4848 0.075679 0.30972 0.043353
780.02 51228 2.3938 -0.093917 1970.7 0.015146 4.4874 0.084865 0.27333 0.0019131
797.15 50711 2.3927 -0.099031 1961.8 -0.044896 4.4924 0.12212 0.22716 0.020598
811.69 48784 2.3917 -0.10335 1957.4 -0.089182 4.4976 0.12675 0.19536 0.0070047
815.71 48042 2.3914 -0.10454 1956.6 -0.10035 4.4991 0.12538 0.1908 0.011482
825.33 45934 2.3908 -0.10739 1953.9 -0.1231 4.5034 0.12812 0.17261 0.010282
842.47 41453 2.3898 -0.11244 1937.9 -0.1397 4.5141 0.12909 0.15308 0.0098332
857.01 37814 2.389 -0.11668 1899.3 -0.11392 4.5288 0.12747 0.14632 0.0088945
861.02 37008 2.3887 -0.11784 1882.5 -0.097915 4.5341 0.12691 0.14566 0.008616
870.64 35690 2.3883 -0.12058 1832.9 -0.04804 4.549 0.12314 0.15253 0.0071193
887.78 35671 2.3876 -0.1253 1732.3 0.045603 4.5791 0.11721 0.17376 0.0060384
902.32 37475 2.3871 -0.1291 1656.8 0.0926 4.6024 0.11436 0.1888 0.0022603
906.33 38095 2.387 -0.13012 1639.4 0.097633 4.6077 0.11435 0.18991 0.00041825
915.95 39650 2.3867 -0.13253 1602.4 0.09993 4.6186 0.11584 0.18462 9.7105e-05
933.09 42095 2.3864 -0.13671 1552 0.076386 4.6324 0.11857 0.16303 0
947.63 43407 2.3861 -0.14017 1521.5 0.039563 4.6404 0.12112 0.13972 0
951.64 43614 2.386 -0.14112 1514.7 0.027959 4.6422 0.12182 0.13711 0
961.27 43811 2.3859 -0.14338 1500.6 -0.0010427 4.6463 0.12334 0.1207 0
978.4 43127 2.3856 -0.14735 1481.6 -0.051804 4.6529 0.12561 0.10169 0
992.94 41623 2.3854 -0.15068 1468.1 -0.086759 4.6588 0.12672 0.08828 0
996.96 41091 2.3854 -0.15159 1464.2 -0.093987 4.6605 0.12682 0.087258 0
1006.6 39682 2.3853 -0.15377 1453 -0.10517 4.665 0.127 0.079445 0
1023.7 37125 2.3851 -0.15759 1421.8 -0.096287 4.6747 0.12592 0.07219 0
1038.3 35507 2.385 -0.16076 1379.3 -0.057173 4.6848 0.12401 0.068876 0
1042.3 35237 2.385 -0.16162 1364.8 -0.042038 4.6879 0.12344 0.068873 0
1051.9 34943 2.3849 -0.16364 1326.8 -0.0034949 4.6953 0.12181 0.067802 0
1069 35533 2.3849 -0.16709 1254.7 0.053492 4.7079 0.11953 0.065927 0
1083.6 36711 2.3849 -0.16986 1197.3 0.072685 4.7166 0.11843 0.062167 0
1087.6 37054 2.3849 -0.17061 1182.8 0.072503 4.7186 0.11815 0.063673 0
1097.2 37828 2.3849 -0.17235 1150.6 0.063778 4.7229 0.11823 0.057092 0
1114.3 38735 2.385 -0.17536 1102.5 0.026096 4.7289 0.11896 0.050795 0
1128.9 38806 2.385 -0.17782 1069.7 -0.018201 4.7333 0.12031 0.043747 0
1132.9 38701 2.385 -0.17849 1061.6 -0.030981 4.7344 0.12076 0.048758 0
1142.5 38235 2.3851 -0.18006 1043.4 -0.060689 4.7371 0.12214 0.038842 0
1159.7 36773 2.3851 -0.1828 1010.9 -0.10272 4.742 0.12366 0.034191 0
1174.2 35148 2.3852 -0.18504 977.26 -0.1188 4.7465 0.12326 0.028391 0
1178.2 34685 2.3852 -0.18565 966.02 -0.11905 4.7478 0.12283 0.034254 0
1187.8 33629 2.3853 -0.18707 933.42 -0.10967 4.7512 0.13011 0.025037 0
1205 32215 2.3854 -0.18945 854.41 -0.073552 4.757 0.12465 0.02171 0
1219.5 31444 2.3855 -0.1913 778.86 -0.0638 4.7611 0.09217 0.016589 0
1223.5 31237 2.3855 -0.19178 760.04 -0.071516 4.7619 0.092024 0.025504 0
1233.1 30672 2.3856 -0.19288 713.47 -0.09001 4.7643 0.087665 0.013871 0
1250.3 29378 2.3857 -0.19467 632.36 -0.13638 4.7674 0.092399 0.011544 0
1264.8 28069 2.3857 -0.196 556.61 -0.16292 4.7703 0.13023 0.0070752 0
1268.8 27713 2.3858 -0.19634 532.3 -0.16281 4.7709 0.13712 0.013931 0
1278.5 26912 2.3858 -0.19709 478.34 -0.16828 4.7729 0.14546 0.0048199 0
1295.6 25644 2.3859 -0.19823 393 -0.17253 4.7753 0.16339 0.0040372 0
1310.1 24755 2.3859 -0.19904 334.72 -0.16364 4.7771 0.17441 -0.00066325 0
1314.1 24544 2.3859 -0.19924 321.53 -0.15971 4.7771 0.17432 0.018769 0
1323.8 24078 2.386 -0.1997 295.46 -0.15758 4.7793 0.17452 -0.0021147 0
1340.9 23299 2.386 -0.20044 263.4 -0.17538 4.7789 0.17451 0.00058792 0
1355.4 22602 2.3861 -0.201 246.13 -0.2055 4.7797 0.17449 -0.0057651 0
1359.5 22398 2.3861 -0.20115 242.55 -0.21336 4.7784 0.17447 0.013668 0
1369.1 21901 2.3861 -0.2015 235.04 -0.22251 4.7805 0.17453 -0.002237 0
1386.2 20993 2.3861 -0.2021 224.59 -0.24779 4.7794 0.15697 -0.0012091 0
1400.8 20127 2.3862 -0.20258 221.67 -0.30137 4.7798 0.13443 -0.0049643 0
1404.8 19853 2.3862 -0.20272 222.91 -0.31566 4.7788 0.13222 0.0081673 0
1414.4 19176 2.3862 -0.20304 223.96 -0.31984 4.7806 0.12723 -0.0013152 0
1431.5 18039 2.3862 -0.2036 219.7 -0.27965 4.7797 0.11657 -0.0026118 0
1446.1 17236 2.3863 -0.20408 209.95 -0.24275 4.7791 0.11001 -0.0031162 0
1450.1 17037 2.3863 -0.2042 206.84 -0.23684 4.7786 0.10866 0.023832 0
1459.7 16590 2.3863 -0.2045 198.96 -0.22821 4.7815 0.10746 -0.0067438 0
1476.8 15833 2.3863 -0.205 186.61 -0.23927 4.7779 0.10385 0.0011051 0
1491.4 15176 2.3864 -0.2054 179.34 -0.26065 4.7793 0.10239 -0.0090111 0
1495.4 14989 2.3864 -0.20551 177.62 -0.26207 4.7761 0.10163 0.015747 0
1505 14549 2.3864 -0.20577 173.45 -0.26582 4.7803 0.10016 -1.0892e-05 0
1522.1 13779 2.3864 -0.2062 166.04 -0.26911 4.7781 0.096657 -0.0037103 0
1536.7 13145 2.3864 -0.20656 159.89 -0.27373 4.7769 0.094165 -0.0026131 0
1540.7 12972 2.3864 -0.20666 158.27 -0.27464 4.7764 0.09356 0.015817 0
1550.3 12562 2.3865 -0.20688 154.35 -0.27718 4.7815 0.092029 0.00022592 0
1567.5 11846 2.3865 -0.20727 147.8 -0.28379 4.7766 0.089127 -0.0070698 0
1582 11249 2.3865 -0.20759 142.66 -0.28927 4.776 0.087054 0.006567 0
1586 11087 2.3865 -0.20767 141.25 -0.28979 4.7791 0.08666 0.02998 0
1595.6 10701 2.3865 -0.20788 137.97 -0.29285 4.7843 0.085576 -0.0082329 0
1612.8 10025 2.3865 -0.20822 132.69 -0.29911 4.7749 0.084916 -0.0014973 0
1627.3 9460.7 2.3866 -0.20851 128.7 -0.30362 4.7778 0.083383 -0.0032445 0
1631.3 9306.6 2.3866 -0.20858 127.69 -0.30644 4.7754 0.083384 0.020914 0
1640.9 8938.9 2.3866 -0.20876 125.27 -0.3074 4.7833 0.082962 0.00021998 0
1658.1 8299.1 2.3866 -0.20908 120.88 -0.3094 4.775 0.08176 -0.0088705 0
1672.6 7768.1 2.3866 -0.20934 117.46 -0.31478 4.773 0.080775 0.0066159 0
1676.6 7622.1 2.3866 -0.20941 116.62 -0.3158 4.7768 0.080291 0.023376 0
1686.3 7274.9 2.3866 -0.20957 114.62 -0.31838 4.7861 0.07977 -0.00021729 0
1703.4 6669.4 2.3867 -0.20986 110.9 -0.31908 4.7738 0.079134 -0.011256 0
1717.9 6167.2 2.3867 -0.21009 107.95 -0.32512 4.7731 0.077082 0.013801 0
1721.9 6028.5 2.3867 -0.21016 107.35 -0.32975 4.7806 0.077256 0.040085 0
1729.2 5780.3 2.3867 -0.21027 106.07 -0.3266 4.7918 0.078139 -0.0039421 0
1742 5348.4 2.3867 -0.21047 103.57 -0.32853 4.7697 0.074975 -0.021844 0
1752.9 4979.5 2.3867 -0.21064 102.29 -0.34488 4.7679 0.072808 0.026294 0
1755.9 4874.4 2.3867 -0.21068 102.15 -0.34561 4.779 0.072083 0.037217 0
1763.1 4625 2.3867 -0.21079 101.48 -0.34908 4.7926 0.069403 0.0025244 0
1776 4157.3 2.3867 -0.21098 101.63 -0.39613 4.7767 0.053387 -0.021982 0
1786.9 3679.1 2.3867 -0.21114 106.65 -0.48507 4.7702 0.034258 0.018709 0
1789.9 3523.1 2.3867 -0.21119 109.44 -0.50951 4.7781 0.030677 0.026918 0
1797.1 3111.9 2.3868 -0.2113 116.97 -0.54238 4.7862 0.023029 -0.00055697 0
1810 2283.1 2.3868 -0.21151 128.27 -0.54679 4.7752 0.015161 -0.015648 0
1820.9 1581.1 2.3868 -0.2117 128.4 -0.48254 4.7736 0.01811 0.014915 0
1823.9 1408.7 2.3868 -0.21175 126.11 -0.44599 4.7798 0.017681 0.025621 0
1831.1 1028.4 2.3868 -0.21188 121.87 -0.43214 4.7933 0.01429 0.0046854 0
1844 423.52 2.3868 -0.2121 110.9 -0.38435 4.7597 0.026563 -0.036094 0
1854.9 63.793 2.3868 -0.21226 92.072 -0.23973 4.8033 0.05575 0.14586 0
1857.9 10.36 2.3868 -0.2123 85.809 -0.21137 4.8749 0.058618 0.26682 0
