time (s) altitude (m) velocity (m/s) mass (kg) dynamic pressure (Pa)trajectory angle (rad) Lift (N)Drag (N)heading angle (rad) latitude (rad) angle of attack (rad) 
498.52 35277 2687.5 3300 28412 0.1097 30353 10190 1.8174 -0.10055 0.26142
499.52 35575 2696 3285.2 27300 0.11179 30176 10259 1.8174 -0.10014 0.26759
501.31 36121 2711 3258.8 25373 0.11552 29874 10384 1.8174 -0.099418 0.2796
502.82 36601 2723.8 3236.4 23794 0.11871 29664 10602 1.8174 -0.098801 0.29056
503.23 36736 2727.3 3230.3 23367 0.1196 29458 10582 1.8175 -0.09863 0.29277
504.23 37065 2735.7 3215.5 22362 0.1217 29155 10632 1.8175 -0.09822 0.29959
506.02 37667 2750.7 3189.1 20634 0.12543 28437 10614 1.8175 -0.097486 0.31135
507.53 38195 2763.8 3166.7 19238 0.12842 26531 9905.5 1.8175 -0.09686 0.31151
507.94 38343 2767.5 3160.5 18865 0.12917 26061 9736.2 1.8176 -0.096687 0.31187
509.26 38818 2779.3 3141 17722 0.13143 24639 9227.9 1.8176 -0.096139 0.31326
511.87 39786 2803.6 3102.4 15621 0.13531 21790 8170.4 1.8176 -0.095048 0.31398
514.76 40898 2832.1 3059.7 13540 0.13867 18881 7077.6 1.8177 -0.093828 0.3139
516.83 41717 2853.4 3029 12204 0.14055 17031 6385.3 1.8178 -0.092947 0.31405
517.37 41933 2859.1 3021 11877 0.14097 16582 6217.7 1.8178 -0.092717 0.31414
519.37 42744 2880.6 2991.4 10733 0.14233 14971 5610.7 1.8178 -0.091858 0.31393
522.93 44219 2920.5 2938.7 8950.7 0.14396 12481 4676 1.8179 -0.090312 0.31384
525.95 45497 2955.9 2893.9 7670.2 0.14471 10703 4009.3 1.818 -0.088983 0.31398
526.79 45853 2965.9 2881.6 7350.3 0.14483 10246 3835.9 1.818 -0.088614 0.31374
528.79 46714 2990.3 2851.9 6637.5 0.14498 9266.9 3470.6 1.818 -0.087723 0.31408
532.35 48264 3035.2 2799.2 5605.6 0.14487 7827.1 2928.2 1.8181 -0.086119 0.31407
535.37 49596 3074.5 2754.4 4862.1 0.14447 6769.6 2526.8 1.8182 -0.084739 0.3134
536.21 49966 3085.6 2742.1 4673.8 0.14432 6502.5 2425.5 1.8182 -0.084355 0.31322
538.21 50856 3112.5 2712.5 4250.2 0.1439 5935.5 2215.9 1.8182 -0.083428 0.31403
541.77 52454 3161.7 2659.7 3634 0.14301 5059.8 1882.7 1.8183 -0.081758 0.3133
544.8 53821 3204.7 2615 3175.1 0.14209 4315 1585.7 1.8184 -0.080321 0.30796
545.63 54200 3216.8 2602.6 3057.4 0.14179 4111.2 1502.9 1.8184 -0.079921 0.30567
547.63 55112 3246.2 2573 2789.9 0.14104 3708 1346.4 1.8185 -0.078955 0.30316
551.19 56742 3300 2520.2 2362.5 0.13955 3035.4 1081.8 1.8185 -0.077213 0.29608
554.22 58133 3347.1 2475.5 2045 0.13815 2558.1 897.42 1.8186 -0.075713 0.29064
555.05 58518 3360.3 2463.1 1964 0.13775 2430.1 847.08 1.8186 -0.075295 0.28846
557.05 59442 3392.3 2433.5 1781.2 0.13676 2171.3 749.64 1.8187 -0.074286 0.28552
560.62 61093 3450.9 2380.8 1491.6 0.13493 1761.9 596.48 1.8187 -0.072465 0.27947
563.64 62499 3501.9 2336 1278.7 0.13338 1505.6 510.09 1.8188 -0.070896 0.2789
564.47 62888 3516.2 2323.6 1224.7 0.13296 1438.2 487.09 1.8188 -0.070458 0.27838
566.47 63821 3550.9 2294 1103.3 0.13198 1279.5 432.01 1.8188 -0.069403 0.27596
570.04 65490 3614.2 2241.3 912.55 0.13018 998.95 331.06 1.8189 -0.067497 0.26516
573.06 66910 3669.5 2196.5 773.79 0.12856 794.93 257.47 1.819 -0.065853 0.25398
573.89 67303 3685 2184.2 738.89 0.1281 743.22 238.75 1.819 -0.065394 0.25042
575.89 68245 3722.7 2154.5 660.72 0.12702 667.95 215.51 1.819 -0.064288 0.25128
579.46 69929 3791.4 2101.8 539.15 0.12507 477.69 148.44 1.8191 -0.062289 0.22946
582.48 71358 3851.9 2057 451.45 0.12291 275.93 80.053 1.8191 -0.060564 0.17774
583.32 71752 3869 2044.7 429.23 0.12215 235.18 68.164 1.8191 -0.060083 0.16442
584.63 72371 3896.3 2025.2 396.34 0.12086 175.03 51.245 1.8192 -0.05932 0.14145
587.24 73590 3951.6 1986.6 338.47 0.11787 89.856 31.287 1.8192 -0.057792 0.095957
590.13 74921 4014.6 1943.8 284.39 0.11386 30.506 20.294 1.8193 -0.056073 0.045521
592.2 75857 4060.8 1913.2 251.39 0.11055 5.0746 16.635 1.8193 -0.054824 0.009389
592.74 76098 4072.9 1905.2 243.52 0.10963 4.6825e-16 15.914 1.8193 -0.054497 0
592.74 76098 4072.9 1905.2 243.52 0.10963 4.6825e-16 15.914 1.8193 -0.054497 0
593.74 76543 4071.9 1905.2 226.88 0.10789 1.3815e-15 14.821 1.8193 -0.053888 0
594.74 76978 4070.9 1905.2 211.68 0.10615 1.2889e-15 13.823 1.8193 -0.05328 0
595.74 77406 4069.9 1905.2 197.67 0.10441 1.2036e-15 12.903 1.8193 -0.052671 0
596.74 77826 4069 1905.2 184.74 0.10266 -1.1841e-15 12.054 1.8194 -0.052063 0
597.74 78240 4068 1905.2 172.81 0.10092 1.7722e-15 11.272 1.8194 -0.051455 0
598.74 78646 4067.1 1905.2 161.8 0.099176 3.111e-16 10.549 1.8194 -0.050846 0
599.74 79045 4066.2 1905.2 151.62 0.097431 -3.4012e-16 9.8818 1.8194 -0.050238 0
600.74 79437 4065.3 1905.2 142.21 0.095685 -6.3804e-16 9.2652 1.8194 -0.04963 0
601.74 79822 4064.4 1905.2 133.51 0.093939 -5.99e-16 8.6951 1.8194 -0.049022 0
602.74 80200 4063.6 1905.2 125.46 0.092192 2.4123e-16 8.1678 1.8194 -0.048414 0
603.74 80570 4062.7 1905.2 118 0.090445 2.269e-16 7.6798 1.8194 -0.047806 0
604.74 80934 4061.9 1905.2 111.1 0.088696 9.079e-16 7.2279 1.8195 -0.047198 0
605.74 81290 4061.1 1905.2 104.7 0.086948 1.0569e-15 6.8092 1.8195 -0.046591 0
606.74 81639 4060.3 1905.2 98.765 0.085198 1.7408e-16 6.421 1.8195 -0.045983 0
607.74 81981 4059.5 1905.2 93.259 0.083448 -4.1842e-16 6.061 1.8195 -0.045375 0
608.74 82316 4058.8 1905.2 88.15 0.081697 1.5537e-16 5.7271 1.8195 -0.044768 0
609.74 82643 4058 1905.2 83.404 0.079946 6.6821e-16 5.417 1.8195 -0.04416 0
610.74 82964 4057.3 1905.2 78.994 0.078194 6.3288e-16 5.1289 1.8195 -0.043553 0
611.74 83277 4056.6 1905.2 74.896 0.076442 1.3201e-16 4.8613 1.8195 -0.042945 0
612.74 83583 4055.9 1905.2 71.084 0.074689 -4.1005e-16 4.6124 1.8196 -0.042338 0
613.74 83882 4055.2 1905.2 67.538 0.072935 -1.0822e-16 4.381 1.8196 -0.041731 0
614.74 84174 4054.6 1905.2 64.237 0.071181 -2.3674e-16 4.1656 1.8196 -0.041123 0
615.74 84459 4053.9 1905.2 61.163 0.069427 1.9601e-16 3.9651 1.8196 -0.040516 0
616.74 84737 4053.3 1905.2 58.301 0.067672 1.8684e-16 3.7785 1.8196 -0.039909 0
617.74 85007 4052.7 1774.3 0 0.065916 0 0 1.8196 -0.039302 0
618.74 85271 4052.1 1774.3 0 0.06416 0 0 1.8196 -0.038695 0
619.74 85527 4051.5 1774.3 0 0.062404 0 0 1.8196 -0.038088 0
620.74 85776 4051 1774.3 0 0.060647 0 0 1.8196 -0.037481 0
621.74 86018 4050.4 1774.3 0 0.05889 0 0 1.8196 -0.036874 0
622.74 86253 4049.9 1774.3 0 0.057132 0 0 1.8196 -0.036267 0
623.74 86481 4049.4 1774.3 0 0.055374 0 0 1.8196 -0.03566 0
624.74 86701 4048.9 1774.3 0 0.053616 -0 0 1.8197 -0.035053 0
625.74 86914 4048.5 1774.3 0 0.051857 0 0 1.8197 -0.034447 0
626.74 87121 4048 1774.3 0 0.050098 0 0 1.8197 -0.03384 0
627.74 87320 4047.6 1774.3 0 0.048338 -0 0 1.8197 -0.033233 0
628.74 87512 4047.2 1774.3 0 0.046578 0 0 1.8197 -0.032626 0
629.74 87697 4046.8 1774.3 0 0.044818 0 0 1.8197 -0.03202 0
630.74 87875 4046.4 1774.3 0 0.043057 0 0 1.8197 -0.031413 0
631.74 88045 4046 1774.3 0 0.041296 -0 0 1.8197 -0.030807 0
632.74 88209 4045.6 1774.3 0 0.039535 -0 0 1.8197 -0.0302 0
633.74 88365 4045.3 1774.3 0 0.037774 0 0 1.8197 -0.029593 0
634.74 88514 4045 1774.3 0 0.036012 0 0 1.8197 -0.028987 0
635.74 88656 4044.7 1774.3 0 0.03425 0 0 1.8197 -0.02838 0
636.74 88791 4044.4 1774.3 0 0.032488 0 0 1.8197 -0.027774 0
637.74 88919 4044.1 1774.3 0 0.030726 -0 0 1.8197 -0.027167 0
638.74 89040 4043.9 1774.3 0 0.028963 0 0 1.8197 -0.026561 0
639.74 89153 4043.7 1774.3 0 0.0272 0 0 1.8197 -0.025955 0
640.74 89260 4043.4 1774.3 0 0.025437 0 0 1.8197 -0.025348 0
641.74 89359 4043.2 1774.3 0 0.023674 0 0 1.8197 -0.024742 0
642.74 89451 4043.1 1774.3 0 0.021911 0 0 1.8197 -0.024135 0
643.74 89536 4042.9 1774.3 0 0.020148 0 0 1.8197 -0.023529 0
644.74 89614 4042.7 1774.3 0 0.018384 0 0 1.8198 -0.022923 0
645.74 89685 4042.6 1774.3 0 0.016621 0 0 1.8198 -0.022316 0
646.74 89748 4042.5 1774.3 0 0.014857 0 0 1.8198 -0.02171 0
647.74 89805 4042.4 1774.3 0 0.013093 -0 0 1.8198 -0.021104 0
648.74 89854 4042.3 1774.3 0 0.011329 0 0 1.8198 -0.020497 0
649.74 89896 4042.2 1774.3 0 0.0095652 -0 0 1.8198 -0.019891 0
650.74 89931 4042.2 1774.3 0 0.0078012 -0 0 1.8198 -0.019285 0
651.74 89959 4042.2 1774.3 0 0.0060371 -0 0 1.8198 -0.018678 0
652.74 89980 4042.1 1774.3 0 0.0042731 0 0 1.8198 -0.018072 0
653.74 89994 4042.1 1774.3 0 0.002509 0 0 1.8198 -0.017466 0
654.74 90001 4042.2 1774.3 0 0.00074495 -0 0 1.8198 -0.016859 0
655.74 90000 4042.2 1774.3 0 0 -0 0 1.8198 -0.016253 0
