time (s) altitude (m) longitude (rad) latitude (rad) velocity (m/s) trajectory angle (rad) heading angle (rad) angle of attack (rad) bank angle (rad) fuel mass (kg) 
124.64 25246 2.3868 -0.20876 1617.8 0.015915 1.8331 6.0786e-06 1562
127.17 25307 2.3866 -0.20814 1626.6 0.01404 1.8331 0.012536 1555.2
131.69 25416 2.3863 -0.20703 1643.6 0.016098 1.8332 0.014319 1542.4
135.52 25522 2.386 -0.20607 1658.3 0.016852 1.8333 0.01294 1531.3
136.58 25551 2.386 -0.20581 1662.5 0.017159 1.8333 0.015395 1528.2
139.11 25626 2.3858 -0.20517 1672.7 0.018074 1.8333 0.013083 1520.7
143.63 25766 2.3855 -0.20402 1691.3 0.01857 1.8334 0.01225 1507
147.46 25887 2.3852 -0.20304 1707.6 0.018804 1.8335 0.01181 1495.1
148.51 25921 2.3851 -0.20277 1712.1 0.018776 1.8335 0.011901 1491.8
151.05 26003 2.3849 -0.20211 1723.3 0.018857 1.8335 0.012124 1483.8
155.57 26153 2.3846 -0.20093 1743.7 0.019317 1.8336 0.012538 1469.1
159.4 26283 2.3843 -0.19992 1761.6 0.019315 1.8337 0.010398 1456.3
160.45 26319 2.3843 -0.19963 1766.5 0.018997 1.8337 0.01083 1452.8
162.99 26403 2.3841 -0.19896 1778.5 0.018698 1.8337 0.011202 1444.3
167.5 26553 2.3837 -0.19774 1799.6 0.018439 1.8338 0.011407 1429
171.34 26679 2.3834 -0.19669 1817.4 0.017768 1.8339 0.009371 1416.1
172.39 26713 2.3834 -0.1964 1822.2 0.017305 1.8339 0.011324 1412.6
174.08 26766 2.3832 -0.19593 1830.1 0.017291 1.8339 0.012615 1406.9
177.09 26865 2.383 -0.1951 1844.3 0.018542 1.834 0.01716 1396.5
179.65 26957 2.3828 -0.19439 1856.6 0.021001 1.834 0.019747 1387.6
180.35 26986 2.3828 -0.19419 1859.9 0.02178 1.834 0.018883 1385.1
182.04 27056 2.3826 -0.19371 1867.9 0.022686 1.834 0.012459 1379.3
185.05 27179 2.3824 -0.19286 1881.4 0.020105 1.8341 0 1369.5
187.61 27265 2.3822 -0.19214 1892.6 0.015489 1.8341 1.3274e-07 1361.5
188.31 27285 2.3821 -0.19193 1895.7 0.014479 1.8341 0.0005752 1359.3
190 27327 2.382 -0.19145 1903.3 0.01189 1.8342 0.0019213 1354
193.01 27388 2.3818 -0.19058 1917.2 0.010125 1.8342 0.015544 1344.1
195.57 27445 2.3816 -0.18984 1929.9 0.014137 1.8342 0.031935 1334.9
196.27 27466 2.3815 -0.18964 1933.6 0.016284 1.8342 0.034441 1332.3
198.81 27566 2.3813 -0.18889 1946.5 0.023657 1.8343 0.029495 1322.7
203.32 27793 2.3809 -0.18756 1967.6 0.025388 1.8343 6.7032e-06 1307.3
207.15 27959 2.3806 -0.18642 1984 0.017205 1.8344 1.4628e-05 1295.8
208.21 27991 2.3805 -0.1861 1988.7 0.016155 1.8344 0.0062311 1292.4
210.75 28067 2.3803 -0.18534 2000 0.013045 1.8344 9.5805e-06 1284.5
215.26 28144 2.38 -0.18397 2020.1 0.0044872 1.8345 8.4318e-06 1270.7
219.09 28174 2.3796 -0.1828 2038.7 0.0055029 1.8345 0.036774 1257.8
220.15 28189 2.3795 -0.18247 2044.5 0.010084 1.8345 0.039221 1253.6
221.84 28234 2.3794 -0.18195 2053.5 0.015531 1.8346 0.034162 1247.2
224.85 28348 2.3791 -0.18101 2068.3 0.020028 1.8346 0.013175 1236.4
227.4 28451 2.3789 -0.18021 2079.9 0.018041 1.8346 0.0022515 1228.1
228.11 28477 2.3789 -0.17999 2083 0.017182 1.8346 0.0022946 1225.9
229.8 28533 2.3787 -0.17946 2090.6 0.014825 1.8347 6.5655e-06 1220.6
232.81 28612 2.3785 -0.17851 2104.2 0.0099853 1.8347 6.2252e-06 1211.2
235.36 28657 2.3782 -0.1777 2115.8 0.0073722 1.8347 0.010515 1203.1
236.07 28668 2.3782 -0.17747 2119 0.0074024 1.8347 0.014771 1200.7
237.76 28696 2.378 -0.17693 2126.9 0.0088035 1.8348 0.023821 1194.8
240.77 28771 2.3778 -0.17596 2141.5 0.014983 1.8348 0.032073 1183.8
243.32 28868 2.3775 -0.17513 2153.4 0.019845 1.8348 0.020608 1174.5
244.03 28899 2.3775 -0.1749 2156.4 0.020198 1.8348 0.018544 1172.1
246.56 29008 2.3772 -0.17408 2166.6 0.018809 1.8349 4.7991e-06 1163.9
251.08 29151 2.3768 -0.1726 2183.6 0.010256 1.8349 3.9452e-06 1150.2
254.91 29227 2.3765 -0.17133 2198.8 0.0099052 1.8349 0.028633 1137.6
255.97 29253 2.3764 -0.17098 2203.3 0.012492 1.835 0.019961 1133.8
258.5 29321 2.3762 -0.17014 2212.7 0.011172 1.835 4.6254e-06 1125.6
263.02 29391 2.3757 -0.16862 2228.6 0.0026742 1.835 3.381e-06 1112
266.85 29403 2.3754 -0.16733 2242.8 0.0022402 1.8351 0.027372 1099.4
267.91 29411 2.3753 -0.16697 2246.9 0.004632 1.8351 0.02489 1095.5
269.6 29433 2.3751 -0.1664 2253.2 0.0066831 1.8351 0.021373 1089.5
272.61 29484 2.3749 -0.16537 2263.7 0.0080631 1.8351 0.013216 1079.3
275.16 29532 2.3746 -0.1645 2272.1 0.0085071 1.8351 0.018697 1070.7
275.87 29546 2.3745 -0.16426 2274.6 0.0091847 1.8351 0.021078 1068.2
277.56 29585 2.3744 -0.16368 2280.4 0.011059 1.8352 0.023857 1062.3
280.57 29674 2.3741 -0.16264 2290.5 0.015077 1.8352 0.025136 1051.6
283.12 29773 2.3739 -0.16176 2298.8 0.018406 1.8352 0.024572 1042.6
283.83 29803 2.3738 -0.16151 2301 0.019271 1.8352 0.027956 1040.2
285.52 29884 2.3736 -0.16093 2306.2 0.02186 1.8352 0.024565 1034.2
288.53 30038 2.3733 -0.15988 2314.7 0.021405 1.8353 5.1562e-06 1024.6
291.08 30152 2.3731 -0.15899 2321.2 0.0166 1.8353 9.491e-06 1017.2
291.79 30178 2.373 -0.15874 2323 0.015823 1.8353 2.8625e-05 1015
294.32 30260 2.3728 -0.15785 2329.4 0.011913 1.8353 4.7757e-06 1007.6
298.84 30348 2.3724 -0.15626 2340.7 0.0048987 1.8354 4.313e-06 994.55
302.67 30366 2.372 -0.15491 2350.1 -0.0010213 1.8354 6.8823e-06 983.45
303.72 30361 2.3719 -0.15453 2352.7 -0.002641 1.8354 2.5301e-05 980.37
306.26 30331 2.3716 -0.15363 2358.9 -0.0069043 1.8354 4.3674e-06 973.01
310.77 30244 2.3712 -0.15202 2370.8 -0.0080697 1.8354 0.024149 958.68
314.61 30192 2.3708 -0.15065 2381.5 -0.0021827 1.8355 0.024774 945.2
315.66 30190 2.3707 -0.15027 2384.3 -0.0013176 1.8355 0.02516 941.58
318.2 30192 2.3705 -0.14935 2391 0.0020324 1.8355 0.025742 932.66
322.71 30250 2.37 -0.14772 2402.4 0.0086855 1.8355 0.026418 916.63
326.55 30351 2.3696 -0.14633 2411.3 0.012665 1.8355 0.016439 903.35
327.6 30384 2.3695 -0.14595 2413.5 0.012721 1.8355 0.016337 899.88
330.14 30467 2.3693 -0.14502 2418.9 0.013898 1.8356 0.016503 891.42
334.65 30609 2.3688 -0.14338 2427.7 0.01126 1.8356 4.2289e-06 877.29
338.48 30693 2.3684 -0.14197 2434.9 0.0067533 1.8356 0.013358 865.81
339.54 30709 2.3683 -0.14158 2437 0.0073889 1.8356 0.013404 862.34
344.61 30808 2.3678 -0.13972 2446.7 0.007892 1.8357 0.014499 846.18
353.64 30920 2.3669 -0.13637 2463.4 0.0010685 1.8357 2.4894e-06 818.9
361.31 30862 2.3661 -0.13352 2477.6 -0.0069837 1.8358 0.015556 796.03
363.42 30821 2.3659 -0.13273 2481.8 -0.0050684 1.8358 0.01645 788.93
365.96 30790 2.3656 -0.13178 2486.7 -0.0043715 1.8358 0.01663 780.63
370.47 30760 2.3652 -0.13008 2495.7 -0.00044628 1.8358 0.026185 765.29
374.3 30782 2.3648 -0.12864 2503.3 0.0052606 1.8358 0.024814 751.81
375.36 30798 2.3647 -0.12824 2505.2 0.0063724 1.8358 0.025045 748.16
377.89 30847 2.3644 -0.12728 2509.9 0.0085143 1.8359 0.016056 739.54
382.41 30936 2.3639 -0.12557 2517.9 0.0060455 1.8359 3.2059e-06 725.31
386.24 30968 2.3635 -0.12412 2524.7 0.0003434 1.8359 7.0434e-06 713.9
387.3 30967 2.3634 -0.12371 2526.6 -0.00083435 1.8359 0.0051098 710.68
389.83 30960 2.3632 -0.12275 2531.2 -0.00080753 1.8359 0.018071 702.47
394.35 30968 2.3627 -0.12102 2539.6 0.0025483 1.8359 0.018579 687.22
398.18 31005 2.3623 -0.11955 2546.5 0.0045478 1.836 0.018075 674.42
399.24 31018 2.3622 -0.11915 2548.4 0.005299 1.836 0.018828 670.86
401.77 31059 2.3619 -0.11817 2552.8 0.0072122 1.836 0.018357 662.31
406.29 31140 2.3614 -0.11643 2560.4 0.0058263 1.836 8.2352e-06 647.96
410.12 31172 2.361 -0.11495 2566.9 -0.00013358 1.836 1.973e-05 636.64
411.18 31168 2.3609 -0.11454 2568.7 -0.0011301 1.836 0.013493 633.41
413.71 31164 2.3607 -0.11356 2573.1 -0.00018122 1.836 0.017833 625.07
418.23 31177 2.3602 -0.11181 2580.8 0.0025551 1.8361 0.017641 610
422.06 31213 2.3598 -0.11031 2587.2 0.0045507 1.8361 0.017624 597.26
423.12 31226 2.3597 -0.1099 2589 0.0051924 1.8361 0.017437 593.74
425.65 31266 2.3594 -0.10891 2593.1 0.0069141 1.8361 0.017898 585.27
430.17 31345 2.3589 -0.10714 2600.2 0.0055564 1.8361 8.1603e-06 571
434 31375 2.3585 -0.10564 2606.3 -0.00028888 1.8361 1.5071e-05 559.75
435.06 31371 2.3584 -0.10523 2608 -0.0012569 1.8361 0.013237 556.53
437.59 31366 2.3581 -0.10423 2612.2 -0.00047676 1.8361 0.016232 548.27
442.11 31369 2.3576 -0.10245 2619.4 0.0013313 1.8362 0.016417 533.44
445.94 31399 2.3572 -0.10093 2625.4 0.0050273 1.8362 0.030684 520.47
446.99 31415 2.3571 -0.10051 2627 0.007427 1.8362 0.04039 516.66
449.53 31490 2.3568 -0.099511 2630.3 0.015365 1.8362 0.047063 507.18
454.05 31771 2.3563 -0.097719 2634.9 0.032425 1.8362 0.056862 490.12
457.88 32182 2.3559 -0.096199 2636.9 0.049348 1.8362 0.069059 475.78
458.93 32326 2.3558 -0.095779 2637 0.054551 1.8363 0.071934 471.86
461.47 32731 2.3555 -0.094774 2636.8 0.066443 1.8363 0.073223 462.84
465.98 33634 2.355 -0.092985 2635.2 0.084701 1.8364 0.074673 448.31
469.82 34552 2.3546 -0.091471 2632.8 0.097038 1.8364 0.078124 437.63
470.87 34826 2.3545 -0.091054 2632 0.10003 1.8364 0.077781 434.93
473.41 35512 2.3542 -0.090055 2629.7 0.10599 1.8365 0.078704 429.02
477.92 36814 2.3538 -0.088279 2625.9 0.11313 1.8366 0.076535 419.64
481.75 37961 2.3533 -0.086775 2619.8 0.11469 1.8366 0.060578 415.53
482.81 38277 2.3532 -0.086361 2616.5 0.11411 1.8367 0.05847 416
485.35 39026 2.353 -0.08537 2610.3 0.11234 1.8367 0.057788 416
489.86 40318 2.3525 -0.083611 2600.5 0.10732 1.8368 0.055663 416
493.69 41356 2.3521 -0.082122 2593.2 0.10151 1.8369 0.054488 416
494.75 41631 2.352 -0.081711 2591.3 0.099715 1.8369 0.054627 416
497.29 42270 2.3517 -0.080729 2587 0.095137 1.8369 0.054854 416
501.8 43327 2.3512 -0.078981 2580.1 0.086232 1.837 0.056901 416
505.63 44138 2.3508 -0.077501 2574.9 0.078116 1.837 0.058894 416
506.69 44347 2.3507 -0.077093 2573.6 0.075796 1.8371 0.059209 416
509.23 44823 2.3504 -0.076115 2570.5 0.070141 1.8371 0.06246 416
513.74 45576 2.3499 -0.074375 2565.5 0.059965 1.8371 0.070405 416
517.57 46122 2.3495 -0.072901 2561.7 0.05115 1.8372 0.069847 416
518.63 46257 2.3494 -0.072494 2560.7 0.048626 1.8372 0.07084 416
521.17 46553 2.3492 -0.07152 2558.5 0.042576 1.8372 0.071859 416
525.68 46981 2.3487 -0.069786 2555.1 0.031568 1.8372 0.071196 416
529.51 47243 2.3483 -0.068316 2552.7 0.021969 1.8373 0.068336 416
530.57 47299 2.3482 -0.06791 2552.2 0.019276 1.8373 0.068013 416
533.1 47403 2.3479 -0.066938 2550.9 0.012793 1.8373 0.067518 416
537.62 47483 2.3474 -0.065208 2549.1 0.0011434 1.8373 0.066532 416
541.45 47446 2.347 -0.06374 2548 -0.0087522 1.8373 0.068234 416
542.51 47419 2.3469 -0.063335 2547.7 -0.011463 1.8373 0.069332 416
545.04 47324 2.3467 -0.062365 2547.2 -0.017919 1.8373 0.07036 416
549.56 47052 2.3462 -0.060637 2546.6 -0.029298 1.8373 0.070653 416
553.39 46720 2.3458 -0.059171 2546.5 -0.038827 1.8373 0.06981 416
554.45 46612 2.3457 -0.058767 2546.5 -0.041434 1.8373 0.069816 416
558.25 46166 2.3453 -0.057312 2546.6 -0.050667 1.8373 0.069918 416
565.02 45156 2.3446 -0.054724 2547.3 -0.066347 1.8372 0.069625 416
570.77 44092 2.344 -0.052528 2548.4 -0.07905 1.8372 0.059712 416
572.36 43765 2.3438 -0.051922 2548.8 -0.082566 1.8372 0.057988 416
576.16 42927 2.3434 -0.050469 2549.8 -0.090593 1.8371 0.05666 416
582.93 41250 2.3427 -0.047883 2551.3 -0.10338 1.8371 0.055273 416
588.68 39672 2.3421 -0.045689 2551.9 -0.11185 1.837 0.057344 416
590.27 39217 2.3419 -0.045084 2551.9 -0.11362 1.837 0.060773 416
592.8 38476 2.3417 -0.044116 2551.6 -0.11571 1.8369 0.05988 415.91
597.32 37133 2.3412 -0.042395 2549.3 -0.11744 1.8369 0.063706 416.33
601.15 35998 2.3408 -0.040934 2549.6 -0.11465 1.8368 0.080234 413.48
602.2 35692 2.3407 -0.040531 2551.7 -0.11263 1.8368 0.080566 410.83
604.74 34981 2.3404 -0.039562 2555.1 -0.10715 1.8367 0.080589 405.26
609.26 33821 2.34 -0.037831 2560.8 -0.093197 1.8367 0.08094 393.66
613.09 32982 2.3396 -0.036357 2565.5 -0.077405 1.8366 0.078071 382.1
614.14 32778 2.3395 -0.035949 2566.8 -0.072586 1.8366 0.077024 378.66
616.68 32346 2.3392 -0.03497 2570 -0.06026 1.8366 0.073505 369.98
621.19 31771 2.3387 -0.033222 2576.4 -0.039094 1.8366 0.058727 353.73
625.03 31465 2.3383 -0.031733 2582.7 -0.023486 1.8366 0.051343 339.6
626.08 31405 2.3382 -0.031321 2584.4 -0.019234 1.8366 0.049864 335.63
628.62 31310 2.3379 -0.030333 2588.7 -0.010362 1.8366 0.040583 326.23
633.13 31255 2.3374 -0.028569 2596.4 1.0302e-06 1.8366 0.026357 310.14
636.96 31286 2.337 -0.027068 2602.7 0.0062274 1.8366 0.028648 296.86
638.02 31306 2.3369 -0.026653 2604.4 0.0084839 1.8366 0.035694 293.11
640.56 31386 2.3366 -0.025658 2608.1 0.016255 1.8366 0.043919 283.78
645.07 31676 2.3362 -0.023882 2613.2 0.033419 1.8366 0.052444 266.93
648.9 32089 2.3358 -0.022373 2616.2 0.048975 1.8366 0.057142 253.02
649.96 32230 2.3356 -0.021957 2616.7 0.053244 1.8366 0.058317 249.3
652.31 32588 2.3354 -0.021031 2617.4 0.063073 1.8367 0.065628 241.22
657.23 33530 2.3349 -0.019096 2616.8 0.082787 1.8367 0.069707 225.53
663.38 35010 2.3342 -0.016684 2613.8 0.10008 1.8368 0.068996 209.57
669.11 36580 2.3336 -0.014443 2610.3 0.10888 1.8369 0.066279 197.56
672.89 37655 2.3332 -0.012968 2605.5 0.10846 1.837 0.025638 193.46
673.84 37921 2.3331 -0.012598 2603.1 0.1066 1.837 0.023954 193.88
675.53 38383 2.3329 -0.01194 2599.6 0.10376 1.837 0.022842 193.88
678.54 39171 2.3326 -0.010769 2593.9 0.09819 1.837 0.023112 193.88
681.09 39804 2.3323 -0.0097777 2589.4 0.093097 1.8371 0.02342 193.88
681.8 39972 2.3322 -0.0095041 2588.2 0.09163 1.8371 0.023163 193.88
683.49 40364 2.3321 -0.0088489 2585.5 0.087998 1.8371 0.022523 193.88
686.5 41022 2.3317 -0.0076831 2581 0.081213 1.8371 0.022633 193.88
689.05 41536 2.3315 -0.0066951 2577.5 0.075233 1.8372 0.023401 193.88
689.76 41672 2.3314 -0.0064225 2576.6 0.073554 1.8372 0.023578 193.88
691.45 41983 2.3312 -0.0057693 2574.5 0.069449 1.8372 0.02208 193.88
694.46 42491 2.3309 -0.0046069 2571 0.061787 1.8372 0.01782 193.88
697.01 42874 2.3306 -0.0036215 2568.4 0.05494 1.8372 0.014194 193.88
697.72 42971 2.3306 -0.0033495 2567.7 0.053003 1.8373 0.013151 193.88
701.52 43436 2.3302 -0.0018836 2564.4 0.042133 1.8373 0.00621 193.88
708.29 43993 2.3295 0.00072458 2560 0.022053 1.8373 0.0066494 193.88
714.04 44192 2.3289 0.0029353 2557.3 0.0050826 1.8373 0.0086716 193.88
715.63 44203 2.3287 0.0035453 2556.7 0.0003862 1.8373 0.0092479 193.88
719.43 44153 2.3283 0.0050069 2555.6 -0.010863 1.8373 0.0073583 193.88
726.2 43790 2.3276 0.0076086 2554.7 -0.031076 1.8373 0.0061038 193.88
731.95 43211 2.327 0.0098146 2554.7 -0.047685 1.8373 0.015621 193.88
733.54 43008 2.3268 0.010423 2554.8 -0.051987 1.8372 0.021068 193.88
736.07 42650 2.3265 0.011396 2555 -0.058621 1.8372 0.022579 193.88
740.59 41909 2.3261 0.013128 2555.4 -0.069888 1.8372 0.02607 193.88
744.42 41181 2.3257 0.014597 2555.9 -0.078905 1.8371 0.025485 193.88
745.48 40964 2.3256 0.015002 2556 -0.081344 1.8371 0.025831 193.88
748.01 40419 2.3253 0.015974 2556.4 -0.087009 1.8371 0.024896 193.88
752.53 39361 2.3248 0.017704 2556.9 -0.096482 1.837 0.024862 193.88
756.36 38381 2.3244 0.019171 2557.1 -0.1037 1.837 0.02444 193.88
757.41 38099 2.3243 0.019576 2557.1 -0.10555 1.837 0.023519 193.88
759.95 37402 2.324 0.020546 2556.6 -0.10954 1.8369 0.032386 194.18
764.47 36130 2.3236 0.022274 2559.1 -0.10957 1.8368 0.071249 190.2
768.3 35088 2.3232 0.023743 2565.5 -0.10206 1.8368 0.073664 181.42
769.35 34816 2.3231 0.02415 2566.6 -0.099813 1.8368 0.071395 179.3
771.89 34188 2.3228 0.025126 2570.1 -0.093001 1.8367 0.072639 173.07
776.4 33198 2.3223 0.02687 2576.1 -0.076918 1.8367 0.070918 160.34
780.24 32516 2.3219 0.028355 2581.5 -0.061155 1.8366 0.062289 148.16
781.29 32355 2.3218 0.028766 2583.1 -0.056918 1.8366 0.060792 144.65
783.83 32017 2.3215 0.029752 2587.1 -0.046332 1.8366 0.056905 135.92
788.34 31585 2.3211 0.031514 2594.5 -0.027579 1.8366 0.049928 119.63
792.17 31384 2.3206 0.033013 2600.8 -0.013189 1.8366 0.041485 105.54
793.23 31353 2.3205 0.033428 2602.6 -0.0097558 1.8366 0.034451 101.67
795.77 31307 2.3203 0.034423 2607 -0.0039862 1.8366 0.029785 92.743
800.28 31341 2.3198 0.0362 2613.7 0.011495 1.8365 0.056211 75.958
804.11 31573 2.3194 0.037709 2615.4 0.037401 1.8366 0.087247 60.003
805.17 31690 2.3193 0.038125 2614.5 0.046407 1.8366 0.09687 55.43
807.71 32079 2.319 0.039121 2609.6 0.071678 1.8366 0.11848 44.238
812.22 33197 2.3185 0.040884 2594.7 0.1186 1.8366 0.13522 25.512
816.05 34544 2.3181 0.042363 2579.2 0.15239 1.8367 0.14633 12.271
817.11 34968 2.318 0.042769 2574.6 0.16066 1.8367 0.15896 9.0544
818.8 35691 2.3178 0.043414 2567 0.17321 1.8368 0.1569 4.033
821.81 37085 2.3175 0.044555 2550.3 0.18958 1.8368 0.14863 0.00044622
824.37 38339 2.3172 0.045513 2533 0.19855 1.8369 0.15362 0.93275
825.07 38692 2.3172 0.045777 2529.2 0.20069 1.8369 0.15555 0.62564
826.76 39552 2.317 0.046406 2519.5 0.20482 1.837 0.15855 0.62564
829.77 41109 2.3167 0.047519 2503.9 0.20959 1.837 0.16347 0.62564
832.32 42443 2.3164 0.048457 2492.1 0.21132 1.8371 0.1643 0.62564
833.03 42811 2.3164 0.048716 2489.1 0.21145 1.8371 0.16425 0.62564
834.72 43693 2.3162 0.049333 2482.2 0.21125 1.8372 0.16686 0.62564
837.73 45251 2.3159 0.05043 2470.7 0.20954 1.8373 0.17448 0.62564
840.28 46553 2.3156 0.051356 2461.7 0.20689 1.8373 0.17443 0.62564
840.99 46909 2.3156 0.051611 2459.3 0.20594 1.8374 0.17288 0.62564
