time (s) altitude (m) velocity (m/s) mass (kg)trajectory angle (rad) angle of attack (rad) heading angle (rad) latitude (rad)
0 150 30 29388 1.5691 0 0.35036 -0.21673 2.3889
0.44109 163.56 31.498 29325 1.5688 -0.0014605 0.41391 -0.21673 2.3889
1.2267 189.37 34.195 29211 1.5674 -0.0039546 0.4943 -0.21673 2.3889
1.8933 212.93 36.512 29115 1.5654 -0.005897 0.53197 -0.21673 2.3889
2.0773 219.71 37.156 29089 1.5646 -0.0064048 0.53993 -0.21673 2.3889
2.5184 236.44 38.709 29025 1.5627 -0.0075882 0.5546 -0.21673 2.3889
3.304 267.94 41.503 28912 1.5582 -0.0094769 0.57219 -0.21673 2.3889
3.9706 296.4 43.903 28816 1.5534 -0.010831 0.58205 -0.21673 2.3889
4.1546 304.54 44.57 28790 1.552 -0.011178 0.5842 -0.21673 2.3889
5.0368 345.27 47.798 28663 1.544 -0.012655 0.5924 -0.21673 2.3889
6.608 424.91 53.666 28437 1.526 -0.014361 0.60132 -0.21673 2.3889
7.9411 499.73 58.769 28245 1.5071 -0.014796 0.60603 -0.21673 2.3889
8.3092 521.57 60.199 28192 1.5013 -0.014781 0.60701 -0.21673 2.3889
9.1913 576.04 63.665 28065 1.4865 -0.014496 0.60907 -0.21673 2.3889
10.763 680.49 69.98 27838 1.4572 -0.013064 0.61183 -0.21673 2.3889
12.096 776.66 75.495 27646 1.4298 -0.010834 0.61357 -0.21673 2.3889
12.464 804.43 77.044 27593 1.4219 -0.010086 0.61399 -0.21673 2.3889
13.125 855.71 79.859 27498 1.4074 -0.0085892 0.61467 -0.21673 2.3889
14.304 951.3 84.967 27329 1.3807 -0.005402 0.61572 -0.21673 2.3889
15.304 1036.7 89.394 27185 1.3577 -0.0021429 0.61649 -0.21673 2.3889
15.58 1061 90.631 27145 1.3513 -0.0011919 0.61669 -0.21673 2.3889
16.241 1120.3 93.627 27050 1.336 0.001176 0.61713 -0.21673 2.389
17.42 1230.4 99.076 26880 1.3093 0.0057113 0.61784 -0.21672 2.389
18.42 1328.1 103.81 26736 1.2872 0.0097997 0.61838 -0.21672 2.389
18.696 1355.7 105.13 26696 1.2813 0.010924 0.61852 -0.21672 2.389
19.357 1423.2 108.34 26601 1.2673 0.013628 0.61884 -0.21672 2.389
20.536 1547.9 114.15 26432 1.2437 0.018236 0.61938 -0.21671 2.389
21.536 1657.9 119.19 26288 1.225 0.021787 0.6198 -0.21671 2.389
21.812 1689.1 120.6 26248 1.22 0.022704 0.61991 -0.21671 2.389
22.473 1764.9 124.01 26153 1.2086 0.024827 0.62017 -0.21671 2.389
23.652 1904.4 130.18 25983 1.1897 0.028095 0.6206 -0.2167 2.389
24.651 2027.3 135.52 25839 1.1752 0.030294 0.62095 -0.2167 2.389
24.927 2062 137 25800 1.1714 0.03084 0.62105 -0.2167 2.389
26.251 2232.8 144.23 25609 1.1545 0.03302 0.62148 -0.21669 2.389
28.608 2555.9 157.47 25270 1.1296 0.034903 0.6222 -0.21668 2.389
30.607 2849.8 169.05 24983 1.1126 0.034897 0.62278 -0.21666 2.389
31.159 2934.3 172.31 24903 1.1085 0.034861 0.62293 -0.21666 2.389
31.821 3037.3 176.25 24808 1.104 0.034802 0.62311 -0.21665 2.3891
32.999 3226.2 183.37 24639 1.0969 0.034755 0.62343 -0.21665 2.3891
33.999 3391.8 189.5 24495 1.092 0.034791 0.62369 -0.21664 2.3891
34.275 3438.5 191.21 24455 1.0908 0.034809 0.62376 -0.21664 2.3891
34.937 3551.8 195.34 24360 1.0883 0.034855 0.62393 -0.21663 2.3891
36.115 3759.4 202.79 24191 1.0851 0.034907 0.62423 -0.21662 2.3891
37.115 3941.5 209.2 24047 1.0835 0.034903 0.62448 -0.21661 2.3891
37.391 3992.7 210.99 24007 1.0833 0.034897 0.62455 -0.21661 2.3891
38.273 4159.4 216.75 23880 1.0831 0.034893 0.62477 -0.2166 2.3891
39.845 4467.5 227.17 23654 1.0849 0.034903 0.62516 -0.21659 2.3892
41.178 4740.9 236.19 23463 1.0886 0.034865 0.62549 -0.21657 2.3892
41.546 4818.3 238.71 23410 1.0899 0.034835 0.62558 -0.21657 2.3892
42.428 5007.6 244.8 23283 1.0938 0.034785 0.6258 -0.21656 2.3892
43.999 5357.8 255.84 23057 1.1028 0.034906 0.62619 -0.21654 2.3892
45.332 5668.6 265.4 22866 1.1128 0.034902 0.62652 -0.21653 2.3892
45.7 5756.7 268.07 22813 1.1159 0.034763 0.62661 -0.21653 2.3892
46.11 5855.9 271.06 22754 1.1194 0.034549 0.62672 -0.21652 2.3892
46.966 6067.5 277.35 22631 1.1272 0.033837 0.62694 -0.21651 2.3893
48.035 6339.9 285.26 22477 1.1371 0.032422 0.62722 -0.2165 2.3893
49.032 6601.8 292.39 22334 1.1457 0.030603 0.62748 -0.21649 2.3893
49.69 6778.4 296.81 22239 1.1503 0.029119 0.62766 -0.21648 2.3893
49.855 6823.3 297.9 22216 1.1514 0.028717 0.6277 -0.21648 2.3893
50.737 7065.8 303.52 22089 1.156 0.026324 0.62794 -0.21647 2.3893
52.308 7509.6 312.84 21863 1.1599 0.0211 0.62837 -0.21645 2.3893
53.641 7896.4 320.2 21671 1.1582 0.0157 0.62873 -0.21644 2.3894
54.01 8004.6 322.16 21618 1.1568 0.014053 0.62883 -0.21643 2.3894
54.451 8135.2 324.49 21555 1.1546 0.012008 0.62895 -0.21643 2.3894
55.236 8369.5 328.59 21442 1.1492 0.0081416 0.62916 -0.21642 2.3894
55.903 8570.2 332.03 21346 1.1432 0.0046741 0.62934 -0.21641 2.3894
56.087 8625.8 332.98 21320 1.1412 0.0037132 0.62938 -0.21641 2.3894
56.528 8759.6 335.26 21257 1.1362 0.001411 0.6295 -0.2164 2.3894
57.314 8999.4 339.36 21144 1.1258 -0.0025605 0.6297 -0.21639 2.3894
57.98 9204.2 342.92 21048 1.1157 -0.0057081 0.62986 -0.21638 2.3894
58.164 9260.9 343.92 21021 1.1127 -0.0065365 0.62991 -0.21638 2.3894
58.745 9440.4 347.12 20938 1.1028 -0.0090735 0.63005 -0.21637 2.3895
59.894 9797.9 353.7 20773 1.0811 -0.013614 0.63032 -0.21635 2.3895
61.169 10197 361.41 20590 1.0545 -0.017855 0.6306 -0.21633 2.3895
62.081 10485 367.19 20458 1.0341 -0.020418 0.63079 -0.21632 2.3895
62.319 10560 368.72 20424 1.0287 -0.021006 0.63084 -0.21631 2.3895
63.201 10839 374.56 20298 1.0079 -0.022989 0.63102 -0.2163 2.3896
64.772 11337 385.48 20072 0.96943 -0.02557 0.63132 -0.21627 2.3896
66.105 11761 395.36 19880 0.93603 -0.026779 0.63156 -0.21624 2.3896
66.473 11879 398.19 19827 0.92678 -0.026964 0.63163 -0.21623 2.3896
67.355 12159 405.15 19701 0.90467 -0.027184 0.63178 -0.21621 2.3897
68.927 12660 418.24 19475 0.86596 -0.026724 0.63204 -0.21617 2.3897
70.26 13085 430.05 19283 0.83428 -0.02571 0.63224 -0.21614 2.3898
70.628 13202 433.43 19230 0.82576 -0.025442 0.6323 -0.21613 2.3898
71.51 13483 441.73 19103 0.80575 -0.024816 0.63243 -0.2161 2.3898
73.081 13984 457.23 18877 0.77143 -0.024292 0.63266 -0.21606 2.3899
74.414 14409 471.12 18686 0.74337 -0.024748 0.63284 -0.21602 2.3899
74.782 14526 475.08 18633 0.73575 -0.025023 0.63289 -0.216 2.39
75.665 14807 484.77 18506 0.71765 -0.025873 0.633 -0.21597 2.39
77.236 15308 502.78 18280 0.68583 -0.028295 0.63321 -0.21592 2.3901
78.569 15732 518.82 18088 0.65894 -0.031376 0.63337 -0.21587 2.3902
78.937 15849 523.38 18035 0.65149 -0.032353 0.63341 -0.21586 2.3902
79.819 16129 534.53 17909 0.63356 -0.03494 0.63352 -0.21582 2.3902
81.39 16624 555.2 17683 0.60122 -0.040502 0.6337 -0.21576 2.3903
82.724 17041 573.64 17491 0.57323 -0.046153 0.63385 -0.2157 2.3904
83.092 17155 578.88 17438 0.5654 -0.047772 0.63389 -0.21568 2.3904
83.974 17428 591.76 17311 0.54657 -0.051642 0.63399 -0.21564 2.3905
85.545 17907 615.82 17085 0.51305 -0.058046 0.63416 -0.21557 2.3906
86.878 18307 637.43 16893 0.48515 -0.062594 0.63429 -0.2155 2.3907
87.246 18416 643.6 16840 0.47761 -0.063682 0.63433 -0.21548 2.3907
88.128 18675 658.74 16713 0.45986 -0.066101 0.63442 -0.21543 2.3908
89.7 19130 686.94 16487 0.42954 -0.069493 0.63457 -0.21534 2.3909
91.033 19507 712.08 16295 0.40519 -0.071365 0.6347 -0.21526 2.391
91.401 19610 719.21 16242 0.3987 -0.071768 0.63473 -0.21524 2.391
91.981 19772 730.63 16158 0.38866 -0.072299 0.63479 -0.2152 2.3911
93.131 20087 753.81 15993 0.36945 -0.073024 0.63489 -0.21513 2.3912
94.405 20431 780.41 15810 0.34914 -0.073368 0.63501 -0.21505 2.3913
95.318 20673 800.01 15678 0.33516 -0.073451 0.63509 -0.21498 2.3914
95.555 20735 805.17 15644 0.33159 -0.073449 0.63511 -0.21497 2.3914
96.438 20965 824.65 15517 0.31857 -0.073428 0.63519 -0.2149 2.3915
98.009 21365 860.32 15291 0.2961 -0.073158 0.63533 -0.21479 2.3917
99.342 21695 891.52 15099 0.27759 -0.072545 0.63544 -0.21468 2.3918
99.71 21785 900.28 15046 0.27255 -0.072296 0.63547 -0.21465 2.3918
100.27 21919 913.64 14966 0.26498 -0.071859 0.63552 -0.21461 2.3919
101.51 22212 943.97 14786 0.24822 -0.070449 0.63562 -0.2145 2.3921
103.28 22613 988.36 14531 0.22459 -0.067103 0.63577 -0.21435 2.3923
105.38 23058 1042.2 14229 0.19716 -0.061153 0.63594 -0.21415 2.3925
107.54 23479 1099.1 13918 0.16963 -0.052812 0.63612 -0.21394 2.3928
109.5 23826 1152.5 13635 0.1459 -0.044588 0.63628 -0.21374 2.3931
111.04 24072 1195.4 13414 0.12847 -0.039224 0.6364 -0.21357 2.3933
111.95 24208 1221.6 13282 0.11845 -0.036617 0.63647 -0.21347 2.3935
112.17 24240 1228 13250 0.11607 -0.036027 0.63649 -0.21345 2.3935
113.06 24361 1253.8 13123 0.10674 -0.033861 0.63656 -0.21335 2.3937
114.63 24559 1300.6 12896 0.090673 -0.030915 0.63668 -0.21316 2.3939
115.96 24707 1341.2 12704 0.0775 -0.029086 0.63678 -0.213 2.3941
116.33 24744 1352.6 12651 0.073936 -0.028548 0.63681 -0.21295 2.3942
117.21 24828 1380 12524 0.065584 -0.027098 0.63688 -0.21284 2.3944
118.78 24957 1429.8 12297 0.051622 -0.023609 0.637 -0.21263 2.3946
120.11 25047 1472.6 12105 0.041149 -0.019613 0.63711 -0.21245 2.3949
120.48 25068 1484.5 12052 0.038553 -0.018386 0.63714 -0.2124 2.395
120.92 25093 1498.9 11989 0.035632 -0.016816 0.63717 -0.21234 2.395
121.71 25132 1524.5 11875 0.031042 -0.013789 0.63723 -0.21223 2.3952
122.38 25162 1546.4 11779 0.02772 -0.010967 0.63728 -0.21214 2.3953
122.56 25170 1552.5 11753 0.026862 -0.010155 0.6373 -0.21211 2.3954
123 25188 1567.2 11689 0.024962 -0.0081484 0.63733 -0.21205 2.3955
123.79 25217 1593.5 11576 0.022071 -0.0043524 0.63739 -0.21193 2.3956
124.45 25239 1616.2 11480 0.020137 -0.00094173 0.63745 -0.21183 2.3958
124.64 25245 1622.5 11453 0.01969 4.24e-06 0.63746 -0.2118 2.3958
