time (s) altitude (m) velocity (m/s) mass (kg) dynamic pressure (Pa)trajectory angle (rad) Lift (N)Drag (N)heading angle (rad) latitude (rad) angle of attack (rad) 
827.24 47324 2443.9 3300 4092.6 0.20661 5708.5 2157.2 1.8381 0.041316 0.3146
827.99 47701 2451.7 3288.8 3927 0.20584 5476.4 2069 1.8381 0.041587 0.31455
829.33 48373 2465.7 3269 3649.1 0.20444 5080.9 1917.2 1.8382 0.042072 0.3142
830.47 48942 2477.8 3252.1 3429.2 0.20322 4782.6 1806.2 1.8382 0.042486 0.31453
830.78 49100 2481.1 3247.5 3371 0.20288 4700.4 1774.8 1.8382 0.042601 0.31449
831.54 49476 2489.2 3236.3 3235.5 0.20206 4513.7 1704.6 1.8382 0.042876 0.31458
832.88 50146 2503.7 3216.5 3008 0.20058 4191.8 1581.5 1.8383 0.043369 0.31433
834.02 50713 2516.1 3199.6 2828 0.19929 3941.1 1486.6 1.8383 0.04379 0.31432
834.33 50869 2519.6 3195 2780.4 0.19894 3872.9 1460.4 1.8383 0.043906 0.31421
835.08 51244 2527.9 3183.8 2676.1 0.19808 3730.2 1407 1.8383 0.044186 0.31435
836.43 51911 2542.9 3164 2505.4 0.19654 3487.9 1314.1 1.8384 0.044687 0.31404
837.56 52476 2555.8 3147.1 2368.5 0.19522 3288.1 1237.2 1.8384 0.045114 0.3134
837.88 52631 2559.3 3142.5 2332 0.19485 3234.7 1216.6 1.8384 0.045232 0.31321
838.63 53004 2567.9 3131.3 2246.5 0.19397 3121.2 1174.4 1.8384 0.045517 0.31355
839.97 53668 2583.4 3111.5 2101.4 0.1924 2908.1 1092.1 1.8385 0.046026 0.31265
841.11 54229 2596.6 3094.6 1985.1 0.19105 2716.6 1015.4 1.8385 0.04646 0.31018
841.43 54384 2600.3 3090 1954.1 0.19068 2669.1 996.78 1.8385 0.04658 0.30976
842.18 54755 2609.2 3078.8 1881.6 0.18977 2568 958.49 1.8385 0.04687 0.30957
843.52 55415 2625.1 3058.9 1758.6 0.18816 2377.2 883.5 1.8385 0.047387 0.30747
844.66 55973 2638.8 3042.1 1660.2 0.18677 2215.5 818.76 1.8386 0.047829 0.30471
844.97 56127 2642.6 3037.4 1633.9 0.18638 2175.8 803.28 1.8386 0.047951 0.30425
845.73 56496 2651.8 3026.3 1572.5 0.18546 2091.1 771.37 1.8386 0.048245 0.30393
847.07 57151 2668.2 3006.4 1468.6 0.18381 1932 709.12 1.8386 0.048771 0.30165
848.21 57705 2682.3 2989.6 1385.4 0.18239 1798.9 656.24 1.8387 0.04922 0.2989
848.52 57858 2686.2 2984.9 1363.3 0.182 1766.1 643.55 1.8387 0.049345 0.29842
849.27 58224 2695.7 2973.8 1311.5 0.18106 1695.6 617.15 1.8387 0.049644 0.29799
850.61 58874 2712.6 2953.9 1223.8 0.17938 1562.8 565.35 1.8387 0.050179 0.29543
851.75 59424 2727.1 2937.1 1153.8 0.17795 1452.7 521.91 1.8387 0.050636 0.29257
852.07 59576 2731.2 2932.4 1135.1 0.17755 1425.6 511.52 1.8388 0.050762 0.29206
852.82 59939 2740.9 2921.3 1091.5 0.1766 1367 489.67 1.8388 0.051066 0.29147
854.16 60584 2758.3 2901.4 1017.8 0.1749 1256.1 446.56 1.8388 0.051611 0.28855
855.3 61129 2773.3 2884.6 958.91 0.17346 1165.8 411.16 1.8388 0.052076 0.28558
855.61 61279 2777.5 2879.9 943.23 0.17306 1143.7 402.79 1.8388 0.052205 0.28507
856.37 61639 2787.5 2868.8 906.64 0.1721 1095.7 385.07 1.8389 0.052514 0.2844
857.71 62279 2805.4 2848.9 844.76 0.17039 1007.9 351.61 1.8389 0.053068 0.28193
858.85 62819 2820.8 2832 795.4 0.16895 939.64 325.82 1.8389 0.053541 0.28004
859.16 62968 2825.1 2827.4 782.26 0.16855 922.73 319.61 1.8389 0.053672 0.27976
859.91 63325 2835.4 2816.2 751.6 0.1676 887.12 307.17 1.8389 0.053987 0.27986
861.26 63958 2853.9 2796.4 699.77 0.16592 821.94 283.62 1.839 0.054551 0.27891
862.39 64494 2869.7 2779.5 658.45 0.1645 763.65 262.1 1.839 0.055032 0.27642
862.71 64641 2874.1 2774.9 647.46 0.16411 748.58 256.58 1.839 0.055166 0.27582
863.46 64995 2884.6 2763.7 621.81 0.16317 714.87 244.36 1.839 0.055486 0.27471
864.8 65622 2903.6 2743.9 578.48 0.1615 649.45 219.84 1.839 0.05606 0.2702
865.94 66153 2919.9 2727 543.98 0.16007 597.89 200.56 1.8391 0.05655 0.26624
866.25 66299 2924.4 2722.4 534.81 0.15967 585.56 196.07 1.8391 0.056686 0.26553
867.01 66649 2935.3 2711.2 513.41 0.15873 558.07 186.2 1.8391 0.057012 0.2642
868.35 67270 2954.9 2691.4 477.29 0.15704 505.3 166.6 1.8391 0.057597 0.25945
869.49 67795 2971.6 2674.5 448.56 0.1556 464.81 151.7 1.8391 0.058096 0.25567
869.8 67939 2976.3 2669.9 440.92 0.1552 455.04 148.21 1.8391 0.058234 0.25497
870.55 68286 2987.5 2658.7 423.12 0.15425 433.34 140.55 1.8392 0.058566 0.25364
871.9 68900 3007.6 2638.9 393.09 0.15256 392.17 125.54 1.8392 0.059161 0.24919
873.03 69419 3024.9 2622 369.21 0.15111 361.3 114.48 1.8392 0.059669 0.24597
873.35 69562 3029.6 2617.4 362.87 0.15071 353.9 111.92 1.8392 0.05981 0.24542
874.1 69904 3041.2 2606.2 348.09 0.14976 337.63 106.39 1.8392 0.060148 0.24452
875.44 70512 3061.9 2586.3 323.17 0.14808 306.49 95.827 1.8393 0.060754 0.24064
876.58 71025 3079.6 2569.5 303.36 0.14664 281.27 87.271 1.8393 0.061272 0.23681
876.9 71166 3084.5 2564.8 297.94 0.14624 274.97 85.177 1.8393 0.061415 0.23604
877.65 71504 3096.4 2553.7 285.36 0.14529 260.67 80.438 1.8393 0.06176 0.23434
878.99 72104 3117.7 2533.8 264.25 0.1436 233.11 71.086 1.8393 0.062377 0.2287
880.13 72611 3135.9 2517 247.56 0.14215 212.77 64.271 1.8394 0.062904 0.22461
880.44 72750 3141 2512.3 243.14 0.14175 207.93 62.682 1.8394 0.06305 0.22383
881.2 73084 3153.2 2501.2 232.87 0.1408 197.12 59.167 1.8394 0.063401 0.22225
882.54 73676 3175.1 2481.3 215.64 0.13909 177.03 52.505 1.8394 0.06403 0.21766
883.67 74176 3193.9 2464.5 202.03 0.13765 162.14 47.698 1.8394 0.064567 0.21435
883.99 74314 3199.1 2459.8 198.42 0.13725 158.28 46.483 1.8394 0.064716 0.21348
884.74 74643 3211.7 2448.7 190.04 0.13629 149.61 43.778 1.8394 0.065073 0.21161
886.08 75227 3234.2 2428.8 176 0.13458 129.74 37.539 1.8395 0.065714 0.20207
887.22 75719 3253.6 2412 164.91 0.13307 109.43 31.183 1.8395 0.066261 0.18777
887.54 75855 3259 2407.3 161.97 0.13264 103.46 29.3 1.8395 0.066413 0.18294
888.29 76179 3271.9 2396.2 155.16 0.13159 91.575 25.639 1.8395 0.066778 0.1734
889.63 76753 3295.3 2376.3 143.75 0.12961 68.288 19.281 1.8395 0.067431 0.14842
890.77 77235 3315.4 2359.4 134.78 0.1278 53.249 15.496 1.8395 0.067988 0.12964
891.08 77368 3321 2354.8 132.41 0.12729 49.301 14.577 1.8396 0.068143 0.12376
891.6 77586 3330.3 2347.1 128.6 0.12642 43.409 13.194 1.8396 0.068399 0.11473
892.72 78054 3350.4 2330.6 120.77 0.12447 32.284 10.781 1.8396 0.068953 0.095216
894.21 78671 3377.6 2308.4 111.15 0.12169 20.019 8.4066 1.8396 0.069698 0.069156
895.79 79310 3406.7 2285.2 101.95 0.11858 9.7974 6.9648 1.8396 0.07049 0.041713
897.13 79846 3431.8 2265.3 94.815 0.11576 3.7004 6.1942 1.8397 0.07117 0.018329
897.97 80178 3447.7 2252.8 90.637 0.11391 0.69807 5.8358 1.8397 0.0716 0.0036281
898.18 80259 3451.7 2249.8 89.641 0.11344 -3.6873e-16 5.7508 1.8397 0.071707 0
898.18 80259 3451.7 2249.8 89.641 0.11344 -3.6873e-16 5.7508 1.8397 0.071707 0
899.18 80650 3450.6 2249.8 84.016 0.11119 6.2834e-17 5.3958 1.8397 0.072219 0
900.18 81029 3449.6 2249.8 78.878 0.10893 6.4891e-16 5.0711 1.8397 0.072732 0
901.18 81400 3448.6 2249.8 74.133 0.10667 0 4.771 1.8397 0.073244 0
902.18 81763 3447.6 2249.8 69.75 0.10441 2.8691e-16 4.4935 1.8397 0.073756 0
903.18 82119 3446.7 2249.8 65.698 0.10215 2.7024e-16 4.2367 1.8397 0.074269 0
904.18 82466 3445.7 2249.8 61.949 0.099894 4.6331e-17 3.9989 1.8398 0.074781 0
905.18 82806 3444.8 2249.8 58.481 0.097632 5.2484e-16 3.7786 1.8398 0.075293 0
906.18 83138 3443.9 2249.8 55.269 0.095369 -1.8601e-16 3.5745 1.8398 0.075805 0
907.18 83462 3443.1 2249.8 52.293 0.093105 4.6931e-16 3.3852 1.8398 0.076317 0
908.18 83778 3442.2 2249.8 49.535 0.09084 3.7047e-17 3.2096 1.8398 0.076829 0
909.18 84086 3441.4 2249.8 46.978 0.088574 -2.8986e-16 3.0466 1.8398 0.077341 0
910.18 84387 3440.6 2249.8 44.605 0.086307 -1.5012e-16 2.8953 1.8398 0.077853 0
911.18 84679 3439.8 2249.8 42.403 0.084039 2.9334e-16 2.7546 1.8398 0.078365 0
912.18 84964 3439 2249.8 40.312 0.081771 -1.3567e-16 2.6201 1.8399 0.078877 0
913.18 85241 3438.3 2118.9 0 0.079501 0 0 1.8399 0.079388 0
914.18 85510 3437.6 2118.9 0 0.07723 -0 0 1.8399 0.0799 0
915.18 85772 3436.9 2118.9 0 0.074959 0 0 1.8399 0.080412 0
916.18 86025 3436.2 2118.9 0 0.072686 -0 0 1.8399 0.080924 0
917.18 86271 3435.6 2118.9 0 0.070413 0 0 1.8399 0.081435 0
918.18 86509 3435 2118.9 0 0.068139 0 0 1.8399 0.081947 0
919.18 86739 3434.4 2118.9 0 0.065864 0 0 1.8399 0.082458 0
920.18 86961 3433.8 2118.9 0 0.063589 0 0 1.8399 0.08297 0
921.18 87175 3433.2 2118.9 0 0.061313 -0 0 1.8399 0.083482 0
922.18 87381 3432.7 2118.9 0 0.059036 0 0 1.84 0.083993 0
923.18 87580 3432.1 2118.9 0 0.056758 -0 0 1.84 0.084504 0
924.18 87771 3431.6 2118.9 0 0.05448 0 0 1.84 0.085016 0
925.18 87954 3431.2 2118.9 0 0.052201 0 0 1.84 0.085527 0
926.18 88129 3430.7 2118.9 0 0.049922 -0 0 1.84 0.086039 0
927.18 88296 3430.3 2118.9 0 0.047642 -0 0 1.84 0.08655 0
928.18 88456 3429.9 2118.9 0 0.045362 0 0 1.84 0.087061 0
929.18 88607 3429.5 2118.9 0 0.043081 0 0 1.84 0.087573 0
930.18 88751 3429.1 2118.9 0 0.040799 0 0 1.84 0.088084 0
931.18 88887 3428.8 2118.9 0 0.038518 0 0 1.84 0.088595 0
932.18 89015 3428.5 2118.9 0 0.036235 0 0 1.84 0.089107 0
933.18 89135 3428.2 2118.9 0 0.033953 0 0 1.84 0.089618 0
934.18 89248 3427.9 2118.9 0 0.03167 0 0 1.84 0.090129 0
935.18 89352 3427.6 2118.9 0 0.029387 -0 0 1.84 0.09064 0
936.18 89449 3427.4 2118.9 0 0.027103 0 0 1.84 0.091152 0
937.18 89538 3427.2 2118.9 0 0.024819 -0 0 1.84 0.091663 0
938.18 89619 3427 2118.9 0 0.022535 -0 0 1.84 0.092174 0
939.18 89693 3426.8 2118.9 0 0.02025 -0 0 1.8401 0.092685 0
940.18 89758 3426.7 2118.9 0 0.017966 -0 0 1.8401 0.093196 0
941.18 89816 3426.5 2118.9 0 0.015681 0 0 1.8401 0.093708 0
942.18 89866 3426.4 2118.9 0 0.013396 -0 0 1.8401 0.094219 0
943.18 89908 3426.3 2118.9 0 0.011111 -0 0 1.8401 0.09473 0
944.18 89942 3426.3 2118.9 0 0.0088258 -0 0 1.8401 0.095241 0
945.18 89968 3426.2 2118.9 0 0.0065406 0 0 1.8401 0.095752 0
946.18 89987 3426.2 2118.9 0 0.0042553 -0 0 1.8401 0.096263 0
947.18 89997 3426.2 2118.9 0 0.00197 0 0 1.8401 0.096775 0
948.18 90000 3426.3 2118.9 0 0 0 0 1.8401 0.097286 0
