time (s) altitude (m) longitude (rad) latitude (rad) velocity (m/s) trajectory angle (rad) heading angle (rad) angle of attack (rad) bank angle (rad) fuel mass (kg) 
124.63 25223 2.3869 -0.20868 1621.1 0.019975 1.8109 0.0035341 1562
134.77 25507 2.3863 -0.20616 1655.6 0.015558 1.8111 0.012482 1533.9
152.83 26016 2.3851 -0.20153 1726.5 0.018561 1.8114 0.011066 1478.5
168.16 26511 2.3841 -0.19744 1792.3 0.01613 1.8117 0.012268 1427.9
172.39 26622 2.3838 -0.19628 1811 0.017466 1.8118 0.011004 1413.5
182.52 26938 2.3831 -0.19346 1855 0.016495 1.8119 0.010968 1379.3
200.58 27471 2.3818 -0.18827 1933.7 0.014747 1.8122 0.011173 1318.5
215.91 27901 2.3807 -0.1837 2000.6 0.013915 1.8124 0.011681 1266.8
220.14 28019 2.3804 -0.18241 2019.1 0.013884 1.8125 0.0096384 1252.6
230.28 28299 2.3796 -0.17927 2063.6 0.013184 1.8126 0.012196 1218.5
248.34 28771 2.3781 -0.17351 2140.3 0.011529 1.8129 0.0098882 1158.1
263.66 29112 2.3769 -0.16846 2198.1 0.0086499 1.813 0.013151 1107.2
267.89 29187 2.3765 -0.16705 2213 0.0099973 1.8131 0.0082813 1092.8
278.03 29389 2.3756 -0.16362 2245.9 0.0080556 1.8132 0.011764 1059.3
296.09 29685 2.3741 -0.15739 2298 0.0065905 1.8134 0.010552 999.45
311.41 29897 2.3727 -0.15201 2336.3 0.005107 1.8135 0.013605 948.89
315.64 29944 2.3724 -0.15051 2346.3 0.0065327 1.8136 0.0056136 934.68
325.78 30070 2.3715 -0.14688 2368 0.0045059 1.8136 0.012844 901.5
343.84 30259 2.3698 -0.14035 2402.9 0.0045109 1.8138 0.0097298 842.05
359.16 30403 2.3684 -0.13474 2429 0.0024606 1.8139 0.014688 792.11
363.39 30421 2.368 -0.13318 2436.4 0.0050746 1.8139 0.0048739 777.85
373.53 30518 2.3671 -0.12942 2452 0.0032136 1.814 0.01274 744.96
391.59 30663 2.3654 -0.12267 2478.7 0.003518 1.8141 0.0091464 686.04
406.91 30775 2.3639 -0.11689 2499.7 0.0014778 1.8142 0.014628 636.59
411.14 30782 2.3635 -0.11528 2505.7 0.0043865 1.8142 0.01436 622.41
421.28 30875 2.3626 -0.11142 2519 0.0029403 1.8143 0.007497 589.79
439.34 30971 2.3608 -0.10449 2542.3 0.0017166 1.8144 0.013881 531.63
454.66 31067 2.3594 -0.098565 2561.3 0.0038488 1.8145 0.0047383 481.8
458.89 31116 2.359 -0.096921 2566.3 -0.00075489 1.8145 0.015322 468.93
469.03 31152 2.358 -0.092967 2578.3 0.0027748 1.8145 0.012111 435.77
487.09 31276 2.3562 -0.085881 2598.7 0.0017816 1.8146 0.0084797 378.07
502.42 31337 2.3547 -0.079827 2615.3 0.0022057 1.8147 0.014284 329.11
506.65 31369 2.3543 -0.078148 2619.7 0.0050205 1.8147 0.013578 315.13
516.79 31435 2.3533 -0.074114 2630.1 0.00093667 1.8147 0.0035086 283.54
534.85 31496 2.3515 -0.066891 2647.8 0.0024088 1.8148 0.017359 225.96
550.17 31591 2.3499 -0.060726 2661.9 0.00077466 1.8148 -0.013595 177.66
554.4 31587 2.3495 -0.059018 2666.4 -0.015023 1.8148 0.033801 166.9
564.54 31641 2.3485 -0.054918 2672.1 0.010285 1.8149 0.024484 130.81
582.6 31709 2.3466 -0.047576 2691.7 -0.010047 1.8149 -0.014026 77.11
597.92 31667 2.3451 -0.041333 2677.7 0.027293 1.8149 0.11873 23.71
602.15 32167 2.3447 -0.039622 2652.8 0.096789 1.815 0.13671 0.017504
