time (s) altitude (m) velocity (m/s) mass (kg)trajectory angle (rad) angle of attack (rad) heading angle (rad) latitude (rad)
0 90 30 29388 1.5691 0 -0.22423 -0.2123 2.3868
0.29405 98.968 30.996 29346 1.5689 -0.0010347 -0.19222 -0.2123 2.3868
0.81776 115.67 32.782 29270 1.5684 -0.002838 -0.14395 -0.2123 2.3868
1.2621 130.57 34.31 29206 1.5675 -0.004298 -0.11449 -0.2123 2.3868
1.3848 134.81 34.734 29189 1.5671 -0.0046878 -0.10792 -0.2123 2.3868
1.6788 145.17 35.754 29146 1.5663 -0.0056005 -0.094682 -0.2123 2.3868
2.2025 164.37 37.584 29071 1.5643 -0.0071295 -0.077477 -0.2123 2.3868
2.6469 181.42 39.148 29007 1.5622 -0.0083215 -0.067287 -0.2123 2.3868
2.7696 186.25 39.583 28989 1.5615 -0.008635 -0.064987 -0.2123 2.3868
3.0636 198.04 40.627 28947 1.5598 -0.0093603 -0.060166 -0.2123 2.3868
3.5873 219.81 42.499 28871 1.5564 -0.010547 -0.053485 -0.2123 2.3868
4.0317 239.05 44.101 28808 1.5531 -0.011446 -0.049191 -0.2123 2.3868
4.1544 244.48 44.546 28790 1.5521 -0.011681 -0.048176 -0.2123 2.3868
4.735 270.95 46.661 28706 1.547 -0.012714 -0.04413 -0.2123 2.3868
5.8843 326.99 50.91 28541 1.5348 -0.014276 -0.038698 -0.2123 2.3868
7.1586 394.85 55.719 28357 1.5184 -0.015217 -0.034954 -0.2123 2.3868
8.0715 447.22 59.229 28226 1.5047 -0.015413 -0.033122 -0.2123 2.3868
8.3087 461.35 60.15 28192 1.5009 -0.015387 -0.032721 -0.2123 2.3868
9.1909 515.77 63.611 28065 1.4859 -0.015103 -0.031452 -0.2123 2.3868
10.762 620.12 69.918 27838 1.4562 -0.013659 -0.029804 -0.2123 2.3868
12.095 716.17 75.426 27647 1.4284 -0.011435 -0.028799 -0.2123 2.3868
12.463 743.91 76.974 27594 1.4204 -0.01068 -0.028568 -0.2123 2.3868
13.125 795.12 79.786 27498 1.4056 -0.009167 -0.028189 -0.2123 2.3868
14.303 890.59 84.892 27329 1.3785 -0.0059521 -0.027615 -0.2123 2.3868
15.303 975.86 89.319 27185 1.3551 -0.0026601 -0.027207 -0.2123 2.3868
15.579 1000.1 90.556 27145 1.3486 -0.0016788 -0.027104 -0.2123 2.3868
16.24 1059.4 93.553 27050 1.333 0.00082478 -0.026874 -0.2123 2.3868
17.419 1169.2 99.002 26880 1.3059 0.0057614 -0.026511 -0.2123 2.3868
18.419 1266.7 103.73 26736 1.2837 0.010308 -0.02624 -0.2123 2.3869
18.695 1294.4 105.06 26697 1.2778 0.01158 -0.02617 -0.2123 2.3869
20.018 1430.9 111.51 26506 1.2505 0.017453 -0.025861 -0.2123 2.3869
22.375 1691.6 123.42 26167 1.2078 0.025895 -0.025391 -0.2123 2.3869
24.374 1930.6 133.94 25879 1.1775 0.030691 -0.025051 -0.2123 2.3869
24.926 1999.5 136.91 25800 1.17 0.03175 -0.024964 -0.2123 2.3869
25.588 2083.8 140.5 25705 1.1615 0.032788 -0.024864 -0.2123 2.3869
26.766 2238.7 146.98 25535 1.1478 0.034114 -0.024693 -0.2123 2.3869
27.766 2374.9 152.57 25391 1.1373 0.034688 -0.024556 -0.2123 2.3869
28.042 2413.3 154.13 25352 1.1345 0.034786 -0.024519 -0.2123 2.3869
28.704 2506.7 157.89 25256 1.1282 0.034906 -0.024433 -0.2123 2.3869
29.882 2678 164.67 25087 1.1179 0.034889 -0.024284 -0.2123 2.3869
30.882 2828.4 170.52 24943 1.1101 0.034825 -0.024164 -0.21231 2.387
31.158 2870.7 172.15 24903 1.1081 0.034825 -0.024131 -0.21231 2.387
32.481 3078.8 180.05 24713 1.0996 0.03484 -0.02398 -0.21231 2.387
34.838 3470.8 194.52 24374 1.0888 0.034906 -0.023725 -0.21231 2.387
36.837 3826.1 207.18 24087 1.0842 0.034904 -0.02352 -0.21231 2.387
37.389 3928 210.74 24007 1.0837 0.034896 -0.023466 -0.21231 2.387
38.051 4052.5 215.04 23912 1.0836 0.034903 -0.023401 -0.21231 2.3871
39.229 4280.5 222.79 23743 1.0845 0.034903 -0.023288 -0.21231 2.3871
40.229 4480.4 229.47 23599 1.0866 0.034902 -0.023194 -0.21231 2.3871
40.505 4536.7 231.33 23559 1.0873 0.034905 -0.023168 -0.21231 2.3871
41.167 4673.6 235.81 23464 1.0895 0.034905 -0.023107 -0.21231 2.3871
42.345 4924.4 243.9 23295 1.0946 0.034874 -0.022999 -0.21231 2.3871
43.345 5144.5 250.86 23151 1.1001 0.034852 -0.022909 -0.21231 2.3871
43.621 5206.5 252.8 23111 1.1018 0.034859 -0.022885 -0.21231 2.3872
44.235 5346.3 257.15 23023 1.106 0.034906 -0.02283 -0.21231 2.3872
45.518 5647.4 266.35 22839 1.1161 0.034906 -0.022717 -0.21231 2.3872
47.123 6041.2 278.1 22608 1.131 0.033952 -0.022577 -0.21231 2.3872
48.618 6426.2 289.01 22393 1.1452 0.031851 -0.022447 -0.21231 2.3872
49.604 6689.3 295.81 22251 1.1533 0.029905 -0.022363 -0.21231 2.3873
49.852 6756.5 297.45 22216 1.155 0.029319 -0.022341 -0.21231 2.3873
51.176 7122.4 305.79 22026 1.1624 0.02574 -0.022228 -0.21231 2.3873
53.532 7799.3 319.2 21687 1.1651 0.017199 -0.02203 -0.21231 2.3873
55.532 8394.4 329.66 21400 1.1551 0.0077751 -0.021866 -0.21231 2.3874
56.084 8561.4 332.49 21320 1.1502 0.0048218 -0.021822 -0.21231 2.3874
56.698 8748.4 335.64 21232 1.1436 0.0014919 -0.021773 -0.21232 2.3874
57.982 9142.9 342.34 21047 1.126 -0.0049121 -0.021674 -0.21232 2.3874
59.586 9641.8 351.2 20817 1.0985 -0.011729 -0.021553 -0.21232 2.3875
61.081 10112 360.05 20602 1.0686 -0.016966 -0.021444 -0.21232 2.3875
62.067 10424 366.2 20460 1.0471 -0.01977 -0.021375 -0.21232 2.3875
62.315 10502 367.78 20425 1.0415 -0.020414 -0.021357 -0.21232 2.3876
63.186 10779 373.48 20300 1.0214 -0.022398 -0.021298 -0.21232 2.3876
64.91 11330 385.36 20052 0.97994 -0.025218 -0.021182 -0.21232 2.3876
66.822 11943 399.63 19777 0.93278 -0.026591 -0.021058 -0.21232 2.3877
68.191 12382 410.61 19580 0.89927 -0.026486 -0.020971 -0.21232 2.3878
68.547 12497 413.57 19529 0.89069 -0.026332 -0.020948 -0.21232 2.3878
69.209 12710 419.2 19434 0.87492 -0.025988 -0.020907 -0.21232 2.3878
70.387 13089 429.62 19265 0.84752 -0.025219 -0.020834 -0.21232 2.3879
71.387 13411 438.86 19121 0.82502 -0.02451 -0.020773 -0.21233 2.3879
71.663 13500 441.47 19081 0.81894 -0.024338 -0.020756 -0.21233 2.3879
72.324 13714 447.86 18986 0.80457 -0.024004 -0.020716 -0.21233 2.3879
73.503 14094 459.64 18817 0.77964 -0.023805 -0.020645 -0.21233 2.388
74.502 14417 470.05 18673 0.75906 -0.024099 -0.020584 -0.21233 2.3881
74.778 14507 473 18633 0.75346 -0.024247 -0.020568 -0.21233 2.3881
75.649 14789 482.47 18508 0.73596 -0.024871 -0.020516 -0.21233 2.3881
77.373 15347 502.1 18260 0.70193 -0.027184 -0.020413 -0.21233 2.3882
79.285 15967 525.25 17985 0.66449 -0.031541 -0.0203 -0.21233 2.3884
80.654 16410 542.76 17788 0.63745 -0.035726 -0.020218 -0.21234 2.3884
81.01 16525 547.44 17737 0.63036 -0.036991 -0.020197 -0.21234 2.3885
81.672 16738 556.29 17642 0.61708 -0.039437 -0.020158 -0.21234 2.3885
82.85 17116 572.56 17472 0.59314 -0.044239 -0.020088 -0.21234 2.3886
83.85 17435 586.92 17329 0.57255 -0.048677 -0.020028 -0.21234 2.3887
84.126 17523 590.98 17289 0.56683 -0.049908 -0.020012 -0.21234 2.3887
84.787 17732 600.89 17194 0.55309 -0.052802 -0.019972 -0.21234 2.3888
85.966 18102 619.17 17024 0.5287 -0.057549 -0.019901 -0.21234 2.3889
86.966 18413 635.37 16880 0.50831 -0.061055 -0.019841 -0.21235 2.3889
87.242 18498 639.95 16841 0.50276 -0.061945 -0.019824 -0.21235 2.389
88.112 18766 654.73 16715 0.48551 -0.064577 -0.019771 -0.21235 2.389
89.836 19287 685.42 16467 0.45271 -0.068716 -0.019666 -0.21235 2.3892
91.748 19854 721.61 16192 0.41869 -0.071499 -0.019548 -0.21236 2.3894
93.117 20253 748.88 15995 0.39586 -0.072497 -0.019462 -0.21236 2.3896
93.473 20355 756.15 15944 0.39012 -0.07263 -0.019439 -0.21236 2.3896
94.344 20605 774.23 15818 0.37641 -0.072923 -0.019384 -0.21236 2.3897
96.068 21090 811.25 15570 0.35048 -0.073214 -0.019273 -0.21236 2.3899
97.979 21616 854.12 15295 0.3232 -0.073101 -0.019149 -0.21237 2.3901
99.349 21983 885.93 15097 0.30434 -0.072611 -0.019058 -0.21237 2.3903
99.705 22077 894.34 15046 0.29951 -0.072394 -0.019034 -0.21237 2.3904
100.58 22305 915.17 14921 0.28779 -0.071728 -0.018976 -0.21238 2.3905
102.3 22746 957.36 14672 0.26497 -0.069343 -0.018858 -0.21238 2.3907
104.21 23214 1005.5 14397 0.24014 -0.0649 -0.018726 -0.21239 2.391
105.58 23535 1040.8 14200 0.22267 -0.06066 -0.018629 -0.21239 2.3912
105.94 23617 1050.1 14148 0.21818 -0.059378 -0.018603 -0.21239 2.3913
106.6 23765 1067.5 14053 0.20991 -0.056905 -0.018556 -0.21239 2.3914
107.78 24022 1098.8 13883 0.19546 -0.052117 -0.01847 -0.2124 2.3916
108.78 24232 1125.8 13739 0.18358 -0.047839 -0.018397 -0.2124 2.3918
109.05 24288 1133.3 13699 0.18037 -0.046691 -0.018376 -0.2124 2.3918
109.71 24421 1151.5 13604 0.1728 -0.044057 -0.018327 -0.2124 2.392
110.89 24649 1184.4 13434 0.15975 -0.039892 -0.018238 -0.21241 2.3922
111.89 24833 1212.8 13290 0.14908 -0.03692 -0.018162 -0.21241 2.3924
112.17 24882 1220.8 13250 0.14619 -0.036178 -0.018141 -0.21241 2.3924
112.83 24998 1240 13155 0.13937 -0.034531 -0.01809 -0.21241 2.3925
114.01 25195 1274.8 12985 0.12752 -0.032136 -0.017998 -0.21242 2.3928
115.01 25353 1304.8 12841 0.11773 -0.030636 -0.017919 -0.21242 2.393
115.28 25395 1313.2 12801 0.11507 -0.030265 -0.017897 -0.21242 2.393
115.95 25492 1333.4 12706 0.10874 -0.029379 -0.017844 -0.21242 2.3932
117.12 25656 1370 12536 0.097777 -0.027535 -0.017748 -0.21243 2.3934
118.12 25786 1401.5 12392 0.088886 -0.025472 -0.017666 -0.21243 2.3937
118.4 25820 1410.2 12352 0.08652 -0.024808 -0.017643 -0.21243 2.3937
119.01 25893 1429.9 12263 0.08142 -0.02322 -0.017592 -0.21244 2.3939
120.3 26035 1471.3 12078 0.071598 -0.019296 -0.017484 -0.21244 2.3942
121.9 26194 1523.9 11847 0.061532 -0.013228 -0.017347 -0.21245 2.3945
123.4 26328 1573.7 11631 0.054518 -0.0064197 -0.017216 -0.21245 2.3949
124.38 26410 1607.2 11489 0.050974 -0.0013265 -0.017129 -0.21246 2.3952
124.63 26431 1615.8 11453 0.050249 4.293e-06 -0.017107 -0.21246 2.3952
