time (s) altitude (m) longitude (rad) latitude (rad) velocity (m/s) trajectory angle (rad) heading angle (rad) angle of attack (rad) bank angle (rad) fuel mass (kg) 
124.63 26431 2.3952 -0.21246 1615.8 0.050249 -0.017107 4.293e-06 1.1284 1562
126.6 26578 2.3957 -0.21247 1620.3 0.042105 -0.010839 0.0034367 1.1231 1557.9
130.11 26779 2.3966 -0.21247 1629.1 0.028716 0.0018472 0.0095878 1.0875 1550.3
133.09 26894 2.3974 -0.21246 1637.3 0.018766 0.013995 0.014593 1.0435 1543.8
133.92 26917 2.3976 -0.21246 1639.6 0.016278 0.017548 0.015853 1.0321 1542
135.89 26961 2.3982 -0.21245 1645.4 0.010717 0.026325 0.018325 1.0031 1537.5
139.4 26998 2.3991 -0.21242 1656.3 0.0024571 0.042718 0.022643 0.94127 1529.2
142.38 26996 2.3999 -0.21238 1666.2 -0.0028824 0.05723 0.025349 0.9 1521.9
143.2 26992 2.4001 -0.21237 1669 -0.004138 0.061305 0.025911 0.89312 1519.8
145.18 26973 2.4006 -0.21233 1676 -0.0068468 0.071203 0.027027 0.87712 1514.8
148.69 26922 2.4016 -0.21226 1689 -0.010319 0.089247 0.02971 0.83608 1505.4
151.67 26865 2.4024 -0.21218 1700.8 -0.011722 0.10504 0.031916 0.80933 1497
152.49 26849 2.4026 -0.21216 1704.1 -0.011888 0.10949 0.032523 0.80447 1494.6
154.46 26809 2.4031 -0.2121 1712.4 -0.011896 0.12036 0.034005 0.79624 1488.7
157.97 26740 2.4041 -0.21198 1727.8 -0.010588 0.14073 0.037328 0.79497 1477.7
160.95 26691 2.4049 -0.21185 1741.6 -0.008197 0.15931 0.040386 0.80327 1467.8
161.78 26680 2.4051 -0.21182 1745.5 -0.007347 0.16468 0.041111 0.80493 1464.9
163.75 26658 2.4057 -0.21173 1755.1 -0.00501 0.17788 0.042887 0.81182 1458
167.26 26643 2.4066 -0.21154 1772.9 7.1053e-05 0.2031 0.046806 0.84308 1444.9
170.24 26655 2.4075 -0.21137 1788.5 0.0047874 0.22631 0.048582 0.87923 1433.3
171.06 26663 2.4077 -0.21131 1792.8 0.0060265 0.23293 0.048836 0.88898 1430.1
173.03 26690 2.4082 -0.21118 1803.2 0.0088883 0.24912 0.049295 0.91381 1422.2
176.55 26761 2.4092 -0.21092 1821.8 0.013174 0.27902 0.049918 0.96579 1408.2
179.53 26840 2.4101 -0.21068 1837.6 0.015875 0.30534 0.050564 1.0037 1396.1
180.35 26865 2.4103 -0.21061 1842 0.016501 0.31273 0.050727 1.0107 1392.8
182.32 26928 2.4108 -0.21043 1852.6 0.017846 0.33054 0.050807 1.0272 1384.7
185.83 27050 2.4118 -0.21008 1871.4 0.01925 0.36238 0.049655 1.0661 1370.5
188.81 27158 2.4127 -0.20976 1887.4 0.019332 0.38909 0.048034 1.0853 1358.4
189.64 27188 2.4129 -0.20966 1891.7 0.019247 0.39634 0.047675 1.0869 1355.1
191.61 27260 2.4134 -0.20943 1902.3 0.018946 0.41356 0.046904 1.0866 1347.2
195.12 27385 2.4144 -0.209 1921 0.018378 0.44347 0.045726 1.0749 1333.2
198.1 27489 2.4152 -0.2086 1937 0.018028 0.46808 0.044845 1.0634 1321.3
198.92 27518 2.4155 -0.20849 1941.3 0.017947 0.47476 0.044594 1.0616 1318
201.52 27608 2.4162 -0.20812 1955.2 0.017688 0.49553 0.043797 1.0548 1307.8
206.66 27785 2.4176 -0.20734 1982.5 0.017245 0.53523 0.042242 1.0398 1287.6
212.35 27978 2.4191 -0.2064 2012.8 0.016732 0.57732 0.040868 1.0313 1265.3
216.43 28114 2.4202 -0.20568 2034.3 0.016256 0.6064 0.03987 1.0235 1249.5
217.5 28149 2.4205 -0.20549 2039.9 0.016136 0.61379 0.039694 1.0216 1245.4
219.47 28214 2.421 -0.20512 2050.3 0.015934 0.62746 0.039638 1.0171 1237.8
222.98 28328 2.422 -0.20445 2068.7 0.01569 0.65127 0.0386 1.0021 1224.3
225.96 28425 2.4227 -0.20385 2084.2 0.015463 0.67066 0.036762 0.99068 1212.9
226.78 28451 2.4229 -0.20369 2088.5 0.015358 0.67584 0.036351 0.98895 1209.8
228.75 28514 2.4235 -0.20328 2098.8 0.015087 0.68813 0.035832 0.98571 1202.3
232.27 28624 2.4244 -0.20254 2116.9 0.014551 0.70963 0.035446 0.98377 1189
235.25 28714 2.4251 -0.20189 2132 0.014034 0.7276 0.03512 0.98483 1177.8
236.07 28739 2.4253 -0.2017 2136 0.013871 0.73251 0.035024 0.98484 1174.7
238.66 28815 2.426 -0.20112 2148.7 0.013352 0.74792 0.034998 0.98451 1164.9
243.8 28957 2.4273 -0.19992 2172.7 0.01237 0.77804 0.034862 0.97879 1145.6
249.5 29105 2.4287 -0.19853 2197.9 0.011431 0.81046 0.033988 0.96305 1124.3
253.58 29205 2.4296 -0.1975 2215.1 0.010818 0.83279 0.033056 0.95071 1109.1
254.64 29231 2.4299 -0.19723 2219.5 0.010656 0.83847 0.03306 0.94772 1105.1
257.24 29291 2.4305 -0.19655 2230 0.010304 0.85224 0.032614 0.94079 1095.5
262.37 29406 2.4317 -0.19518 2250 0.0097158 0.8788 0.032021 0.92672 1076.6
268.07 29527 2.433 -0.19362 2271.2 0.0090757 0.90736 0.031345 0.92301 1055.6
272.15 29609 2.4339 -0.19246 2285.6 0.0084691 0.92756 0.031613 0.93102 1040.7
273.21 29629 2.4341 -0.19216 2289.3 0.0083078 0.93284 0.032651 0.93252 1036.8
275.19 29667 2.4345 -0.19159 2296 0.0081726 0.94289 0.033492 0.93557 1029.5
278.7 29732 2.4353 -0.19056 2307.7 0.0079854 0.961 0.033928 0.94351 1016.5
281.68 29786 2.4359 -0.18967 2317.4 0.0077587 0.97636 0.033847 0.94563 1005.5
282.5 29801 2.4361 -0.18943 2320.1 0.0076936 0.98058 0.033883 0.94475 1002.4
284.47 29836 2.4365 -0.18883 2326.4 0.0075505 0.99067 0.033732 0.94182 995.14
287.98 29897 2.4372 -0.18775 2337.5 0.0073309 1.0084 0.033416 0.9349 982.18
290.96 29947 2.4378 -0.18683 2346.6 0.007167 1.0232 0.033092 0.9309 971.22
291.79 29961 2.4379 -0.18657 2349.1 0.0071176 1.0273 0.032969 0.93028 968.2
293.76 29994 2.4383 -0.18595 2355 0.0069822 1.037 0.032764 0.93017 960.96
297.27 30051 2.439 -0.18483 2365.3 0.0066578 1.0541 0.032319 0.93078 948.1
300.25 30096 2.4395 -0.18386 2373.8 0.006316 1.0684 0.031967 0.92768 937.22
301.07 30109 2.4396 -0.1836 2376.1 0.0062224 1.0723 0.032065 0.92489 934.22
303.04 30137 2.44 -0.18295 2381.5 0.0060409 1.0816 0.031683 0.91585 927.03
306.56 30187 2.4406 -0.18179 2390.7 0.0059413 1.0978 0.031506 0.88982 914.26
309.54 30230 2.4411 -0.18079 2398.2 0.0061351 1.1112 0.031037 0.86887 903.44
310.36 30242 2.4413 -0.18052 2400.1 0.0062061 1.1149 0.028872 0.86565 900.46
312.33 30271 2.4416 -0.17985 2404.9 0.0059334 1.1229 0.026388 0.85933 893.45
315.84 30319 2.4422 -0.17866 2413.2 0.0052195 1.1367 0.025995 0.84613 881.06
318.82 30354 2.4426 -0.17763 2419.9 0.0047807 1.1484 0.026466 0.84751 870.54
319.65 30364 2.4428 -0.17735 2421.8 0.0046513 1.1516 0.02594 0.8518 867.63
321.62 30385 2.4431 -0.17667 2426.1 0.0041966 1.1593 0.026492 0.86579 860.69
325.13 30419 2.4436 -0.17544 2433.6 0.0040574 1.1746 0.034224 0.90457 848.06
328.11 30450 2.444 -0.17439 2439.9 0.0045666 1.1893 0.0353 0.93386 837.06
328.93 30460 2.4442 -0.1741 2441.7 0.0045585 1.1933 0.034201 0.93884 834.04
330.9 30482 2.4444 -0.1734 2445.8 0.0045508 1.203 0.03512 0.94643 826.8
334.42 30521 2.4449 -0.17214 2453.2 0.0045259 1.2205 0.035679 0.95922 813.87
337.4 30554 2.4453 -0.17106 2459.4 0.0044195 1.2356 0.035909 0.96531 802.89
338.22 30563 2.4454 -0.17076 2461.1 0.0043897 1.2397 0.036162 0.9659 799.85
340.19 30584 2.4457 -0.17005 2465.2 0.0043445 1.2498 0.0363 0.9664 792.57
343.7 30621 2.4461 -0.16876 2472.4 0.0042804 1.2677 0.036586 0.97 779.61
346.68 30652 2.4464 -0.16765 2478.4 0.0042079 1.283 0.036894 0.9763 768.59
347.51 30661 2.4465 -0.16735 2480 0.0041797 1.2872 0.036965 0.97723 765.55
351.45 30701 2.4469 -0.16588 2487.8 0.0040636 1.3076 0.037342 0.981 750.96
358.47 30771 2.4476 -0.16322 2501.2 0.0039079 1.3442 0.037911 0.98657 724.95
364.43 30829 2.4481 -0.16094 2512.4 0.0037915 1.3755 0.038177 0.99109 702.86
366.08 30844 2.4482 -0.1603 2515.4 0.0037497 1.3841 0.038256 0.99221 696.76
368.05 30863 2.4484 -0.15954 2519 0.0037047 1.3944 0.03819 0.99124 689.45
371.56 30895 2.4486 -0.15818 2525.4 0.0036577 1.4128 0.038157 0.98841 676.45
374.54 30923 2.4488 -0.15701 2530.7 0.0036527 1.4283 0.038055 0.98678 665.43
375.36 30930 2.4488 -0.15669 2532.2 0.0036509 1.4326 0.038007 0.98724 662.39
377.34 30949 2.4489 -0.15592 2535.7 0.0036283 1.4428 0.037937 0.98896 655.1
380.85 30981 2.4491 -0.15454 2541.8 0.0035353 1.461 0.03767 0.99023 642.14
383.83 31007 2.4492 -0.15336 2547 0.0033925 1.4763 0.03696 0.98774 631.18
384.65 31014 2.4493 -0.15303 2548.5 0.0033379 1.4805 0.036775 0.98657 628.16
386.62 31031 2.4493 -0.15225 2551.9 0.0032913 1.4905 0.037438 0.97784 620.91
390.13 31061 2.4494 -0.15085 2557.9 0.0035271 1.5079 0.035265 0.93847 608.04
393.11 31088 2.4495 -0.14966 2563 0.003596 1.5213 0.029878 0.90271 597.32
393.94 31096 2.4495 -0.14933 2564.4 0.0034831 1.5246 0.029052 0.89674 594.41
395.91 31113 2.4495 -0.14854 2567.8 0.0032773 1.5326 0.028662 0.88387 587.46
399.42 31142 2.4496 -0.14713 2573.7 0.0031615 1.5467 0.029345 0.87008 575.07
402.4 31166 2.4496 -0.14593 2578.7 0.0032427 1.5588 0.029362 0.87286 564.54
403.22 31173 2.4496 -0.1456 2580.1 0.0032364 1.5621 0.029319 0.87392 561.63
405.2 31190 2.4496 -0.14481 2583.4 0.0032292 1.57 0.029171 0.87553 554.67
408.71 31219 2.4496 -0.14339 2589.2 0.0031553 1.5841 0.028896 0.87463 542.3
411.69 31243 2.4496 -0.14218 2594.1 0.0031507 1.5959 0.028709 0.8575 531.82
412.51 31250 2.4496 -0.14185 2595.4 0.0031927 1.5991 0.028757 0.84889 528.93
414.48 31267 2.4495 -0.14105 2598.6 0.0034278 1.6067 0.028869 0.8252 521.99
417.99 31302 2.4495 -0.13962 2604.2 0.0043896 1.6198 0.02922 0.77658 509.64
420.97 31341 2.4494 -0.13841 2608.9 0.005709 1.6305 0.029522 0.74707 499.17
421.8 31354 2.4494 -0.13808 2610.1 0.0061232 1.6334 0.029452 0.74398 496.29
423.77 31388 2.4493 -0.13728 2613.1 0.0070805 1.6403 0.029125 0.74048 489.39
427.28 31460 2.4492 -0.13585 2618.4 0.0087043 1.6525 0.029135 0.74491 477.19
430.26 31533 2.4491 -0.13463 2622.7 0.0098374 1.6628 0.028796 0.77106 466.92
431.08 31554 2.4491 -0.13429 2623.9 0.010053 1.6657 0.028576 0.78107 464.11
433.05 31607 2.449 -0.13349 2626.6 0.01036 1.6727 0.027597 0.80774 457.41
436.57 31701 2.4489 -0.13206 2631.5 0.0097708 1.6849 0.023956 0.86795 445.72
439.55 31772 2.4487 -0.13084 2635.7 0.0078817 1.6947 0.019419 0.91056 436.1
440.37 31788 2.4487 -0.1305 2636.8 0.0071415 1.6973 0.018636 0.91628 433.49
442.34 31820 2.4486 -0.1297 2639.6 0.0052579 1.7032 0.016749 0.90956 427.3
445.85 31851 2.4484 -0.12826 2644.6 0.001328 1.7126 0.011118 0.86055 416.51
448.83 31847 2.4482 -0.12704 2648.9 -0.0024066 1.7192 0.0087778 0.80729 407.56
449.66 31841 2.4481 -0.12671 2650.1 -0.0034122 1.721 0.0098033 0.79325 405.1
451.63 31818 2.448 -0.1259 2653.1 -0.0053765 1.7254 0.012732 0.75887 399.08
455.14 31757 2.4478 -0.12446 2658.3 -0.0072148 1.734 0.019097 0.69758 388.01
458.12 31700 2.4476 -0.12324 2662.8 -0.0069225 1.7419 0.024145 0.64558 378.2
458.94 31685 2.4475 -0.1229 2664 -0.0065524 1.7442 0.025639 0.63123 375.43
460.91 31654 2.4474 -0.1221 2666.9 -0.0050779 1.7497 0.02908 0.59682 368.68
464.43 31626 2.4471 -0.12066 2671.9 -0.0004567 1.7599 0.03521 0.53553 356.28
467.41 31645 2.4468 -0.11943 2675.7 0.0054771 1.7686 0.04041 0.48352 345.44
468.23 31659 2.4468 -0.1191 2676.7 0.0074351 1.771 0.041846 0.46917 342.4
470.2 31712 2.4466 -0.11829 2678.9 0.012667 1.7767 0.045287 0.43475 335.08
473.71 31882 2.4463 -0.11685 2682.2 0.023726 1.7863 0.051417 0.37346 321.96
476.69 32114 2.446 -0.11563 2684.1 0.03457 1.7937 0.056618 0.32145 310.89
477.52 32194 2.446 -0.1153 2684.5 0.037747 1.7956 0.058054 0.3071 307.87
480.11 32493 2.4457 -0.11424 2685.1 0.048144 1.8011 0.062606 0.26209 298.51
485.25 33302 2.4452 -0.11215 2684.2 0.069316 1.8095 0.071482 0.17107 281.1
490.95 34533 2.4446 -0.10984 2679.9 0.091395 1.8147 0.081687 0.080874 264.14
495.03 35605 2.4442 -0.10819 2674.9 0.10472 1.8161 0.087268 0.020109 253.8
496.09 35906 2.4441 -0.10776 2673.4 0.10767 1.8162 0.087726 0 251.38
496.09 35906 2.4441 -0.10776 2673.4 0.10767 1.8162 0.087726 0 251.38
499.95 37115 2.4437 -0.10622 2640.5 0.12688 1.8213 0.072455 0.33664 251.38
506.83 39514 2.443 -0.10353 2597.3 0.13576 1.8444 0.071497 0.93799 251.38
512.66 41495 2.4423 -0.1013 2566.9 0.12631 1.8695 0.097916 1.4384 251.38
514.27 42007 2.4421 -0.10069 2558.7 0.12135 1.8775 0.10152 1.5708 251.38
518.13 43135 2.4417 -0.099241 2540.7 0.10817 1.8947 0.11499 1.5708 251.38
525.01 44805 2.4408 -0.096699 2511.1 0.084379 1.9234 0.139 1.5708 251.38
530.84 45886 2.44 -0.094582 2488.1 0.063887 1.9467 0.15936 1.5707 251.38
532.45 46130 2.4397 -0.094004 2482.2 0.058183 1.953 0.16498 1.5706 251.38
536.31 46620 2.4392 -0.092628 2468.6 0.044436 1.968 0.17387 1.5707 251.38
543.19 47162 2.4381 -0.090215 2446.9 0.019702 1.9933 0.17453 1.5707 251.38
549.02 47292 2.4372 -0.088202 2430.7 -0.0014921 2.0135 0.17312 1.5697 251.38
550.63 47275 2.4369 -0.087652 2426.5 -0.0073701 2.0191 0.17452 1.5545 251.38
554.5 47141 2.4363 -0.086344 2416.7 -0.021238 2.0325 0.17453 1.5385 251.38
561.37 46591 2.4351 -0.08405 2399.8 -0.044938 2.0572 0.17453 1.4617 251.38
567.21 45834 2.434 -0.082141 2385.2 -0.063349 2.0799 0.17453 1.3957 251.38
568.82 45582 2.4338 -0.081621 2381 -0.068147 2.0866 0.17449 1.378 251.38
572.68 44907 2.433 -0.080387 2370.5 -0.079043 2.1035 0.17452 1.3442 251.38
579.55 43483 2.4317 -0.078237 2349.3 -0.09599 2.1377 0.17453 1.2821 251.38
585.39 42096 2.4305 -0.076472 2327.5 -0.10713 2.1724 0.17453 1.2385 251.38
587 41691 2.4302 -0.075995 2320.6 -0.10958 2.1831 0.17204 1.2262 251.38
590.86 40693 2.4294 -0.074874 2302.5 -0.11425 2.2111 0.17453 1.2062 251.38
597.74 38874 2.4279 -0.072968 2261 -0.11701 2.2724 0.17452 1.1814 251.38
603.57 37353 2.4265 -0.07146 2219.5 -0.11578 2.3328 0.14693 1.1815 251.38
605.18 36943 2.4261 -0.071064 2208.5 -0.11569 2.3493 0.14383 1.1891 251.38
607.76 36291 2.4255 -0.070448 2189.6 -0.11495 2.3776 0.13542 1.1889 251.38
612.34 35156 2.4244 -0.069409 2155.4 -0.11358 2.4304 0.11926 1.2073 251.38
616.23 34216 2.4234 -0.068589 2125.9 -0.11278 2.4778 0.10866 1.2242 251.38
617.3 33960 2.4231 -0.068373 2117.4 -0.11254 2.4914 0.10692 1.2313 251.38
619.88 33352 2.4224 -0.067875 2096.6 -0.11202 2.5255 0.1023 1.2451 251.38
624.46 32291 2.4212 -0.06706 2057.5 -0.11148 2.5905 0.092933 1.2724 251.38
628.35 31408 2.4201 -0.066447 2022.6 -0.11167 2.6499 0.086625 1.2946 251.38
629.42 31166 2.4198 -0.06629 2012.6 -0.1118 2.6671 0.085272 1.3003 251.38
632 30590 2.4191 -0.06594 1988 -0.11222 2.7098 0.082651 1.3123 251.38
636.58 29579 2.4178 -0.065407 1941.2 -0.11282 2.7924 0.079503 1.3235 251.38
640.47 28739 2.4167 -0.065052 1897.9 -0.11223 2.8698 0.078092 1.3201 251.38
641.55 28512 2.4164 -0.064971 1885.3 -0.11171 2.8925 0.077711 1.3203 251.38
644.12 27980 2.4157 -0.064807 1854.2 -0.10957 2.949 0.076768 1.2988 251.38
648.7 27098 2.4144 -0.064626 1794.7 -0.10027 3.0576 0.076569 1.2486 251.38
652.59 26459 2.4133 -0.064589 1740.3 -0.08442 3.1566 0.076022 1.1768 251.38
653.67 26307 2.413 -0.064597 1724.8 -0.078291 3.1845 0.074782 1.1572 251.38
656.24 26001 2.4123 -0.064649 1683 -0.060206 3.2523 0.078144 1.0901 252.03
660.83 25714 2.4111 -0.064854 1658.9 -0.011703 3.3767 0.094728 0.97785 243.61
664.71 25806 2.4102 -0.065142 1694.4 0.040675 3.481 0.093331 0.93466 225.88
665.79 25894 2.4099 -0.065241 1697.3 0.055259 3.5088 0.089853 0.92896 222.03
668.36 26208 2.4093 -0.065507 1714.2 0.087068 3.5711 0.085379 0.94035 211.51
672.95 27079 2.4082 -0.066076 1744.2 0.1295 3.6696 0.074132 1.0093 193.73
676.84 28031 2.4073 -0.066641 1768.5 0.14695 3.7376 0.059285 1.1143 180.35
677.91 28311 2.407 -0.066808 1775 0.14864 3.7534 0.05597 1.1483 177.01
680.48 28993 2.4065 -0.067225 1791.7 0.14834 3.7874 0.047017 1.2569 169.22
685.07 30162 2.4055 -0.068015 1786.9 0.13469 3.8347 0.030874 1.4693 162.96
688.96 31024 2.4046 -0.06871 1753.4 0.11538 3.8625 0.018265 1.57 164.41
690.03 31234 2.4044 -0.068903 1750.8 0.10966 3.8681 0.015418 1.5581 163.93
692.61 31695 2.4039 -0.069369 1738.5 0.095933 3.8807 0.015373 1.5706 163.93
697.19 32357 2.403 -0.070209 1719.1 0.071048 3.9013 0.015629 1.5707 163.93
701.08 32758 2.4023 -0.07093 1704.6 0.049732 3.9174 0.015335 1.5706 163.93
702.15 32844 2.4021 -0.07113 1700.9 0.043797 3.9216 0.016135 1.5664 163.93
704.73 33004 2.4016 -0.071612 1692.3 0.02955 3.9317 0.015386 1.5707 163.93
709.31 33134 2.4007 -0.072476 1678.3 0.0039431 3.9491 0.015525 1.5707 163.93
713.2 33088 2.4 -0.073215 1667.3 -0.017939 3.9639 0.015366 1.5706 163.93
714.27 33051 2.3998 -0.07342 1664.4 -0.024008 3.968 0.016089 1.5662 163.93
716.2 32956 2.3995 -0.07379 1659.3 -0.034927 3.9755 0.015173 1.5706 163.93
719.64 32702 2.3989 -0.074451 1650.5 -0.054478 3.9891 0.015641 1.5705 163.93
722.56 32401 2.3984 -0.075015 1643 -0.071125 4.0013 0.014683 1.5703 163.93
723.37 32304 2.3983 -0.075172 1641 -0.075734 4.0046 0.014973 1.5684 163.93
725.3 32047 2.398 -0.075547 1635.1 -0.086802 4.0135 0.019056 1.5681 164.07
728.73 31506 2.3974 -0.076221 1636.3 -0.10586 4.0328 0.032281 1.4896 162.19
731.65 30966 2.3969 -0.076804 1650.7 -0.11939 4.0535 0.041657 1.3494 158.06
732.46 30805 2.3968 -0.076968 1653.3 -0.1223 4.0602 0.044761 1.3203 157.08
734.39 30405 2.3965 -0.077364 1662.2 -0.12807 4.0776 0.050124 1.2449 154.15
737.83 29656 2.396 -0.07809 1680 -0.13206 4.1134 0.057343 1.0937 148.08
740.74 29014 2.3956 -0.078727 1697.2 -0.12832 4.1471 0.058966 0.98463 141.96
741.55 28840 2.3955 -0.078907 1702.4 -0.12623 4.1567 0.059728 0.9566 140.1
743.48 28436 2.3952 -0.079344 1715.5 -0.11903 4.1806 0.060435 0.89851 135.29
746.92 27785 2.3947 -0.08015 1741.8 -0.099078 4.2242 0.060265 0.79394 125.45
749.83 27337 2.3944 -0.08086 1767.1 -0.075162 4.2615 0.060384 0.72365 115.73
750.64 27235 2.3943 -0.081061 1774.7 -0.067514 4.2719 0.061225 0.7062 112.81
752.57 27038 2.3941 -0.08155 1793.2 -0.046787 4.2972 0.063471 0.66971 105.41
756.01 26877 2.3937 -0.082448 1827.6 -0.0043997 4.3421 0.06248 0.61502 91.324
758.92 26952 2.3934 -0.083236 1857.1 0.032119 4.3768 0.055288 0.57825 79.081
759.73 27008 2.3933 -0.083458 1865.2 0.041416 4.3854 0.054214 0.56542 75.755
761.66 27198 2.3931 -0.083994 1884.3 0.063877 4.4049 0.05304 0.52921 67.82
765.1 27743 2.3929 -0.084969 1916 0.10249 4.4349 0.051729 0.46565 54.161
768.02 28403 2.3926 -0.085811 1940 0.13189 4.4558 0.049026 0.43546 43.41
768.82 28614 2.3926 -0.086045 1946.1 0.13903 4.4609 0.048357 0.42774 40.633
770.75 29167 2.3924 -0.086611 1959.6 0.15501 4.4721 0.048127 0.41136 34.297
774.19 30294 2.3922 -0.087626 1979.6 0.17815 4.4889 0.045628 0.39577 24.277
777.11 31364 2.392 -0.088495 1992.8 0.19212 4.5002 0.044102 0.38835 17.088
777.91 31673 2.3919 -0.088736 1995.8 0.19521 4.503 0.042935 0.38729 15.299
779.84 32433 2.3918 -0.089314 2002 0.20096 4.5089 0.041146 0.38551 11.378
783.28 33830 2.3916 -0.090348 2009.9 0.20584 4.5172 0.033279 0.38987 5.5925
786.2 35029 2.3914 -0.091228 2014 0.20479 4.5222 0.024527 0.39791 1.7731
787 35358 2.3914 -0.091472 2014.8 0.20383 4.5233 0.024463 0.40015 0.86406
788.93 36140 2.3913 -0.092055 2009.8 0.20172 4.5261 0.029092 0.40416 6.015e-05
792.37 37507 2.3911 -0.09309 1990.9 0.19828 4.5312 0.041692 0.4107 0.34063
795.29 38638 2.3909 -0.093961 1979 0.195 4.5356 0.051376 0.41233 0.00030614
796.09 38946 2.3909 -0.094201 1974.9 0.19406 4.5368 0.054372 0.41205 0.11088
798.99 40035 2.3907 -0.095061 1962.9 0.19015 4.5408 0.060813 0.40782 0.09557
804.15 41896 2.3905 -0.096583 1943.7 0.1811 4.547 0.069114 0.39634 0.10141
808.52 43382 2.3903 -0.097866 1929.6 0.17105 4.5512 0.068627 0.38472 0.092235
809.73 43775 2.3902 -0.09822 1926.1 0.16783 4.5522 0.069558 0.38109 0.09074
812.63 44683 2.3901 -0.099065 1918 0.15969 4.5543 0.070058 0.369 0.080413
817.78 46173 2.3898 -0.10056 1905.3 0.14363 4.5574 0.070909 0.34884 0.075481
822.16 47303 2.3896 -0.10183 1895.9 0.12876 4.5595 0.0717 0.33638 0.067176
823.37 47592 2.3896 -0.10218 1893.5 0.12449 4.56 0.071947 0.33218 0.064853
827.23 48448 2.3894 -0.1033 1886.5 0.1105 4.5615 0.072917 0.31376 0.056304
834.1 49708 2.3891 -0.10528 1875.8 0.084455 4.5637 0.074408 0.28864 0.055625
839.94 50505 2.3888 -0.10696 1868.6 0.06152 4.5653 0.075608 0.27309 0.05158
841.55 50681 2.3888 -0.10742 1866.8 0.055089 4.5657 0.076283 0.26925 0.051464
845.41 51021 2.3886 -0.10853 1863.2 0.039557 4.5666 0.077806 0.25447 0.043909
852.29 51350 2.3883 -0.1105 1858.1 0.01195 4.5682 0.090237 0.23248 0.045024
858.12 51356 2.3881 -0.11217 1854.8 -0.01079 4.5696 0.11038 0.22326 0.041307
859.73 51315 2.388 -0.11263 1853.9 -0.016875 4.57 0.11412 0.2206 0.041341
863.59 51142 2.3879 -0.11373 1852.3 -0.031319 4.5711 0.12 0.20579 0.02455
870.47 50584 2.3876 -0.11569 1850.4 -0.056291 4.573 0.12461 0.19142 0.03119
876.3 49866 2.3873 -0.11735 1849.5 -0.076726 4.5747 0.12437 0.18142 0.025753
877.91 49629 2.3873 -0.11781 1849.4 -0.082219 4.5752 0.12475 0.17996 0.027303
881.78 48997 2.3871 -0.11891 1849.3 -0.09502 4.5764 0.12499 0.17127 0.025748
888.65 47654 2.3869 -0.12086 1849.4 -0.11624 4.5787 0.12596 0.15925 0.025815
894.49 46315 2.3866 -0.12251 1849.2 -0.13208 4.5809 0.12671 0.15196 0.024976
896.1 45917 2.3866 -0.12297 1849.1 -0.136 4.5815 0.1269 0.15135 0.024936
899.96 44919 2.3864 -0.12406 1848.4 -0.14441 4.5832 0.12722 0.14339 0.024087
906.83 43017 2.3862 -0.126 1845.5 -0.15515 4.5867 0.12752 0.13623 0.023921
912.67 41331 2.386 -0.12765 1840.2 -0.15872 4.5904 0.12761 0.13014 0.02336
914.28 40863 2.3859 -0.1281 1838.1 -0.15859 4.5915 0.12759 0.12986 0.023248
918.14 39751 2.3858 -0.12918 1831.7 -0.15601 4.5944 0.12768 0.12556 0.022634
925.02 37875 2.3856 -0.13111 1814.8 -0.14237 4.6007 0.12697 0.1216 0.022386
930.85 36485 2.3854 -0.13272 1793.8 -0.12071 4.6071 0.12644 0.1193 0.021883
932.46 36148 2.3853 -0.13317 1786.8 -0.11302 4.6091 0.12681 0.12033 0.02174
935.03 35662 2.3853 -0.13388 1774.8 -0.099419 4.6124 0.12493 0.11911 0.021071
939.62 34969 2.3851 -0.13513 1750.6 -0.071534 4.6187 0.12477 0.11959 0.020824
943.51 34573 2.3851 -0.13618 1727.7 -0.044954 4.6245 0.12331 0.12083 0.020225
944.58 34497 2.385 -0.13647 1721.1 -0.037433 4.6262 0.12317 0.12192 0.020048
947.16 34372 2.385 -0.13715 1705.1 -0.019116 4.6302 0.1224 0.12262 0.019264
951.74 34351 2.3849 -0.13836 1675.7 0.013422 4.6375 0.1225 0.12533 0.018925
955.63 34523 2.3848 -0.13936 1650.7 0.039612 4.6436 0.12137 0.12804 0.018156
956.7 34599 2.3848 -0.13964 1643.9 0.046347 4.6453 0.11854 0.12964 0.017904
959.28 34825 2.3847 -0.14029 1628.5 0.060453 4.649 0.1112 0.13024 0.016413
963.86 35343 2.3847 -0.14145 1603.8 0.078052 4.6549 0.094051 0.13256 0.016954
967.75 35854 2.3846 -0.14241 1585.8 0.085737 4.659 0.084052 0.13575 0.0078966
968.83 36000 2.3846 -0.14267 1581.2 0.087045 4.6601 0.083023 0.13667 6.4119e-07
971.4 36358 2.3846 -0.1433 1570.5 0.089373 4.6625 0.08247 0.13469 6.4135e-07
975.98 37002 2.3845 -0.14441 1553.1 0.089889 4.6663 0.074358 0.13558 6.4118e-07
979.87 37533 2.3845 -0.14535 1540.1 0.086471 4.669 0.068704 0.13706 6.404e-07
980.95 37675 2.3845 -0.1456 1536.8 0.085109 4.6697 0.067429 0.13792 6.4021e-07
983.52 38002 2.3844 -0.14622 1529.1 0.081148 4.6714 0.067238 0.13549 6.3926e-07
988.1 38542 2.3844 -0.1473 1515.9 0.073677 4.6742 0.078248 0.13262 6.356e-07
991.99 38958 2.3844 -0.14822 1504.7 0.068262 4.6767 0.092588 0.13384 6.3263e-07
993.07 39067 2.3843 -0.14847 1501.6 0.066953 4.6774 0.096098 0.13383 6.3207e-07
995.64 39319 2.3843 -0.14907 1494.2 0.064037 4.6792 0.10465 0.12961 6.3022e-07
1000.2 39740 2.3843 -0.15013 1481.1 0.059489 4.6823 0.11764 0.12563 6.2369e-07
1004.1 40070 2.3843 -0.15102 1470.3 0.055561 4.685 0.12108 0.12637 6.1883e-07
1005.2 40157 2.3843 -0.15127 1467.5 0.054295 4.6857 0.12102 0.125 6.1795e-07
1009.1 40449 2.3842 -0.15215 1457.5 0.049089 4.6881 0.12014 0.11856 6.1528e-07
1015.9 40883 2.3842 -0.1537 1441.4 0.037487 4.6921 0.1199 0.11337 6.0608e-07
1021.8 41149 2.3842 -0.155 1428.9 0.025991 4.6951 0.12092 0.10724 5.9944e-07
1023.4 41205 2.3842 -0.15536 1425.7 0.022642 4.6959 0.12094 0.10842 5.9825e-07
1027.2 41307 2.3842 -0.15622 1418.2 0.014315 4.6978 0.12143 0.10282 5.9479e-07
1034.1 41371 2.3841 -0.15773 1405.9 -0.0011075 4.7009 0.12219 0.095661 5.8297e-07
1039.9 41308 2.3841 -0.15901 1396.3 -0.014388 4.7035 0.12273 0.092087 5.7459e-07
1041.6 41272 2.3841 -0.15936 1393.7 -0.01803 4.7042 0.12288 0.093357 5.731e-07
1045.4 41152 2.3841 -0.16019 1387.8 -0.026623 4.7058 0.12332 0.085741 5.6885e-07
1052.3 40829 2.3841 -0.16168 1377.7 -0.04113 4.7087 0.12399 0.081299 5.5443e-07
1058.1 40454 2.3841 -0.16292 1369.2 -0.052219 4.7111 0.12441 0.076743 5.4429e-07
1059.7 40336 2.3841 -0.16327 1366.9 -0.055023 4.7118 0.12451 0.078075 5.425e-07
1063.6 40030 2.3841 -0.16409 1361.3 -0.061204 4.7135 0.12477 0.073558 5.3745e-07
1070.5 39416 2.3841 -0.16554 1350.9 -0.069979 4.7165 0.12512 0.069038 5.2042e-07
1076.3 38846 2.3841 -0.16676 1341.4 -0.074779 4.7191 0.12521 0.066447 5.0851e-07
1077.9 38684 2.3841 -0.1671 1338.6 -0.075626 4.7198 0.12521 0.068205 5.0642e-07
1081.8 38291 2.3841 -0.1679 1331.7 -0.076738 4.7217 0.12528 0.062762 5.0057e-07
1088.7 37596 2.3841 -0.16932 1317.9 -0.075335 4.725 0.12514 0.060657 4.809e-07
1094.5 37036 2.3842 -0.17051 1304.7 -0.07066 4.728 0.12488 0.057602 4.6721e-07
1096.1 36889 2.3842 -0.17083 1300.8 -0.068809 4.7288 0.12477 0.059498 4.6482e-07
1100 36558 2.3842 -0.17161 1290.9 -0.063438 4.7309 0.12456 0.056438 4.5816e-07
1106.8 36052 2.3842 -0.17298 1271.4 -0.050902 4.7346 0.12401 0.054278 4.3581e-07
1112.7 35724 2.3842 -0.17413 1253.2 -0.037966 4.7378 0.12335 0.05299 4.2032e-07
1114.3 35651 2.3842 -0.17445 1247.9 -0.034148 4.7387 0.12316 0.055701 4.1762e-07
1118.1 35510 2.3843 -0.17519 1234.8 -0.024721 4.7409 0.12283 0.051228 4.1014e-07
1125 35373 2.3843 -0.17651 1210.4 -0.0078332 4.7446 0.1219 0.050712 3.8509e-07
1130.9 35366 2.3843 -0.1776 1188.8 0.00547 4.7478 0.12106 0.048769 3.6778e-07
1132.5 35379 2.3843 -0.1779 1182.8 0.0088391 4.7486 0.12082 0.05189 3.6476e-07
1136.3 35437 2.3844 -0.1786 1168.3 0.016224 4.7506 0.12039 0.048785 3.5645e-07
1143.2 35609 2.3844 -0.17984 1142.3 0.026436 4.7539 0.11935 0.046671 3.2866e-07
1149 35802 2.3845 -0.18087 1120.6 0.031592 4.7566 0.11838 0.04744 3.0949e-07
1150.6 35860 2.3845 -0.18115 1114.7 0.032409 4.7573 0.11817 0.050944 3.0616e-07
1154.5 36001 2.3845 -0.18182 1100.6 0.033337 4.759 0.11787 0.043351 2.9701e-07
1161.4 36246 2.3846 -0.18298 1076.4 0.031332 4.7616 0.11681 0.042926 2.6643e-07
1167.2 36426 2.3846 -0.18395 1056.7 0.026075 4.7638 0.11603 0.042307 2.454e-07
1168.8 36469 2.3846 -0.18422 1051.4 0.024109 4.7644 0.11586 0.045801 2.4174e-07
1172.7 36555 2.3847 -0.18485 1039 0.018566 4.7657 0.11557 0.039904 2.3173e-07
1179.6 36644 2.3847 -0.18595 1017.7 0.0061197 4.7678 0.11481 0.035871 1.9834e-07
1185.4 36644 2.3848 -0.18687 1000.5 -0.0065882 4.7695 0.11421 0.040387 1.7539e-07
1187 36630 2.3848 -0.18712 995.88 -0.010369 4.7701 0.1141 0.043303 1.7141e-07
1190.9 36573 2.3848 -0.18771 985 -0.019765 4.7712 0.11416 0.031838 1.6053e-07
1197.7 36382 2.3849 -0.18876 966.12 -0.037201 4.7729 0.11461 0.030461 1.2428e-07
1203.6 36133 2.385 -0.18963 950.35 -0.052028 4.7745 0.11593 0.032136 9.9397e-08
1205.2 36050 2.385 -0.18986 945.99 -0.056013 4.775 0.11653 0.035179 9.5085e-08
1209.1 35830 2.385 -0.19043 935.46 -0.065217 4.776 0.11826 0.028038 8.3321e-08
1215.9 35368 2.3851 -0.19142 916.02 -0.079769 4.7777 0.12251 0.023023 4.4154e-08
1221.8 34919 2.3851 -0.19224 898.43 -0.089762 4.7792 0.12588 0.0286 1.731e-08
1223.4 34788 2.3851 -0.19246 893.35 -0.09212 4.7798 0.12648 0.031567 1.266e-08
1227.2 34464 2.3852 -0.19299 880.73 -0.09712 4.7808 0.12793 0.019737 0
1234.1 33864 2.3852 -0.19392 856.5 -0.10369 4.7824 0.12928 0.018718 0
1239.9 33342 2.3853 -0.19468 834.29 -0.10802 4.7839 0.12446 0.020928 0
1241.6 33197 2.3853 -0.19489 827.98 -0.10933 4.7843 0.12178 0.024557 0
1245.4 32846 2.3853 -0.19538 812.68 -0.11306 4.7853 0.11397 0.016701 0
1252.3 32202 2.3854 -0.19623 785.44 -0.12282 4.7866 0.098933 0.012294 0
1258.1 31625 2.3855 -0.19693 762.28 -0.13343 4.7879 0.093479 0.021256 0
1259.7 31461 2.3855 -0.19712 755.7 -0.13629 4.7884 0.093223 0.02437 0
1263.6 31059 2.3855 -0.19756 739.5 -0.14284 4.7893 0.092954 0.0098534 0
1270.5 30324 2.3856 -0.19833 709.06 -0.1535 4.7902 0.091266 0.0093519 0
1276.3 29686 2.3856 -0.19895 681.85 -0.16203 4.7915 0.089688 0.015586 0
1277.9 29509 2.3856 -0.19912 674.13 -0.16433 4.7919 0.089739 0.019194 0
1281.8 29082 2.3857 -0.19952 655.17 -0.16951 4.7928 0.089578 0.0090826 0
1288.7 28324 2.3857 -0.20019 620.11 -0.17792 4.7936 0.090768 0.0038248 0
1294.5 27691 2.3858 -0.20073 588.47 -0.18253 4.7948 0.097677 0.017235 0
1296.1 27520 2.3858 -0.20087 579.21 -0.18288 4.7954 0.099641 0.020292 0
1300 27120 2.3858 -0.20121 556.56 -0.18302 4.7963 0.10496 0.0027095 0
1306.8 26456 2.3859 -0.20177 514.57 -0.17891 4.7967 0.11942 0.0021155 0
1312.7 25949 2.3859 -0.20222 478.85 -0.1724 4.7979 0.12804 0.012706 0
1314.3 25819 2.3859 -0.20233 469.36 -0.17073 4.7985 0.12904 0.01645 0
1318.1 25521 2.3859 -0.20261 447.44 -0.16736 4.7995 0.13083 0.0026263 0
1325 25035 2.386 -0.20306 411.96 -0.16419 4.7994 0.13315 -0.0037996 0
1330.9 24655 2.386 -0.20342 385.69 -0.16477 4.8004 0.13388 0.016978 0
1332.5 24553 2.386 -0.20351 379.07 -0.16553 4.8013 0.13408 0.019635 0
1336.3 24315 2.386 -0.20373 364.21 -0.16805 4.8022 0.13481 -0.0031036 0
1343.2 23903 2.3861 -0.2041 341.12 -0.17491 4.8012 0.13519 -0.0056271 0
1349 23557 2.3861 -0.2044 324.76 -0.18351 4.8019 0.13371 0.011723 0
1350.7 23462 2.3861 -0.20448 320.76 -0.18647 4.8027 0.1332 0.01508 0
1354.5 23231 2.3861 -0.20467 311.96 -0.1942 4.8036 0.13199 -0.0019072 0
1361.4 22810 2.3861 -0.20499 298.86 -0.20988 4.8022 0.1295 -0.0098701 0
1367.2 22441 2.3862 -0.20525 289.93 -0.22421 4.8027 0.12705 0.017359 0
1368.8 22336 2.3862 -0.20532 287.77 -0.22821 4.804 0.12664 0.019606 0
1372.7 22082 2.3862 -0.20549 282.98 -0.23688 4.8048 0.1257 -0.0070288 0
1379.6 21619 2.3862 -0.20578 275.69 -0.25051 4.8025 0.12226 -0.010143 0
1385.4 21216 2.3862 -0.20602 270.63 -0.26089 4.8029 0.11855 0.011246 0
1387 21103 2.3863 -0.20608 269.38 -0.26351 4.8038 0.11758 0.014769 0
1390.9 20831 2.3863 -0.20624 266.58 -0.26902 4.8047 0.11526 -0.0045774 0
1397.8 20341 2.3863 -0.20651 262.11 -0.27671 4.8022 0.11051 -0.012778 0
1403.6 19922 2.3863 -0.20674 258.6 -0.28062 4.8028 0.10729 0.021907 0
1405.2 19807 2.3863 -0.2068 257.62 -0.281 4.8048 0.10676 0.023995 0
1409.1 19533 2.3863 -0.20695 255.16 -0.28011 4.806 0.10575 -0.0073318 0
1415.9 19057 2.3864 -0.20721 250.33 -0.274 4.8023 0.10316 -0.014747 0
1421.8 18670 2.3864 -0.20743 245.8 -0.26708 4.8019 0.10037 0.010661 0
1423.4 18566 2.3864 -0.20748 244.49 -0.26525 4.803 0.099364 0.01376 0
1427.2 18322 2.3864 -0.20763 241.32 -0.26183 4.8036 0.096741 -0.0079673 0
1434.1 17897 2.3864 -0.20787 235.97 -0.26455 4.7992 0.088399 -0.020139 0
1440 17531 2.3864 -0.20808 232.48 -0.28094 4.7984 0.07906 0.020211 0
1441.6 17426 2.3864 -0.20813 231.8 -0.28789 4.8004 0.077209 0.024809 0
1444.1 17254 2.3864 -0.20822 230.9 -0.29898 4.8018 0.074502 0.0024777 0
1448.7 16931 2.3865 -0.20838 230.29 -0.32267 4.8014 0.066027 -0.0055206 0
1452.6 16637 2.3865 -0.20851 231.04 -0.34706 4.8019 0.059409 0.010527 0
1453.7 16551 2.3865 -0.20855 231.45 -0.3538 4.8025 0.058176 0.011395 0
1456.3 16340 2.3865 -0.20864 232.61 -0.3691 4.8034 0.055655 0.0026592 0
1460.8 15942 2.3865 -0.20879 234.96 -0.39007 4.8034 0.05351 -0.0054339 0
1464.7 15589 2.3865 -0.20892 236.66 -0.39894 4.8034 0.052752 0.0038893 0
1465.8 15490 2.3865 -0.20896 237.02 -0.39987 4.8038 0.052409 0.0052257 0
1468.4 15252 2.3865 -0.20905 237.68 -0.39989 4.8041 0.051712 -0.0027835 0
1473 14830 2.3865 -0.2092 237.92 -0.39268 4.804 0.050387 0.0018593 0
1476.9 14481 2.3866 -0.20934 237.09 -0.38078 4.8066 0.04917 0.026848 0
1477.9 14387 2.3866 -0.20937 236.68 -0.37681 4.8082 0.049007 0.024019 0
1480.8 14140 2.3866 -0.20947 235.18 -0.36442 4.8099 0.048199 -0.0025528 0
1486 13724 2.3866 -0.20965 231.22 -0.34093 4.8052 0.045981 -0.034381 0
1490.4 13398 2.3866 -0.2098 226.71 -0.32202 4.7987 0.044623 -0.024777 0
1491.6 13312 2.3866 -0.20984 225.3 -0.31688 4.7977 0.044247 -0.020933 0
1494.5 13114 2.3866 -0.20993 221.66 -0.3057 4.7945 0.043368 -0.027819 0
1499.6 12785 2.3866 -0.2101 214.46 -0.28999 4.7893 0.041927 -0.01026 0
1504 12524 2.3866 -0.21024 207.91 -0.28237 4.7924 0.040714 0.044452 0
1505.2 12455 2.3866 -0.21028 206.06 -0.28143 4.7958 0.040379 0.051623 0
1507.1 12345 2.3866 -0.21034 203.12 -0.28095 4.8001 0.039773 0.039048 0
1510.6 12153 2.3867 -0.21044 197.94 -0.28436 4.805 0.037951 0.0187 0
1513.5 11991 2.3867 -0.21053 193.71 -0.29272 4.8069 0.035987 0.0067555 0
1514.3 11946 2.3867 -0.21055 192.59 -0.29598 4.8072 0.03553 0.0021678 0
1516.2 11836 2.3867 -0.2106 190.01 -0.30513 4.8068 0.034408 -0.012156 0
1519.7 11636 2.3867 -0.2107 185.88 -0.32588 4.8045 0.032597 -0.017387 0
1522.6 11459 2.3867 -0.21078 182.93 -0.34635 4.8032 0.031693 -0.0020765 0
1523.4 11409 2.3867 -0.2108 182.21 -0.35209 4.8033 0.03155 0.0026523 0
1525.3 11286 2.3867 -0.21085 180.63 -0.36578 4.804 0.031233 0.0085108 0
1528.8 11058 2.3867 -0.21094 178.3 -0.38902 4.8068 0.030766 0.023079 0
1531.7 10857 2.3867 -0.21102 176.72 -0.4067 4.8113 0.030681 0.036904 0
1532.5 10801 2.3867 -0.21104 176.34 -0.41114 4.813 0.030603 0.033089 0
1535.4 10594 2.3867 -0.21111 175.13 -0.42627 4.8156 0.02994 -0.00040228 0
1540.5 10212 2.3867 -0.21124 173.47 -0.45114 4.8092 0.028223 -0.046151 0
1544.9 9875.5 2.3867 -0.21134 172.45 -0.47101 4.7992 0.02649 -0.0364 0
1546.1 9780.5 2.3867 -0.21137 172.22 -0.47626 4.7975 0.025798 -0.033225 0
1549 9549.2 2.3867 -0.21144 171.79 -0.49016 4.7925 0.023925 -0.037878 0
1554.2 9122.3 2.3868 -0.21156 171.44 -0.51692 4.7847 0.021049 -0.019486 0
1558.5 8744.6 2.3868 -0.21166 171.4 -0.53781 4.7856 0.019525 0.02842 0
1559.7 8638.1 2.3868 -0.21169 171.39 -0.5426 4.7881 0.019187 0.036291 0
1561.7 8466.3 2.3868 -0.21173 171.35 -0.54953 4.7916 0.018633 0.026793 0
1565.1 8156.1 2.3868 -0.21181 171.18 -0.55928 4.7951 0.017936 0.0066404 0
1568 7890.5 2.3868 -0.21188 170.8 -0.56293 4.7954 0.018519 -0.006767 0
1568.8 7817.1 2.3868 -0.2119 170.62 -0.56261 4.7951 0.018996 -0.01091 0
1570.8 7642.1 2.3868 -0.21194 170.02 -0.55844 4.7933 0.020685 -0.021842 0
1574.2 7339.1 2.3868 -0.21202 167.92 -0.53392 4.7891 0.025944 -0.012868 0
1577.1 7100.1 2.3868 -0.21208 164.58 -0.49199 4.7904 0.032032 0.026038 0
1577.9 7038.7 2.3868 -0.2121 163.33 -0.47698 4.7927 0.033627 0.040038 0
1579.9 6900.7 2.3868 -0.21214 159.85 -0.43803 4.802 0.037426 0.075197 0
1583.3 6690.9 2.3868 -0.21222 152.17 -0.36488 4.8361 0.04365 0.15549 0
1586.2 6547.6 2.3868 -0.21228 144.79 -0.31129 4.8854 0.046682 0.23548 0
1587 6512.8 2.3868 -0.2123 142.72 -0.29975 4.9023 0.047007 0.25469 0
