-0.103	1.79	34000	0.05236	2725	126.92
-0.103	1.79	34000	0.05236	2750	130.23
-0.103	1.79	34000	0.05236	2775	134.07
-0.103	1.79	34000	0.05236	2800	136.96
-0.103	1.79	34000	0.05236	2825	140.55
-0.103	1.79	34000	0.05236	2850	144.33
-0.103	1.79	34000	0.05236	2875	147.94
-0.103	1.79	34000	0.061087	2725	128.46
-0.103	1.79	34000	0.061087	2750	131.42
-0.103	1.79	34000	0.061087	2775	135.24
-0.103	1.79	34000	0.061087	2800	138.93
-0.103	1.79	34000	0.061087	2825	142.21
-0.103	1.79	34000	0.061087	2850	146.3
-0.103	1.79	34000	0.061087	2875	149.67
-0.103	1.79	34000	0.069813	2725	130.42
-0.103	1.79	34000	0.069813	2750	133.95
-0.103	1.79	34000	0.069813	2775	137.45
-0.103	1.79	34000	0.069813	2800	140.94
-0.103	1.79	34000	0.069813	2825	144.72
-0.103	1.79	34000	0.069813	2850	144.51
-0.103	1.79	34000	0.069813	2875	151.47
-0.103	1.79	34000	0.07854	2725	132.22
-0.103	1.79	34000	0.07854	2750	135.51
-0.103	1.79	34000	0.07854	2775	139.3
-0.103	1.79	34000	0.07854	2800	142.89
-0.103	1.79	34000	0.07854	2825	145.36
-0.103	1.79	34000	0.07854	2850	149.99
-0.103	1.79	34000	0.07854	2875	153.49
-0.103	1.79	34000	0.087266	2725	134.11
-0.103	1.79	34000	0.087266	2750	135.38
-0.103	1.79	34000	0.087266	2775	140.99
-0.103	1.79	34000	0.087266	2800	144.55
-0.103	1.79	34000	0.087266	2825	148.2
-0.103	1.79	34000	0.087266	2850	151.63
-0.103	1.79	34000	0.087266	2875	155.31
-0.103	1.79	34000	0.095993	2725	135.77
-0.103	1.79	34000	0.095993	2750	139.45
-0.103	1.79	34000	0.095993	2775	142.83
-0.103	1.79	34000	0.095993	2800	146.54
-0.103	1.79	34000	0.095993	2825	149.84
-0.103	1.79	34000	0.095993	2850	153.7
-0.103	1.79	34000	0.095993	2875	157.31
-0.103	1.79	34000	0.10472	2725	137.62
-0.103	1.79	34000	0.10472	2750	141.28
-0.103	1.79	34000	0.10472	2775	144.68
-0.103	1.79	34000	0.10472	2800	148.49
-0.103	1.79	34000	0.10472	2825	152.01
-0.103	1.79	34000	0.10472	2850	155.48
-0.103	1.79	34000	0.10472	2875	159.41
-0.103	1.79	34500	0.05236	2725	126.9
-0.103	1.79	34500	0.05236	2750	130.01
-0.103	1.79	34500	0.05236	2775	133.49
-0.103	1.79	34500	0.05236	2800	137.3
-0.103	1.79	34500	0.05236	2825	72.65
-0.103	1.79	34500	0.05236	2850	144.5
-0.103	1.79	34500	0.05236	2875	147.68
-0.103	1.79	34500	0.061087	2725	128.52
-0.103	1.79	34500	0.061087	2750	131.57
-0.103	1.79	34500	0.061087	2775	135.86
-0.103	1.79	34500	0.061087	2800	135.13
-0.103	1.79	34500	0.061087	2825	142.45
-0.103	1.79	34500	0.061087	2850	146.19
-0.103	1.79	34500	0.061087	2875	149.28
-0.103	1.79	34500	0.069813	2725	130.55
-0.103	1.79	34500	0.069813	2750	134
-0.103	1.79	34500	0.069813	2775	137.57
-0.103	1.79	34500	0.069813	2800	141.22
-0.103	1.79	34500	0.069813	2825	144.7
-0.103	1.79	34500	0.069813	2850	147.85
-0.103	1.79	34500	0.069813	2875	151.63
-0.103	1.79	34500	0.07854	2725	132.31
-0.103	1.79	34500	0.07854	2750	135.71
-0.103	1.79	34500	0.07854	2775	139.32
-0.103	1.79	34500	0.07854	2800	142.84
-0.103	1.79	34500	0.07854	2825	145.25
-0.103	1.79	34500	0.07854	2850	150.19
-0.103	1.79	34500	0.07854	2875	153.04
-0.103	1.79	34500	0.087266	2725	134.12
-0.103	1.79	34500	0.087266	2750	137.55
-0.103	1.79	34500	0.087266	2775	141.27
-0.103	1.79	34500	0.087266	2800	144.67
-0.103	1.79	34500	0.087266	2825	148.14
-0.103	1.79	34500	0.087266	2850	151.98
-0.103	1.79	34500	0.087266	2875	155.64
-0.103	1.79	34500	0.095993	2725	135.67
-0.103	1.79	34500	0.095993	2750	139.48
-0.103	1.79	34500	0.095993	2775	143.02
-0.103	1.79	34500	0.095993	2800	146.85
-0.103	1.79	34500	0.095993	2825	150.2
-0.103	1.79	34500	0.095993	2850	153.94
-0.103	1.79	34500	0.095993	2875	157.67
-0.103	1.79	34500	0.10472	2725	137.67
-0.103	1.79	34500	0.10472	2750	141.44
-0.103	1.79	34500	0.10472	2775	145.14
-0.103	1.79	34500	0.10472	2800	148.46
-0.103	1.79	34500	0.10472	2825	152.13
-0.103	1.79	34500	0.10472	2850	155.78
-0.103	1.79	34500	0.10472	2875	159.58
-0.103	1.79	35000	0.05236	2725	126.94
-0.103	1.79	35000	0.05236	2750	130.22
-0.103	1.79	35000	0.05236	2775	133.77
-0.103	1.79	35000	0.05236	2800	137.18
-0.103	1.79	35000	0.05236	2825	140.46
-0.103	1.79	35000	0.05236	2850	144.31
-0.103	1.79	35000	0.05236	2875	147.69
-0.103	1.79	35000	0.061087	2725	128.56
-0.103	1.79	35000	0.061087	2750	132.4
-0.103	1.79	35000	0.061087	2775	135.35
-0.103	1.79	35000	0.061087	2800	138.84
-0.103	1.79	35000	0.061087	2825	139.58
-0.103	1.79	35000	0.061087	2850	146.06
-0.103	1.79	35000	0.061087	2875	149.8
-0.103	1.79	35000	0.069813	2725	130.33
-0.103	1.79	35000	0.069813	2750	134.18
-0.103	1.79	35000	0.069813	2775	137.49
-0.103	1.79	35000	0.069813	2800	141.08
-0.103	1.79	35000	0.069813	2825	144.31
-0.103	1.79	35000	0.069813	2850	147.92
-0.103	1.79	35000	0.069813	2875	151.82
-0.103	1.79	35000	0.07854	2725	132.33
-0.103	1.79	35000	0.07854	2750	136.11
-0.103	1.79	35000	0.07854	2775	139.57
-0.103	1.79	35000	0.07854	2800	143.03
-0.103	1.79	35000	0.07854	2825	146.67
-0.103	1.79	35000	0.07854	2850	150.55
-0.103	1.79	35000	0.07854	2875	153.87
-0.103	1.79	35000	0.087266	2725	134.16
-0.103	1.79	35000	0.087266	2750	137.69
-0.103	1.79	35000	0.087266	2775	141.38
-0.103	1.79	35000	0.087266	2800	144.72
-0.103	1.79	35000	0.087266	2825	148.48
-0.103	1.79	35000	0.087266	2850	152.12
-0.103	1.79	35000	0.087266	2875	155.63
-0.103	1.79	35000	0.095993	2725	136.18
-0.103	1.79	35000	0.095993	2750	139.45
-0.103	1.79	35000	0.095993	2775	142.59
-0.103	1.79	35000	0.095993	2800	146.74
-0.103	1.79	35000	0.095993	2825	150.57
-0.103	1.79	35000	0.095993	2850	154.2
-0.103	1.79	35000	0.095993	2875	157.88
-0.103	1.79	35000	0.10472	2725	137.99
-0.103	1.79	35000	0.10472	2750	141.47
-0.103	1.79	35000	0.10472	2775	145.04
-0.103	1.79	35000	0.10472	2800	148.25
-0.103	1.79	35000	0.10472	2825	152.18
-0.103	1.79	35000	0.10472	2850	155.93
-0.103	1.79	35000	0.10472	2875	159.71
-0.103	1.79	35500	0.05236	2725	126.79
-0.103	1.79	35500	0.05236	2750	130.39
-0.103	1.79	35500	0.05236	2775	133.65
-0.103	1.79	35500	0.05236	2800	137.03
-0.103	1.79	35500	0.05236	2825	140.56
-0.103	1.79	35500	0.05236	2850	144.18
-0.103	1.79	35500	0.05236	2875	147.86
-0.103	1.79	35500	0.061087	2725	128.72
-0.103	1.79	35500	0.061087	2750	132.2
-0.103	1.79	35500	0.061087	2775	135.64
-0.103	1.79	35500	0.061087	2800	138.36
-0.103	1.79	35500	0.061087	2825	142.78
-0.103	1.79	35500	0.061087	2850	146.57
-0.103	1.79	35500	0.061087	2875	149.9
-0.103	1.79	35500	0.069813	2725	130.21
-0.103	1.79	35500	0.069813	2750	134.15
-0.103	1.79	35500	0.069813	2775	137.33
-0.103	1.79	35500	0.069813	2800	141.1
-0.103	1.79	35500	0.069813	2825	144.53
-0.103	1.79	35500	0.069813	2850	148.03
-0.103	1.79	35500	0.069813	2875	151.95
-0.103	1.79	35500	0.07854	2725	132.64
-0.103	1.79	35500	0.07854	2750	136.04
-0.103	1.79	35500	0.07854	2775	139.49
-0.103	1.79	35500	0.07854	2800	142.85
-0.103	1.79	35500	0.07854	2825	146.78
-0.103	1.79	35500	0.07854	2850	150.09
-0.103	1.79	35500	0.07854	2875	153.87
-0.103	1.79	35500	0.087266	2725	134.2
-0.103	1.79	35500	0.087266	2750	137.98
-0.103	1.79	35500	0.087266	2775	140.23
-0.103	1.79	35500	0.087266	2800	145.02
-0.103	1.79	35500	0.087266	2825	148.78
-0.103	1.79	35500	0.087266	2850	152.17
-0.103	1.79	35500	0.087266	2875	155.74
-0.103	1.79	35500	0.095993	2725	136.11
-0.103	1.79	35500	0.095993	2750	139.55
-0.103	1.79	35500	0.095993	2775	143.28
-0.103	1.79	35500	0.095993	2800	147
-0.103	1.79	35500	0.095993	2825	150.48
-0.103	1.79	35500	0.095993	2850	154.21
-0.103	1.79	35500	0.095993	2875	158.08
-0.103	1.79	35500	0.10472	2725	138.12
-0.103	1.79	35500	0.10472	2750	141.72
-0.103	1.79	35500	0.10472	2775	145.27
-0.103	1.79	35500	0.10472	2800	149.01
-0.103	1.79	35500	0.10472	2825	152.52
-0.103	1.79	35500	0.10472	2850	156.03
-0.103	1.79	35500	0.10472	2875	159.65
-0.103	1.79	36000	0.05236	2725	126.91
-0.103	1.79	36000	0.05236	2750	130.34
-0.103	1.79	36000	0.05236	2775	133.46
-0.103	1.79	36000	0.05236	2800	136.97
-0.103	1.79	36000	0.05236	2825	140.96
-0.103	1.79	36000	0.05236	2850	144.07
-0.103	1.79	36000	0.05236	2875	147.87
-0.103	1.79	36000	0.061087	2725	128.64
-0.103	1.79	36000	0.061087	2750	132.43
-0.103	1.79	36000	0.061087	2775	135.47
-0.103	1.79	36000	0.061087	2800	139.22
-0.103	1.79	36000	0.061087	2825	142.8
-0.103	1.79	36000	0.061087	2850	145.41
-0.103	1.79	36000	0.061087	2875	149.93
-0.103	1.79	36000	0.069813	2725	130.77
-0.103	1.79	36000	0.069813	2750	134.36
-0.103	1.79	36000	0.069813	2775	137.66
-0.103	1.79	36000	0.069813	2800	141.3
-0.103	1.79	36000	0.069813	2825	144.82
-0.103	1.79	36000	0.069813	2850	148.24
-0.103	1.79	36000	0.069813	2875	151.76
-0.103	1.79	36000	0.07854	2725	132.58
-0.103	1.79	36000	0.07854	2750	136.01
-0.103	1.79	36000	0.07854	2775	139.23
-0.103	1.79	36000	0.07854	2800	142.89
-0.103	1.79	36000	0.07854	2825	146.5
-0.103	1.79	36000	0.07854	2850	149.75
-0.103	1.79	36000	0.07854	2875	153.92
-0.103	1.79	36000	0.087266	2725	134.5
-0.103	1.79	36000	0.087266	2750	137.98
-0.103	1.79	36000	0.087266	2775	141.63
-0.103	1.79	36000	0.087266	2800	145.08
-0.103	1.79	36000	0.087266	2825	148.46
-0.103	1.79	36000	0.087266	2850	152.27
-0.103	1.79	36000	0.087266	2875	156.18
-0.103	1.79	36000	0.095993	2725	136.31
-0.103	1.79	36000	0.095993	2750	139.61
-0.103	1.79	36000	0.095993	2775	143.64
-0.103	1.79	36000	0.095993	2800	146.64
-0.103	1.79	36000	0.095993	2825	150.72
-0.103	1.79	36000	0.095993	2850	154.3
-0.103	1.79	36000	0.095993	2875	157.93
-0.103	1.79	36000	0.10472	2725	138.38
-0.103	1.79	36000	0.10472	2750	141.7
-0.103	1.79	36000	0.10472	2775	145.61
-0.103	1.79	36000	0.10472	2800	148.96
-0.103	1.79	36000	0.10472	2825	152.37
-0.103	1.79	36000	0.10472	2850	156.01
-0.103	1.79	36000	0.10472	2875	159.96
-0.103	1.79	36500	0.05236	2725	127.02
-0.103	1.79	36500	0.05236	2750	130.56
-0.103	1.79	36500	0.05236	2775	133.82
-0.103	1.79	36500	0.05236	2800	137.25
-0.103	1.79	36500	0.05236	2825	140.85
-0.103	1.79	36500	0.05236	2850	144.37
-0.103	1.79	36500	0.05236	2875	147.99
-0.103	1.79	36500	0.061087	2725	128.63
-0.103	1.79	36500	0.061087	2750	132.16
-0.103	1.79	36500	0.061087	2775	135.76
-0.103	1.79	36500	0.061087	2800	139.34
-0.103	1.79	36500	0.061087	2825	142.71
-0.103	1.79	36500	0.061087	2850	146.2
-0.103	1.79	36500	0.061087	2875	149.82
-0.103	1.79	36500	0.069813	2725	130.5
-0.103	1.79	36500	0.069813	2750	134.12
-0.103	1.79	36500	0.069813	2775	137.53
-0.103	1.79	36500	0.069813	2800	141.27
-0.103	1.79	36500	0.069813	2825	144.76
-0.103	1.79	36500	0.069813	2850	147.66
-0.103	1.79	36500	0.069813	2875	151.94
-0.103	1.79	36500	0.07854	2725	132.44
-0.103	1.79	36500	0.07854	2750	136.2
-0.103	1.79	36500	0.07854	2775	139.77
-0.103	1.79	36500	0.07854	2800	143.29
-0.103	1.79	36500	0.07854	2825	147.03
-0.103	1.79	36500	0.07854	2850	150.49
-0.103	1.79	36500	0.07854	2875	154.16
-0.103	1.79	36500	0.087266	2725	134.62
-0.103	1.79	36500	0.087266	2750	138.19
-0.103	1.79	36500	0.087266	2775	141.66
-0.103	1.79	36500	0.087266	2800	145.25
-0.103	1.79	36500	0.087266	2825	148.78
-0.103	1.79	36500	0.087266	2850	152.48
-0.103	1.79	36500	0.087266	2875	156.03
-0.103	1.79	36500	0.095993	2725	136.58
-0.103	1.79	36500	0.095993	2750	140.04
-0.103	1.79	36500	0.095993	2775	143.82
-0.103	1.79	36500	0.095993	2800	147.21
-0.103	1.79	36500	0.095993	2825	150.81
-0.103	1.79	36500	0.095993	2850	154.43
-0.103	1.79	36500	0.095993	2875	158.25
-0.103	1.79	36500	0.10472	2725	138.44
-0.103	1.79	36500	0.10472	2750	142.1
-0.103	1.79	36500	0.10472	2775	145.55
-0.103	1.79	36500	0.10472	2800	148.88
-0.103	1.79	36500	0.10472	2825	152.72
-0.103	1.79	36500	0.10472	2850	156.33
-0.103	1.79	36500	0.10472	2875	160.39
-0.103	1.79	37000	0.05236	2725	126.85
-0.103	1.79	37000	0.05236	2750	129.98
-0.103	1.79	37000	0.05236	2775	130.67
-0.103	1.79	37000	0.05236	2800	136.98
-0.103	1.79	37000	0.05236	2825	140.74
-0.103	1.79	37000	0.05236	2850	144.53
-0.103	1.79	37000	0.05236	2875	146.74
-0.103	1.79	37000	0.061087	2725	128.94
-0.103	1.79	37000	0.061087	2750	132.44
-0.103	1.79	37000	0.061087	2775	135.86
-0.103	1.79	37000	0.061087	2800	139.02
-0.103	1.79	37000	0.061087	2825	142.89
-0.103	1.79	37000	0.061087	2850	146.02
-0.103	1.79	37000	0.061087	2875	149.87
-0.103	1.79	37000	0.069813	2725	130.63
-0.103	1.79	37000	0.069813	2750	134.12
-0.103	1.79	37000	0.069813	2775	137.65
-0.103	1.79	37000	0.069813	2800	141.06
-0.103	1.79	37000	0.069813	2825	144.92
-0.103	1.79	37000	0.069813	2850	148.56
-0.103	1.79	37000	0.069813	2875	152.09
-0.103	1.79	37000	0.07854	2725	132.75
-0.103	1.79	37000	0.07854	2750	136.01
-0.103	1.79	37000	0.07854	2775	139.51
-0.103	1.79	37000	0.07854	2800	143.14
-0.103	1.79	37000	0.07854	2825	146.91
-0.103	1.79	37000	0.07854	2850	150.39
-0.103	1.79	37000	0.07854	2875	154.12
-0.103	1.79	37000	0.087266	2725	134.82
-0.103	1.79	37000	0.087266	2750	138.31
-0.103	1.79	37000	0.087266	2775	141.86
-0.103	1.79	37000	0.087266	2800	145.2
-0.103	1.79	37000	0.087266	2825	149.17
-0.103	1.79	37000	0.087266	2850	152.52
-0.103	1.79	37000	0.087266	2875	156.18
-0.103	1.79	37000	0.095993	2725	136.8
-0.103	1.79	37000	0.095993	2750	139.49
-0.103	1.79	37000	0.095993	2775	143.64
-0.103	1.79	37000	0.095993	2800	147.18
-0.103	1.79	37000	0.095993	2825	150.94
-0.103	1.79	37000	0.095993	2850	154.71
-0.103	1.79	37000	0.095993	2875	158.29
-0.103	1.79	37000	0.10472	2725	138.57
-0.103	1.79	37000	0.10472	2750	142.23
-0.103	1.79	37000	0.10472	2775	145.87
-0.103	1.79	37000	0.10472	2800	149.4
-0.103	1.79	37000	0.10472	2825	153.11
-0.103	1.79	37000	0.10472	2850	156.55
-0.103	1.79	37000	0.10472	2875	160.04
-0.103	1.79	37500	0.05236	2725	126.38
-0.103	1.79	37500	0.05236	2750	129.2
-0.103	1.79	37500	0.05236	2775	133.69
-0.103	1.79	37500	0.05236	2800	136.77
-0.103	1.79	37500	0.05236	2825	140.74
-0.103	1.79	37500	0.05236	2850	144.35
-0.103	1.79	37500	0.05236	2875	148.11
-0.103	1.79	37500	0.061087	2725	128.9
-0.103	1.79	37500	0.061087	2750	132.37
-0.103	1.79	37500	0.061087	2775	135.59
-0.103	1.79	37500	0.061087	2800	139.66
-0.103	1.79	37500	0.061087	2825	142.33
-0.103	1.79	37500	0.061087	2850	146.26
-0.103	1.79	37500	0.061087	2875	149.86
-0.103	1.79	37500	0.069813	2725	130.87
-0.103	1.79	37500	0.069813	2750	134.55
-0.103	1.79	37500	0.069813	2775	137.73
-0.103	1.79	37500	0.069813	2800	141.25
-0.103	1.79	37500	0.069813	2825	144.8
-0.103	1.79	37500	0.069813	2850	148.34
-0.103	1.79	37500	0.069813	2875	152.16
-0.103	1.79	37500	0.07854	2725	132.76
-0.103	1.79	37500	0.07854	2750	136.79
-0.103	1.79	37500	0.07854	2775	139.71
-0.103	1.79	37500	0.07854	2800	143.19
-0.103	1.79	37500	0.07854	2825	146.98
-0.103	1.79	37500	0.07854	2850	150.34
-0.103	1.79	37500	0.07854	2875	154.36
-0.103	1.79	37500	0.087266	2725	134.87
-0.103	1.79	37500	0.087266	2750	138.34
-0.103	1.79	37500	0.087266	2775	141.75
-0.103	1.79	37500	0.087266	2800	145.28
-0.103	1.79	37500	0.087266	2825	149.15
-0.103	1.79	37500	0.087266	2850	151.47
-0.103	1.79	37500	0.087266	2875	156.32
-0.103	1.79	37500	0.095993	2725	136.92
-0.103	1.79	37500	0.095993	2750	140.45
-0.103	1.79	37500	0.095993	2775	143.98
-0.103	1.79	37500	0.095993	2800	147.41
-0.103	1.79	37500	0.095993	2825	151.2
-0.103	1.79	37500	0.095993	2850	154.68
-0.103	1.79	37500	0.095993	2875	158.43
-0.103	1.79	37500	0.10472	2725	138.81
-0.103	1.79	37500	0.10472	2750	142.28
-0.103	1.79	37500	0.10472	2775	145.89
-0.103	1.79	37500	0.10472	2800	149.43
-0.103	1.79	37500	0.10472	2825	152.95
-0.103	1.79	37500	0.10472	2850	156.94
-0.103	1.79	37500	0.10472	2875	160.5
-0.103	1.79	38000	0.05236	2725	126.8
-0.103	1.79	38000	0.05236	2750	130.11
-0.103	1.79	38000	0.05236	2775	133.79
-0.103	1.79	38000	0.05236	2800	137.31
-0.103	1.79	38000	0.05236	2825	140.67
-0.103	1.79	38000	0.05236	2850	144.33
-0.103	1.79	38000	0.05236	2875	147.85
-0.103	1.79	38000	0.061087	2725	128.91
-0.103	1.79	38000	0.061087	2750	132.46
-0.103	1.79	38000	0.061087	2775	135.77
-0.103	1.79	38000	0.061087	2800	139.2
-0.103	1.79	38000	0.061087	2825	143.09
-0.103	1.79	38000	0.061087	2850	146.49
-0.103	1.79	38000	0.061087	2875	150.19
-0.103	1.79	38000	0.069813	2725	130.83
-0.103	1.79	38000	0.069813	2750	134.61
-0.103	1.79	38000	0.069813	2775	137.76
-0.103	1.79	38000	0.069813	2800	141.48
-0.103	1.79	38000	0.069813	2825	144.98
-0.103	1.79	38000	0.069813	2850	148.74
-0.103	1.79	38000	0.069813	2875	152.23
-0.103	1.79	38000	0.07854	2725	132.42
-0.103	1.79	38000	0.07854	2750	136.55
-0.103	1.79	38000	0.07854	2775	140.11
-0.103	1.79	38000	0.07854	2800	143.22
-0.103	1.79	38000	0.07854	2825	147.21
-0.103	1.79	38000	0.07854	2850	150.65
-0.103	1.79	38000	0.07854	2875	154.19
-0.103	1.79	38000	0.087266	2725	135.06
-0.103	1.79	38000	0.087266	2750	138.39
-0.103	1.79	38000	0.087266	2775	141.78
-0.103	1.79	38000	0.087266	2800	145.51
-0.103	1.79	38000	0.087266	2825	149.26
-0.103	1.79	38000	0.087266	2850	152.81
-0.103	1.79	38000	0.087266	2875	156.54
-0.103	1.79	38000	0.095993	2725	136.9
-0.103	1.79	38000	0.095993	2750	140.56
-0.103	1.79	38000	0.095993	2775	143.94
-0.103	1.79	38000	0.095993	2800	147.75
-0.103	1.79	38000	0.095993	2825	150.94
-0.103	1.79	38000	0.095993	2850	154.85
-0.103	1.79	38000	0.095993	2875	158.66
-0.103	1.79	38000	0.10472	2725	138.81
-0.103	1.79	38000	0.10472	2750	141.73
-0.103	1.79	38000	0.10472	2775	145.81
-0.103	1.79	38000	0.10472	2800	149.77
-0.103	1.79	38000	0.10472	2825	153.39
-0.103	1.79	38000	0.10472	2850	156.89
-0.103	1.79	38000	0.10472	2875	160.72
-0.103	1.79	38500	0.05236	2725	126.84
-0.103	1.79	38500	0.05236	2750	130.24
-0.103	1.79	38500	0.05236	2775	133.46
-0.103	1.79	38500	0.05236	2800	137.25
-0.103	1.79	38500	0.05236	2825	140.81
-0.103	1.79	38500	0.05236	2850	144.41
-0.103	1.79	38500	0.05236	2875	147.9
-0.103	1.79	38500	0.061087	2725	129.06
-0.103	1.79	38500	0.061087	2750	132.53
-0.103	1.79	38500	0.061087	2775	135.57
-0.103	1.79	38500	0.061087	2800	139.47
-0.103	1.79	38500	0.061087	2825	143.04
-0.103	1.79	38500	0.061087	2850	146.58
-0.103	1.79	38500	0.061087	2875	149.96
-0.103	1.79	38500	0.069813	2725	131.01
-0.103	1.79	38500	0.069813	2750	134.43
-0.103	1.79	38500	0.069813	2775	138.12
-0.103	1.79	38500	0.069813	2800	141.48
-0.103	1.79	38500	0.069813	2825	145.16
-0.103	1.79	38500	0.069813	2850	148.71
-0.103	1.79	38500	0.069813	2875	152.25
-0.103	1.79	38500	0.07854	2725	133.04
-0.103	1.79	38500	0.07854	2750	136.49
-0.103	1.79	38500	0.07854	2775	140.15
-0.103	1.79	38500	0.07854	2800	143.65
-0.103	1.79	38500	0.07854	2825	146.95
-0.103	1.79	38500	0.07854	2850	150.81
-0.103	1.79	38500	0.07854	2875	154.3
-0.103	1.79	38500	0.087266	2725	135.05
-0.103	1.79	38500	0.087266	2750	138.71
-0.103	1.79	38500	0.087266	2775	142.11
-0.103	1.79	38500	0.087266	2800	145.6
-0.103	1.79	38500	0.087266	2825	149.59
-0.103	1.79	38500	0.087266	2850	152.88
-0.103	1.79	38500	0.087266	2875	156.36
-0.103	1.79	38500	0.095993	2725	137.19
-0.103	1.79	38500	0.095993	2750	140.77
-0.103	1.79	38500	0.095993	2775	144.18
-0.103	1.79	38500	0.095993	2800	147.95
-0.103	1.79	38500	0.095993	2825	151.27
-0.103	1.79	38500	0.095993	2850	155.35
-0.103	1.79	38500	0.095993	2875	158.84
-0.103	1.79	38500	0.10472	2725	139.13
-0.103	1.79	38500	0.10472	2750	142.54
-0.103	1.79	38500	0.10472	2775	146.31
-0.103	1.79	38500	0.10472	2800	149.91
-0.103	1.79	38500	0.10472	2825	153.44
-0.103	1.79	38500	0.10472	2850	157.34
-0.103	1.79	38500	0.10472	2875	161.14
-0.103	1.79	39000	0.05236	2725	126.97
-0.103	1.79	39000	0.05236	2750	130.21
-0.103	1.79	39000	0.05236	2775	133.67
-0.103	1.79	39000	0.05236	2800	136.84
-0.103	1.79	39000	0.05236	2825	140.76
-0.103	1.79	39000	0.05236	2850	144.27
-0.103	1.79	39000	0.05236	2875	147.65
-0.103	1.79	39000	0.061087	2725	129.12
-0.103	1.79	39000	0.061087	2750	132.44
-0.103	1.79	39000	0.061087	2775	136.06
-0.103	1.79	39000	0.061087	2800	139.44
-0.103	1.79	39000	0.061087	2825	142.8
-0.103	1.79	39000	0.061087	2850	146.59
-0.103	1.79	39000	0.061087	2875	150.21
-0.103	1.79	39000	0.069813	2725	130.64
-0.103	1.79	39000	0.069813	2750	134.29
-0.103	1.79	39000	0.069813	2775	138.28
-0.103	1.79	39000	0.069813	2800	141.64
-0.103	1.79	39000	0.069813	2825	145.29
-0.103	1.79	39000	0.069813	2850	148.56
-0.103	1.79	39000	0.069813	2875	152.36
-0.103	1.79	39000	0.07854	2725	133.26
-0.103	1.79	39000	0.07854	2750	136.55
-0.103	1.79	39000	0.07854	2775	139.76
-0.103	1.79	39000	0.07854	2800	143.78
-0.103	1.79	39000	0.07854	2825	147.41
-0.103	1.79	39000	0.07854	2850	150.98
-0.103	1.79	39000	0.07854	2875	154.59
-0.103	1.79	39000	0.087266	2725	134.89
-0.103	1.79	39000	0.087266	2750	138.82
-0.103	1.79	39000	0.087266	2775	142.15
-0.103	1.79	39000	0.087266	2800	145.91
-0.103	1.79	39000	0.087266	2825	149.6
-0.103	1.79	39000	0.087266	2850	153.12
-0.103	1.79	39000	0.087266	2875	156.54
-0.103	1.79	39000	0.095993	2725	137.34
-0.103	1.79	39000	0.095993	2750	141.24
-0.103	1.79	39000	0.095993	2775	144.46
-0.103	1.79	39000	0.095993	2800	148.1
-0.103	1.79	39000	0.095993	2825	151.87
-0.103	1.79	39000	0.095993	2850	155.24
-0.103	1.79	39000	0.095993	2875	158.82
-0.103	1.79	39000	0.10472	2725	139.43
-0.103	1.79	39000	0.10472	2750	142.97
-0.103	1.79	39000	0.10472	2775	146.6
-0.103	1.79	39000	0.10472	2800	150.24
-0.103	1.79	39000	0.10472	2825	153.82
-0.103	1.79	39000	0.10472	2850	157.52
-0.103	1.79	39000	0.10472	2875	161.16
-0.103	1.79	39500	0.05236	2725	126.72
-0.103	1.79	39500	0.05236	2750	130.43
-0.103	1.79	39500	0.05236	2775	133.44
-0.103	1.79	39500	0.05236	2800	137.28
-0.103	1.79	39500	0.05236	2825	140.75
-0.103	1.79	39500	0.05236	2850	144.3
-0.103	1.79	39500	0.05236	2875	147.8
-0.103	1.79	39500	0.061087	2725	129.12
-0.103	1.79	39500	0.061087	2750	132.08
-0.103	1.79	39500	0.061087	2775	136.03
-0.103	1.79	39500	0.061087	2800	139.5
-0.103	1.79	39500	0.061087	2825	143.03
-0.103	1.79	39500	0.061087	2850	146.57
-0.103	1.79	39500	0.061087	2875	150.07
-0.103	1.79	39500	0.069813	2725	131.23
-0.103	1.79	39500	0.069813	2750	134.59
-0.103	1.79	39500	0.069813	2775	137.99
-0.103	1.79	39500	0.069813	2800	141.77
-0.103	1.79	39500	0.069813	2825	145.31
-0.103	1.79	39500	0.069813	2850	148.61
-0.103	1.79	39500	0.069813	2875	151.47
-0.103	1.79	39500	0.07854	2725	133.32
-0.103	1.79	39500	0.07854	2750	136.77
-0.103	1.79	39500	0.07854	2775	140.19
-0.103	1.79	39500	0.07854	2800	143.96
-0.103	1.79	39500	0.07854	2825	147.71
-0.103	1.79	39500	0.07854	2850	151.18
-0.103	1.79	39500	0.07854	2875	154.71
-0.103	1.79	39500	0.087266	2725	135.45
-0.103	1.79	39500	0.087266	2750	139.25
-0.103	1.79	39500	0.087266	2775	142.62
-0.103	1.79	39500	0.087266	2800	145.93
-0.103	1.79	39500	0.087266	2825	149.42
-0.103	1.79	39500	0.087266	2850	153.5
-0.103	1.79	39500	0.087266	2875	157.04
-0.103	1.79	39500	0.095993	2725	137.59
-0.103	1.79	39500	0.095993	2750	141.02
-0.103	1.79	39500	0.095993	2775	144.81
-0.103	1.79	39500	0.095993	2800	148.2
-0.103	1.79	39500	0.095993	2825	151.99
-0.103	1.79	39500	0.095993	2850	155.74
-0.103	1.79	39500	0.095993	2875	159.09
-0.103	1.79	39500	0.10472	2725	139.73
-0.103	1.79	39500	0.10472	2750	143.36
-0.103	1.79	39500	0.10472	2775	146.81
-0.103	1.79	39500	0.10472	2800	150.42
-0.103	1.79	39500	0.10472	2825	154.13
-0.103	1.79	39500	0.10472	2850	157.58
-0.103	1.79	39500	0.10472	2875	161.57
-0.103	1.79	40000	0.05236	2725	126.72
-0.103	1.79	40000	0.05236	2750	130.19
-0.103	1.79	40000	0.05236	2775	133.59
-0.103	1.79	40000	0.05236	2800	137.95
-0.103	1.79	40000	0.05236	2825	140.28
-0.103	1.79	40000	0.05236	2850	143.89
-0.103	1.79	40000	0.05236	2875	147.77
-0.103	1.79	40000	0.061087	2725	128.88
-0.103	1.79	40000	0.061087	2750	132.37
-0.103	1.79	40000	0.061087	2775	135.93
-0.103	1.79	40000	0.061087	2800	139.52
-0.103	1.79	40000	0.061087	2825	142.99
-0.103	1.79	40000	0.061087	2850	146.55
-0.103	1.79	40000	0.061087	2875	149.99
-0.103	1.79	40000	0.069813	2725	130.84
-0.103	1.79	40000	0.069813	2750	134.7
-0.103	1.79	40000	0.069813	2775	138.15
-0.103	1.79	40000	0.069813	2800	142.03
-0.103	1.79	40000	0.069813	2825	145.43
-0.103	1.79	40000	0.069813	2850	148.9
-0.103	1.79	40000	0.069813	2875	152.34
-0.103	1.79	40000	0.07854	2725	133.01
-0.103	1.79	40000	0.07854	2750	137.02
-0.103	1.79	40000	0.07854	2775	140.55
-0.103	1.79	40000	0.07854	2800	144.06
-0.103	1.79	40000	0.07854	2825	147.41
-0.103	1.79	40000	0.07854	2850	151.23
-0.103	1.79	40000	0.07854	2875	154.93
-0.103	1.79	40000	0.087266	2725	135.26
-0.103	1.79	40000	0.087266	2750	139.09
-0.103	1.79	40000	0.087266	2775	142.71
-0.103	1.79	40000	0.087266	2800	146.19
-0.103	1.79	40000	0.087266	2825	149.97
-0.103	1.79	40000	0.087266	2850	153.95
-0.103	1.79	40000	0.087266	2875	157.31
-0.103	1.79	40000	0.095993	2725	137.8
-0.103	1.79	40000	0.095993	2750	141.34
-0.103	1.79	40000	0.095993	2775	144.86
-0.103	1.79	40000	0.095993	2800	148.51
-0.103	1.79	40000	0.095993	2825	152.07
-0.103	1.79	40000	0.095993	2850	155.57
-0.103	1.79	40000	0.095993	2875	159.51
-0.103	1.79	40000	0.10472	2725	139.83
-0.103	1.79	40000	0.10472	2750	143.45
-0.103	1.79	40000	0.10472	2775	147.03
-0.103	1.79	40000	0.10472	2800	150.65
-0.103	1.79	40000	0.10472	2825	154.35
-0.103	1.79	40000	0.10472	2850	157.86
-0.103	1.79	40000	0.10472	2875	161.66
