-0.103	1.79	34000	0.05236	2675	148.27
-0.103	1.79	34000	0.05236	2700	151.92
-0.103	1.79	34000	0.05236	2725	156.32
-0.103	1.79	34000	0.05236	2750	160.22
-0.103	1.79	34000	0.05236	2775	161.37
-0.103	1.79	34000	0.05236	2800	168.57
-0.103	1.79	34000	0.05236	2825	172.88
-0.103	1.79	34000	0.05236	2850	176.94
-0.103	1.79	34000	0.061087	2675	150.43
-0.103	1.79	34000	0.061087	2700	153.73
-0.103	1.79	34000	0.061087	2725	158.53
-0.103	1.79	34000	0.061087	2750	162.21
-0.103	1.79	34000	0.061087	2775	166.73
-0.103	1.79	34000	0.061087	2800	170.8
-0.103	1.79	34000	0.061087	2825	174.83
-0.103	1.79	34000	0.061087	2850	179.16
-0.103	1.79	34000	0.069813	2675	152.09
-0.103	1.79	34000	0.069813	2700	156.49
-0.103	1.79	34000	0.069813	2725	160.42
-0.103	1.79	34000	0.069813	2750	164.85
-0.103	1.79	34000	0.069813	2775	168.86
-0.103	1.79	34000	0.069813	2800	173.08
-0.103	1.79	34000	0.069813	2825	177.18
-0.103	1.79	34000	0.069813	2850	181.63
-0.103	1.79	34000	0.07854	2675	154.53
-0.103	1.79	34000	0.07854	2700	158.73
-0.103	1.79	34000	0.07854	2725	162.95
-0.103	1.79	34000	0.07854	2750	167.16
-0.103	1.79	34000	0.07854	2775	171.04
-0.103	1.79	34000	0.07854	2800	175.15
-0.103	1.79	34000	0.07854	2825	179.78
-0.103	1.79	34000	0.07854	2850	184.07
-0.103	1.79	34000	0.087266	2675	156.05
-0.103	1.79	34000	0.087266	2700	160.69
-0.103	1.79	34000	0.087266	2725	164.73
-0.103	1.79	34000	0.087266	2750	168.65
-0.103	1.79	34000	0.087266	2775	173.31
-0.103	1.79	34000	0.087266	2800	177.56
-0.103	1.79	34000	0.087266	2825	182.15
-0.103	1.79	34000	0.087266	2850	186.58
-0.103	1.79	34000	0.095993	2675	158.61
-0.103	1.79	34000	0.095993	2700	163.39
-0.103	1.79	34000	0.095993	2725	167.34
-0.103	1.79	34000	0.095993	2750	171.59
-0.103	1.79	34000	0.095993	2775	175.41
-0.103	1.79	34000	0.095993	2800	180.03
-0.103	1.79	34000	0.095993	2825	184.43
-0.103	1.79	34000	0.095993	2850	188.74
-0.103	1.79	34000	0.10472	2675	160.84
-0.103	1.79	34000	0.10472	2700	164.97
-0.103	1.79	34000	0.10472	2725	169.5
-0.103	1.79	34000	0.10472	2750	173.7
-0.103	1.79	34000	0.10472	2775	177.92
-0.103	1.79	34000	0.10472	2800	182.38
-0.103	1.79	34000	0.10472	2825	186.93
-0.103	1.79	34000	0.10472	2850	191.37
-0.103	1.79	34000	0.11345	2675	162.85
-0.103	1.79	34000	0.11345	2700	167.21
-0.103	1.79	34000	0.11345	2725	171.59
-0.103	1.79	34000	0.11345	2750	175.96
-0.103	1.79	34000	0.11345	2775	180.37
-0.103	1.79	34000	0.11345	2800	184.65
-0.103	1.79	34000	0.11345	2825	189.21
-0.103	1.79	34000	0.11345	2850	193.64
-0.103	1.79	34000	0.12217	2675	165.1
-0.103	1.79	34000	0.12217	2700	169.58
-0.103	1.79	34000	0.12217	2725	173.78
-0.103	1.79	34000	0.12217	2750	178.21
-0.103	1.79	34000	0.12217	2775	182.57
-0.103	1.79	34000	0.12217	2800	186.96
-0.103	1.79	34000	0.12217	2825	191.52
-0.103	1.79	34000	0.12217	2850	195.96
-0.103	1.79	34500	0.05236	2675	148.57
-0.103	1.79	34500	0.05236	2700	152.2
-0.103	1.79	34500	0.05236	2725	156.63
-0.103	1.79	34500	0.05236	2750	160.52
-0.103	1.79	34500	0.05236	2775	164.73
-0.103	1.79	34500	0.05236	2800	169.12
-0.103	1.79	34500	0.05236	2825	173.04
-0.103	1.79	34500	0.05236	2850	177.37
-0.103	1.79	34500	0.061087	2675	150.2
-0.103	1.79	34500	0.061087	2700	154.34
-0.103	1.79	34500	0.061087	2725	158.62
-0.103	1.79	34500	0.061087	2750	162.84
-0.103	1.79	34500	0.061087	2775	167.32
-0.103	1.79	34500	0.061087	2800	171.04
-0.103	1.79	34500	0.061087	2825	175.44
-0.103	1.79	34500	0.061087	2850	179.58
-0.103	1.79	34500	0.069813	2675	152.42
-0.103	1.79	34500	0.069813	2700	156.12
-0.103	1.79	34500	0.069813	2725	160.46
-0.103	1.79	34500	0.069813	2750	165.18
-0.103	1.79	34500	0.069813	2775	169.47
-0.103	1.79	34500	0.069813	2800	173.56
-0.103	1.79	34500	0.069813	2825	177.5
-0.103	1.79	34500	0.069813	2850	182.02
-0.103	1.79	34500	0.07854	2675	154.85
-0.103	1.79	34500	0.07854	2700	159.01
-0.103	1.79	34500	0.07854	2725	163.08
-0.103	1.79	34500	0.07854	2750	167.57
-0.103	1.79	34500	0.07854	2775	171.52
-0.103	1.79	34500	0.07854	2800	176.06
-0.103	1.79	34500	0.07854	2825	179.98
-0.103	1.79	34500	0.07854	2850	184.45
-0.103	1.79	34500	0.087266	2675	156.45
-0.103	1.79	34500	0.087266	2700	161.18
-0.103	1.79	34500	0.087266	2725	165.32
-0.103	1.79	34500	0.087266	2750	169.59
-0.103	1.79	34500	0.087266	2775	173.79
-0.103	1.79	34500	0.087266	2800	178.12
-0.103	1.79	34500	0.087266	2825	182.47
-0.103	1.79	34500	0.087266	2850	187.01
-0.103	1.79	34500	0.095993	2675	158.95
-0.103	1.79	34500	0.095993	2700	163.26
-0.103	1.79	34500	0.095993	2725	167.43
-0.103	1.79	34500	0.095993	2750	171.64
-0.103	1.79	34500	0.095993	2775	175.28
-0.103	1.79	34500	0.095993	2800	180.51
-0.103	1.79	34500	0.095993	2825	184.68
-0.103	1.79	34500	0.095993	2850	189.07
-0.103	1.79	34500	0.10472	2675	161.19
-0.103	1.79	34500	0.10472	2700	165.03
-0.103	1.79	34500	0.10472	2725	169.75
-0.103	1.79	34500	0.10472	2750	173.73
-0.103	1.79	34500	0.10472	2775	178.27
-0.103	1.79	34500	0.10472	2800	182.84
-0.103	1.79	34500	0.10472	2825	187.03
-0.103	1.79	34500	0.10472	2850	191.76
-0.103	1.79	34500	0.11345	2675	163.21
-0.103	1.79	34500	0.11345	2700	167.64
-0.103	1.79	34500	0.11345	2725	171.96
-0.103	1.79	34500	0.11345	2750	176.08
-0.103	1.79	34500	0.11345	2775	180.47
-0.103	1.79	34500	0.11345	2800	185.04
-0.103	1.79	34500	0.11345	2825	189.58
-0.103	1.79	34500	0.11345	2850	193.61
-0.103	1.79	34500	0.12217	2675	165.28
-0.103	1.79	34500	0.12217	2700	169.7
-0.103	1.79	34500	0.12217	2725	173.91
-0.103	1.79	34500	0.12217	2750	178.39
-0.103	1.79	34500	0.12217	2775	182.95
-0.103	1.79	34500	0.12217	2800	187.39
-0.103	1.79	34500	0.12217	2850	196.43
-0.103	1.79	35000	0.05236	2675	148.26
-0.103	1.79	35000	0.05236	2700	152.56
-0.103	1.79	35000	0.05236	2725	156.61
-0.103	1.79	35000	0.05236	2750	161.13
-0.103	1.79	35000	0.05236	2775	165.13
-0.103	1.79	35000	0.05236	2800	169.3
-0.103	1.79	35000	0.05236	2825	173.4
-0.103	1.79	35000	0.05236	2850	177.92
-0.103	1.79	35000	0.061087	2675	150.46
-0.103	1.79	35000	0.061087	2700	153
-0.103	1.79	35000	0.061087	2725	158.79
-0.103	1.79	35000	0.061087	2750	162.76
-0.103	1.79	35000	0.061087	2775	167.19
-0.103	1.79	35000	0.061087	2800	171.5
-0.103	1.79	35000	0.061087	2825	175.5
-0.103	1.79	35000	0.061087	2850	179.66
-0.103	1.79	35000	0.069813	2675	152.67
-0.103	1.79	35000	0.069813	2700	157.05
-0.103	1.79	35000	0.069813	2725	161.08
-0.103	1.79	35000	0.069813	2750	165.2
-0.103	1.79	35000	0.069813	2775	169.33
-0.103	1.79	35000	0.069813	2800	173.88
-0.103	1.79	35000	0.069813	2825	178.34
-0.103	1.79	35000	0.069813	2850	182.29
-0.103	1.79	35000	0.07854	2675	154.74
-0.103	1.79	35000	0.07854	2700	159.02
-0.103	1.79	35000	0.07854	2725	163.39
-0.103	1.79	35000	0.07854	2750	167.22
-0.103	1.79	35000	0.07854	2775	171.72
-0.103	1.79	35000	0.07854	2800	176.17
-0.103	1.79	35000	0.07854	2825	180.5
-0.103	1.79	35000	0.07854	2850	184.81
-0.103	1.79	35000	0.087266	2675	157.06
-0.103	1.79	35000	0.087266	2700	161.33
-0.103	1.79	35000	0.087266	2725	165.52
-0.103	1.79	35000	0.087266	2750	169.79
-0.103	1.79	35000	0.087266	2775	174.09
-0.103	1.79	35000	0.087266	2800	178.53
-0.103	1.79	35000	0.087266	2825	182.81
-0.103	1.79	35000	0.087266	2850	187.37
-0.103	1.79	35000	0.095993	2675	159.21
-0.103	1.79	35000	0.095993	2700	163.48
-0.103	1.79	35000	0.095993	2725	167.73
-0.103	1.79	35000	0.095993	2750	172
-0.103	1.79	35000	0.095993	2775	176.27
-0.103	1.79	35000	0.095993	2800	180.87
-0.103	1.79	35000	0.095993	2825	185.27
-0.103	1.79	35000	0.095993	2850	189.49
-0.103	1.79	35000	0.10472	2675	161.45
-0.103	1.79	35000	0.10472	2700	165.79
-0.103	1.79	35000	0.10472	2725	170
-0.103	1.79	35000	0.10472	2750	174.24
-0.103	1.79	35000	0.10472	2775	178.5
-0.103	1.79	35000	0.10472	2800	182.75
-0.103	1.79	35000	0.10472	2825	187.62
-0.103	1.79	35000	0.10472	2850	191.9
-0.103	1.79	35000	0.11345	2675	163.58
-0.103	1.79	35000	0.11345	2700	167.91
-0.103	1.79	35000	0.11345	2725	171.86
-0.103	1.79	35000	0.11345	2750	176.41
-0.103	1.79	35000	0.11345	2775	180.94
-0.103	1.79	35000	0.11345	2800	185.45
-0.103	1.79	35000	0.11345	2825	189.82
-0.103	1.79	35000	0.11345	2850	194.12
-0.103	1.79	35000	0.12217	2675	165.62
-0.103	1.79	35000	0.12217	2700	169.83
-0.103	1.79	35000	0.12217	2725	174.37
-0.103	1.79	35000	0.12217	2750	178.85
-0.103	1.79	35000	0.12217	2775	183.01
-0.103	1.79	35000	0.12217	2800	187.52
-0.103	1.79	35000	0.12217	2825	192.28
-0.103	1.79	35000	0.12217	2850	196.81
-0.103	1.79	35500	0.05236	2675	148.35
-0.103	1.79	35500	0.05236	2700	152.19
-0.103	1.79	35500	0.05236	2725	156.25
-0.103	1.79	35500	0.05236	2750	160.81
-0.103	1.79	35500	0.05236	2775	164.99
-0.103	1.79	35500	0.05236	2800	169.09
-0.103	1.79	35500	0.05236	2825	173.53
-0.103	1.79	35500	0.05236	2850	178.15
-0.103	1.79	35500	0.061087	2675	149.97
-0.103	1.79	35500	0.061087	2700	154.44
-0.103	1.79	35500	0.061087	2725	157.87
-0.103	1.79	35500	0.061087	2750	162.72
-0.103	1.79	35500	0.061087	2775	167.15
-0.103	1.79	35500	0.061087	2800	171.71
-0.103	1.79	35500	0.061087	2825	175.82
-0.103	1.79	35500	0.061087	2850	180.17
-0.103	1.79	35500	0.069813	2675	152.7
-0.103	1.79	35500	0.069813	2700	156.83
-0.103	1.79	35500	0.069813	2725	160.88
-0.103	1.79	35500	0.069813	2750	165.38
-0.103	1.79	35500	0.069813	2775	169.49
-0.103	1.79	35500	0.069813	2800	174.1
-0.103	1.79	35500	0.069813	2825	178.02
-0.103	1.79	35500	0.069813	2850	182.59
-0.103	1.79	35500	0.07854	2675	154.91
-0.103	1.79	35500	0.07854	2700	158.93
-0.103	1.79	35500	0.07854	2725	163.16
-0.103	1.79	35500	0.07854	2750	167.5
-0.103	1.79	35500	0.07854	2775	171.78
-0.103	1.79	35500	0.07854	2800	176.07
-0.103	1.79	35500	0.07854	2825	180.59
-0.103	1.79	35500	0.07854	2850	185.18
-0.103	1.79	35500	0.087266	2675	156.91
-0.103	1.79	35500	0.087266	2700	161.41
-0.103	1.79	35500	0.087266	2725	165.39
-0.103	1.79	35500	0.087266	2750	169.07
-0.103	1.79	35500	0.087266	2775	174.05
-0.103	1.79	35500	0.087266	2800	178.58
-0.103	1.79	35500	0.087266	2825	183.08
-0.103	1.79	35500	0.087266	2850	187.4
-0.103	1.79	35500	0.095993	2675	159.35
-0.103	1.79	35500	0.095993	2700	163.38
-0.103	1.79	35500	0.095993	2725	167.92
-0.103	1.79	35500	0.095993	2750	172.07
-0.103	1.79	35500	0.095993	2775	176.77
-0.103	1.79	35500	0.095993	2800	181.15
-0.103	1.79	35500	0.095993	2825	185.5
-0.103	1.79	35500	0.095993	2850	189.43
-0.103	1.79	35500	0.10472	2675	161.35
-0.103	1.79	35500	0.10472	2700	165.76
-0.103	1.79	35500	0.10472	2725	170.24
-0.103	1.79	35500	0.10472	2750	174.54
-0.103	1.79	35500	0.10472	2775	178.8
-0.103	1.79	35500	0.10472	2800	183.26
-0.103	1.79	35500	0.10472	2825	187.42
-0.103	1.79	35500	0.10472	2850	192.39
-0.103	1.79	35500	0.11345	2675	163.76
-0.103	1.79	35500	0.11345	2700	168.12
-0.103	1.79	35500	0.11345	2725	172.35
-0.103	1.79	35500	0.11345	2750	176.54
-0.103	1.79	35500	0.11345	2775	181.09
-0.103	1.79	35500	0.11345	2800	185.63
-0.103	1.79	35500	0.11345	2825	189.78
-0.103	1.79	35500	0.11345	2850	194.52
-0.103	1.79	35500	0.12217	2675	165.92
-0.103	1.79	35500	0.12217	2700	170.22
-0.103	1.79	35500	0.12217	2725	174.62
-0.103	1.79	35500	0.12217	2750	178.75
-0.103	1.79	35500	0.12217	2775	183.35
-0.103	1.79	35500	0.12217	2800	187.89
-0.103	1.79	35500	0.12217	2825	192.47
-0.103	1.79	35500	0.12217	2850	196.91
-0.103	1.79	36000	0.05236	2675	148.23
-0.103	1.79	36000	0.05236	2700	152.48
-0.103	1.79	36000	0.05236	2725	156.33
-0.103	1.79	36000	0.05236	2750	160.64
-0.103	1.79	36000	0.05236	2775	164.88
-0.103	1.79	36000	0.05236	2800	168.98
-0.103	1.79	36000	0.05236	2825	173.42
-0.103	1.79	36000	0.05236	2850	177.61
-0.103	1.79	36000	0.061087	2675	150.05
-0.103	1.79	36000	0.061087	2700	154.26
-0.103	1.79	36000	0.061087	2725	158.72
-0.103	1.79	36000	0.061087	2750	163.06
-0.103	1.79	36000	0.061087	2775	167.12
-0.103	1.79	36000	0.061087	2800	171.36
-0.103	1.79	36000	0.061087	2825	175.76
-0.103	1.79	36000	0.061087	2850	180.29
-0.103	1.79	36000	0.069813	2675	152.38
-0.103	1.79	36000	0.069813	2700	156.87
-0.103	1.79	36000	0.069813	2725	161.02
-0.103	1.79	36000	0.069813	2750	164.99
-0.103	1.79	36000	0.069813	2775	169.47
-0.103	1.79	36000	0.069813	2800	173.82
-0.103	1.79	36000	0.069813	2825	177.83
-0.103	1.79	36000	0.07854	2675	154.62
-0.103	1.79	36000	0.07854	2700	158.71
-0.103	1.79	36000	0.07854	2725	163.17
-0.103	1.79	36000	0.07854	2750	167.24
-0.103	1.79	36000	0.07854	2775	171.76
-0.103	1.79	36000	0.07854	2800	176.03
-0.103	1.79	36000	0.07854	2825	180.51
-0.103	1.79	36000	0.07854	2850	184.96
-0.103	1.79	36000	0.087266	2675	156.79
-0.103	1.79	36000	0.087266	2700	161.28
-0.103	1.79	36000	0.087266	2725	165.51
-0.103	1.79	36000	0.087266	2750	169.75
-0.103	1.79	36000	0.087266	2775	174.21
-0.103	1.79	36000	0.087266	2800	178.54
-0.103	1.79	36000	0.087266	2825	183.16
-0.103	1.79	36000	0.087266	2850	187.44
-0.103	1.79	36000	0.095993	2675	159.13
-0.103	1.79	36000	0.095993	2700	163.85
-0.103	1.79	36000	0.095993	2725	167.86
-0.103	1.79	36000	0.095993	2750	172.19
-0.103	1.79	36000	0.095993	2775	176.76
-0.103	1.79	36000	0.095993	2800	180.25
-0.103	1.79	36000	0.095993	2825	185.6
-0.103	1.79	36000	0.095993	2850	190.15
-0.103	1.79	36000	0.10472	2675	161.3
-0.103	1.79	36000	0.10472	2700	165.92
-0.103	1.79	36000	0.10472	2725	170.18
-0.103	1.79	36000	0.10472	2750	174.67
-0.103	1.79	36000	0.10472	2775	179.02
-0.103	1.79	36000	0.10472	2800	183.61
-0.103	1.79	36000	0.10472	2825	188.01
-0.103	1.79	36000	0.10472	2850	192.24
-0.103	1.79	36000	0.11345	2675	163.87
-0.103	1.79	36000	0.11345	2700	168.05
-0.103	1.79	36000	0.11345	2725	172.67
-0.103	1.79	36000	0.11345	2750	176.97
-0.103	1.79	36000	0.11345	2775	181.32
-0.103	1.79	36000	0.11345	2800	185.87
-0.103	1.79	36000	0.11345	2825	190.31
-0.103	1.79	36000	0.11345	2850	194.54
-0.103	1.79	36000	0.12217	2675	166.17
-0.103	1.79	36000	0.12217	2700	170.51
-0.103	1.79	36000	0.12217	2725	174.71
-0.103	1.79	36000	0.12217	2750	179.22
-0.103	1.79	36000	0.12217	2775	183.28
-0.103	1.79	36000	0.12217	2800	188.17
-0.103	1.79	36000	0.12217	2825	192.35
-0.103	1.79	36000	0.12217	2850	197.21
-0.103	1.79	36500	0.05236	2675	148.23
-0.103	1.79	36500	0.05236	2700	152.42
-0.103	1.79	36500	0.05236	2725	156.02
-0.103	1.79	36500	0.05236	2750	160.51
-0.103	1.79	36500	0.05236	2775	164.8
-0.103	1.79	36500	0.05236	2800	168.69
-0.103	1.79	36500	0.05236	2825	173.48
-0.103	1.79	36500	0.05236	2850	177.71
-0.103	1.79	36500	0.061087	2675	150.36
-0.103	1.79	36500	0.061087	2700	154.42
-0.103	1.79	36500	0.061087	2725	158.78
-0.103	1.79	36500	0.061087	2750	162.95
-0.103	1.79	36500	0.061087	2775	167.23
-0.103	1.79	36500	0.061087	2800	170.65
-0.103	1.79	36500	0.061087	2825	175.79
-0.103	1.79	36500	0.061087	2850	179.96
-0.103	1.79	36500	0.069813	2675	152.64
-0.103	1.79	36500	0.069813	2700	156.71
-0.103	1.79	36500	0.069813	2725	160.75
-0.103	1.79	36500	0.069813	2750	165.32
-0.103	1.79	36500	0.069813	2775	169.58
-0.103	1.79	36500	0.069813	2800	173.95
-0.103	1.79	36500	0.069813	2825	177.91
-0.103	1.79	36500	0.069813	2850	182.65
-0.103	1.79	36500	0.07854	2675	155.06
-0.103	1.79	36500	0.07854	2700	159.16
-0.103	1.79	36500	0.07854	2725	163.28
-0.103	1.79	36500	0.07854	2750	167.45
-0.103	1.79	36500	0.07854	2775	171.66
-0.103	1.79	36500	0.07854	2800	176.27
-0.103	1.79	36500	0.07854	2825	180.56
-0.103	1.79	36500	0.07854	2850	185.1
-0.103	1.79	36500	0.087266	2675	157.21
-0.103	1.79	36500	0.087266	2700	161.33
-0.103	1.79	36500	0.087266	2725	165.38
-0.103	1.79	36500	0.087266	2750	169.95
-0.103	1.79	36500	0.087266	2775	174.3
-0.103	1.79	36500	0.087266	2800	178.98
-0.103	1.79	36500	0.087266	2825	183.25
-0.103	1.79	36500	0.087266	2850	187.58
-0.103	1.79	36500	0.095993	2675	159.33
-0.103	1.79	36500	0.095993	2700	163.64
-0.103	1.79	36500	0.095993	2725	168.1
-0.103	1.79	36500	0.095993	2750	172.27
-0.103	1.79	36500	0.095993	2775	176.6
-0.103	1.79	36500	0.095993	2800	180.78
-0.103	1.79	36500	0.095993	2825	185.21
-0.103	1.79	36500	0.095993	2850	190
-0.103	1.79	36500	0.10472	2675	161.63
-0.103	1.79	36500	0.10472	2700	166.02
-0.103	1.79	36500	0.10472	2725	170.32
-0.103	1.79	36500	0.10472	2750	174.36
-0.103	1.79	36500	0.10472	2775	178.86
-0.103	1.79	36500	0.10472	2800	182.9
-0.103	1.79	36500	0.10472	2825	188.15
-0.103	1.79	36500	0.10472	2850	192.72
-0.103	1.79	36500	0.11345	2675	163.88
-0.103	1.79	36500	0.11345	2700	168.35
-0.103	1.79	36500	0.11345	2725	172.83
-0.103	1.79	36500	0.11345	2750	177.09
-0.103	1.79	36500	0.11345	2775	181.52
-0.103	1.79	36500	0.11345	2800	186.11
-0.103	1.79	36500	0.11345	2825	190.49
-0.103	1.79	36500	0.11345	2850	195.13
-0.103	1.79	36500	0.12217	2675	166.25
-0.103	1.79	36500	0.12217	2700	170.57
-0.103	1.79	36500	0.12217	2725	175.03
-0.103	1.79	36500	0.12217	2750	179.45
-0.103	1.79	36500	0.12217	2775	183.44
-0.103	1.79	36500	0.12217	2800	188.53
-0.103	1.79	36500	0.12217	2825	192.86
-0.103	1.79	36500	0.12217	2850	197.28
-0.103	1.79	37000	0.05236	2675	147.93
-0.103	1.79	37000	0.05236	2700	152.21
-0.103	1.79	37000	0.05236	2725	156.21
-0.103	1.79	37000	0.05236	2750	160.49
-0.103	1.79	37000	0.05236	2775	164.83
-0.103	1.79	37000	0.05236	2800	168.79
-0.103	1.79	37000	0.05236	2825	172.94
-0.103	1.79	37000	0.05236	2850	177.9
-0.103	1.79	37000	0.061087	2675	150.2
-0.103	1.79	37000	0.061087	2700	154.43
-0.103	1.79	37000	0.061087	2725	158.37
-0.103	1.79	37000	0.061087	2750	162.76
-0.103	1.79	37000	0.061087	2775	167.12
-0.103	1.79	37000	0.061087	2800	171.28
-0.103	1.79	37000	0.061087	2825	175.81
-0.103	1.79	37000	0.061087	2850	179.89
-0.103	1.79	37000	0.069813	2675	152.48
-0.103	1.79	37000	0.069813	2700	156.82
-0.103	1.79	37000	0.069813	2725	161.05
-0.103	1.79	37000	0.069813	2750	165.26
-0.103	1.79	37000	0.069813	2775	169.09
-0.103	1.79	37000	0.069813	2800	173.79
-0.103	1.79	37000	0.069813	2825	178.12
-0.103	1.79	37000	0.069813	2850	182.8
-0.103	1.79	37000	0.07854	2675	154.86
-0.103	1.79	37000	0.07854	2700	158.9
-0.103	1.79	37000	0.07854	2725	163.47
-0.103	1.79	37000	0.07854	2750	167.68
-0.103	1.79	37000	0.07854	2775	171.98
-0.103	1.79	37000	0.07854	2800	176.35
-0.103	1.79	37000	0.07854	2825	180.74
-0.103	1.79	37000	0.07854	2850	185.14
-0.103	1.79	37000	0.087266	2675	157.16
-0.103	1.79	37000	0.087266	2700	161.5
-0.103	1.79	37000	0.087266	2725	165.65
-0.103	1.79	37000	0.087266	2750	170.1
-0.103	1.79	37000	0.087266	2775	174.46
-0.103	1.79	37000	0.087266	2800	178.71
-0.103	1.79	37000	0.087266	2825	183.17
-0.103	1.79	37000	0.087266	2850	186.63
-0.103	1.79	37000	0.095993	2675	159.53
-0.103	1.79	37000	0.095993	2700	163.54
-0.103	1.79	37000	0.095993	2725	168.14
-0.103	1.79	37000	0.095993	2750	172.34
-0.103	1.79	37000	0.095993	2775	176.63
-0.103	1.79	37000	0.095993	2800	180.21
-0.103	1.79	37000	0.095993	2825	185.81
-0.103	1.79	37000	0.095993	2850	190.26
-0.103	1.79	37000	0.10472	2675	161.62
-0.103	1.79	37000	0.10472	2700	166.31
-0.103	1.79	37000	0.10472	2725	170.23
-0.103	1.79	37000	0.10472	2750	174.83
-0.103	1.79	37000	0.10472	2775	179.18
-0.103	1.79	37000	0.10472	2800	183.49
-0.103	1.79	37000	0.10472	2825	188.3
-0.103	1.79	37000	0.10472	2850	192.77
-0.103	1.79	37000	0.11345	2675	164.18
-0.103	1.79	37000	0.11345	2700	168.47
-0.103	1.79	37000	0.11345	2725	173.13
-0.103	1.79	37000	0.11345	2750	177.4
-0.103	1.79	37000	0.11345	2775	181.57
-0.103	1.79	37000	0.11345	2800	186.16
-0.103	1.79	37000	0.11345	2825	190.76
-0.103	1.79	37000	0.11345	2850	195.29
-0.103	1.79	37000	0.12217	2675	166.28
-0.103	1.79	37000	0.12217	2700	170.59
-0.103	1.79	37000	0.12217	2725	174.58
-0.103	1.79	37000	0.12217	2750	179.65
-0.103	1.79	37000	0.12217	2775	184.22
-0.103	1.79	37000	0.12217	2800	188.72
-0.103	1.79	37000	0.12217	2825	193.17
-0.103	1.79	37000	0.12217	2850	197.63
-0.103	1.79	37500	0.05236	2675	147.82
-0.103	1.79	37500	0.05236	2700	152.03
-0.103	1.79	37500	0.05236	2725	156.06
-0.103	1.79	37500	0.05236	2750	160.37
-0.103	1.79	37500	0.05236	2775	164.62
-0.103	1.79	37500	0.05236	2800	168.28
-0.103	1.79	37500	0.05236	2825	173.11
-0.103	1.79	37500	0.05236	2850	177.82
-0.103	1.79	37500	0.061087	2675	150.19
-0.103	1.79	37500	0.061087	2700	154.29
-0.103	1.79	37500	0.061087	2725	158.65
-0.103	1.79	37500	0.061087	2750	162.63
-0.103	1.79	37500	0.061087	2775	167.04
-0.103	1.79	37500	0.061087	2800	171.4
-0.103	1.79	37500	0.061087	2825	175.88
-0.103	1.79	37500	0.061087	2850	180.12
-0.103	1.79	37500	0.069813	2675	152.45
-0.103	1.79	37500	0.069813	2700	156.65
-0.103	1.79	37500	0.069813	2725	160.84
-0.103	1.79	37500	0.069813	2750	165.32
-0.103	1.79	37500	0.069813	2775	169.56
-0.103	1.79	37500	0.069813	2800	173.86
-0.103	1.79	37500	0.069813	2825	178.13
-0.103	1.79	37500	0.069813	2850	182.64
-0.103	1.79	37500	0.07854	2675	155
-0.103	1.79	37500	0.07854	2700	159.15
-0.103	1.79	37500	0.07854	2725	163.36
-0.103	1.79	37500	0.07854	2750	167.66
-0.103	1.79	37500	0.07854	2775	171.86
-0.103	1.79	37500	0.07854	2800	176.5
-0.103	1.79	37500	0.07854	2825	180.77
-0.103	1.79	37500	0.07854	2850	185.15
-0.103	1.79	37500	0.087266	2675	157.27
-0.103	1.79	37500	0.087266	2700	161.56
-0.103	1.79	37500	0.087266	2725	165.85
-0.103	1.79	37500	0.087266	2750	170.15
-0.103	1.79	37500	0.087266	2775	174.32
-0.103	1.79	37500	0.087266	2800	178.81
-0.103	1.79	37500	0.087266	2825	182.91
-0.103	1.79	37500	0.087266	2850	187.72
-0.103	1.79	37500	0.095993	2675	159.56
-0.103	1.79	37500	0.095993	2700	163.84
-0.103	1.79	37500	0.095993	2725	168.26
-0.103	1.79	37500	0.095993	2750	172.56
-0.103	1.79	37500	0.095993	2775	176.91
-0.103	1.79	37500	0.095993	2800	181.38
-0.103	1.79	37500	0.095993	2825	185.78
-0.103	1.79	37500	0.095993	2850	190.27
-0.103	1.79	37500	0.10472	2675	162.03
-0.103	1.79	37500	0.10472	2700	166.41
-0.103	1.79	37500	0.10472	2725	170.65
-0.103	1.79	37500	0.10472	2750	174.83
-0.103	1.79	37500	0.10472	2775	179.2
-0.103	1.79	37500	0.10472	2800	183.84
-0.103	1.79	37500	0.10472	2825	188.29
-0.103	1.79	37500	0.10472	2850	192.75
-0.103	1.79	37500	0.11345	2675	164.11
-0.103	1.79	37500	0.11345	2700	168.87
-0.103	1.79	37500	0.11345	2725	172.96
-0.103	1.79	37500	0.11345	2750	177.51
-0.103	1.79	37500	0.11345	2775	182
-0.103	1.79	37500	0.11345	2800	186.38
-0.103	1.79	37500	0.11345	2825	190.7
-0.103	1.79	37500	0.11345	2850	195.07
-0.103	1.79	37500	0.12217	2700	170.96
-0.103	1.79	37500	0.12217	2725	175.45
-0.103	1.79	37500	0.12217	2750	179.88
-0.103	1.79	37500	0.12217	2775	184.44
-0.103	1.79	37500	0.12217	2800	188.89
-0.103	1.79	37500	0.12217	2825	193.31
-0.103	1.79	37500	0.12217	2850	197.94
-0.103	1.79	38000	0.05236	2675	147.72
-0.103	1.79	38000	0.05236	2700	151.76
-0.103	1.79	38000	0.05236	2725	156.01
-0.103	1.79	38000	0.05236	2750	160.25
-0.103	1.79	38000	0.05236	2775	164.45
-0.103	1.79	38000	0.05236	2800	168.6
-0.103	1.79	38000	0.05236	2825	173.1
-0.103	1.79	38000	0.05236	2850	177.68
-0.103	1.79	38000	0.061087	2675	150.03
-0.103	1.79	38000	0.061087	2700	154.21
-0.103	1.79	38000	0.061087	2725	158.43
-0.103	1.79	38000	0.061087	2750	162.34
-0.103	1.79	38000	0.061087	2775	167.05
-0.103	1.79	38000	0.061087	2800	171.39
-0.103	1.79	38000	0.061087	2825	175.69
-0.103	1.79	38000	0.061087	2850	180.05
-0.103	1.79	38000	0.069813	2675	152.45
-0.103	1.79	38000	0.069813	2700	156.65
-0.103	1.79	38000	0.069813	2725	160.87
-0.103	1.79	38000	0.069813	2750	164.99
-0.103	1.79	38000	0.069813	2775	169.54
-0.103	1.79	38000	0.069813	2800	173.91
-0.103	1.79	38000	0.069813	2825	178.34
-0.103	1.79	38000	0.069813	2850	182.76
-0.103	1.79	38000	0.07854	2675	154.98
-0.103	1.79	38000	0.07854	2700	159.17
-0.103	1.79	38000	0.07854	2725	163.38
-0.103	1.79	38000	0.07854	2750	167.79
-0.103	1.79	38000	0.07854	2775	172.1
-0.103	1.79	38000	0.07854	2800	176.42
-0.103	1.79	38000	0.07854	2825	180.68
-0.103	1.79	38000	0.07854	2850	185.43
-0.103	1.79	38000	0.087266	2675	157.04
-0.103	1.79	38000	0.087266	2700	161.65
-0.103	1.79	38000	0.087266	2725	165.92
-0.103	1.79	38000	0.087266	2750	170.22
-0.103	1.79	38000	0.087266	2775	174.45
-0.103	1.79	38000	0.087266	2800	178.6
-0.103	1.79	38000	0.087266	2825	183.37
-0.103	1.79	38000	0.087266	2850	188.04
-0.103	1.79	38000	0.095993	2675	159.76
-0.103	1.79	38000	0.095993	2700	164.01
-0.103	1.79	38000	0.095993	2725	168.32
-0.103	1.79	38000	0.095993	2750	172.77
-0.103	1.79	38000	0.095993	2775	177.11
-0.103	1.79	38000	0.095993	2800	181.47
-0.103	1.79	38000	0.095993	2825	185.9
-0.103	1.79	38000	0.095993	2850	190.39
-0.103	1.79	38000	0.10472	2675	162.15
-0.103	1.79	38000	0.10472	2700	166.53
-0.103	1.79	38000	0.10472	2725	170.79
-0.103	1.79	38000	0.10472	2750	175.03
-0.103	1.79	38000	0.10472	2775	179.47
-0.103	1.79	38000	0.10472	2800	183.86
-0.103	1.79	38000	0.10472	2825	188.38
-0.103	1.79	38000	0.10472	2850	192.82
-0.103	1.79	38000	0.11345	2675	164.48
-0.103	1.79	38000	0.11345	2700	168.7
-0.103	1.79	38000	0.11345	2725	172.84
-0.103	1.79	38000	0.11345	2750	177.81
-0.103	1.79	38000	0.11345	2775	182.08
-0.103	1.79	38000	0.11345	2800	186.51
-0.103	1.79	38000	0.11345	2825	190.94
-0.103	1.79	38000	0.11345	2850	195.72
-0.103	1.79	38000	0.12217	2675	166.68
-0.103	1.79	38000	0.12217	2700	171.25
-0.103	1.79	38000	0.12217	2725	175.58
-0.103	1.79	38000	0.12217	2775	184.56
-0.103	1.79	38000	0.12217	2800	189.23
-0.103	1.79	38000	0.12217	2825	193.72
-0.103	1.79	38000	0.12217	2850	198.11
-0.103	1.79	38500	0.05236	2675	147.49
-0.103	1.79	38500	0.05236	2700	151.83
-0.103	1.79	38500	0.05236	2725	155.43
-0.103	1.79	38500	0.05236	2750	160.31
-0.103	1.79	38500	0.05236	2775	164.33
-0.103	1.79	38500	0.05236	2800	168.55
-0.103	1.79	38500	0.05236	2825	173.14
-0.103	1.79	38500	0.05236	2850	177.45
-0.103	1.79	38500	0.061087	2675	149.96
-0.103	1.79	38500	0.061087	2700	154.04
-0.103	1.79	38500	0.061087	2725	158.39
-0.103	1.79	38500	0.061087	2750	162.69
-0.103	1.79	38500	0.061087	2775	166.78
-0.103	1.79	38500	0.061087	2800	171.3
-0.103	1.79	38500	0.061087	2825	175.72
-0.103	1.79	38500	0.061087	2850	180.09
-0.103	1.79	38500	0.069813	2675	152.45
-0.103	1.79	38500	0.069813	2700	156.63
-0.103	1.79	38500	0.069813	2725	160.9
-0.103	1.79	38500	0.069813	2750	165.06
-0.103	1.79	38500	0.069813	2775	169.54
-0.103	1.79	38500	0.069813	2800	174.03
-0.103	1.79	38500	0.069813	2825	178.29
-0.103	1.79	38500	0.069813	2850	182.72
-0.103	1.79	38500	0.07854	2675	154.95
-0.103	1.79	38500	0.07854	2700	159.09
-0.103	1.79	38500	0.07854	2725	163.31
-0.103	1.79	38500	0.07854	2750	167.52
-0.103	1.79	38500	0.07854	2775	172.21
-0.103	1.79	38500	0.07854	2800	176.43
-0.103	1.79	38500	0.07854	2825	180.95
-0.103	1.79	38500	0.07854	2850	185.37
-0.103	1.79	38500	0.087266	2675	157.41
-0.103	1.79	38500	0.087266	2700	161.72
-0.103	1.79	38500	0.087266	2725	166.01
-0.103	1.79	38500	0.087266	2750	170.27
-0.103	1.79	38500	0.087266	2775	174.68
-0.103	1.79	38500	0.087266	2800	178.84
-0.103	1.79	38500	0.087266	2825	183.48
-0.103	1.79	38500	0.087266	2850	188.12
-0.103	1.79	38500	0.095993	2675	159.9
-0.103	1.79	38500	0.095993	2700	164.23
-0.103	1.79	38500	0.095993	2725	168.66
-0.103	1.79	38500	0.095993	2750	172.5
-0.103	1.79	38500	0.095993	2775	177.13
-0.103	1.79	38500	0.095993	2800	181.71
-0.103	1.79	38500	0.095993	2825	186.16
-0.103	1.79	38500	0.095993	2850	190.66
-0.103	1.79	38500	0.10472	2675	162.44
-0.103	1.79	38500	0.10472	2700	166.71
-0.103	1.79	38500	0.10472	2725	171.23
-0.103	1.79	38500	0.10472	2750	175.38
-0.103	1.79	38500	0.10472	2775	179.74
-0.103	1.79	38500	0.10472	2800	184.36
-0.103	1.79	38500	0.10472	2825	188.59
-0.103	1.79	38500	0.10472	2850	193.39
-0.103	1.79	38500	0.11345	2700	168.96
-0.103	1.79	38500	0.11345	2725	172.95
-0.103	1.79	38500	0.11345	2750	178.19
-0.103	1.79	38500	0.11345	2775	182.3
-0.103	1.79	38500	0.11345	2800	186.68
-0.103	1.79	38500	0.11345	2825	190.91
-0.103	1.79	38500	0.11345	2850	195.6
-0.103	1.79	38500	0.12217	2675	167.11
-0.103	1.79	38500	0.12217	2700	171.55
-0.103	1.79	38500	0.12217	2725	175.73
-0.103	1.79	38500	0.12217	2775	184.65
-0.103	1.79	38500	0.12217	2800	189.18
-0.103	1.79	38500	0.12217	2825	193.75
-0.103	1.79	38500	0.12217	2850	198.78
-0.103	1.79	39000	0.05236	2675	147.27
-0.103	1.79	39000	0.05236	2700	151.28
-0.103	1.79	39000	0.05236	2725	155.64
-0.103	1.79	39000	0.05236	2750	159.95
-0.103	1.79	39000	0.05236	2775	164.2
-0.103	1.79	39000	0.05236	2800	168.58
-0.103	1.79	39000	0.05236	2825	172.94
-0.103	1.79	39000	0.05236	2850	177.2
-0.103	1.79	39000	0.061087	2675	149.78
-0.103	1.79	39000	0.061087	2700	153.9
-0.103	1.79	39000	0.061087	2725	158.25
-0.103	1.79	39000	0.061087	2750	162.52
-0.103	1.79	39000	0.061087	2775	166.42
-0.103	1.79	39000	0.061087	2800	171.13
-0.103	1.79	39000	0.061087	2825	175.54
-0.103	1.79	39000	0.061087	2850	180.06
-0.103	1.79	39000	0.069813	2675	152.23
-0.103	1.79	39000	0.069813	2700	156.46
-0.103	1.79	39000	0.069813	2725	160.83
-0.103	1.79	39000	0.069813	2750	165.18
-0.103	1.79	39000	0.069813	2775	169.44
-0.103	1.79	39000	0.069813	2800	173.61
-0.103	1.79	39000	0.069813	2825	178.28
-0.103	1.79	39000	0.069813	2850	182.75
-0.103	1.79	39000	0.07854	2675	154.76
-0.103	1.79	39000	0.07854	2700	158.77
-0.103	1.79	39000	0.07854	2725	163.62
-0.103	1.79	39000	0.07854	2750	167.79
-0.103	1.79	39000	0.07854	2775	172.08
-0.103	1.79	39000	0.07854	2800	176.51
-0.103	1.79	39000	0.07854	2825	180.94
-0.103	1.79	39000	0.07854	2850	185.44
-0.103	1.79	39000	0.087266	2675	157.22
-0.103	1.79	39000	0.087266	2700	161.73
-0.103	1.79	39000	0.087266	2725	166.06
-0.103	1.79	39000	0.087266	2750	170.46
-0.103	1.79	39000	0.087266	2775	174.87
-0.103	1.79	39000	0.087266	2800	179.23
-0.103	1.79	39000	0.087266	2825	183.74
-0.103	1.79	39000	0.087266	2850	188.26
-0.103	1.79	39000	0.095993	2675	160
-0.103	1.79	39000	0.095993	2700	164.31
-0.103	1.79	39000	0.095993	2725	168.73
-0.103	1.79	39000	0.095993	2750	173.03
-0.103	1.79	39000	0.095993	2775	177.45
-0.103	1.79	39000	0.095993	2800	181.6
-0.103	1.79	39000	0.095993	2825	186.37
-0.103	1.79	39000	0.095993	2850	190.83
-0.103	1.79	39000	0.10472	2675	162.45
-0.103	1.79	39000	0.10472	2700	166.9
-0.103	1.79	39000	0.10472	2725	170.83
-0.103	1.79	39000	0.10472	2750	175.45
-0.103	1.79	39000	0.10472	2775	179.79
-0.103	1.79	39000	0.10472	2800	184.46
-0.103	1.79	39000	0.10472	2825	189.05
-0.103	1.79	39000	0.10472	2850	193.56
-0.103	1.79	39000	0.11345	2675	165
-0.103	1.79	39000	0.11345	2700	169.19
-0.103	1.79	39000	0.11345	2725	173.66
-0.103	1.79	39000	0.11345	2750	177.94
-0.103	1.79	39000	0.11345	2775	182.48
-0.103	1.79	39000	0.11345	2800	187.11
-0.103	1.79	39000	0.11345	2825	191.59
-0.103	1.79	39000	0.11345	2850	196.15
-0.103	1.79	39000	0.12217	2675	167.44
-0.103	1.79	39000	0.12217	2700	171.74
-0.103	1.79	39000	0.12217	2725	176.11
-0.103	1.79	39000	0.12217	2750	180.51
-0.103	1.79	39000	0.12217	2800	189.22
-0.103	1.79	39000	0.12217	2850	198.89
-0.103	1.79	39500	0.05236	2675	146.99
-0.103	1.79	39500	0.05236	2700	151.03
-0.103	1.79	39500	0.05236	2725	155.24
-0.103	1.79	39500	0.05236	2750	159.73
-0.103	1.79	39500	0.05236	2775	164.07
-0.103	1.79	39500	0.05236	2800	168.36
-0.103	1.79	39500	0.05236	2825	172.74
-0.103	1.79	39500	0.05236	2850	177.23
-0.103	1.79	39500	0.061087	2675	149.43
-0.103	1.79	39500	0.061087	2700	153.7
-0.103	1.79	39500	0.061087	2725	157.53
-0.103	1.79	39500	0.061087	2750	162.31
-0.103	1.79	39500	0.061087	2775	166.66
-0.103	1.79	39500	0.061087	2800	171
-0.103	1.79	39500	0.061087	2825	175.33
-0.103	1.79	39500	0.061087	2850	179.88
-0.103	1.79	39500	0.069813	2675	152.07
-0.103	1.79	39500	0.069813	2700	156.37
-0.103	1.79	39500	0.069813	2725	160.69
-0.103	1.79	39500	0.069813	2750	165
-0.103	1.79	39500	0.069813	2775	169.36
-0.103	1.79	39500	0.069813	2800	173.53
-0.103	1.79	39500	0.069813	2825	178.18
-0.103	1.79	39500	0.069813	2850	182.8
-0.103	1.79	39500	0.07854	2675	154.67
-0.103	1.79	39500	0.07854	2700	158.99
-0.103	1.79	39500	0.07854	2725	163.31
-0.103	1.79	39500	0.07854	2750	167.7
-0.103	1.79	39500	0.07854	2775	172.08
-0.103	1.79	39500	0.07854	2800	176.55
-0.103	1.79	39500	0.07854	2825	181.01
-0.103	1.79	39500	0.07854	2850	185.4
-0.103	1.79	39500	0.087266	2675	157.39
-0.103	1.79	39500	0.087266	2700	161.71
-0.103	1.79	39500	0.087266	2725	166.07
-0.103	1.79	39500	0.087266	2750	170.49
-0.103	1.79	39500	0.087266	2775	174.91
-0.103	1.79	39500	0.087266	2800	179.29
-0.103	1.79	39500	0.087266	2825	183.81
-0.103	1.79	39500	0.087266	2850	188.23
-0.103	1.79	39500	0.095993	2675	160.02
-0.103	1.79	39500	0.095993	2700	164.4
-0.103	1.79	39500	0.095993	2725	168.75
-0.103	1.79	39500	0.095993	2750	173.15
-0.103	1.79	39500	0.095993	2775	177.38
-0.103	1.79	39500	0.095993	2800	182.14
-0.103	1.79	39500	0.095993	2825	186.4
-0.103	1.79	39500	0.095993	2850	190.93
-0.103	1.79	39500	0.10472	2675	162.67
-0.103	1.79	39500	0.10472	2700	167.01
-0.103	1.79	39500	0.10472	2725	171.5
-0.103	1.79	39500	0.10472	2750	175.66
-0.103	1.79	39500	0.10472	2775	180.24
-0.103	1.79	39500	0.10472	2800	184.7
-0.103	1.79	39500	0.10472	2825	189.41
-0.103	1.79	39500	0.10472	2850	193.77
-0.103	1.79	39500	0.11345	2675	165.27
-0.103	1.79	39500	0.11345	2700	169.48
-0.103	1.79	39500	0.11345	2725	174.06
-0.103	1.79	39500	0.11345	2750	178.45
-0.103	1.79	39500	0.11345	2775	182.62
-0.103	1.79	39500	0.11345	2800	187.28
-0.103	1.79	39500	0.11345	2825	191.93
-0.103	1.79	39500	0.11345	2850	196.46
-0.103	1.79	39500	0.12217	2675	167.81
-0.103	1.79	39500	0.12217	2725	176.49
-0.103	1.79	39500	0.12217	2750	180.96
-0.103	1.79	39500	0.12217	2800	189.78
-0.103	1.79	39500	0.12217	2850	199.17
-0.103	1.79	40000	0.05236	2675	146.53
-0.103	1.79	40000	0.05236	2700	150.83
-0.103	1.79	40000	0.05236	2725	155.11
-0.103	1.79	40000	0.05236	2750	159.47
-0.103	1.79	40000	0.05236	2775	163.76
-0.103	1.79	40000	0.05236	2800	168.09
-0.103	1.79	40000	0.05236	2825	172.52
-0.103	1.79	40000	0.05236	2850	177.14
-0.103	1.79	40000	0.061087	2675	149.18
-0.103	1.79	40000	0.061087	2700	153.47
-0.103	1.79	40000	0.061087	2725	157.69
-0.103	1.79	40000	0.061087	2750	162.15
-0.103	1.79	40000	0.061087	2775	166.48
-0.103	1.79	40000	0.061087	2800	170.85
-0.103	1.79	40000	0.061087	2825	175.27
-0.103	1.79	40000	0.061087	2850	179.72
-0.103	1.79	40000	0.069813	2675	151.76
-0.103	1.79	40000	0.069813	2700	156.13
-0.103	1.79	40000	0.069813	2725	160.45
-0.103	1.79	40000	0.069813	2750	164.78
-0.103	1.79	40000	0.069813	2775	167.68
-0.103	1.79	40000	0.069813	2800	173.7
-0.103	1.79	40000	0.069813	2825	178.19
-0.103	1.79	40000	0.069813	2850	182.54
-0.103	1.79	40000	0.07854	2675	154.58
-0.103	1.79	40000	0.07854	2700	158.89
-0.103	1.79	40000	0.07854	2725	163.24
-0.103	1.79	40000	0.07854	2750	167.59
-0.103	1.79	40000	0.07854	2775	172.06
-0.103	1.79	40000	0.07854	2800	176.49
-0.103	1.79	40000	0.07854	2825	180.96
-0.103	1.79	40000	0.07854	2850	184.94
-0.103	1.79	40000	0.087266	2675	157.41
-0.103	1.79	40000	0.087266	2700	161.67
-0.103	1.79	40000	0.087266	2725	166.04
-0.103	1.79	40000	0.087266	2750	170.45
-0.103	1.79	40000	0.087266	2775	174.9
-0.103	1.79	40000	0.087266	2800	179.38
-0.103	1.79	40000	0.087266	2825	183.93
-0.103	1.79	40000	0.087266	2850	187.7
-0.103	1.79	40000	0.095993	2675	160.06
-0.103	1.79	40000	0.095993	2700	164.45
-0.103	1.79	40000	0.095993	2725	168.87
-0.103	1.79	40000	0.095993	2750	173.24
-0.103	1.79	40000	0.095993	2775	177.72
-0.103	1.79	40000	0.095993	2800	182.18
-0.103	1.79	40000	0.095993	2825	186.6
-0.103	1.79	40000	0.095993	2850	191.25
-0.103	1.79	40000	0.10472	2675	162.79
-0.103	1.79	40000	0.10472	2700	167.16
-0.103	1.79	40000	0.10472	2725	171.49
-0.103	1.79	40000	0.10472	2750	175.98
-0.103	1.79	40000	0.10472	2775	180.22
-0.103	1.79	40000	0.10472	2800	184.94
-0.103	1.79	40000	0.10472	2825	189.29
-0.103	1.79	40000	0.10472	2850	194.03
-0.103	1.79	40000	0.11345	2675	165.29
-0.103	1.79	40000	0.11345	2725	174.23
-0.103	1.79	40000	0.11345	2750	178.62
-0.103	1.79	40000	0.11345	2775	183.1
-0.103	1.79	40000	0.11345	2800	187.43
-0.103	1.79	40000	0.11345	2825	192.1
-0.103	1.79	40000	0.11345	2850	196.72
-0.103	1.79	40000	0.12217	2675	168.04
-0.103	1.79	40000	0.12217	2725	176.7
-0.103	1.79	40000	0.12217	2850	199.24
-0.103	1.79	34000	0.11345	2675	162.85
-0.103	1.79	34000	0.11345	2700	167.21
-0.103	1.79	34000	0.11345	2725	171.59
-0.103	1.79	34000	0.11345	2750	175.96
-0.103	1.79	34000	0.11345	2775	180.37
-0.103	1.79	34000	0.11345	2800	184.65
-0.103	1.79	34000	0.11345	2825	189.21
-0.103	1.79	34000	0.11345	2850	193.64
-0.103	1.79	34000	0.12217	2675	165.1
-0.103	1.79	34000	0.12217	2700	169.58
-0.103	1.79	34000	0.12217	2725	173.78
-0.103	1.79	34000	0.12217	2750	178.21
-0.103	1.79	34000	0.12217	2775	182.57
-0.103	1.79	34000	0.12217	2800	186.96
-0.103	1.79	34000	0.12217	2825	191.52
-0.103	1.79	34000	0.12217	2850	195.96
-0.103	1.79	34000	0.1309	2675	167.21
-0.103	1.79	34000	0.1309	2700	171.63
-0.103	1.79	34000	0.1309	2725	175.92
-0.103	1.79	34000	0.1309	2750	180.4
-0.103	1.79	34000	0.1309	2775	184.62
-0.103	1.79	34000	0.1309	2800	189.06
-0.103	1.79	34000	0.1309	2825	193.7
-0.103	1.79	34000	0.1309	2850	198.13
-0.103	1.79	34000	0.13963	2675	169.31
-0.103	1.79	34000	0.13963	2700	173.63
-0.103	1.79	34000	0.13963	2725	178.04
-0.103	1.79	34000	0.13963	2750	182.21
-0.103	1.79	34000	0.13963	2775	186.71
-0.103	1.79	34000	0.13963	2800	191.39
-0.103	1.79	34000	0.13963	2825	195.27
-0.103	1.79	34000	0.13963	2850	200.56
-0.103	1.79	34000	0.14835	2675	171.37
-0.103	1.79	34000	0.14835	2700	175.47
-0.103	1.79	34000	0.14835	2725	180.05
-0.103	1.79	34000	0.14835	2750	184.47
-0.103	1.79	34000	0.14835	2775	188.82
-0.103	1.79	34000	0.14835	2800	154.8
-0.103	1.79	34000	0.14835	2825	198.09
-0.103	1.79	34000	0.14835	2850	162.25
-0.103	1.79	34000	0.15708	2675	172.96
-0.103	1.79	34000	0.15708	2700	177.5
-0.103	1.79	34000	0.15708	2725	181.85
-0.103	1.79	34000	0.15708	2750	186.54
-0.103	1.79	34000	0.15708	2775	190.96
-0.103	1.79	34000	0.15708	2800	195.7
-0.103	1.79	34000	0.15708	2825	199.39
-0.103	1.79	34000	0.15708	2850	204.71
-0.103	1.79	34500	0.11345	2675	163.21
-0.103	1.79	34500	0.11345	2700	167.64
-0.103	1.79	34500	0.11345	2725	171.96
-0.103	1.79	34500	0.11345	2750	176.08
-0.103	1.79	34500	0.11345	2775	180.47
-0.103	1.79	34500	0.11345	2800	185.04
-0.103	1.79	34500	0.11345	2825	189.58
-0.103	1.79	34500	0.11345	2850	193.61
-0.103	1.79	34500	0.12217	2675	165.28
-0.103	1.79	34500	0.12217	2700	169.7
-0.103	1.79	34500	0.12217	2725	173.91
-0.103	1.79	34500	0.12217	2750	178.39
-0.103	1.79	34500	0.12217	2775	182.95
-0.103	1.79	34500	0.12217	2800	187.39
-0.103	1.79	34500	0.12217	2825	163.62
-0.103	1.79	34500	0.12217	2850	196.43
-0.103	1.79	34500	0.1309	2675	167.47
-0.103	1.79	34500	0.1309	2700	171.86
-0.103	1.79	34500	0.1309	2725	176.33
-0.103	1.79	34500	0.1309	2750	180.68
-0.103	1.79	34500	0.1309	2775	185.14
-0.103	1.79	34500	0.1309	2800	189.52
-0.103	1.79	34500	0.1309	2825	193.76
-0.103	1.79	34500	0.1309	2850	167.34
-0.103	1.79	34500	0.13963	2675	169.52
-0.103	1.79	34500	0.13963	2700	173.9
-0.103	1.79	34500	0.13963	2725	178.4
-0.103	1.79	34500	0.13963	2750	182.7
-0.103	1.79	34500	0.13963	2775	151.81
-0.103	1.79	34500	0.13963	2800	156
-0.103	1.79	34500	0.13963	2825	160.21
-0.103	1.79	34500	0.13963	2850	199.23
-0.103	1.79	34500	0.14835	2675	171.61
-0.103	1.79	34500	0.14835	2700	137.77
-0.103	1.79	34500	0.14835	2725	180.39
-0.103	1.79	34500	0.14835	2750	184.74
-0.103	1.79	34500	0.14835	2775	189.43
-0.103	1.79	34500	0.14835	2800	193.81
-0.103	1.79	34500	0.14835	2825	198.25
-0.103	1.79	34500	0.14835	2850	158.5
-0.103	1.79	34500	0.15708	2675	173.31
-0.103	1.79	34500	0.15708	2700	178.03
-0.103	1.79	34500	0.15708	2725	182.1
-0.103	1.79	34500	0.15708	2750	140.24
-0.103	1.79	34500	0.15708	2775	191.57
-0.103	1.79	34500	0.15708	2800	149.21
-0.103	1.79	34500	0.15708	2825	200.54
-0.103	1.79	34500	0.15708	2850	205.17
-0.103	1.79	35000	0.11345	2675	163.58
-0.103	1.79	35000	0.11345	2700	167.91
-0.103	1.79	35000	0.11345	2725	171.86
-0.103	1.79	35000	0.11345	2750	176.41
-0.103	1.79	35000	0.11345	2775	180.94
-0.103	1.79	35000	0.11345	2800	185.45
-0.103	1.79	35000	0.11345	2825	189.82
-0.103	1.79	35000	0.11345	2850	194.12
-0.103	1.79	35000	0.12217	2675	165.62
-0.103	1.79	35000	0.12217	2700	169.83
-0.103	1.79	35000	0.12217	2725	174.37
-0.103	1.79	35000	0.12217	2750	178.85
-0.103	1.79	35000	0.12217	2775	183.01
-0.103	1.79	35000	0.12217	2800	187.52
-0.103	1.79	35000	0.12217	2825	192.28
-0.103	1.79	35000	0.12217	2850	196.81
-0.103	1.79	35000	0.1309	2675	167.69
-0.103	1.79	35000	0.1309	2700	172.1
-0.103	1.79	35000	0.1309	2725	176.61
-0.103	1.79	35000	0.1309	2750	180.94
-0.103	1.79	35000	0.1309	2775	185.47
-0.103	1.79	35000	0.1309	2800	189.74
-0.103	1.79	35000	0.1309	2825	194.36
-0.103	1.79	35000	0.1309	2850	198.95
-0.103	1.79	35000	0.13963	2675	169.91
-0.103	1.79	35000	0.13963	2700	174.32
-0.103	1.79	35000	0.13963	2725	178.41
-0.103	1.79	35000	0.13963	2750	183.08
-0.103	1.79	35000	0.13963	2775	187.55
-0.103	1.79	35000	0.13963	2800	192.01
-0.103	1.79	35000	0.13963	2825	156.12
-0.103	1.79	35000	0.13963	2850	201.22
-0.103	1.79	35000	0.14835	2675	171.88
-0.103	1.79	35000	0.14835	2700	176.29
-0.103	1.79	35000	0.14835	2725	180.5
-0.103	1.79	35000	0.14835	2750	185.11
-0.103	1.79	35000	0.14835	2775	189.58
-0.103	1.79	35000	0.14835	2800	193.9
-0.103	1.79	35000	0.14835	2825	197.59
-0.103	1.79	35000	0.14835	2850	159.92
-0.103	1.79	35000	0.15708	2675	127.81
-0.103	1.79	35000	0.15708	2700	178.15
-0.103	1.79	35000	0.15708	2725	134.84
-0.103	1.79	35000	0.15708	2750	138.64
-0.103	1.79	35000	0.15708	2775	142.6
-0.103	1.79	35000	0.15708	2800	196.07
-0.103	1.79	35000	0.15708	2825	153.12
-0.103	1.79	35000	0.15708	2850	205.63
-0.103	1.79	35500	0.11345	2675	163.76
-0.103	1.79	35500	0.11345	2700	168.12
-0.103	1.79	35500	0.11345	2725	172.35
-0.103	1.79	35500	0.11345	2750	176.54
-0.103	1.79	35500	0.11345	2775	181.09
-0.103	1.79	35500	0.11345	2800	185.63
-0.103	1.79	35500	0.11345	2825	189.78
-0.103	1.79	35500	0.11345	2850	194.52
-0.103	1.79	35500	0.12217	2675	165.92
-0.103	1.79	35500	0.12217	2700	170.22
-0.103	1.79	35500	0.12217	2725	174.62
-0.103	1.79	35500	0.12217	2750	178.75
-0.103	1.79	35500	0.12217	2775	183.35
-0.103	1.79	35500	0.12217	2800	187.89
-0.103	1.79	35500	0.12217	2825	192.47
-0.103	1.79	35500	0.12217	2850	196.91
-0.103	1.79	35500	0.1309	2675	168
-0.103	1.79	35500	0.1309	2700	172.43
-0.103	1.79	35500	0.1309	2725	176.65
-0.103	1.79	35500	0.1309	2750	181.07
-0.103	1.79	35500	0.1309	2775	185.73
-0.103	1.79	35500	0.1309	2800	190.17
-0.103	1.79	35500	0.1309	2825	194.75
-0.103	1.79	35500	0.1309	2850	199.33
-0.103	1.79	35500	0.13963	2675	169.96
-0.103	1.79	35500	0.13963	2700	174.31
-0.103	1.79	35500	0.13963	2725	178.95
-0.103	1.79	35500	0.13963	2750	183.49
-0.103	1.79	35500	0.13963	2775	187.89
-0.103	1.79	35500	0.13963	2800	192.5
-0.103	1.79	35500	0.13963	2825	197
-0.103	1.79	35500	0.13963	2850	201.38
-0.103	1.79	35500	0.14835	2675	130.64
-0.103	1.79	35500	0.14835	2700	176.51
-0.103	1.79	35500	0.14835	2725	137.63
-0.103	1.79	35500	0.14835	2750	185.51
-0.103	1.79	35500	0.14835	2775	189.9
-0.103	1.79	35500	0.14835	2800	194.75
-0.103	1.79	35500	0.14835	2825	198.84
-0.103	1.79	35500	0.14835	2850	203.69
-0.103	1.79	35500	0.15708	2675	174.22
-0.103	1.79	35500	0.15708	2700	178.68
-0.103	1.79	35500	0.15708	2725	183.2
-0.103	1.79	35500	0.15708	2750	140.32
-0.103	1.79	35500	0.15708	2775	135.7
-0.103	1.79	35500	0.15708	2800	196.58
-0.103	1.79	35500	0.15708	2825	201.25
-0.103	1.79	35500	0.15708	2850	205.95
-0.103	1.79	36000	0.11345	2675	163.87
-0.103	1.79	36000	0.11345	2700	168.05
-0.103	1.79	36000	0.11345	2725	172.67
-0.103	1.79	36000	0.11345	2750	176.97
-0.103	1.79	36000	0.11345	2775	181.32
-0.103	1.79	36000	0.11345	2800	185.87
-0.103	1.79	36000	0.11345	2825	190.31
-0.103	1.79	36000	0.11345	2850	194.54
-0.103	1.79	36000	0.12217	2675	166.17
-0.103	1.79	36000	0.12217	2700	170.51
-0.103	1.79	36000	0.12217	2725	174.71
-0.103	1.79	36000	0.12217	2750	179.22
-0.103	1.79	36000	0.12217	2775	183.28
-0.103	1.79	36000	0.12217	2800	188.17
-0.103	1.79	36000	0.12217	2825	192.35
-0.103	1.79	36000	0.12217	2850	197.21
-0.103	1.79	36000	0.1309	2675	168.27
-0.103	1.79	36000	0.1309	2700	172.45
-0.103	1.79	36000	0.1309	2725	177.23
-0.103	1.79	36000	0.1309	2750	181.59
-0.103	1.79	36000	0.1309	2775	185.77
-0.103	1.79	36000	0.1309	2800	190.42
-0.103	1.79	36000	0.1309	2825	195.07
-0.103	1.79	36000	0.1309	2850	199.57
-0.103	1.79	36000	0.13963	2675	170.39
-0.103	1.79	36000	0.13963	2700	174.63
-0.103	1.79	36000	0.13963	2725	179.2
-0.103	1.79	36000	0.13963	2750	183.57
-0.103	1.79	36000	0.13963	2775	188.16
-0.103	1.79	36000	0.13963	2800	192.77
-0.103	1.79	36000	0.13963	2825	197.27
-0.103	1.79	36000	0.13963	2850	201.8
-0.103	1.79	36000	0.14835	2675	129.6
-0.103	1.79	36000	0.14835	2700	176.94
-0.103	1.79	36000	0.14835	2725	181.42
-0.103	1.79	36000	0.14835	2750	185.87
-0.103	1.79	36000	0.14835	2775	190.22
-0.103	1.79	36000	0.14835	2800	195.01
-0.103	1.79	36000	0.14835	2825	199.3
-0.103	1.79	36000	0.14835	2850	204.07
-0.103	1.79	36000	0.15708	2675	126.02
-0.103	1.79	36000	0.15708	2700	130.77
-0.103	1.79	36000	0.15708	2725	183.45
-0.103	1.79	36000	0.15708	2750	187.83
-0.103	1.79	36000	0.15708	2775	142.98
-0.103	1.79	36000	0.15708	2800	196.93
-0.103	1.79	36000	0.15708	2825	151.08
-0.103	1.79	36000	0.15708	2850	154
-0.103	1.79	36500	0.11345	2675	163.88
-0.103	1.79	36500	0.11345	2700	168.35
-0.103	1.79	36500	0.11345	2725	172.83
-0.103	1.79	36500	0.11345	2750	177.09
-0.103	1.79	36500	0.11345	2775	181.52
-0.103	1.79	36500	0.11345	2800	186.11
-0.103	1.79	36500	0.11345	2825	190.49
-0.103	1.79	36500	0.11345	2850	195.13
-0.103	1.79	36500	0.12217	2675	166.25
-0.103	1.79	36500	0.12217	2700	170.57
-0.103	1.79	36500	0.12217	2725	175.03
-0.103	1.79	36500	0.12217	2750	179.45
-0.103	1.79	36500	0.12217	2775	183.44
-0.103	1.79	36500	0.12217	2800	188.53
-0.103	1.79	36500	0.12217	2825	192.86
-0.103	1.79	36500	0.12217	2850	197.28
-0.103	1.79	36500	0.1309	2675	168.34
-0.103	1.79	36500	0.1309	2700	172.73
-0.103	1.79	36500	0.1309	2725	177.15
-0.103	1.79	36500	0.1309	2750	181.74
-0.103	1.79	36500	0.1309	2775	186.19
-0.103	1.79	36500	0.1309	2800	190.81
-0.103	1.79	36500	0.1309	2825	195.06
-0.103	1.79	36500	0.1309	2850	199.82
-0.103	1.79	36500	0.13963	2675	170.58
-0.103	1.79	36500	0.13963	2700	175.05
-0.103	1.79	36500	0.13963	2725	179.4
-0.103	1.79	36500	0.13963	2750	183.73
-0.103	1.79	36500	0.13963	2775	188.35
-0.103	1.79	36500	0.13963	2800	192.95
-0.103	1.79	36500	0.13963	2825	197.55
-0.103	1.79	36500	0.13963	2850	202.16
-0.103	1.79	36500	0.14835	2675	172.92
-0.103	1.79	36500	0.14835	2700	177.08
-0.103	1.79	36500	0.14835	2725	137.15
-0.103	1.79	36500	0.14835	2750	142.37
-0.103	1.79	36500	0.14835	2775	143.33
-0.103	1.79	36500	0.14835	2800	195.2
-0.103	1.79	36500	0.14835	2825	199.55
-0.103	1.79	36500	0.14835	2850	157.07
-0.103	1.79	36500	0.15708	2675	174.53
-0.103	1.79	36500	0.15708	2700	179.4
-0.103	1.79	36500	0.15708	2725	132.47
-0.103	1.79	36500	0.15708	2750	188.14
-0.103	1.79	36500	0.15708	2775	192.63
-0.103	1.79	36500	0.15708	2800	197.25
-0.103	1.79	36500	0.15708	2825	201.87
-0.103	1.79	36500	0.15708	2850	206.33
-0.103	1.79	37000	0.11345	2675	164.18
-0.103	1.79	37000	0.11345	2700	168.47
-0.103	1.79	37000	0.11345	2725	173.13
-0.103	1.79	37000	0.11345	2750	177.4
-0.103	1.79	37000	0.11345	2775	181.57
-0.103	1.79	37000	0.11345	2800	186.16
-0.103	1.79	37000	0.11345	2825	190.76
-0.103	1.79	37000	0.11345	2850	195.29
-0.103	1.79	37000	0.12217	2675	166.28
-0.103	1.79	37000	0.12217	2700	170.59
-0.103	1.79	37000	0.12217	2725	174.58
-0.103	1.79	37000	0.12217	2750	179.65
-0.103	1.79	37000	0.12217	2775	184.22
-0.103	1.79	37000	0.12217	2800	188.72
-0.103	1.79	37000	0.12217	2825	193.17
-0.103	1.79	37000	0.12217	2850	197.63
-0.103	1.79	37000	0.1309	2675	168.95
-0.103	1.79	37000	0.1309	2700	173.11
-0.103	1.79	37000	0.1309	2725	177.54
-0.103	1.79	37000	0.1309	2750	181.98
-0.103	1.79	37000	0.1309	2775	186.38
-0.103	1.79	37000	0.1309	2800	155.95
-0.103	1.79	37000	0.1309	2825	159.14
-0.103	1.79	37000	0.1309	2850	200
-0.103	1.79	37000	0.13963	2675	171.01
-0.103	1.79	37000	0.13963	2700	175.37
-0.103	1.79	37000	0.13963	2725	139.16
-0.103	1.79	37000	0.13963	2750	142.5
-0.103	1.79	37000	0.13963	2775	188.7
-0.103	1.79	37000	0.13963	2800	193.24
-0.103	1.79	37000	0.13963	2825	155.1
-0.103	1.79	37000	0.13963	2850	161.69
-0.103	1.79	37000	0.14835	2675	173.16
-0.103	1.79	37000	0.14835	2700	177.4
-0.103	1.79	37000	0.14835	2725	181.82
-0.103	1.79	37000	0.14835	2750	186.4
-0.103	1.79	37000	0.14835	2775	144.12
-0.103	1.79	37000	0.14835	2800	147.04
-0.103	1.79	37000	0.14835	2825	200.14
-0.103	1.79	37000	0.14835	2850	156.2
-0.103	1.79	37000	0.15708	2675	124.75
-0.103	1.79	37000	0.15708	2700	129.04
-0.103	1.79	37000	0.15708	2725	132.89
-0.103	1.79	37000	0.15708	2750	137.25
-0.103	1.79	37000	0.15708	2775	141.12
-0.103	1.79	37000	0.15708	2800	144.58
-0.103	1.79	37000	0.15708	2825	202.1
-0.103	1.79	37000	0.15708	2850	155.68
-0.103	1.79	37500	0.11345	2675	164.11
-0.103	1.79	37500	0.11345	2700	168.87
-0.103	1.79	37500	0.11345	2725	172.96
-0.103	1.79	37500	0.11345	2750	177.51
-0.103	1.79	37500	0.11345	2775	182
-0.103	1.79	37500	0.11345	2800	186.38
-0.103	1.79	37500	0.11345	2825	190.7
-0.103	1.79	37500	0.11345	2850	195.07
-0.103	1.79	37500	0.12217	2675	134.85
-0.103	1.79	37500	0.12217	2700	170.96
-0.103	1.79	37500	0.12217	2725	175.45
-0.103	1.79	37500	0.12217	2750	179.88
-0.103	1.79	37500	0.12217	2775	184.44
-0.103	1.79	37500	0.12217	2800	188.89
-0.103	1.79	37500	0.12217	2825	193.31
-0.103	1.79	37500	0.12217	2850	197.94
-0.103	1.79	37500	0.1309	2675	142.73
-0.103	1.79	37500	0.1309	2700	173.29
-0.103	1.79	37500	0.1309	2725	147.07
-0.103	1.79	37500	0.1309	2750	182.24
-0.103	1.79	37500	0.1309	2775	186.75
-0.103	1.79	37500	0.1309	2800	191.25
-0.103	1.79	37500	0.1309	2825	195.78
-0.103	1.79	37500	0.1309	2850	200.45
-0.103	1.79	37500	0.13963	2675	128.6
-0.103	1.79	37500	0.13963	2700	135.62
-0.103	1.79	37500	0.13963	2725	142.37
-0.103	1.79	37500	0.13963	2750	184.54
-0.103	1.79	37500	0.13963	2775	189.01
-0.103	1.79	37500	0.13963	2800	157.39
-0.103	1.79	37500	0.13963	2825	198.11
-0.103	1.79	37500	0.13963	2850	160.16
-0.103	1.79	37500	0.14835	2675	173.42
-0.103	1.79	37500	0.14835	2700	131.13
-0.103	1.79	37500	0.14835	2725	182.39
-0.103	1.79	37500	0.14835	2750	139.21
-0.103	1.79	37500	0.14835	2775	145.28
-0.103	1.79	37500	0.14835	2800	149.23
-0.103	1.79	37500	0.14835	2825	200.47
-0.103	1.79	37500	0.14835	2850	204.99
-0.103	1.79	37500	0.15708	2675	175.39
-0.103	1.79	37500	0.15708	2700	126.99
-0.103	1.79	37500	0.15708	2725	132.57
-0.103	1.79	37500	0.15708	2750	136.02
-0.103	1.79	37500	0.15708	2775	141.4
-0.103	1.79	37500	0.15708	2800	144.28
-0.103	1.79	37500	0.15708	2825	129.54
-0.103	1.79	37500	0.15708	2850	151.95
-0.103	1.79	38000	0.11345	2675	164.48
-0.103	1.79	38000	0.11345	2700	168.7
-0.103	1.79	38000	0.11345	2725	172.84
-0.103	1.79	38000	0.11345	2750	177.81
-0.103	1.79	38000	0.11345	2775	182.08
-0.103	1.79	38000	0.11345	2800	186.51
-0.103	1.79	38000	0.11345	2825	190.94
-0.103	1.79	38000	0.11345	2850	195.72
-0.103	1.79	38000	0.12217	2675	166.68
-0.103	1.79	38000	0.12217	2700	171.25
-0.103	1.79	38000	0.12217	2725	175.58
-0.103	1.79	38000	0.12217	2750	147.41
-0.103	1.79	38000	0.12217	2775	184.56
-0.103	1.79	38000	0.12217	2800	189.23
-0.103	1.79	38000	0.12217	2825	193.72
-0.103	1.79	38000	0.12217	2850	198.11
-0.103	1.79	38000	0.1309	2675	169.12
-0.103	1.79	38000	0.1309	2700	173.3
-0.103	1.79	38000	0.1309	2725	177.87
-0.103	1.79	38000	0.1309	2750	182.58
-0.103	1.79	38000	0.1309	2775	187.02
-0.103	1.79	38000	0.1309	2800	191.52
-0.103	1.79	38000	0.1309	2825	160.96
-0.103	1.79	38000	0.1309	2850	200.65
-0.103	1.79	38000	0.13963	2675	131.04
-0.103	1.79	38000	0.13963	2700	135.93
-0.103	1.79	38000	0.13963	2725	137.35
-0.103	1.79	38000	0.13963	2750	184.84
-0.103	1.79	38000	0.13963	2775	142.92
-0.103	1.79	38000	0.13963	2800	193.78
-0.103	1.79	38000	0.13963	2825	153.02
-0.103	1.79	38000	0.13963	2850	160.11
-0.103	1.79	38000	0.14835	2675	124.91
-0.103	1.79	38000	0.14835	2700	129.27
-0.103	1.79	38000	0.14835	2725	133.62
-0.103	1.79	38000	0.14835	2750	138.73
-0.103	1.79	38000	0.14835	2775	143.62
-0.103	1.79	38000	0.14835	2800	148.55
-0.103	1.79	38000	0.14835	2825	200.87
-0.103	1.79	38000	0.14835	2850	157.67
-0.103	1.79	38000	0.15708	2675	123.98
-0.103	1.79	38000	0.15708	2700	127.42
-0.103	1.79	38000	0.15708	2725	131.19
-0.103	1.79	38000	0.15708	2750	136.1
-0.103	1.79	38000	0.15708	2775	139.47
-0.103	1.79	38000	0.15708	2800	144.57
-0.103	1.79	38000	0.15708	2825	203.08
-0.103	1.79	38000	0.15708	2850	155.31
-0.103	1.79	38500	0.11345	2675	139.03
-0.103	1.79	38500	0.11345	2700	168.96
-0.103	1.79	38500	0.11345	2725	172.95
-0.103	1.79	38500	0.11345	2750	178.19
-0.103	1.79	38500	0.11345	2775	182.3
-0.103	1.79	38500	0.11345	2800	186.68
-0.103	1.79	38500	0.11345	2825	190.91
-0.103	1.79	38500	0.11345	2850	195.6
-0.103	1.79	38500	0.12217	2675	167.11
-0.103	1.79	38500	0.12217	2700	171.55
-0.103	1.79	38500	0.12217	2725	175.73
-0.103	1.79	38500	0.12217	2750	146.45
-0.103	1.79	38500	0.12217	2775	184.65
-0.103	1.79	38500	0.12217	2800	189.18
-0.103	1.79	38500	0.12217	2825	193.75
-0.103	1.79	38500	0.12217	2850	198.78
-0.103	1.79	38500	0.1309	2675	169.62
-0.103	1.79	38500	0.1309	2700	173.83
-0.103	1.79	38500	0.1309	2725	178.41
-0.103	1.79	38500	0.1309	2750	182.77
-0.103	1.79	38500	0.1309	2775	151.04
-0.103	1.79	38500	0.1309	2800	191.82
-0.103	1.79	38500	0.1309	2825	196.33
-0.103	1.79	38500	0.1309	2850	201.01
-0.103	1.79	38500	0.13963	2675	171.47
-0.103	1.79	38500	0.13963	2700	176.39
-0.103	1.79	38500	0.13963	2725	138.4
-0.103	1.79	38500	0.13963	2750	185.19
-0.103	1.79	38500	0.13963	2775	145.5
-0.103	1.79	38500	0.13963	2800	194.15
-0.103	1.79	38500	0.13963	2825	153.16
-0.103	1.79	38500	0.13963	2850	203.33
-0.103	1.79	38500	0.14835	2675	125.81
-0.103	1.79	38500	0.14835	2700	178.58
-0.103	1.79	38500	0.14835	2725	133.36
-0.103	1.79	38500	0.14835	2750	187.46
-0.103	1.79	38500	0.14835	2775	142.99
-0.103	1.79	38500	0.14835	2800	123.43
-0.103	1.79	38500	0.14835	2825	201.05
-0.103	1.79	38500	0.14835	2850	153.82
-0.103	1.79	38500	0.15708	2675	122.42
-0.103	1.79	38500	0.15708	2700	127.08
-0.103	1.79	38500	0.15708	2725	130.28
-0.103	1.79	38500	0.15708	2750	134.28
-0.103	1.79	38500	0.15708	2775	138.99
-0.103	1.79	38500	0.15708	2800	142.87
-0.103	1.79	38500	0.15708	2825	203.42
-0.103	1.79	38500	0.15708	2850	152.59
-0.103	1.79	39000	0.11345	2675	165
-0.103	1.79	39000	0.11345	2700	169.19
-0.103	1.79	39000	0.11345	2725	173.66
-0.103	1.79	39000	0.11345	2750	177.94
-0.103	1.79	39000	0.11345	2775	182.48
-0.103	1.79	39000	0.11345	2800	187.11
-0.103	1.79	39000	0.11345	2825	191.59
-0.103	1.79	39000	0.11345	2850	196.15
-0.103	1.79	39000	0.12217	2675	167.44
-0.103	1.79	39000	0.12217	2700	171.74
-0.103	1.79	39000	0.12217	2725	176.11
-0.103	1.79	39000	0.12217	2750	180.51
-0.103	1.79	39000	0.12217	2775	149.94
-0.103	1.79	39000	0.12217	2800	189.22
-0.103	1.79	39000	0.12217	2825	159.79
-0.103	1.79	39000	0.12217	2850	198.89
-0.103	1.79	39000	0.1309	2675	130.88
-0.103	1.79	39000	0.1309	2700	134.34
-0.103	1.79	39000	0.1309	2725	178.66
-0.103	1.79	39000	0.1309	2750	183.04
-0.103	1.79	39000	0.1309	2775	152.3
-0.103	1.79	39000	0.1309	2800	192.18
-0.103	1.79	39000	0.1309	2825	147.57
-0.103	1.79	39000	0.1309	2850	165.2
-0.103	1.79	39000	0.13963	2675	126.65
-0.103	1.79	39000	0.13963	2700	136.06
-0.103	1.79	39000	0.13963	2725	180.96
-0.103	1.79	39000	0.13963	2750	115.86
-0.103	1.79	39000	0.13963	2775	190.07
-0.103	1.79	39000	0.13963	2800	148.05
-0.103	1.79	39000	0.13963	2825	153.32
-0.103	1.79	39000	0.13963	2850	203.78
-0.103	1.79	39000	0.14835	2675	124.77
-0.103	1.79	39000	0.14835	2700	128.82
-0.103	1.79	39000	0.14835	2725	131.81
-0.103	1.79	39000	0.14835	2750	136.91
-0.103	1.79	39000	0.14835	2775	141.87
-0.103	1.79	39000	0.14835	2800	145.61
-0.103	1.79	39000	0.14835	2825	157.14
-0.103	1.79	39000	0.14835	2850	206.19
-0.103	1.79	39000	0.15708	2675	122.38
-0.103	1.79	39000	0.15708	2700	126.57
-0.103	1.79	39000	0.15708	2725	130.94
-0.103	1.79	39000	0.15708	2750	134.12
-0.103	1.79	39000	0.15708	2775	138.27
-0.103	1.79	39000	0.15708	2800	142.79
-0.103	1.79	39000	0.15708	2825	147.43
-0.103	1.79	39000	0.15708	2850	151.32
-0.103	1.79	39500	0.11345	2675	165.27
-0.103	1.79	39500	0.11345	2700	169.48
-0.103	1.79	39500	0.11345	2725	174.06
-0.103	1.79	39500	0.11345	2750	178.45
-0.103	1.79	39500	0.11345	2775	182.62
-0.103	1.79	39500	0.11345	2800	187.28
-0.103	1.79	39500	0.11345	2825	191.93
-0.103	1.79	39500	0.11345	2850	196.46
-0.103	1.79	39500	0.12217	2675	167.81
-0.103	1.79	39500	0.12217	2700	144.78
-0.103	1.79	39500	0.12217	2725	176.49
-0.103	1.79	39500	0.12217	2750	180.96
-0.103	1.79	39500	0.12217	2775	149.1
-0.103	1.79	39500	0.12217	2800	189.78
-0.103	1.79	39500	0.12217	2825	158.19
-0.103	1.79	39500	0.12217	2850	199.17
-0.103	1.79	39500	0.1309	2675	129.9
-0.103	1.79	39500	0.1309	2700	174.49
-0.103	1.79	39500	0.1309	2725	138.56
-0.103	1.79	39500	0.1309	2750	183.45
-0.103	1.79	39500	0.1309	2775	152.21
-0.103	1.79	39500	0.1309	2800	192.28
-0.103	1.79	39500	0.1309	2825	143.97
-0.103	1.79	39500	0.1309	2850	201.74
-0.103	1.79	39500	0.13963	2675	99.867
-0.103	1.79	39500	0.13963	2700	138.31
-0.103	1.79	39500	0.13963	2725	146.74
-0.103	1.79	39500	0.13963	2750	139.92
-0.103	1.79	39500	0.13963	2775	146.29
-0.103	1.79	39500	0.13963	2800	147.13
-0.103	1.79	39500	0.13963	2825	151.65
-0.103	1.79	39500	0.13963	2850	204.13
-0.103	1.79	39500	0.14835	2675	174.71
-0.103	1.79	39500	0.14835	2700	127.46
-0.103	1.79	39500	0.14835	2725	131.72
-0.103	1.79	39500	0.14835	2750	135.38
-0.103	1.79	39500	0.14835	2775	139.21
-0.103	1.79	39500	0.14835	2800	197.22
-0.103	1.79	39500	0.14835	2825	149.01
-0.103	1.79	39500	0.14835	2850	154.1
-0.103	1.79	39500	0.15708	2675	123.04
-0.103	1.79	39500	0.15708	2700	125.81
-0.103	1.79	39500	0.15708	2725	130.03
-0.103	1.79	39500	0.15708	2750	134.8
-0.103	1.79	39500	0.15708	2775	137.82
-0.103	1.79	39500	0.15708	2800	141.86
-0.103	1.79	39500	0.15708	2825	146.6
-0.103	1.79	39500	0.15708	2850	151.59
-0.103	1.79	40000	0.11345	2675	165.29
-0.103	1.79	40000	0.11345	2700	139.95
-0.103	1.79	40000	0.11345	2725	174.23
-0.103	1.79	40000	0.11345	2750	178.62
-0.103	1.79	40000	0.11345	2775	183.1
-0.103	1.79	40000	0.11345	2800	187.43
-0.103	1.79	40000	0.11345	2825	192.1
-0.103	1.79	40000	0.11345	2850	196.72
-0.103	1.79	40000	0.12217	2675	168.04
-0.103	1.79	40000	0.12217	2700	144.2
-0.103	1.79	40000	0.12217	2725	176.7
-0.103	1.79	40000	0.12217	2750	146.58
-0.103	1.79	40000	0.12217	2775	148.05
-0.103	1.79	40000	0.12217	2800	152.61
-0.103	1.79	40000	0.12217	2825	157.3
-0.103	1.79	40000	0.12217	2850	199.24
-0.103	1.79	40000	0.1309	2675	133.44
-0.103	1.79	40000	0.1309	2700	133.35
-0.103	1.79	40000	0.1309	2725	137.75
-0.103	1.79	40000	0.1309	2750	183.68
-0.103	1.79	40000	0.1309	2775	148.91
-0.103	1.79	40000	0.1309	2800	150.15
-0.103	1.79	40000	0.1309	2825	156.68
-0.103	1.79	40000	0.1309	2850	161.65
-0.103	1.79	40000	0.13963	2675	127.7
-0.103	1.79	40000	0.13963	2700	132.56
-0.103	1.79	40000	0.13963	2725	137.39
-0.103	1.79	40000	0.13963	2750	142.77
-0.103	1.79	40000	0.13963	2775	144.86
-0.103	1.79	40000	0.13963	2800	145.84
-0.103	1.79	40000	0.13963	2825	152.9
-0.103	1.79	40000	0.13963	2850	155.46
-0.103	1.79	40000	0.14835	2675	126.7
-0.103	1.79	40000	0.14835	2700	179.61
-0.103	1.79	40000	0.14835	2725	132.04
-0.103	1.79	40000	0.14835	2750	135.47
-0.103	1.79	40000	0.14835	2775	140.14
-0.103	1.79	40000	0.14835	2800	144.49
-0.103	1.79	40000	0.14835	2825	202.33
-0.103	1.79	40000	0.14835	2850	153.05
-0.103	1.79	40000	0.15708	2675	119.52
-0.103	1.79	40000	0.15708	2700	124.94
-0.103	1.79	40000	0.15708	2725	129.12
-0.103	1.79	40000	0.15708	2750	133.15
-0.103	1.79	40000	0.15708	2775	137.1
-0.103	1.79	40000	0.15708	2800	141.47
-0.103	1.79	40000	0.15708	2825	145.75
-0.103	1.79	40000	0.15708	2850	209.42
