-0.103	1.79	34000	0.11345	2675	162.85
-0.103	1.79	34000	0.11345	2700	167.21
-0.103	1.79	34000	0.11345	2725	171.59
-0.103	1.79	34000	0.11345	2750	175.96
-0.103	1.79	34000	0.11345	2775	180.37
-0.103	1.79	34000	0.11345	2800	184.65
-0.103	1.79	34000	0.11345	2825	189.21
-0.103	1.79	34000	0.11345	2850	193.64
-0.103	1.79	34000	0.12217	2675	165.1
-0.103	1.79	34000	0.12217	2700	169.58
-0.103	1.79	34000	0.12217	2725	173.78
-0.103	1.79	34000	0.12217	2750	178.21
-0.103	1.79	34000	0.12217	2775	182.57
-0.103	1.79	34000	0.12217	2800	186.96
-0.103	1.79	34000	0.12217	2825	191.52
-0.103	1.79	34000	0.12217	2850	195.96
-0.103	1.79	34000	0.1309	2675	167.21
-0.103	1.79	34000	0.1309	2700	171.63
-0.103	1.79	34000	0.1309	2725	175.92
-0.103	1.79	34000	0.1309	2750	180.4
-0.103	1.79	34000	0.1309	2775	184.62
-0.103	1.79	34000	0.1309	2800	189.06
-0.103	1.79	34000	0.1309	2825	193.7
-0.103	1.79	34000	0.1309	2850	198.13
-0.103	1.79	34000	0.13963	2675	169.31
-0.103	1.79	34000	0.13963	2700	173.63
-0.103	1.79	34000	0.13963	2725	178.04
-0.103	1.79	34000	0.13963	2750	182.21
-0.103	1.79	34000	0.13963	2775	186.71
-0.103	1.79	34000	0.13963	2800	191.39
-0.103	1.79	34000	0.13963	2825	195.27
-0.103	1.79	34000	0.13963	2850	200.56
-0.103	1.79	34000	0.14835	2675	171.37
-0.103	1.79	34000	0.14835	2700	175.47
-0.103	1.79	34000	0.14835	2725	180.05
-0.103	1.79	34000	0.14835	2750	184.47
-0.103	1.79	34000	0.14835	2775	188.82
-0.103	1.79	34000	0.14835	2800	154.8
-0.103	1.79	34000	0.14835	2825	198.09
-0.103	1.79	34000	0.14835	2850	162.25
-0.103	1.79	34000	0.15708	2675	172.96
-0.103	1.79	34000	0.15708	2700	177.5
-0.103	1.79	34000	0.15708	2725	181.85
-0.103	1.79	34000	0.15708	2750	186.54
-0.103	1.79	34000	0.15708	2775	190.96
-0.103	1.79	34000	0.15708	2800	195.7
-0.103	1.79	34000	0.15708	2825	199.39
-0.103	1.79	34000	0.15708	2850	204.71
-0.103	1.79	34500	0.11345	2675	163.21
-0.103	1.79	34500	0.11345	2700	167.64
-0.103	1.79	34500	0.11345	2725	171.96
-0.103	1.79	34500	0.11345	2750	176.08
-0.103	1.79	34500	0.11345	2775	180.47
-0.103	1.79	34500	0.11345	2800	185.04
-0.103	1.79	34500	0.11345	2825	189.58
-0.103	1.79	34500	0.11345	2850	193.61
-0.103	1.79	34500	0.12217	2675	165.28
-0.103	1.79	34500	0.12217	2700	169.7
-0.103	1.79	34500	0.12217	2725	173.91
-0.103	1.79	34500	0.12217	2750	178.39
-0.103	1.79	34500	0.12217	2775	182.95
-0.103	1.79	34500	0.12217	2800	187.39
-0.103	1.79	34500	0.12217	2825	163.62
-0.103	1.79	34500	0.12217	2850	196.43
-0.103	1.79	34500	0.1309	2675	167.47
-0.103	1.79	34500	0.1309	2700	171.86
-0.103	1.79	34500	0.1309	2725	176.33
-0.103	1.79	34500	0.1309	2750	180.68
-0.103	1.79	34500	0.1309	2775	185.14
-0.103	1.79	34500	0.1309	2800	189.52
-0.103	1.79	34500	0.1309	2825	193.76
-0.103	1.79	34500	0.1309	2850	167.34
-0.103	1.79	34500	0.13963	2675	169.52
-0.103	1.79	34500	0.13963	2700	173.9
-0.103	1.79	34500	0.13963	2725	178.4
-0.103	1.79	34500	0.13963	2750	182.7
-0.103	1.79	34500	0.13963	2775	151.81
-0.103	1.79	34500	0.13963	2800	156
-0.103	1.79	34500	0.13963	2825	160.21
-0.103	1.79	34500	0.13963	2850	199.23
-0.103	1.79	34500	0.14835	2675	171.61
-0.103	1.79	34500	0.14835	2700	137.77
-0.103	1.79	34500	0.14835	2725	180.39
-0.103	1.79	34500	0.14835	2750	184.74
-0.103	1.79	34500	0.14835	2775	189.43
-0.103	1.79	34500	0.14835	2800	193.81
-0.103	1.79	34500	0.14835	2825	198.25
-0.103	1.79	34500	0.14835	2850	158.5
-0.103	1.79	34500	0.15708	2675	173.31
-0.103	1.79	34500	0.15708	2700	178.03
-0.103	1.79	34500	0.15708	2725	182.1
-0.103	1.79	34500	0.15708	2750	140.24
-0.103	1.79	34500	0.15708	2775	191.57
-0.103	1.79	34500	0.15708	2800	149.21
-0.103	1.79	34500	0.15708	2825	200.54
-0.103	1.79	34500	0.15708	2850	205.17
-0.103	1.79	35000	0.11345	2675	163.58
-0.103	1.79	35000	0.11345	2700	167.91
-0.103	1.79	35000	0.11345	2725	171.86
-0.103	1.79	35000	0.11345	2750	176.41
-0.103	1.79	35000	0.11345	2775	180.94
-0.103	1.79	35000	0.11345	2800	185.45
-0.103	1.79	35000	0.11345	2825	189.82
-0.103	1.79	35000	0.11345	2850	194.12
-0.103	1.79	35000	0.12217	2675	165.62
-0.103	1.79	35000	0.12217	2700	169.83
-0.103	1.79	35000	0.12217	2725	174.37
-0.103	1.79	35000	0.12217	2750	178.85
-0.103	1.79	35000	0.12217	2775	183.01
-0.103	1.79	35000	0.12217	2800	187.52
-0.103	1.79	35000	0.12217	2825	192.28
-0.103	1.79	35000	0.12217	2850	196.81
-0.103	1.79	35000	0.1309	2675	167.69
-0.103	1.79	35000	0.1309	2700	172.1
-0.103	1.79	35000	0.1309	2725	176.61
-0.103	1.79	35000	0.1309	2750	180.94
-0.103	1.79	35000	0.1309	2775	185.47
-0.103	1.79	35000	0.1309	2800	189.74
-0.103	1.79	35000	0.1309	2825	194.36
-0.103	1.79	35000	0.1309	2850	198.95
-0.103	1.79	35000	0.13963	2675	169.91
-0.103	1.79	35000	0.13963	2700	174.32
-0.103	1.79	35000	0.13963	2725	178.41
-0.103	1.79	35000	0.13963	2750	183.08
-0.103	1.79	35000	0.13963	2775	187.55
-0.103	1.79	35000	0.13963	2800	192.01
-0.103	1.79	35000	0.13963	2825	156.12
-0.103	1.79	35000	0.13963	2850	201.22
-0.103	1.79	35000	0.14835	2675	171.88
-0.103	1.79	35000	0.14835	2700	176.29
-0.103	1.79	35000	0.14835	2725	180.5
-0.103	1.79	35000	0.14835	2750	185.11
-0.103	1.79	35000	0.14835	2775	189.58
-0.103	1.79	35000	0.14835	2800	193.9
-0.103	1.79	35000	0.14835	2825	197.59
-0.103	1.79	35000	0.14835	2850	159.92
-0.103	1.79	35000	0.15708	2675	127.81
-0.103	1.79	35000	0.15708	2700	178.15
-0.103	1.79	35000	0.15708	2725	134.84
-0.103	1.79	35000	0.15708	2750	138.64
-0.103	1.79	35000	0.15708	2775	142.6
-0.103	1.79	35000	0.15708	2800	196.07
-0.103	1.79	35000	0.15708	2825	153.12
-0.103	1.79	35000	0.15708	2850	205.63
-0.103	1.79	35500	0.11345	2675	163.76
-0.103	1.79	35500	0.11345	2700	168.12
-0.103	1.79	35500	0.11345	2725	172.35
-0.103	1.79	35500	0.11345	2750	176.54
-0.103	1.79	35500	0.11345	2775	181.09
-0.103	1.79	35500	0.11345	2800	185.63
-0.103	1.79	35500	0.11345	2825	189.78
-0.103	1.79	35500	0.11345	2850	194.52
-0.103	1.79	35500	0.12217	2675	165.92
-0.103	1.79	35500	0.12217	2700	170.22
-0.103	1.79	35500	0.12217	2725	174.62
-0.103	1.79	35500	0.12217	2750	178.75
-0.103	1.79	35500	0.12217	2775	183.35
-0.103	1.79	35500	0.12217	2800	187.89
-0.103	1.79	35500	0.12217	2825	192.47
-0.103	1.79	35500	0.12217	2850	196.91
-0.103	1.79	35500	0.1309	2675	168
-0.103	1.79	35500	0.1309	2700	172.43
-0.103	1.79	35500	0.1309	2725	176.65
-0.103	1.79	35500	0.1309	2750	181.07
-0.103	1.79	35500	0.1309	2775	185.73
-0.103	1.79	35500	0.1309	2800	190.17
-0.103	1.79	35500	0.1309	2825	194.75
-0.103	1.79	35500	0.1309	2850	199.33
-0.103	1.79	35500	0.13963	2675	169.96
-0.103	1.79	35500	0.13963	2700	174.31
-0.103	1.79	35500	0.13963	2725	178.95
-0.103	1.79	35500	0.13963	2750	183.49
-0.103	1.79	35500	0.13963	2775	187.89
-0.103	1.79	35500	0.13963	2800	192.5
-0.103	1.79	35500	0.13963	2825	197
-0.103	1.79	35500	0.13963	2850	201.38
-0.103	1.79	35500	0.14835	2675	130.64
-0.103	1.79	35500	0.14835	2700	176.51
-0.103	1.79	35500	0.14835	2725	137.63
-0.103	1.79	35500	0.14835	2750	185.51
-0.103	1.79	35500	0.14835	2775	189.9
-0.103	1.79	35500	0.14835	2800	194.75
-0.103	1.79	35500	0.14835	2825	198.84
-0.103	1.79	35500	0.14835	2850	203.69
-0.103	1.79	35500	0.15708	2675	174.22
-0.103	1.79	35500	0.15708	2700	178.68
-0.103	1.79	35500	0.15708	2725	183.2
-0.103	1.79	35500	0.15708	2750	140.32
-0.103	1.79	35500	0.15708	2775	135.7
-0.103	1.79	35500	0.15708	2800	196.58
-0.103	1.79	35500	0.15708	2825	201.25
-0.103	1.79	35500	0.15708	2850	205.95
-0.103	1.79	36000	0.11345	2675	163.87
-0.103	1.79	36000	0.11345	2700	168.05
-0.103	1.79	36000	0.11345	2725	172.67
-0.103	1.79	36000	0.11345	2750	176.97
-0.103	1.79	36000	0.11345	2775	181.32
-0.103	1.79	36000	0.11345	2800	185.87
-0.103	1.79	36000	0.11345	2825	190.31
-0.103	1.79	36000	0.11345	2850	194.54
-0.103	1.79	36000	0.12217	2675	166.17
-0.103	1.79	36000	0.12217	2700	170.51
-0.103	1.79	36000	0.12217	2725	174.71
-0.103	1.79	36000	0.12217	2750	179.22
-0.103	1.79	36000	0.12217	2775	183.28
-0.103	1.79	36000	0.12217	2800	188.17
-0.103	1.79	36000	0.12217	2825	192.35
-0.103	1.79	36000	0.12217	2850	197.21
-0.103	1.79	36000	0.1309	2675	168.27
-0.103	1.79	36000	0.1309	2700	172.45
-0.103	1.79	36000	0.1309	2725	177.23
-0.103	1.79	36000	0.1309	2750	181.59
-0.103	1.79	36000	0.1309	2775	185.77
-0.103	1.79	36000	0.1309	2800	190.42
-0.103	1.79	36000	0.1309	2825	195.07
-0.103	1.79	36000	0.1309	2850	199.57
-0.103	1.79	36000	0.13963	2675	170.39
-0.103	1.79	36000	0.13963	2700	174.63
-0.103	1.79	36000	0.13963	2725	179.2
-0.103	1.79	36000	0.13963	2750	183.57
-0.103	1.79	36000	0.13963	2775	188.16
-0.103	1.79	36000	0.13963	2800	192.77
-0.103	1.79	36000	0.13963	2825	197.27
-0.103	1.79	36000	0.13963	2850	201.8
-0.103	1.79	36000	0.14835	2675	129.6
-0.103	1.79	36000	0.14835	2700	176.94
-0.103	1.79	36000	0.14835	2725	181.42
-0.103	1.79	36000	0.14835	2750	185.87
-0.103	1.79	36000	0.14835	2775	190.22
-0.103	1.79	36000	0.14835	2800	195.01
-0.103	1.79	36000	0.14835	2825	199.3
-0.103	1.79	36000	0.14835	2850	204.07
-0.103	1.79	36000	0.15708	2675	126.02
-0.103	1.79	36000	0.15708	2700	130.77
-0.103	1.79	36000	0.15708	2725	183.45
-0.103	1.79	36000	0.15708	2750	187.83
-0.103	1.79	36000	0.15708	2775	142.98
-0.103	1.79	36000	0.15708	2800	196.93
-0.103	1.79	36000	0.15708	2825	151.08
-0.103	1.79	36000	0.15708	2850	154
-0.103	1.79	36500	0.11345	2675	163.88
-0.103	1.79	36500	0.11345	2700	168.35
-0.103	1.79	36500	0.11345	2725	172.83
-0.103	1.79	36500	0.11345	2750	177.09
-0.103	1.79	36500	0.11345	2775	181.52
-0.103	1.79	36500	0.11345	2800	186.11
-0.103	1.79	36500	0.11345	2825	190.49
-0.103	1.79	36500	0.11345	2850	195.13
-0.103	1.79	36500	0.12217	2675	166.25
-0.103	1.79	36500	0.12217	2700	170.57
-0.103	1.79	36500	0.12217	2725	175.03
-0.103	1.79	36500	0.12217	2750	179.45
-0.103	1.79	36500	0.12217	2775	183.44
-0.103	1.79	36500	0.12217	2800	188.53
-0.103	1.79	36500	0.12217	2825	192.86
-0.103	1.79	36500	0.12217	2850	197.28
-0.103	1.79	36500	0.1309	2675	168.34
-0.103	1.79	36500	0.1309	2700	172.73
-0.103	1.79	36500	0.1309	2725	177.15
-0.103	1.79	36500	0.1309	2750	181.74
-0.103	1.79	36500	0.1309	2775	186.19
-0.103	1.79	36500	0.1309	2800	190.81
-0.103	1.79	36500	0.1309	2825	195.06
-0.103	1.79	36500	0.1309	2850	199.82
-0.103	1.79	36500	0.13963	2675	170.58
-0.103	1.79	36500	0.13963	2700	175.05
-0.103	1.79	36500	0.13963	2725	179.4
-0.103	1.79	36500	0.13963	2750	183.73
-0.103	1.79	36500	0.13963	2775	188.35
-0.103	1.79	36500	0.13963	2800	192.95
-0.103	1.79	36500	0.13963	2825	197.55
-0.103	1.79	36500	0.13963	2850	202.16
-0.103	1.79	36500	0.14835	2675	172.92
-0.103	1.79	36500	0.14835	2700	177.08
-0.103	1.79	36500	0.14835	2725	137.15
-0.103	1.79	36500	0.14835	2750	142.37
-0.103	1.79	36500	0.14835	2775	143.33
-0.103	1.79	36500	0.14835	2800	195.2
-0.103	1.79	36500	0.14835	2825	199.55
-0.103	1.79	36500	0.14835	2850	157.07
-0.103	1.79	36500	0.15708	2675	174.53
-0.103	1.79	36500	0.15708	2700	179.4
-0.103	1.79	36500	0.15708	2725	132.47
-0.103	1.79	36500	0.15708	2750	188.14
-0.103	1.79	36500	0.15708	2775	192.63
-0.103	1.79	36500	0.15708	2800	197.25
-0.103	1.79	36500	0.15708	2825	201.87
-0.103	1.79	36500	0.15708	2850	206.33
-0.103	1.79	37000	0.11345	2675	164.18
-0.103	1.79	37000	0.11345	2700	168.47
-0.103	1.79	37000	0.11345	2725	173.13
-0.103	1.79	37000	0.11345	2750	177.4
-0.103	1.79	37000	0.11345	2775	181.57
-0.103	1.79	37000	0.11345	2800	186.16
-0.103	1.79	37000	0.11345	2825	190.76
-0.103	1.79	37000	0.11345	2850	195.29
-0.103	1.79	37000	0.12217	2675	166.28
-0.103	1.79	37000	0.12217	2700	170.59
-0.103	1.79	37000	0.12217	2725	174.58
-0.103	1.79	37000	0.12217	2750	179.65
-0.103	1.79	37000	0.12217	2775	184.22
-0.103	1.79	37000	0.12217	2800	188.72
-0.103	1.79	37000	0.12217	2825	193.17
-0.103	1.79	37000	0.12217	2850	197.63
-0.103	1.79	37000	0.1309	2675	168.95
-0.103	1.79	37000	0.1309	2700	173.11
-0.103	1.79	37000	0.1309	2725	177.54
-0.103	1.79	37000	0.1309	2750	181.98
-0.103	1.79	37000	0.1309	2775	186.38
-0.103	1.79	37000	0.1309	2800	155.95
-0.103	1.79	37000	0.1309	2825	159.14
-0.103	1.79	37000	0.1309	2850	200
-0.103	1.79	37000	0.13963	2675	171.01
-0.103	1.79	37000	0.13963	2700	175.37
-0.103	1.79	37000	0.13963	2725	139.16
-0.103	1.79	37000	0.13963	2750	142.5
-0.103	1.79	37000	0.13963	2775	188.7
-0.103	1.79	37000	0.13963	2800	193.24
-0.103	1.79	37000	0.13963	2825	155.1
-0.103	1.79	37000	0.13963	2850	161.69
-0.103	1.79	37000	0.14835	2675	173.16
-0.103	1.79	37000	0.14835	2700	177.4
-0.103	1.79	37000	0.14835	2725	181.82
-0.103	1.79	37000	0.14835	2750	186.4
-0.103	1.79	37000	0.14835	2775	144.12
-0.103	1.79	37000	0.14835	2800	147.04
-0.103	1.79	37000	0.14835	2825	200.14
-0.103	1.79	37000	0.14835	2850	156.2
-0.103	1.79	37000	0.15708	2675	124.75
-0.103	1.79	37000	0.15708	2700	129.04
-0.103	1.79	37000	0.15708	2725	132.89
-0.103	1.79	37000	0.15708	2750	137.25
-0.103	1.79	37000	0.15708	2775	141.12
-0.103	1.79	37000	0.15708	2800	144.58
-0.103	1.79	37000	0.15708	2825	202.1
-0.103	1.79	37000	0.15708	2850	155.68
-0.103	1.79	37500	0.11345	2675	164.11
-0.103	1.79	37500	0.11345	2700	168.87
-0.103	1.79	37500	0.11345	2725	172.96
-0.103	1.79	37500	0.11345	2750	177.51
-0.103	1.79	37500	0.11345	2775	182
-0.103	1.79	37500	0.11345	2800	186.38
-0.103	1.79	37500	0.11345	2825	190.7
-0.103	1.79	37500	0.11345	2850	195.07
-0.103	1.79	37500	0.12217	2675	134.85
-0.103	1.79	37500	0.12217	2700	170.96
-0.103	1.79	37500	0.12217	2725	175.45
-0.103	1.79	37500	0.12217	2750	179.88
-0.103	1.79	37500	0.12217	2775	184.44
-0.103	1.79	37500	0.12217	2800	188.89
-0.103	1.79	37500	0.12217	2825	193.31
-0.103	1.79	37500	0.12217	2850	197.94
-0.103	1.79	37500	0.1309	2675	142.73
-0.103	1.79	37500	0.1309	2700	173.29
-0.103	1.79	37500	0.1309	2725	147.07
-0.103	1.79	37500	0.1309	2750	182.24
-0.103	1.79	37500	0.1309	2775	186.75
-0.103	1.79	37500	0.1309	2800	191.25
-0.103	1.79	37500	0.1309	2825	195.78
-0.103	1.79	37500	0.1309	2850	200.45
-0.103	1.79	37500	0.13963	2675	128.6
-0.103	1.79	37500	0.13963	2700	135.62
-0.103	1.79	37500	0.13963	2725	142.37
-0.103	1.79	37500	0.13963	2750	184.54
-0.103	1.79	37500	0.13963	2775	189.01
-0.103	1.79	37500	0.13963	2800	157.39
-0.103	1.79	37500	0.13963	2825	198.11
-0.103	1.79	37500	0.13963	2850	160.16
-0.103	1.79	37500	0.14835	2675	173.42
-0.103	1.79	37500	0.14835	2700	131.13
-0.103	1.79	37500	0.14835	2725	182.39
-0.103	1.79	37500	0.14835	2750	139.21
-0.103	1.79	37500	0.14835	2775	145.28
-0.103	1.79	37500	0.14835	2800	149.23
-0.103	1.79	37500	0.14835	2825	200.47
-0.103	1.79	37500	0.14835	2850	204.99
-0.103	1.79	37500	0.15708	2675	175.39
-0.103	1.79	37500	0.15708	2700	126.99
-0.103	1.79	37500	0.15708	2725	132.57
-0.103	1.79	37500	0.15708	2750	136.02
-0.103	1.79	37500	0.15708	2775	141.4
-0.103	1.79	37500	0.15708	2800	144.28
-0.103	1.79	37500	0.15708	2825	129.54
-0.103	1.79	37500	0.15708	2850	151.95
-0.103	1.79	38000	0.11345	2675	164.48
-0.103	1.79	38000	0.11345	2700	168.7
-0.103	1.79	38000	0.11345	2725	172.84
-0.103	1.79	38000	0.11345	2750	177.81
-0.103	1.79	38000	0.11345	2775	182.08
-0.103	1.79	38000	0.11345	2800	186.51
-0.103	1.79	38000	0.11345	2825	190.94
-0.103	1.79	38000	0.11345	2850	195.72
-0.103	1.79	38000	0.12217	2675	166.68
-0.103	1.79	38000	0.12217	2700	171.25
-0.103	1.79	38000	0.12217	2725	175.58
-0.103	1.79	38000	0.12217	2750	147.41
-0.103	1.79	38000	0.12217	2775	184.56
-0.103	1.79	38000	0.12217	2800	189.23
-0.103	1.79	38000	0.12217	2825	193.72
-0.103	1.79	38000	0.12217	2850	198.11
-0.103	1.79	38000	0.1309	2675	169.12
-0.103	1.79	38000	0.1309	2700	173.3
-0.103	1.79	38000	0.1309	2725	177.87
-0.103	1.79	38000	0.1309	2750	182.58
-0.103	1.79	38000	0.1309	2775	187.02
-0.103	1.79	38000	0.1309	2800	191.52
-0.103	1.79	38000	0.1309	2825	160.96
-0.103	1.79	38000	0.1309	2850	200.65
-0.103	1.79	38000	0.13963	2675	131.04
-0.103	1.79	38000	0.13963	2700	135.93
-0.103	1.79	38000	0.13963	2725	137.35
-0.103	1.79	38000	0.13963	2750	184.84
-0.103	1.79	38000	0.13963	2775	142.92
-0.103	1.79	38000	0.13963	2800	193.78
-0.103	1.79	38000	0.13963	2825	153.02
-0.103	1.79	38000	0.13963	2850	160.11
-0.103	1.79	38000	0.14835	2675	124.91
-0.103	1.79	38000	0.14835	2700	129.27
-0.103	1.79	38000	0.14835	2725	133.62
-0.103	1.79	38000	0.14835	2750	138.73
-0.103	1.79	38000	0.14835	2775	143.62
-0.103	1.79	38000	0.14835	2800	148.55
-0.103	1.79	38000	0.14835	2825	200.87
-0.103	1.79	38000	0.14835	2850	157.67
-0.103	1.79	38000	0.15708	2675	123.98
-0.103	1.79	38000	0.15708	2700	127.42
-0.103	1.79	38000	0.15708	2725	131.19
-0.103	1.79	38000	0.15708	2750	136.1
-0.103	1.79	38000	0.15708	2775	139.47
-0.103	1.79	38000	0.15708	2800	144.57
-0.103	1.79	38000	0.15708	2825	203.08
-0.103	1.79	38000	0.15708	2850	155.31
-0.103	1.79	38500	0.11345	2675	139.03
-0.103	1.79	38500	0.11345	2700	168.96
-0.103	1.79	38500	0.11345	2725	172.95
-0.103	1.79	38500	0.11345	2750	178.19
-0.103	1.79	38500	0.11345	2775	182.3
-0.103	1.79	38500	0.11345	2800	186.68
-0.103	1.79	38500	0.11345	2825	190.91
-0.103	1.79	38500	0.11345	2850	195.6
-0.103	1.79	38500	0.12217	2675	167.11
-0.103	1.79	38500	0.12217	2700	171.55
-0.103	1.79	38500	0.12217	2725	175.73
-0.103	1.79	38500	0.12217	2750	146.45
-0.103	1.79	38500	0.12217	2775	184.65
-0.103	1.79	38500	0.12217	2800	189.18
-0.103	1.79	38500	0.12217	2825	193.75
-0.103	1.79	38500	0.12217	2850	198.78
-0.103	1.79	38500	0.1309	2675	169.62
-0.103	1.79	38500	0.1309	2700	173.83
-0.103	1.79	38500	0.1309	2725	178.41
-0.103	1.79	38500	0.1309	2750	182.77
-0.103	1.79	38500	0.1309	2775	151.04
-0.103	1.79	38500	0.1309	2800	191.82
-0.103	1.79	38500	0.1309	2825	196.33
-0.103	1.79	38500	0.1309	2850	201.01
-0.103	1.79	38500	0.13963	2675	171.47
-0.103	1.79	38500	0.13963	2700	176.39
-0.103	1.79	38500	0.13963	2725	138.4
-0.103	1.79	38500	0.13963	2750	185.19
-0.103	1.79	38500	0.13963	2775	145.5
-0.103	1.79	38500	0.13963	2800	194.15
-0.103	1.79	38500	0.13963	2825	153.16
-0.103	1.79	38500	0.13963	2850	203.33
-0.103	1.79	38500	0.14835	2675	125.81
-0.103	1.79	38500	0.14835	2700	178.58
-0.103	1.79	38500	0.14835	2725	133.36
-0.103	1.79	38500	0.14835	2750	187.46
-0.103	1.79	38500	0.14835	2775	142.99
-0.103	1.79	38500	0.14835	2800	123.43
-0.103	1.79	38500	0.14835	2825	201.05
-0.103	1.79	38500	0.14835	2850	153.82
-0.103	1.79	38500	0.15708	2675	122.42
-0.103	1.79	38500	0.15708	2700	127.08
-0.103	1.79	38500	0.15708	2725	130.28
-0.103	1.79	38500	0.15708	2750	134.28
-0.103	1.79	38500	0.15708	2775	138.99
-0.103	1.79	38500	0.15708	2800	142.87
-0.103	1.79	38500	0.15708	2825	203.42
-0.103	1.79	38500	0.15708	2850	152.59
-0.103	1.79	39000	0.11345	2675	165
-0.103	1.79	39000	0.11345	2700	169.19
-0.103	1.79	39000	0.11345	2725	173.66
-0.103	1.79	39000	0.11345	2750	177.94
-0.103	1.79	39000	0.11345	2775	182.48
-0.103	1.79	39000	0.11345	2800	187.11
-0.103	1.79	39000	0.11345	2825	191.59
-0.103	1.79	39000	0.11345	2850	196.15
-0.103	1.79	39000	0.12217	2675	167.44
-0.103	1.79	39000	0.12217	2700	171.74
-0.103	1.79	39000	0.12217	2725	176.11
-0.103	1.79	39000	0.12217	2750	180.51
-0.103	1.79	39000	0.12217	2775	149.94
-0.103	1.79	39000	0.12217	2800	189.22
-0.103	1.79	39000	0.12217	2825	159.79
-0.103	1.79	39000	0.12217	2850	198.89
-0.103	1.79	39000	0.1309	2675	130.88
-0.103	1.79	39000	0.1309	2700	134.34
-0.103	1.79	39000	0.1309	2725	178.66
-0.103	1.79	39000	0.1309	2750	183.04
-0.103	1.79	39000	0.1309	2775	152.3
-0.103	1.79	39000	0.1309	2800	192.18
-0.103	1.79	39000	0.1309	2825	147.57
-0.103	1.79	39000	0.1309	2850	165.2
-0.103	1.79	39000	0.13963	2675	126.65
-0.103	1.79	39000	0.13963	2700	136.06
-0.103	1.79	39000	0.13963	2725	180.96
-0.103	1.79	39000	0.13963	2750	115.86
-0.103	1.79	39000	0.13963	2775	190.07
-0.103	1.79	39000	0.13963	2800	148.05
-0.103	1.79	39000	0.13963	2825	153.32
-0.103	1.79	39000	0.13963	2850	203.78
-0.103	1.79	39000	0.14835	2675	124.77
-0.103	1.79	39000	0.14835	2700	128.82
-0.103	1.79	39000	0.14835	2725	131.81
-0.103	1.79	39000	0.14835	2750	136.91
-0.103	1.79	39000	0.14835	2775	141.87
-0.103	1.79	39000	0.14835	2800	145.61
-0.103	1.79	39000	0.14835	2825	157.14
-0.103	1.79	39000	0.14835	2850	206.19
-0.103	1.79	39000	0.15708	2675	122.38
-0.103	1.79	39000	0.15708	2700	126.57
-0.103	1.79	39000	0.15708	2725	130.94
-0.103	1.79	39000	0.15708	2750	134.12
-0.103	1.79	39000	0.15708	2775	138.27
-0.103	1.79	39000	0.15708	2800	142.79
-0.103	1.79	39000	0.15708	2825	147.43
-0.103	1.79	39000	0.15708	2850	151.32
-0.103	1.79	39500	0.11345	2675	165.27
-0.103	1.79	39500	0.11345	2700	169.48
-0.103	1.79	39500	0.11345	2725	174.06
-0.103	1.79	39500	0.11345	2750	178.45
-0.103	1.79	39500	0.11345	2775	182.62
-0.103	1.79	39500	0.11345	2800	187.28
-0.103	1.79	39500	0.11345	2825	191.93
-0.103	1.79	39500	0.11345	2850	196.46
-0.103	1.79	39500	0.12217	2675	167.81
-0.103	1.79	39500	0.12217	2700	144.78
-0.103	1.79	39500	0.12217	2725	176.49
-0.103	1.79	39500	0.12217	2750	180.96
-0.103	1.79	39500	0.12217	2775	149.1
-0.103	1.79	39500	0.12217	2800	189.78
-0.103	1.79	39500	0.12217	2825	158.19
-0.103	1.79	39500	0.12217	2850	199.17
-0.103	1.79	39500	0.1309	2675	129.9
-0.103	1.79	39500	0.1309	2700	174.49
-0.103	1.79	39500	0.1309	2725	138.56
-0.103	1.79	39500	0.1309	2750	183.45
-0.103	1.79	39500	0.1309	2775	152.21
-0.103	1.79	39500	0.1309	2800	192.28
-0.103	1.79	39500	0.1309	2825	143.97
-0.103	1.79	39500	0.1309	2850	201.74
-0.103	1.79	39500	0.13963	2675	99.867
-0.103	1.79	39500	0.13963	2700	138.31
-0.103	1.79	39500	0.13963	2725	146.74
-0.103	1.79	39500	0.13963	2750	139.92
-0.103	1.79	39500	0.13963	2775	146.29
-0.103	1.79	39500	0.13963	2800	147.13
-0.103	1.79	39500	0.13963	2825	151.65
-0.103	1.79	39500	0.13963	2850	204.13
-0.103	1.79	39500	0.14835	2675	174.71
-0.103	1.79	39500	0.14835	2700	127.46
-0.103	1.79	39500	0.14835	2725	131.72
-0.103	1.79	39500	0.14835	2750	135.38
-0.103	1.79	39500	0.14835	2775	139.21
-0.103	1.79	39500	0.14835	2800	197.22
-0.103	1.79	39500	0.14835	2825	149.01
-0.103	1.79	39500	0.14835	2850	154.1
-0.103	1.79	39500	0.15708	2675	123.04
-0.103	1.79	39500	0.15708	2700	125.81
-0.103	1.79	39500	0.15708	2725	130.03
-0.103	1.79	39500	0.15708	2750	134.8
-0.103	1.79	39500	0.15708	2775	137.82
-0.103	1.79	39500	0.15708	2800	141.86
-0.103	1.79	39500	0.15708	2825	146.6
-0.103	1.79	39500	0.15708	2850	151.59
-0.103	1.79	40000	0.11345	2675	165.29
-0.103	1.79	40000	0.11345	2700	139.95
-0.103	1.79	40000	0.11345	2725	174.23
-0.103	1.79	40000	0.11345	2750	178.62
-0.103	1.79	40000	0.11345	2775	183.1
-0.103	1.79	40000	0.11345	2800	187.43
-0.103	1.79	40000	0.11345	2825	192.1
-0.103	1.79	40000	0.11345	2850	196.72
-0.103	1.79	40000	0.12217	2675	168.04
-0.103	1.79	40000	0.12217	2700	144.2
-0.103	1.79	40000	0.12217	2725	176.7
-0.103	1.79	40000	0.12217	2750	146.58
-0.103	1.79	40000	0.12217	2775	148.05
-0.103	1.79	40000	0.12217	2800	152.61
-0.103	1.79	40000	0.12217	2825	157.3
-0.103	1.79	40000	0.12217	2850	199.24
-0.103	1.79	40000	0.1309	2675	133.44
-0.103	1.79	40000	0.1309	2700	133.35
-0.103	1.79	40000	0.1309	2725	137.75
-0.103	1.79	40000	0.1309	2750	183.68
-0.103	1.79	40000	0.1309	2775	148.91
-0.103	1.79	40000	0.1309	2800	150.15
-0.103	1.79	40000	0.1309	2825	156.68
-0.103	1.79	40000	0.1309	2850	161.65
-0.103	1.79	40000	0.13963	2675	127.7
-0.103	1.79	40000	0.13963	2700	132.56
-0.103	1.79	40000	0.13963	2725	137.39
-0.103	1.79	40000	0.13963	2750	142.77
-0.103	1.79	40000	0.13963	2775	144.86
-0.103	1.79	40000	0.13963	2800	145.84
-0.103	1.79	40000	0.13963	2825	152.9
-0.103	1.79	40000	0.13963	2850	155.46
-0.103	1.79	40000	0.14835	2675	126.7
-0.103	1.79	40000	0.14835	2700	179.61
-0.103	1.79	40000	0.14835	2725	132.04
-0.103	1.79	40000	0.14835	2750	135.47
-0.103	1.79	40000	0.14835	2775	140.14
-0.103	1.79	40000	0.14835	2800	144.49
-0.103	1.79	40000	0.14835	2825	202.33
-0.103	1.79	40000	0.14835	2850	153.05
-0.103	1.79	40000	0.15708	2675	119.52
-0.103	1.79	40000	0.15708	2700	124.94
-0.103	1.79	40000	0.15708	2725	129.12
-0.103	1.79	40000	0.15708	2750	133.15
-0.103	1.79	40000	0.15708	2775	137.1
-0.103	1.79	40000	0.15708	2800	141.47
-0.103	1.79	40000	0.15708	2825	145.75
-0.103	1.79	40000	0.15708	2850	209.42
