9  0.00  0.061 0.000 0.061 0.000 
9  2.00  0.060 0.078 0.063 0.076 
9  4.00  0.060 0.190 0.073 0.185 
9  6.00  0.060 0.317 0.093 0.309 
9  8.00  0.060 0.456 0.123 0.443 
9  10.00 0.060 0.613 0.165 0.593 
9  12.00 0.059 0.798 0.224 0.769 
9  14.00 0.059 1.004 0.300 0.960 
9  16.00 0.058 1.228 0.394 1.164 
9  18.00 0.058 1.469 0.509 1.379 
9  20.00 0.057 1.725 0.644 1.602 
10 0.00  0.058 0.000 0.058 0.000
10 2.00  0.058 0.078 0.061 0.076
10 4.00  0.058 0.190 0.071 0.185
10 6.00  0.058 0.313 0.091 0.306
10 8.00  0.058 0.451 0.120 0.439
10 10.00 0.058 0.612 0.163 0.593
10 12.00 0.057 0.799 0.222 0.769
10 14.00 0.057 1.004 0.298 0.961
10 16.00 0.056 1.228 0.393 1.165
10 18.00 0.056 1.469 0.507 1.380
10 20.00 0.055 1.726 0.642 1.603
11 0.00  0.056 0.000 0.056 0.000
11 2.00  0.056 0.078 0.059 0.076
11 4.00  0.056 0.190 0.069 0.186
11 6.00  0.056 0.310 0.088 0.303
11 8.00  0.056 0.448 0.117 0.436
11 10.00 0.055 0.613 0.161 0.594
11 12.00 0.055 0.799 0.220 0.770
11 14.00 0.055 1.005 0.296 0.962
11 16.00 0.054 1.229 0.391 1.166
11 18.00 0.054 1.470 0.505 1.381
11 20.00 0.053 1.726 0.641 1.604
12 0.00  0.053 0.000 0.053 0.000
12 2.00  0.053 0.079 0.056 0.077
12 4.00  0.053 0.189 0.066 0.185
12 6.00  0.053 0.307 0.085 0.300
12 8.00  0.053 0.447 0.115 0.435
12 10.00 0.053 0.613 0.158 0.594
12 12.00 0.052 0.799 0.218 0.771
12 14.00 0.052 1.005 0.294 0.963
12 16.00 0.052 1.229 0.388 1.167
12 18.00 0.051 1.470 0.503 1.382
12 20.00 0.051 1.727 0.638 1.605
13 0.00  0.049 0.000 0.049 0.000 
13 2.00  0.049 0.079 0.052 0.077 
13 4.00  0.049 0.187 0.062 0.183 
13 6.00  0.049 0.305 0.080 0.298 
13 8.00  0.049 0.447 0.110 0.436 
13 10.00 0.049 0.613 0.154 0.595 
13 12.00 0.048 0.800 0.213 0.772 
13 14.00 0.048 1.005 0.290 0.964 
13 16.00 0.048 1.229 0.385 1.168 
13 18.00 0.047 1.470 0.499 1.384 
13 20.00 0.047 1.727 0.635 1.607 
14 0.00  0.050 0.000 0.050 0.000 
14 2.00  0.050 0.079 0.053 0.077 
14 4.00  0.050 0.185 0.063 0.181 
14 6.00  0.050 0.303 0.082 0.296 
14 8.00  0.050 0.447 0.112 0.436 
14 10.00 0.050 0.613 0.156 0.595 
14 12.00 0.050 0.800 0.215 0.772 
14 14.00 0.049 1.005 0.291 0.964 
14 16.00 0.049 1.229 0.386 1.168 
14 18.00 0.049 1.470 0.501 1.383 
14 20.00 0.048 1.727 0.636 1.607 
15 0.00  0.053 0.000 0.053 0.000 
15 2.00  0.053 0.080 0.055 0.078 
15 4.00  0.053 0.184 0.065 0.180 
15 6.00  0.052 0.302 0.084 0.295 
15 8.00  0.052 0.447 0.114 0.435 
15 10.00 0.052 0.613 0.158 0.595 
15 12.00 0.052 0.800 0.217 0.772 
15 14.00 0.051 1.006 0.293 0.963 
15 16.00 0.051 1.229 0.388 1.168 
15 18.00 0.051 1.471 0.503 1.383 
15 20.00 0.050 1.727 0.638 1.606 
16 0.00  0.055 0.000 0.055 0.000 
16 2.00  0.055 0.080 0.057 0.078 
16 4.00  0.055 0.183 0.067 0.179 
16 6.00  0.054 0.302 0.086 0.295 
16 8.00  0.054 0.447 0.116 0.435 
16 10.00 0.054 0.613 0.160 0.595 
16 12.00 0.054 0.800 0.219 0.771 
16 14.00 0.053 1.006 0.295 0.963 
16 16.00 0.053 1.230 0.390 1.167 
16 18.00 0.053 1.471 0.504 1.382 
16 20.00 0.052 1.728 0.640 1.606 
17 0.00  0.057 0.000 0.057 0.000 
17 2.00  0.057 0.081 0.060 0.079 
17 4.00  0.057 0.182 0.070 0.178 
17 6.00  0.057 0.302 0.088 0.294 
17 8.00  0.057 0.447 0.118 0.435 
17 10.00 0.056 0.613 0.162 0.594 
17 12.00 0.056 0.800 0.221 0.771 
17 14.00 0.056 1.006 0.297 0.962 
17 16.00 0.055 1.230 0.392 1.167 
17 18.00 0.055 1.471 0.507 1.382 
17 20.00 0.054 1.728 0.642 1.605 