9	0.00 	 0.076	 0.000 	0.076	0.000
9	2.00 	 0.076	 0.089 	0.079	0.086
9	4.00 	 0.076	 0.232 	0.092	0.226
9	6.00 	 0.075	 0.400 	0.117	0.390
9	8.00 	 0.075	 0.586 	0.156	0.570
9	10.00 	 0.075	 0.801 	0.213	0.776
9	12.00 	 0.074	 1.062 	0.293	1.023
9	14.00 	 0.073	 1.356 	0.399	1.298
9	16.00 	 0.073	 1.680 	0.533	1.594
9	18.00 	 0.072	 2.032 	0.696	1.910
9	20.00 	 0.071	 2.410 	0.891	2.240
10	0.00 	0.073	0.000	0.073	0.000					
10  2.00    0.073   0.089   0.076   0.086
10  4.00    0.073   0.232   0.089   0.227
10  6.00    0.072   0.393   0.113   0.384
10  8.00    0.072   0.578   0.152   0.562
10  10.00   0.072   0.800   0.210   0.775
10  12.00   0.071   1.063   0.291   1.024
10  14.00   0.071   1.356   0.397   1.299
10  16.00   0.070   1.680   0.530   1.596
10  18.00   0.069   2.032   0.694   1.911
10  20.00   0.068   2.411   0.889   2.242
11	0.00 	0.070	0.000	0.070	0.000						
11  2.00    0.070   0.089   0.073   0.087
11  4.00    0.070   0.232   0.086   0.227
11  6.00    0.070   0.389   0.110   0.379
11  8.00    0.069   0.572   0.148   0.557
11  10.00   0.069   0.800   0.207   0.776
11  12.00   0.068   1.063   0.288   1.025
11  14.00   0.068   1.357   0.394   1.300
11  16.00   0.067   1.681   0.528   1.597
11  18.00   0.067   2.033   0.692   1.913
11	20.00 	0.066	2.411	0.887	2.243	
12	0.00 	0.070	0.000 	0.070	0.000			
12  2.00    0.070   0.089   0.073   0.087
12  4.00    0.070   0.232   0.086   0.227
12  6.00    0.070   0.389   0.110   0.379
12  8.00    0.069   0.572   0.148   0.557
12  10.00   0.069   0.800   0.207   0.776
12  12.00   0.068   1.063   0.288   1.025
12  14.00   0.068   1.357   0.394   1.300
12  16.00   0.067   1.681   0.528   1.597
12  18.00   0.067   2.033   0.692   1.913
12	20.00	0.066	2.411   0.887   2.243
13	0.00 	0.059	0.000	0.059	0.000			
13  2.00    0.059   0.091   0.062   0.089
13  4.00    0.059   0.227   0.075   0.222
13  6.00    0.059   0.380   0.098   0.372
13  8.00    0.059   0.571   0.138   0.557
13  10.00   0.059   0.801   0.197   0.778
13  12.00   0.058   1.063   0.278   1.028
13  14.00   0.058   1.357   0.385   1.303
13  16.00   0.057   1.681   0.519   1.600
13  18.00   0.057   2.033   0.683   1.916
13  20.00   0.056   2.412   0.878   2.247
14	0.00 	0.059	0.000	0.059	0.000 					
14  2.00    0.059   0.091   0.062   0.089 
14  4.00    0.059   0.224   0.074   0.220 
14  6.00    0.058   0.377   0.098   0.369 
14  8.00    0.058   0.571   0.137   0.557 
14  10.00   0.058   0.801   0.196   0.779 
14  12.00   0.058   1.063   0.278   1.028 
14  14.00   0.057   1.357   0.384   1.303 
14  16.00   0.057   1.681   0.518   1.600 
14  18.00   0.056   2.033   0.682   1.916 
14  20.00   0.056   2.412   0.878   2.248 
15	0.00 	0.062	0.000	0.062	 0.000					
15  2.00    0.062   0.092   0.065    0.090
15  4.00    0.062   0.222   0.077    0.218
15  6.00    0.062   0.376   0.100    0.367
15  8.00    0.061   0.571   0.140    0.557
15  10.00   0.061   0.801   0.199    0.778
15  12.00   0.061   1.064   0.280    1.028
15  14.00   0.060   1.358   0.387    1.303
15  16.00   0.060   1.681   0.521    1.600
15  18.00   0.059   2.034   0.685    1.916
15  20.00   0.059   2.412   0.880    2.247
16	0.00 	0.065	0.000	0.065	0.000						
16  2.00    0.065   0.093   0.068   0.090
16  4.00    0.065   0.221   0.080   0.216
16  6.00    0.064   0.375   0.103   0.366
16  8.00    0.064   0.571   0.143   0.557
16  10.00   0.064   0.801   0.202   0.778
16  12.00   0.063   1.064   0.283   1.027
16  14.00   0.063   1.358   0.390   1.302
16  16.00   0.062   1.682   0.524   1.599
16  18.00   0.062   2.034   0.687   1.915
16  20.00   0.061   2.413   0.883   2.246
17	0.00 	0.068	0.000	0.068	0.000					
17  2.00    0.068   0.093   0.071   0.091
17  4.00    0.068   0.219   0.083   0.214
17  6.00    0.068   0.375   0.107   0.366
17  8.00    0.067   0.571   0.146   0.556
17  10.00   0.067   0.801   0.205   0.777
17  12.00   0.067   1.064   0.286   1.027
17  14.00   0.066   1.358   0.393   1.301
17  16.00   0.066   1.682   0.527   1.598
17  18.00   0.065   2.034   0.690   1.914
17  20.00   0.064   2.413   0.886   2.245


