-0.103	1.79	34000	0.05236	2675	148.27
-0.103	1.79	34000	0.05236	2700	151.92
-0.103	1.79	34000	0.05236	2725	156.32
-0.103	1.79	34000	0.05236	2750	160.22
-0.103	1.79	34000	0.05236	2775	161.37
-0.103	1.79	34000	0.05236	2800	168.57
-0.103	1.79	34000	0.05236	2825	172.88
-0.103	1.79	34000	0.05236	2850	176.94
-0.103	1.79	34000	0.061087	2675	150.43
-0.103	1.79	34000	0.061087	2700	153.73
-0.103	1.79	34000	0.061087	2725	158.53
-0.103	1.79	34000	0.061087	2750	162.21
-0.103	1.79	34000	0.061087	2775	166.73
-0.103	1.79	34000	0.061087	2800	170.8
-0.103	1.79	34000	0.061087	2825	174.83
-0.103	1.79	34000	0.061087	2850	179.16
-0.103	1.79	34000	0.069813	2675	152.09
-0.103	1.79	34000	0.069813	2700	156.49
-0.103	1.79	34000	0.069813	2725	160.42
-0.103	1.79	34000	0.069813	2750	164.85
-0.103	1.79	34000	0.069813	2775	168.86
-0.103	1.79	34000	0.069813	2800	173.08
-0.103	1.79	34000	0.069813	2825	177.18
-0.103	1.79	34000	0.069813	2850	181.63
-0.103	1.79	34000	0.07854	2675	154.53
-0.103	1.79	34000	0.07854	2700	158.73
-0.103	1.79	34000	0.07854	2725	162.95
-0.103	1.79	34000	0.07854	2750	167.16
-0.103	1.79	34000	0.07854	2775	171.04
-0.103	1.79	34000	0.07854	2800	175.15
-0.103	1.79	34000	0.07854	2825	179.78
-0.103	1.79	34000	0.07854	2850	184.07
-0.103	1.79	34000	0.087266	2675	156.05
-0.103	1.79	34000	0.087266	2700	160.69
-0.103	1.79	34000	0.087266	2725	164.73
-0.103	1.79	34000	0.087266	2750	168.65
-0.103	1.79	34000	0.087266	2775	173.31
-0.103	1.79	34000	0.087266	2800	177.56
-0.103	1.79	34000	0.087266	2825	182.15
-0.103	1.79	34000	0.087266	2850	186.58
-0.103	1.79	34000	0.095993	2675	158.61
-0.103	1.79	34000	0.095993	2700	163.39
-0.103	1.79	34000	0.095993	2725	167.34
-0.103	1.79	34000	0.095993	2750	171.59
-0.103	1.79	34000	0.095993	2775	175.41
-0.103	1.79	34000	0.095993	2800	180.03
-0.103	1.79	34000	0.095993	2825	184.43
-0.103	1.79	34000	0.095993	2850	188.74
-0.103	1.79	34000	0.10472	2675	160.84
-0.103	1.79	34000	0.10472	2700	164.97
-0.103	1.79	34000	0.10472	2725	169.5
-0.103	1.79	34000	0.10472	2750	173.7
-0.103	1.79	34000	0.10472	2775	177.92
-0.103	1.79	34000	0.10472	2800	182.38
-0.103	1.79	34000	0.10472	2825	186.93
-0.103	1.79	34000	0.10472	2850	191.37
-0.103	1.79	34000	0.11345	2675	162.85
-0.103	1.79	34000	0.11345	2700	167.21
-0.103	1.79	34000	0.11345	2725	171.59
-0.103	1.79	34000	0.11345	2750	175.96
-0.103	1.79	34000	0.11345	2775	180.37
-0.103	1.79	34000	0.11345	2800	184.65
-0.103	1.79	34000	0.11345	2825	189.21
-0.103	1.79	34000	0.11345	2850	193.64
-0.103	1.79	34000	0.12217	2675	165.1
-0.103	1.79	34000	0.12217	2700	169.58
-0.103	1.79	34000	0.12217	2725	173.78
-0.103	1.79	34000	0.12217	2750	178.21
-0.103	1.79	34000	0.12217	2775	182.57
-0.103	1.79	34000	0.12217	2800	186.96
-0.103	1.79	34000	0.12217	2825	191.52
-0.103	1.79	34000	0.12217	2850	195.96
-0.103	1.79	34500	0.05236	2675	148.57
-0.103	1.79	34500	0.05236	2700	152.2
-0.103	1.79	34500	0.05236	2725	156.63
-0.103	1.79	34500	0.05236	2750	160.52
-0.103	1.79	34500	0.05236	2775	164.73
-0.103	1.79	34500	0.05236	2800	169.12
-0.103	1.79	34500	0.05236	2825	173.04
-0.103	1.79	34500	0.05236	2850	177.37
-0.103	1.79	34500	0.061087	2675	150.2
-0.103	1.79	34500	0.061087	2700	154.34
-0.103	1.79	34500	0.061087	2725	158.62
-0.103	1.79	34500	0.061087	2750	162.84
-0.103	1.79	34500	0.061087	2775	167.32
-0.103	1.79	34500	0.061087	2800	171.04
-0.103	1.79	34500	0.061087	2825	175.44
-0.103	1.79	34500	0.061087	2850	179.58
-0.103	1.79	34500	0.069813	2675	152.42
-0.103	1.79	34500	0.069813	2700	156.12
-0.103	1.79	34500	0.069813	2725	160.46
-0.103	1.79	34500	0.069813	2750	165.18
-0.103	1.79	34500	0.069813	2775	169.47
-0.103	1.79	34500	0.069813	2800	173.56
-0.103	1.79	34500	0.069813	2825	177.5
-0.103	1.79	34500	0.069813	2850	182.02
-0.103	1.79	34500	0.07854	2675	154.85
-0.103	1.79	34500	0.07854	2700	159.01
-0.103	1.79	34500	0.07854	2725	163.08
-0.103	1.79	34500	0.07854	2750	167.57
-0.103	1.79	34500	0.07854	2775	171.52
-0.103	1.79	34500	0.07854	2800	176.06
-0.103	1.79	34500	0.07854	2825	179.98
-0.103	1.79	34500	0.07854	2850	184.45
-0.103	1.79	34500	0.087266	2675	156.45
-0.103	1.79	34500	0.087266	2700	161.18
-0.103	1.79	34500	0.087266	2725	165.32
-0.103	1.79	34500	0.087266	2750	169.59
-0.103	1.79	34500	0.087266	2775	173.79
-0.103	1.79	34500	0.087266	2800	178.12
-0.103	1.79	34500	0.087266	2825	182.47
-0.103	1.79	34500	0.087266	2850	187.01
-0.103	1.79	34500	0.095993	2675	158.95
-0.103	1.79	34500	0.095993	2700	163.26
-0.103	1.79	34500	0.095993	2725	167.43
-0.103	1.79	34500	0.095993	2750	171.64
-0.103	1.79	34500	0.095993	2775	175.28
-0.103	1.79	34500	0.095993	2800	180.51
-0.103	1.79	34500	0.095993	2825	184.68
-0.103	1.79	34500	0.095993	2850	189.07
-0.103	1.79	34500	0.10472	2675	161.19
-0.103	1.79	34500	0.10472	2700	165.03
-0.103	1.79	34500	0.10472	2725	169.75
-0.103	1.79	34500	0.10472	2750	173.73
-0.103	1.79	34500	0.10472	2775	178.27
-0.103	1.79	34500	0.10472	2800	182.84
-0.103	1.79	34500	0.10472	2825	187.03
-0.103	1.79	34500	0.10472	2850	191.76
-0.103	1.79	34500	0.11345	2675	163.21
-0.103	1.79	34500	0.11345	2700	167.64
-0.103	1.79	34500	0.11345	2725	171.96
-0.103	1.79	34500	0.11345	2750	176.08
-0.103	1.79	34500	0.11345	2775	180.47
-0.103	1.79	34500	0.11345	2800	185.04
-0.103	1.79	34500	0.11345	2825	189.58
-0.103	1.79	34500	0.11345	2850	193.61
-0.103	1.79	34500	0.12217	2675	165.28
-0.103	1.79	34500	0.12217	2700	169.7
-0.103	1.79	34500	0.12217	2725	173.91
-0.103	1.79	34500	0.12217	2750	178.39
-0.103	1.79	34500	0.12217	2775	182.95
-0.103	1.79	34500	0.12217	2800	187.39
-0.103	1.79	34500	0.12217	2850	196.43
-0.103	1.79	35000	0.05236	2675	148.26
-0.103	1.79	35000	0.05236	2700	152.56
-0.103	1.79	35000	0.05236	2725	156.61
-0.103	1.79	35000	0.05236	2750	161.13
-0.103	1.79	35000	0.05236	2775	165.13
-0.103	1.79	35000	0.05236	2800	169.3
-0.103	1.79	35000	0.05236	2825	173.4
-0.103	1.79	35000	0.05236	2850	177.92
-0.103	1.79	35000	0.061087	2675	150.46
-0.103	1.79	35000	0.061087	2700	153
-0.103	1.79	35000	0.061087	2725	158.79
-0.103	1.79	35000	0.061087	2750	162.76
-0.103	1.79	35000	0.061087	2775	167.19
-0.103	1.79	35000	0.061087	2800	171.5
-0.103	1.79	35000	0.061087	2825	175.5
-0.103	1.79	35000	0.061087	2850	179.66
-0.103	1.79	35000	0.069813	2675	152.67
-0.103	1.79	35000	0.069813	2700	157.05
-0.103	1.79	35000	0.069813	2725	161.08
-0.103	1.79	35000	0.069813	2750	165.2
-0.103	1.79	35000	0.069813	2775	169.33
-0.103	1.79	35000	0.069813	2800	173.88
-0.103	1.79	35000	0.069813	2825	178.34
-0.103	1.79	35000	0.069813	2850	182.29
-0.103	1.79	35000	0.07854	2675	154.74
-0.103	1.79	35000	0.07854	2700	159.02
-0.103	1.79	35000	0.07854	2725	163.39
-0.103	1.79	35000	0.07854	2750	167.22
-0.103	1.79	35000	0.07854	2775	171.72
-0.103	1.79	35000	0.07854	2800	176.17
-0.103	1.79	35000	0.07854	2825	180.5
-0.103	1.79	35000	0.07854	2850	184.81
-0.103	1.79	35000	0.087266	2675	157.06
-0.103	1.79	35000	0.087266	2700	161.33
-0.103	1.79	35000	0.087266	2725	165.52
-0.103	1.79	35000	0.087266	2750	169.79
-0.103	1.79	35000	0.087266	2775	174.09
-0.103	1.79	35000	0.087266	2800	178.53
-0.103	1.79	35000	0.087266	2825	182.81
-0.103	1.79	35000	0.087266	2850	187.37
-0.103	1.79	35000	0.095993	2675	159.21
-0.103	1.79	35000	0.095993	2700	163.48
-0.103	1.79	35000	0.095993	2725	167.73
-0.103	1.79	35000	0.095993	2750	172
-0.103	1.79	35000	0.095993	2775	176.27
-0.103	1.79	35000	0.095993	2800	180.87
-0.103	1.79	35000	0.095993	2825	185.27
-0.103	1.79	35000	0.095993	2850	189.49
-0.103	1.79	35000	0.10472	2675	161.45
-0.103	1.79	35000	0.10472	2700	165.79
-0.103	1.79	35000	0.10472	2725	170
-0.103	1.79	35000	0.10472	2750	174.24
-0.103	1.79	35000	0.10472	2775	178.5
-0.103	1.79	35000	0.10472	2800	182.75
-0.103	1.79	35000	0.10472	2825	187.62
-0.103	1.79	35000	0.10472	2850	191.9
-0.103	1.79	35000	0.11345	2675	163.58
-0.103	1.79	35000	0.11345	2700	167.91
-0.103	1.79	35000	0.11345	2725	171.86
-0.103	1.79	35000	0.11345	2750	176.41
-0.103	1.79	35000	0.11345	2775	180.94
-0.103	1.79	35000	0.11345	2800	185.45
-0.103	1.79	35000	0.11345	2825	189.82
-0.103	1.79	35000	0.11345	2850	194.12
-0.103	1.79	35000	0.12217	2675	165.62
-0.103	1.79	35000	0.12217	2700	169.83
-0.103	1.79	35000	0.12217	2725	174.37
-0.103	1.79	35000	0.12217	2750	178.85
-0.103	1.79	35000	0.12217	2775	183.01
-0.103	1.79	35000	0.12217	2800	187.52
-0.103	1.79	35000	0.12217	2825	192.28
-0.103	1.79	35000	0.12217	2850	196.81
-0.103	1.79	35500	0.05236	2675	148.35
-0.103	1.79	35500	0.05236	2700	152.19
-0.103	1.79	35500	0.05236	2725	156.25
-0.103	1.79	35500	0.05236	2750	160.81
-0.103	1.79	35500	0.05236	2775	164.99
-0.103	1.79	35500	0.05236	2800	169.09
-0.103	1.79	35500	0.05236	2825	173.53
-0.103	1.79	35500	0.05236	2850	178.15
-0.103	1.79	35500	0.061087	2675	149.97
-0.103	1.79	35500	0.061087	2700	154.44
-0.103	1.79	35500	0.061087	2725	157.87
-0.103	1.79	35500	0.061087	2750	162.72
-0.103	1.79	35500	0.061087	2775	167.15
-0.103	1.79	35500	0.061087	2800	171.71
-0.103	1.79	35500	0.061087	2825	175.82
-0.103	1.79	35500	0.061087	2850	180.17
-0.103	1.79	35500	0.069813	2675	152.7
-0.103	1.79	35500	0.069813	2700	156.83
-0.103	1.79	35500	0.069813	2725	160.88
-0.103	1.79	35500	0.069813	2750	165.38
-0.103	1.79	35500	0.069813	2775	169.49
-0.103	1.79	35500	0.069813	2800	174.1
-0.103	1.79	35500	0.069813	2825	178.02
-0.103	1.79	35500	0.069813	2850	182.59
-0.103	1.79	35500	0.07854	2675	154.91
-0.103	1.79	35500	0.07854	2700	158.93
-0.103	1.79	35500	0.07854	2725	163.16
-0.103	1.79	35500	0.07854	2750	167.5
-0.103	1.79	35500	0.07854	2775	171.78
-0.103	1.79	35500	0.07854	2800	176.07
-0.103	1.79	35500	0.07854	2825	180.59
-0.103	1.79	35500	0.07854	2850	185.18
-0.103	1.79	35500	0.087266	2675	156.91
-0.103	1.79	35500	0.087266	2700	161.41
-0.103	1.79	35500	0.087266	2725	165.39
-0.103	1.79	35500	0.087266	2750	169.07
-0.103	1.79	35500	0.087266	2775	174.05
-0.103	1.79	35500	0.087266	2800	178.58
-0.103	1.79	35500	0.087266	2825	183.08
-0.103	1.79	35500	0.087266	2850	187.4
-0.103	1.79	35500	0.095993	2675	159.35
-0.103	1.79	35500	0.095993	2700	163.38
-0.103	1.79	35500	0.095993	2725	167.92
-0.103	1.79	35500	0.095993	2750	172.07
-0.103	1.79	35500	0.095993	2775	176.77
-0.103	1.79	35500	0.095993	2800	181.15
-0.103	1.79	35500	0.095993	2825	185.5
-0.103	1.79	35500	0.095993	2850	189.43
-0.103	1.79	35500	0.10472	2675	161.35
-0.103	1.79	35500	0.10472	2700	165.76
-0.103	1.79	35500	0.10472	2725	170.24
-0.103	1.79	35500	0.10472	2750	174.54
-0.103	1.79	35500	0.10472	2775	178.8
-0.103	1.79	35500	0.10472	2800	183.26
-0.103	1.79	35500	0.10472	2825	187.42
-0.103	1.79	35500	0.10472	2850	192.39
-0.103	1.79	35500	0.11345	2675	163.76
-0.103	1.79	35500	0.11345	2700	168.12
-0.103	1.79	35500	0.11345	2725	172.35
-0.103	1.79	35500	0.11345	2750	176.54
-0.103	1.79	35500	0.11345	2775	181.09
-0.103	1.79	35500	0.11345	2800	185.63
-0.103	1.79	35500	0.11345	2825	189.78
-0.103	1.79	35500	0.11345	2850	194.52
-0.103	1.79	35500	0.12217	2675	165.92
-0.103	1.79	35500	0.12217	2700	170.22
-0.103	1.79	35500	0.12217	2725	174.62
-0.103	1.79	35500	0.12217	2750	178.75
-0.103	1.79	35500	0.12217	2775	183.35
-0.103	1.79	35500	0.12217	2800	187.89
-0.103	1.79	35500	0.12217	2825	192.47
-0.103	1.79	35500	0.12217	2850	196.91
-0.103	1.79	36000	0.05236	2675	148.23
-0.103	1.79	36000	0.05236	2700	152.48
-0.103	1.79	36000	0.05236	2725	156.33
-0.103	1.79	36000	0.05236	2750	160.64
-0.103	1.79	36000	0.05236	2775	164.88
-0.103	1.79	36000	0.05236	2800	168.98
-0.103	1.79	36000	0.05236	2825	173.42
-0.103	1.79	36000	0.05236	2850	177.61
-0.103	1.79	36000	0.061087	2675	150.05
-0.103	1.79	36000	0.061087	2700	154.26
-0.103	1.79	36000	0.061087	2725	158.72
-0.103	1.79	36000	0.061087	2750	163.06
-0.103	1.79	36000	0.061087	2775	167.12
-0.103	1.79	36000	0.061087	2800	171.36
-0.103	1.79	36000	0.061087	2825	175.76
-0.103	1.79	36000	0.061087	2850	180.29
-0.103	1.79	36000	0.069813	2675	152.38
-0.103	1.79	36000	0.069813	2700	156.87
-0.103	1.79	36000	0.069813	2725	161.02
-0.103	1.79	36000	0.069813	2750	164.99
-0.103	1.79	36000	0.069813	2775	169.47
-0.103	1.79	36000	0.069813	2800	173.82
-0.103	1.79	36000	0.069813	2825	177.83
-0.103	1.79	36000	0.07854	2675	154.62
-0.103	1.79	36000	0.07854	2700	158.71
-0.103	1.79	36000	0.07854	2725	163.17
-0.103	1.79	36000	0.07854	2750	167.24
-0.103	1.79	36000	0.07854	2775	171.76
-0.103	1.79	36000	0.07854	2800	176.03
-0.103	1.79	36000	0.07854	2825	180.51
-0.103	1.79	36000	0.07854	2850	184.96
-0.103	1.79	36000	0.087266	2675	156.79
-0.103	1.79	36000	0.087266	2700	161.28
-0.103	1.79	36000	0.087266	2725	165.51
-0.103	1.79	36000	0.087266	2750	169.75
-0.103	1.79	36000	0.087266	2775	174.21
-0.103	1.79	36000	0.087266	2800	178.54
-0.103	1.79	36000	0.087266	2825	183.16
-0.103	1.79	36000	0.087266	2850	187.44
-0.103	1.79	36000	0.095993	2675	159.13
-0.103	1.79	36000	0.095993	2700	163.85
-0.103	1.79	36000	0.095993	2725	167.86
-0.103	1.79	36000	0.095993	2750	172.19
-0.103	1.79	36000	0.095993	2775	176.76
-0.103	1.79	36000	0.095993	2800	180.25
-0.103	1.79	36000	0.095993	2825	185.6
-0.103	1.79	36000	0.095993	2850	190.15
-0.103	1.79	36000	0.10472	2675	161.3
-0.103	1.79	36000	0.10472	2700	165.92
-0.103	1.79	36000	0.10472	2725	170.18
-0.103	1.79	36000	0.10472	2750	174.67
-0.103	1.79	36000	0.10472	2775	179.02
-0.103	1.79	36000	0.10472	2800	183.61
-0.103	1.79	36000	0.10472	2825	188.01
-0.103	1.79	36000	0.10472	2850	192.24
-0.103	1.79	36000	0.11345	2675	163.87
-0.103	1.79	36000	0.11345	2700	168.05
-0.103	1.79	36000	0.11345	2725	172.67
-0.103	1.79	36000	0.11345	2750	176.97
-0.103	1.79	36000	0.11345	2775	181.32
-0.103	1.79	36000	0.11345	2800	185.87
-0.103	1.79	36000	0.11345	2825	190.31
-0.103	1.79	36000	0.11345	2850	194.54
-0.103	1.79	36000	0.12217	2675	166.17
-0.103	1.79	36000	0.12217	2700	170.51
-0.103	1.79	36000	0.12217	2725	174.71
-0.103	1.79	36000	0.12217	2750	179.22
-0.103	1.79	36000	0.12217	2775	183.28
-0.103	1.79	36000	0.12217	2800	188.17
-0.103	1.79	36000	0.12217	2825	192.35
-0.103	1.79	36000	0.12217	2850	197.21
-0.103	1.79	36500	0.05236	2675	148.23
-0.103	1.79	36500	0.05236	2700	152.42
-0.103	1.79	36500	0.05236	2725	156.02
-0.103	1.79	36500	0.05236	2750	160.51
-0.103	1.79	36500	0.05236	2775	164.8
-0.103	1.79	36500	0.05236	2800	168.69
-0.103	1.79	36500	0.05236	2825	173.48
-0.103	1.79	36500	0.05236	2850	177.71
-0.103	1.79	36500	0.061087	2675	150.36
-0.103	1.79	36500	0.061087	2700	154.42
-0.103	1.79	36500	0.061087	2725	158.78
-0.103	1.79	36500	0.061087	2750	162.95
-0.103	1.79	36500	0.061087	2775	167.23
-0.103	1.79	36500	0.061087	2800	170.65
-0.103	1.79	36500	0.061087	2825	175.79
-0.103	1.79	36500	0.061087	2850	179.96
-0.103	1.79	36500	0.069813	2675	152.64
-0.103	1.79	36500	0.069813	2700	156.71
-0.103	1.79	36500	0.069813	2725	160.75
-0.103	1.79	36500	0.069813	2750	165.32
-0.103	1.79	36500	0.069813	2775	169.58
-0.103	1.79	36500	0.069813	2800	173.95
-0.103	1.79	36500	0.069813	2825	177.91
-0.103	1.79	36500	0.069813	2850	182.65
-0.103	1.79	36500	0.07854	2675	155.06
-0.103	1.79	36500	0.07854	2700	159.16
-0.103	1.79	36500	0.07854	2725	163.28
-0.103	1.79	36500	0.07854	2750	167.45
-0.103	1.79	36500	0.07854	2775	171.66
-0.103	1.79	36500	0.07854	2800	176.27
-0.103	1.79	36500	0.07854	2825	180.56
-0.103	1.79	36500	0.07854	2850	185.1
-0.103	1.79	36500	0.087266	2675	157.21
-0.103	1.79	36500	0.087266	2700	161.33
-0.103	1.79	36500	0.087266	2725	165.38
-0.103	1.79	36500	0.087266	2750	169.95
-0.103	1.79	36500	0.087266	2775	174.3
-0.103	1.79	36500	0.087266	2800	178.98
-0.103	1.79	36500	0.087266	2825	183.25
-0.103	1.79	36500	0.087266	2850	187.58
-0.103	1.79	36500	0.095993	2675	159.33
-0.103	1.79	36500	0.095993	2700	163.64
-0.103	1.79	36500	0.095993	2725	168.1
-0.103	1.79	36500	0.095993	2750	172.27
-0.103	1.79	36500	0.095993	2775	176.6
-0.103	1.79	36500	0.095993	2800	180.78
-0.103	1.79	36500	0.095993	2825	185.21
-0.103	1.79	36500	0.095993	2850	190
-0.103	1.79	36500	0.10472	2675	161.63
-0.103	1.79	36500	0.10472	2700	166.02
-0.103	1.79	36500	0.10472	2725	170.32
-0.103	1.79	36500	0.10472	2750	174.36
-0.103	1.79	36500	0.10472	2775	178.86
-0.103	1.79	36500	0.10472	2800	182.9
-0.103	1.79	36500	0.10472	2825	188.15
-0.103	1.79	36500	0.10472	2850	192.72
-0.103	1.79	36500	0.11345	2675	163.88
-0.103	1.79	36500	0.11345	2700	168.35
-0.103	1.79	36500	0.11345	2725	172.83
-0.103	1.79	36500	0.11345	2750	177.09
-0.103	1.79	36500	0.11345	2775	181.52
-0.103	1.79	36500	0.11345	2800	186.11
-0.103	1.79	36500	0.11345	2825	190.49
-0.103	1.79	36500	0.11345	2850	195.13
-0.103	1.79	36500	0.12217	2675	166.25
-0.103	1.79	36500	0.12217	2700	170.57
-0.103	1.79	36500	0.12217	2725	175.03
-0.103	1.79	36500	0.12217	2750	179.45
-0.103	1.79	36500	0.12217	2775	183.44
-0.103	1.79	36500	0.12217	2800	188.53
-0.103	1.79	36500	0.12217	2825	192.86
-0.103	1.79	36500	0.12217	2850	197.28
-0.103	1.79	37000	0.05236	2675	147.93
-0.103	1.79	37000	0.05236	2700	152.21
-0.103	1.79	37000	0.05236	2725	156.21
-0.103	1.79	37000	0.05236	2750	160.49
-0.103	1.79	37000	0.05236	2775	164.83
-0.103	1.79	37000	0.05236	2800	168.79
-0.103	1.79	37000	0.05236	2825	172.94
-0.103	1.79	37000	0.05236	2850	177.9
-0.103	1.79	37000	0.061087	2675	150.2
-0.103	1.79	37000	0.061087	2700	154.43
-0.103	1.79	37000	0.061087	2725	158.37
-0.103	1.79	37000	0.061087	2750	162.76
-0.103	1.79	37000	0.061087	2775	167.12
-0.103	1.79	37000	0.061087	2800	171.28
-0.103	1.79	37000	0.061087	2825	175.81
-0.103	1.79	37000	0.061087	2850	179.89
-0.103	1.79	37000	0.069813	2675	152.48
-0.103	1.79	37000	0.069813	2700	156.82
-0.103	1.79	37000	0.069813	2725	161.05
-0.103	1.79	37000	0.069813	2750	165.26
-0.103	1.79	37000	0.069813	2775	169.09
-0.103	1.79	37000	0.069813	2800	173.79
-0.103	1.79	37000	0.069813	2825	178.12
-0.103	1.79	37000	0.069813	2850	182.8
-0.103	1.79	37000	0.07854	2675	154.86
-0.103	1.79	37000	0.07854	2700	158.9
-0.103	1.79	37000	0.07854	2725	163.47
-0.103	1.79	37000	0.07854	2750	167.68
-0.103	1.79	37000	0.07854	2775	171.98
-0.103	1.79	37000	0.07854	2800	176.35
-0.103	1.79	37000	0.07854	2825	180.74
-0.103	1.79	37000	0.07854	2850	185.14
-0.103	1.79	37000	0.087266	2675	157.16
-0.103	1.79	37000	0.087266	2700	161.5
-0.103	1.79	37000	0.087266	2725	165.65
-0.103	1.79	37000	0.087266	2750	170.1
-0.103	1.79	37000	0.087266	2775	174.46
-0.103	1.79	37000	0.087266	2800	178.71
-0.103	1.79	37000	0.087266	2825	183.17
-0.103	1.79	37000	0.087266	2850	186.63
-0.103	1.79	37000	0.095993	2675	159.53
-0.103	1.79	37000	0.095993	2700	163.54
-0.103	1.79	37000	0.095993	2725	168.14
-0.103	1.79	37000	0.095993	2750	172.34
-0.103	1.79	37000	0.095993	2775	176.63
-0.103	1.79	37000	0.095993	2800	180.21
-0.103	1.79	37000	0.095993	2825	185.81
-0.103	1.79	37000	0.095993	2850	190.26
-0.103	1.79	37000	0.10472	2675	161.62
-0.103	1.79	37000	0.10472	2700	166.31
-0.103	1.79	37000	0.10472	2725	170.23
-0.103	1.79	37000	0.10472	2750	174.83
-0.103	1.79	37000	0.10472	2775	179.18
-0.103	1.79	37000	0.10472	2800	183.49
-0.103	1.79	37000	0.10472	2825	188.3
-0.103	1.79	37000	0.10472	2850	192.77
-0.103	1.79	37000	0.11345	2675	164.18
-0.103	1.79	37000	0.11345	2700	168.47
-0.103	1.79	37000	0.11345	2725	173.13
-0.103	1.79	37000	0.11345	2750	177.4
-0.103	1.79	37000	0.11345	2775	181.57
-0.103	1.79	37000	0.11345	2800	186.16
-0.103	1.79	37000	0.11345	2825	190.76
-0.103	1.79	37000	0.11345	2850	195.29
-0.103	1.79	37000	0.12217	2675	166.28
-0.103	1.79	37000	0.12217	2700	170.59
-0.103	1.79	37000	0.12217	2725	174.58
-0.103	1.79	37000	0.12217	2750	179.65
-0.103	1.79	37000	0.12217	2775	184.22
-0.103	1.79	37000	0.12217	2800	188.72
-0.103	1.79	37000	0.12217	2825	193.17
-0.103	1.79	37000	0.12217	2850	197.63
-0.103	1.79	37500	0.05236	2675	147.82
-0.103	1.79	37500	0.05236	2700	152.03
-0.103	1.79	37500	0.05236	2725	156.06
-0.103	1.79	37500	0.05236	2750	160.37
-0.103	1.79	37500	0.05236	2775	164.62
-0.103	1.79	37500	0.05236	2800	168.28
-0.103	1.79	37500	0.05236	2825	173.11
-0.103	1.79	37500	0.05236	2850	177.82
-0.103	1.79	37500	0.061087	2675	150.19
-0.103	1.79	37500	0.061087	2700	154.29
-0.103	1.79	37500	0.061087	2725	158.65
-0.103	1.79	37500	0.061087	2750	162.63
-0.103	1.79	37500	0.061087	2775	167.04
-0.103	1.79	37500	0.061087	2800	171.4
-0.103	1.79	37500	0.061087	2825	175.88
-0.103	1.79	37500	0.061087	2850	180.12
-0.103	1.79	37500	0.069813	2675	152.45
-0.103	1.79	37500	0.069813	2700	156.65
-0.103	1.79	37500	0.069813	2725	160.84
-0.103	1.79	37500	0.069813	2750	165.32
-0.103	1.79	37500	0.069813	2775	169.56
-0.103	1.79	37500	0.069813	2800	173.86
-0.103	1.79	37500	0.069813	2825	178.13
-0.103	1.79	37500	0.069813	2850	182.64
-0.103	1.79	37500	0.07854	2675	155
-0.103	1.79	37500	0.07854	2700	159.15
-0.103	1.79	37500	0.07854	2725	163.36
-0.103	1.79	37500	0.07854	2750	167.66
-0.103	1.79	37500	0.07854	2775	171.86
-0.103	1.79	37500	0.07854	2800	176.5
-0.103	1.79	37500	0.07854	2825	180.77
-0.103	1.79	37500	0.07854	2850	185.15
-0.103	1.79	37500	0.087266	2675	157.27
-0.103	1.79	37500	0.087266	2700	161.56
-0.103	1.79	37500	0.087266	2725	165.85
-0.103	1.79	37500	0.087266	2750	170.15
-0.103	1.79	37500	0.087266	2775	174.32
-0.103	1.79	37500	0.087266	2800	178.81
-0.103	1.79	37500	0.087266	2825	182.91
-0.103	1.79	37500	0.087266	2850	187.72
-0.103	1.79	37500	0.095993	2675	159.56
-0.103	1.79	37500	0.095993	2700	163.84
-0.103	1.79	37500	0.095993	2725	168.26
-0.103	1.79	37500	0.095993	2750	172.56
-0.103	1.79	37500	0.095993	2775	176.91
-0.103	1.79	37500	0.095993	2800	181.38
-0.103	1.79	37500	0.095993	2825	185.78
-0.103	1.79	37500	0.095993	2850	190.27
-0.103	1.79	37500	0.10472	2675	162.03
-0.103	1.79	37500	0.10472	2700	166.41
-0.103	1.79	37500	0.10472	2725	170.65
-0.103	1.79	37500	0.10472	2750	174.83
-0.103	1.79	37500	0.10472	2775	179.2
-0.103	1.79	37500	0.10472	2800	183.84
-0.103	1.79	37500	0.10472	2825	188.29
-0.103	1.79	37500	0.10472	2850	192.75
-0.103	1.79	37500	0.11345	2675	164.11
-0.103	1.79	37500	0.11345	2700	168.87
-0.103	1.79	37500	0.11345	2725	172.96
-0.103	1.79	37500	0.11345	2750	177.51
-0.103	1.79	37500	0.11345	2775	182
-0.103	1.79	37500	0.11345	2800	186.38
-0.103	1.79	37500	0.11345	2825	190.7
-0.103	1.79	37500	0.11345	2850	195.07
-0.103	1.79	37500	0.12217	2700	170.96
-0.103	1.79	37500	0.12217	2725	175.45
-0.103	1.79	37500	0.12217	2750	179.88
-0.103	1.79	37500	0.12217	2775	184.44
-0.103	1.79	37500	0.12217	2800	188.89
-0.103	1.79	37500	0.12217	2825	193.31
-0.103	1.79	37500	0.12217	2850	197.94
-0.103	1.79	38000	0.05236	2675	147.72
-0.103	1.79	38000	0.05236	2700	151.76
-0.103	1.79	38000	0.05236	2725	156.01
-0.103	1.79	38000	0.05236	2750	160.25
-0.103	1.79	38000	0.05236	2775	164.45
-0.103	1.79	38000	0.05236	2800	168.6
-0.103	1.79	38000	0.05236	2825	173.1
-0.103	1.79	38000	0.05236	2850	177.68
-0.103	1.79	38000	0.061087	2675	150.03
-0.103	1.79	38000	0.061087	2700	154.21
-0.103	1.79	38000	0.061087	2725	158.43
-0.103	1.79	38000	0.061087	2750	162.34
-0.103	1.79	38000	0.061087	2775	167.05
-0.103	1.79	38000	0.061087	2800	171.39
-0.103	1.79	38000	0.061087	2825	175.69
-0.103	1.79	38000	0.061087	2850	180.05
-0.103	1.79	38000	0.069813	2675	152.45
-0.103	1.79	38000	0.069813	2700	156.65
-0.103	1.79	38000	0.069813	2725	160.87
-0.103	1.79	38000	0.069813	2750	164.99
-0.103	1.79	38000	0.069813	2775	169.54
-0.103	1.79	38000	0.069813	2800	173.91
-0.103	1.79	38000	0.069813	2825	178.34
-0.103	1.79	38000	0.069813	2850	182.76
-0.103	1.79	38000	0.07854	2675	154.98
-0.103	1.79	38000	0.07854	2700	159.17
-0.103	1.79	38000	0.07854	2725	163.38
-0.103	1.79	38000	0.07854	2750	167.79
-0.103	1.79	38000	0.07854	2775	172.1
-0.103	1.79	38000	0.07854	2800	176.42
-0.103	1.79	38000	0.07854	2825	180.68
-0.103	1.79	38000	0.07854	2850	185.43
-0.103	1.79	38000	0.087266	2675	157.04
-0.103	1.79	38000	0.087266	2700	161.65
-0.103	1.79	38000	0.087266	2725	165.92
-0.103	1.79	38000	0.087266	2750	170.22
-0.103	1.79	38000	0.087266	2775	174.45
-0.103	1.79	38000	0.087266	2800	178.6
-0.103	1.79	38000	0.087266	2825	183.37
-0.103	1.79	38000	0.087266	2850	188.04
-0.103	1.79	38000	0.095993	2675	159.76
-0.103	1.79	38000	0.095993	2700	164.01
-0.103	1.79	38000	0.095993	2725	168.32
-0.103	1.79	38000	0.095993	2750	172.77
-0.103	1.79	38000	0.095993	2775	177.11
-0.103	1.79	38000	0.095993	2800	181.47
-0.103	1.79	38000	0.095993	2825	185.9
-0.103	1.79	38000	0.095993	2850	190.39
-0.103	1.79	38000	0.10472	2675	162.15
-0.103	1.79	38000	0.10472	2700	166.53
-0.103	1.79	38000	0.10472	2725	170.79
-0.103	1.79	38000	0.10472	2750	175.03
-0.103	1.79	38000	0.10472	2775	179.47
-0.103	1.79	38000	0.10472	2800	183.86
-0.103	1.79	38000	0.10472	2825	188.38
-0.103	1.79	38000	0.10472	2850	192.82
-0.103	1.79	38000	0.11345	2675	164.48
-0.103	1.79	38000	0.11345	2700	168.7
-0.103	1.79	38000	0.11345	2725	172.84
-0.103	1.79	38000	0.11345	2750	177.81
-0.103	1.79	38000	0.11345	2775	182.08
-0.103	1.79	38000	0.11345	2800	186.51
-0.103	1.79	38000	0.11345	2825	190.94
-0.103	1.79	38000	0.11345	2850	195.72
-0.103	1.79	38000	0.12217	2675	166.68
-0.103	1.79	38000	0.12217	2700	171.25
-0.103	1.79	38000	0.12217	2725	175.58
-0.103	1.79	38000	0.12217	2775	184.56
-0.103	1.79	38000	0.12217	2800	189.23
-0.103	1.79	38000	0.12217	2825	193.72
-0.103	1.79	38000	0.12217	2850	198.11
-0.103	1.79	38500	0.05236	2675	147.49
-0.103	1.79	38500	0.05236	2700	151.83
-0.103	1.79	38500	0.05236	2725	155.43
-0.103	1.79	38500	0.05236	2750	160.31
-0.103	1.79	38500	0.05236	2775	164.33
-0.103	1.79	38500	0.05236	2800	168.55
-0.103	1.79	38500	0.05236	2825	173.14
-0.103	1.79	38500	0.05236	2850	177.45
-0.103	1.79	38500	0.061087	2675	149.96
-0.103	1.79	38500	0.061087	2700	154.04
-0.103	1.79	38500	0.061087	2725	158.39
-0.103	1.79	38500	0.061087	2750	162.69
-0.103	1.79	38500	0.061087	2775	166.78
-0.103	1.79	38500	0.061087	2800	171.3
-0.103	1.79	38500	0.061087	2825	175.72
-0.103	1.79	38500	0.061087	2850	180.09
-0.103	1.79	38500	0.069813	2675	152.45
-0.103	1.79	38500	0.069813	2700	156.63
-0.103	1.79	38500	0.069813	2725	160.9
-0.103	1.79	38500	0.069813	2750	165.06
-0.103	1.79	38500	0.069813	2775	169.54
-0.103	1.79	38500	0.069813	2800	174.03
-0.103	1.79	38500	0.069813	2825	178.29
-0.103	1.79	38500	0.069813	2850	182.72
-0.103	1.79	38500	0.07854	2675	154.95
-0.103	1.79	38500	0.07854	2700	159.09
-0.103	1.79	38500	0.07854	2725	163.31
-0.103	1.79	38500	0.07854	2750	167.52
-0.103	1.79	38500	0.07854	2775	172.21
-0.103	1.79	38500	0.07854	2800	176.43
-0.103	1.79	38500	0.07854	2825	180.95
-0.103	1.79	38500	0.07854	2850	185.37
-0.103	1.79	38500	0.087266	2675	157.41
-0.103	1.79	38500	0.087266	2700	161.72
-0.103	1.79	38500	0.087266	2725	166.01
-0.103	1.79	38500	0.087266	2750	170.27
-0.103	1.79	38500	0.087266	2775	174.68
-0.103	1.79	38500	0.087266	2800	178.84
-0.103	1.79	38500	0.087266	2825	183.48
-0.103	1.79	38500	0.087266	2850	188.12
-0.103	1.79	38500	0.095993	2675	159.9
-0.103	1.79	38500	0.095993	2700	164.23
-0.103	1.79	38500	0.095993	2725	168.66
-0.103	1.79	38500	0.095993	2750	172.5
-0.103	1.79	38500	0.095993	2775	177.13
-0.103	1.79	38500	0.095993	2800	181.71
-0.103	1.79	38500	0.095993	2825	186.16
-0.103	1.79	38500	0.095993	2850	190.66
-0.103	1.79	38500	0.10472	2675	162.44
-0.103	1.79	38500	0.10472	2700	166.71
-0.103	1.79	38500	0.10472	2725	171.23
-0.103	1.79	38500	0.10472	2750	175.38
-0.103	1.79	38500	0.10472	2775	179.74
-0.103	1.79	38500	0.10472	2800	184.36
-0.103	1.79	38500	0.10472	2825	188.59
-0.103	1.79	38500	0.10472	2850	193.39
-0.103	1.79	38500	0.11345	2700	168.96
-0.103	1.79	38500	0.11345	2725	172.95
-0.103	1.79	38500	0.11345	2750	178.19
-0.103	1.79	38500	0.11345	2775	182.3
-0.103	1.79	38500	0.11345	2800	186.68
-0.103	1.79	38500	0.11345	2825	190.91
-0.103	1.79	38500	0.11345	2850	195.6
-0.103	1.79	38500	0.12217	2675	167.11
-0.103	1.79	38500	0.12217	2700	171.55
-0.103	1.79	38500	0.12217	2725	175.73
-0.103	1.79	38500	0.12217	2775	184.65
-0.103	1.79	38500	0.12217	2800	189.18
-0.103	1.79	38500	0.12217	2825	193.75
-0.103	1.79	38500	0.12217	2850	198.78
-0.103	1.79	39000	0.05236	2675	147.27
-0.103	1.79	39000	0.05236	2700	151.28
-0.103	1.79	39000	0.05236	2725	155.64
-0.103	1.79	39000	0.05236	2750	159.95
-0.103	1.79	39000	0.05236	2775	164.2
-0.103	1.79	39000	0.05236	2800	168.58
-0.103	1.79	39000	0.05236	2825	172.94
-0.103	1.79	39000	0.05236	2850	177.2
-0.103	1.79	39000	0.061087	2675	149.78
-0.103	1.79	39000	0.061087	2700	153.9
-0.103	1.79	39000	0.061087	2725	158.25
-0.103	1.79	39000	0.061087	2750	162.52
-0.103	1.79	39000	0.061087	2775	166.42
-0.103	1.79	39000	0.061087	2800	171.13
-0.103	1.79	39000	0.061087	2825	175.54
-0.103	1.79	39000	0.061087	2850	180.06
-0.103	1.79	39000	0.069813	2675	152.23
-0.103	1.79	39000	0.069813	2700	156.46
-0.103	1.79	39000	0.069813	2725	160.83
-0.103	1.79	39000	0.069813	2750	165.18
-0.103	1.79	39000	0.069813	2775	169.44
-0.103	1.79	39000	0.069813	2800	173.61
-0.103	1.79	39000	0.069813	2825	178.28
-0.103	1.79	39000	0.069813	2850	182.75
-0.103	1.79	39000	0.07854	2675	154.76
-0.103	1.79	39000	0.07854	2700	158.77
-0.103	1.79	39000	0.07854	2725	163.62
-0.103	1.79	39000	0.07854	2750	167.79
-0.103	1.79	39000	0.07854	2775	172.08
-0.103	1.79	39000	0.07854	2800	176.51
-0.103	1.79	39000	0.07854	2825	180.94
-0.103	1.79	39000	0.07854	2850	185.44
-0.103	1.79	39000	0.087266	2675	157.22
-0.103	1.79	39000	0.087266	2700	161.73
-0.103	1.79	39000	0.087266	2725	166.06
-0.103	1.79	39000	0.087266	2750	170.46
-0.103	1.79	39000	0.087266	2775	174.87
-0.103	1.79	39000	0.087266	2800	179.23
-0.103	1.79	39000	0.087266	2825	183.74
-0.103	1.79	39000	0.087266	2850	188.26
-0.103	1.79	39000	0.095993	2675	160
-0.103	1.79	39000	0.095993	2700	164.31
-0.103	1.79	39000	0.095993	2725	168.73
-0.103	1.79	39000	0.095993	2750	173.03
-0.103	1.79	39000	0.095993	2775	177.45
-0.103	1.79	39000	0.095993	2800	181.6
-0.103	1.79	39000	0.095993	2825	186.37
-0.103	1.79	39000	0.095993	2850	190.83
-0.103	1.79	39000	0.10472	2675	162.45
-0.103	1.79	39000	0.10472	2700	166.9
-0.103	1.79	39000	0.10472	2725	170.83
-0.103	1.79	39000	0.10472	2750	175.45
-0.103	1.79	39000	0.10472	2775	179.79
-0.103	1.79	39000	0.10472	2800	184.46
-0.103	1.79	39000	0.10472	2825	189.05
-0.103	1.79	39000	0.10472	2850	193.56
-0.103	1.79	39000	0.11345	2675	165
-0.103	1.79	39000	0.11345	2700	169.19
-0.103	1.79	39000	0.11345	2725	173.66
-0.103	1.79	39000	0.11345	2750	177.94
-0.103	1.79	39000	0.11345	2775	182.48
-0.103	1.79	39000	0.11345	2800	187.11
-0.103	1.79	39000	0.11345	2825	191.59
-0.103	1.79	39000	0.11345	2850	196.15
-0.103	1.79	39000	0.12217	2675	167.44
-0.103	1.79	39000	0.12217	2700	171.74
-0.103	1.79	39000	0.12217	2725	176.11
-0.103	1.79	39000	0.12217	2750	180.51
-0.103	1.79	39000	0.12217	2800	189.22
-0.103	1.79	39000	0.12217	2850	198.89
-0.103	1.79	39500	0.05236	2675	146.99
-0.103	1.79	39500	0.05236	2700	151.03
-0.103	1.79	39500	0.05236	2725	155.24
-0.103	1.79	39500	0.05236	2750	159.73
-0.103	1.79	39500	0.05236	2775	164.07
-0.103	1.79	39500	0.05236	2800	168.36
-0.103	1.79	39500	0.05236	2825	172.74
-0.103	1.79	39500	0.05236	2850	177.23
-0.103	1.79	39500	0.061087	2675	149.43
-0.103	1.79	39500	0.061087	2700	153.7
-0.103	1.79	39500	0.061087	2725	157.53
-0.103	1.79	39500	0.061087	2750	162.31
-0.103	1.79	39500	0.061087	2775	166.66
-0.103	1.79	39500	0.061087	2800	171
-0.103	1.79	39500	0.061087	2825	175.33
-0.103	1.79	39500	0.061087	2850	179.88
-0.103	1.79	39500	0.069813	2675	152.07
-0.103	1.79	39500	0.069813	2700	156.37
-0.103	1.79	39500	0.069813	2725	160.69
-0.103	1.79	39500	0.069813	2750	165
-0.103	1.79	39500	0.069813	2775	169.36
-0.103	1.79	39500	0.069813	2800	173.53
-0.103	1.79	39500	0.069813	2825	178.18
-0.103	1.79	39500	0.069813	2850	182.8
-0.103	1.79	39500	0.07854	2675	154.67
-0.103	1.79	39500	0.07854	2700	158.99
-0.103	1.79	39500	0.07854	2725	163.31
-0.103	1.79	39500	0.07854	2750	167.7
-0.103	1.79	39500	0.07854	2775	172.08
-0.103	1.79	39500	0.07854	2800	176.55
-0.103	1.79	39500	0.07854	2825	181.01
-0.103	1.79	39500	0.07854	2850	185.4
-0.103	1.79	39500	0.087266	2675	157.39
-0.103	1.79	39500	0.087266	2700	161.71
-0.103	1.79	39500	0.087266	2725	166.07
-0.103	1.79	39500	0.087266	2750	170.49
-0.103	1.79	39500	0.087266	2775	174.91
-0.103	1.79	39500	0.087266	2800	179.29
-0.103	1.79	39500	0.087266	2825	183.81
-0.103	1.79	39500	0.087266	2850	188.23
-0.103	1.79	39500	0.095993	2675	160.02
-0.103	1.79	39500	0.095993	2700	164.4
-0.103	1.79	39500	0.095993	2725	168.75
-0.103	1.79	39500	0.095993	2750	173.15
-0.103	1.79	39500	0.095993	2775	177.38
-0.103	1.79	39500	0.095993	2800	182.14
-0.103	1.79	39500	0.095993	2825	186.4
-0.103	1.79	39500	0.095993	2850	190.93
-0.103	1.79	39500	0.10472	2675	162.67
-0.103	1.79	39500	0.10472	2700	167.01
-0.103	1.79	39500	0.10472	2725	171.5
-0.103	1.79	39500	0.10472	2750	175.66
-0.103	1.79	39500	0.10472	2775	180.24
-0.103	1.79	39500	0.10472	2800	184.7
-0.103	1.79	39500	0.10472	2825	189.41
-0.103	1.79	39500	0.10472	2850	193.77
-0.103	1.79	39500	0.11345	2675	165.27
-0.103	1.79	39500	0.11345	2700	169.48
-0.103	1.79	39500	0.11345	2725	174.06
-0.103	1.79	39500	0.11345	2750	178.45
-0.103	1.79	39500	0.11345	2775	182.62
-0.103	1.79	39500	0.11345	2800	187.28
-0.103	1.79	39500	0.11345	2825	191.93
-0.103	1.79	39500	0.11345	2850	196.46
-0.103	1.79	39500	0.12217	2675	167.81
-0.103	1.79	39500	0.12217	2725	176.49
-0.103	1.79	39500	0.12217	2750	180.96
-0.103	1.79	39500	0.12217	2800	189.78
-0.103	1.79	39500	0.12217	2850	199.17
-0.103	1.79	40000	0.05236	2675	146.53
-0.103	1.79	40000	0.05236	2700	150.83
-0.103	1.79	40000	0.05236	2725	155.11
-0.103	1.79	40000	0.05236	2750	159.47
-0.103	1.79	40000	0.05236	2775	163.76
-0.103	1.79	40000	0.05236	2800	168.09
-0.103	1.79	40000	0.05236	2825	172.52
-0.103	1.79	40000	0.05236	2850	177.14
-0.103	1.79	40000	0.061087	2675	149.18
-0.103	1.79	40000	0.061087	2700	153.47
-0.103	1.79	40000	0.061087	2725	157.69
-0.103	1.79	40000	0.061087	2750	162.15
-0.103	1.79	40000	0.061087	2775	166.48
-0.103	1.79	40000	0.061087	2800	170.85
-0.103	1.79	40000	0.061087	2825	175.27
-0.103	1.79	40000	0.061087	2850	179.72
-0.103	1.79	40000	0.069813	2675	151.76
-0.103	1.79	40000	0.069813	2700	156.13
-0.103	1.79	40000	0.069813	2725	160.45
-0.103	1.79	40000	0.069813	2750	164.78
-0.103	1.79	40000	0.069813	2775	167.68
-0.103	1.79	40000	0.069813	2800	173.7
-0.103	1.79	40000	0.069813	2825	178.19
-0.103	1.79	40000	0.069813	2850	182.54
-0.103	1.79	40000	0.07854	2675	154.58
-0.103	1.79	40000	0.07854	2700	158.89
-0.103	1.79	40000	0.07854	2725	163.24
-0.103	1.79	40000	0.07854	2750	167.59
-0.103	1.79	40000	0.07854	2775	172.06
-0.103	1.79	40000	0.07854	2800	176.49
-0.103	1.79	40000	0.07854	2825	180.96
-0.103	1.79	40000	0.07854	2850	184.94
-0.103	1.79	40000	0.087266	2675	157.41
-0.103	1.79	40000	0.087266	2700	161.67
-0.103	1.79	40000	0.087266	2725	166.04
-0.103	1.79	40000	0.087266	2750	170.45
-0.103	1.79	40000	0.087266	2775	174.9
-0.103	1.79	40000	0.087266	2800	179.38
-0.103	1.79	40000	0.087266	2825	183.93
-0.103	1.79	40000	0.087266	2850	187.7
-0.103	1.79	40000	0.095993	2675	160.06
-0.103	1.79	40000	0.095993	2700	164.45
-0.103	1.79	40000	0.095993	2725	168.87
-0.103	1.79	40000	0.095993	2750	173.24
-0.103	1.79	40000	0.095993	2775	177.72
-0.103	1.79	40000	0.095993	2800	182.18
-0.103	1.79	40000	0.095993	2825	186.6
-0.103	1.79	40000	0.095993	2850	191.25
-0.103	1.79	40000	0.10472	2675	162.79
-0.103	1.79	40000	0.10472	2700	167.16
-0.103	1.79	40000	0.10472	2725	171.49
-0.103	1.79	40000	0.10472	2750	175.98
-0.103	1.79	40000	0.10472	2775	180.22
-0.103	1.79	40000	0.10472	2800	184.94
-0.103	1.79	40000	0.10472	2825	189.29
-0.103	1.79	40000	0.10472	2850	194.03
-0.103	1.79	40000	0.11345	2675	165.29
-0.103	1.79	40000	0.11345	2725	174.23
-0.103	1.79	40000	0.11345	2750	178.62
-0.103	1.79	40000	0.11345	2775	183.1
-0.103	1.79	40000	0.11345	2800	187.43
-0.103	1.79	40000	0.11345	2825	192.1
-0.103	1.79	40000	0.11345	2850	196.72
-0.103	1.79	40000	0.12217	2675	168.04
-0.103	1.79	40000	0.12217	2725	176.7
-0.103	1.79	40000	0.12217	2850	199.24