-0.13	1.78	33000	0.07854	2575	138.19
-0.13	1.78	33000	0.07854	2600	142.16
-0.13	1.78	33000	0.07854	2625	146.43
-0.13	1.78	33000	0.07854	2650	150.26
-0.13	1.78	33000	0.07854	2675	154.53
-0.13	1.78	33000	0.07854	2700	158.34
-0.13	1.78	33000	0.07854	2725	162.17
-0.13	1.78	33000	0.07854	2750	165.72
-0.13	1.78	33000	0.07854	2775	171.27
-0.13	1.78	33000	0.07854	2800	175.06
-0.13	1.78	33000	0.07854	2825	179.72
-0.13	1.78	33000	0.07854	2850	183.82
-0.13	1.78	33000	0.07854	2875	187.75
-0.13	1.78	33000	0.07854	2900	192.5
-0.13	1.78	33000	0.07854	2925	197.07
-0.13	1.78	33000	0.087266	2575	140.4
-0.13	1.78	33000	0.087266	2600	144.33
-0.13	1.78	33000	0.087266	2625	148.03
-0.13	1.78	33000	0.087266	2650	152.38
-0.13	1.78	33000	0.087266	2675	156.46
-0.13	1.78	33000	0.087266	2700	160.77
-0.13	1.78	33000	0.087266	2725	164.84
-0.13	1.78	33000	0.087266	2750	168.79
-0.13	1.78	33000	0.087266	2775	173.4
-0.13	1.78	33000	0.087266	2800	177.65
-0.13	1.78	33000	0.087266	2825	181.72
-0.13	1.78	33000	0.087266	2850	186.2
-0.13	1.78	33000	0.087266	2875	190.79
-0.13	1.78	33000	0.087266	2900	195.08
-0.13	1.78	33000	0.087266	2925	199.53
-0.13	1.78	33000	0.095993	2575	142.46
-0.13	1.78	33000	0.095993	2600	146.57
-0.13	1.78	33000	0.095993	2625	150.41
-0.13	1.78	33000	0.095993	2650	154.34
-0.13	1.78	33000	0.095993	2675	158.65
-0.13	1.78	33000	0.095993	2700	162.98
-0.13	1.78	33000	0.095993	2725	167.15
-0.13	1.78	33000	0.095993	2750	171.18
-0.13	1.78	33000	0.095993	2775	175.6
-0.13	1.78	33000	0.095993	2800	179.86
-0.13	1.78	33000	0.095993	2825	184.66
-0.13	1.78	33000	0.095993	2850	188.87
-0.13	1.78	33000	0.095993	2875	193.31
-0.13	1.78	33000	0.095993	2900	197.75
-0.13	1.78	33000	0.095993	2925	202.04
-0.13	1.78	33000	0.10472	2575	144.19
-0.13	1.78	33000	0.10472	2600	148.63
-0.13	1.78	33000	0.10472	2625	152.56
-0.13	1.78	33000	0.10472	2650	156.75
-0.13	1.78	33000	0.10472	2675	160.92
-0.13	1.78	33000	0.10472	2700	165.08
-0.13	1.78	33000	0.10472	2725	169.38
-0.13	1.78	33000	0.10472	2750	173.48
-0.13	1.78	33000	0.10472	2775	178
-0.13	1.78	33000	0.10472	2800	182.55
-0.13	1.78	33000	0.10472	2825	186.76
-0.13	1.78	33000	0.10472	2850	190.96
-0.13	1.78	33000	0.10472	2875	195.72
-0.13	1.78	33000	0.10472	2900	200.21
-0.13	1.78	33000	0.10472	2925	204.54
-0.13	1.78	33500	0.07854	2575	138.74
-0.13	1.78	33500	0.07854	2600	142.84
-0.13	1.78	33500	0.07854	2625	146.97
-0.13	1.78	33500	0.07854	2650	150.77
-0.13	1.78	33500	0.07854	2675	154.98
-0.13	1.78	33500	0.07854	2700	159.02
-0.13	1.78	33500	0.07854	2725	162.66
-0.13	1.78	33500	0.07854	2750	166.99
-0.13	1.78	33500	0.07854	2775	171.32
-0.13	1.78	33500	0.07854	2800	175.79
-0.13	1.78	33500	0.07854	2825	180.24
-0.13	1.78	33500	0.07854	2850	184.64
-0.13	1.78	33500	0.07854	2875	188.46
-0.13	1.78	33500	0.07854	2900	193.4
-0.13	1.78	33500	0.07854	2925	197.61
-0.13	1.78	33500	0.087266	2575	140.77
-0.13	1.78	33500	0.087266	2600	144.83
-0.13	1.78	33500	0.087266	2625	148.67
-0.13	1.78	33500	0.087266	2650	152.77
-0.13	1.78	33500	0.087266	2675	156.93
-0.13	1.78	33500	0.087266	2700	160.82
-0.13	1.78	33500	0.087266	2725	165.04
-0.13	1.78	33500	0.087266	2750	169.4
-0.13	1.78	33500	0.087266	2775	173.81
-0.13	1.78	33500	0.087266	2800	177.94
-0.13	1.78	33500	0.087266	2825	182.59
-0.13	1.78	33500	0.087266	2850	186.83
-0.13	1.78	33500	0.087266	2875	191.22
-0.13	1.78	33500	0.087266	2900	195.38
-0.13	1.78	33500	0.087266	2925	200.08
-0.13	1.78	33500	0.095993	2575	142.64
-0.13	1.78	33500	0.095993	2600	146.87
-0.13	1.78	33500	0.095993	2625	150.67
-0.13	1.78	33500	0.095993	2650	154.64
-0.13	1.78	33500	0.095993	2675	159.11
-0.13	1.78	33500	0.095993	2700	163.21
-0.13	1.78	33500	0.095993	2725	167.39
-0.13	1.78	33500	0.095993	2750	171.68
-0.13	1.78	33500	0.095993	2775	176.06
-0.13	1.78	33500	0.095993	2800	180.28
-0.13	1.78	33500	0.095993	2825	184.68
-0.13	1.78	33500	0.095993	2850	189.51
-0.13	1.78	33500	0.095993	2875	193.39
-0.13	1.78	33500	0.095993	2900	196.42
-0.13	1.78	33500	0.095993	2925	202.82
-0.13	1.78	33500	0.10472	2575	144.91
-0.13	1.78	33500	0.10472	2600	148.79
-0.13	1.78	33500	0.10472	2625	152.99
-0.13	1.78	33500	0.10472	2650	156.75
-0.13	1.78	33500	0.10472	2675	161.16
-0.13	1.78	33500	0.10472	2700	165.41
-0.13	1.78	33500	0.10472	2725	167.81
-0.13	1.78	33500	0.10472	2750	174.08
-0.13	1.78	33500	0.10472	2775	177.94
-0.13	1.78	33500	0.10472	2800	182.84
-0.13	1.78	33500	0.10472	2825	187.18
-0.13	1.78	33500	0.10472	2850	191.59
-0.13	1.78	33500	0.10472	2875	195.61
-0.13	1.78	33500	0.10472	2900	200.42
-0.13	1.78	33500	0.10472	2925	205.38
-0.13	1.78	34000	0.07854	2575	138.86
-0.13	1.78	34000	0.07854	2600	143.21
-0.13	1.78	34000	0.07854	2625	146.86
-0.13	1.78	34000	0.07854	2650	150.91
-0.13	1.78	34000	0.07854	2675	155.24
-0.13	1.78	34000	0.07854	2700	159.33
-0.13	1.78	34000	0.07854	2725	163.19
-0.13	1.78	34000	0.07854	2750	167.76
-0.13	1.78	34000	0.07854	2775	171.91
-0.13	1.78	34000	0.07854	2800	175.45
-0.13	1.78	34000	0.07854	2825	180.47
-0.13	1.78	34000	0.07854	2850	184.91
-0.13	1.78	34000	0.07854	2875	188.93
-0.13	1.78	34000	0.07854	2900	193.42
-0.13	1.78	34000	0.07854	2925	197.95
-0.13	1.78	34000	0.087266	2575	141.05
-0.13	1.78	34000	0.087266	2600	145.1
-0.13	1.78	34000	0.087266	2625	148.91
-0.13	1.78	34000	0.087266	2650	153.08
-0.13	1.78	34000	0.087266	2675	157.49
-0.13	1.78	34000	0.087266	2700	161.34
-0.13	1.78	34000	0.087266	2725	165.7
-0.13	1.78	34000	0.087266	2750	170.02
-0.13	1.78	34000	0.087266	2775	173.88
-0.13	1.78	34000	0.087266	2800	178.57
-0.13	1.78	34000	0.087266	2825	182.99
-0.13	1.78	34000	0.087266	2850	187.24
-0.13	1.78	34000	0.087266	2875	191.57
-0.13	1.78	34000	0.087266	2900	196.34
-0.13	1.78	34000	0.087266	2925	200.39
-0.13	1.78	34000	0.095993	2575	143.02
-0.13	1.78	34000	0.095993	2600	147.18
-0.13	1.78	34000	0.095993	2625	151.31
-0.13	1.78	34000	0.095993	2650	155.43
-0.13	1.78	34000	0.095993	2675	158.69
-0.13	1.78	34000	0.095993	2700	163.71
-0.13	1.78	34000	0.095993	2725	167.75
-0.13	1.78	34000	0.095993	2750	172.17
-0.13	1.78	34000	0.095993	2775	176.42
-0.13	1.78	34000	0.095993	2800	180.58
-0.13	1.78	34000	0.095993	2825	185.29
-0.13	1.78	34000	0.095993	2850	189.66
-0.13	1.78	34000	0.095993	2875	194.32
-0.13	1.78	34000	0.095993	2900	198.73
-0.13	1.78	34000	0.095993	2925	203.41
-0.13	1.78	34000	0.10472	2575	145.15
-0.13	1.78	34000	0.10472	2600	149.19
-0.13	1.78	34000	0.10472	2625	152.76
-0.13	1.78	34000	0.10472	2650	157.61
-0.13	1.78	34000	0.10472	2675	161.61
-0.13	1.78	34000	0.10472	2700	165.48
-0.13	1.78	34000	0.10472	2725	169.8
-0.13	1.78	34000	0.10472	2750	174.67
-0.13	1.78	34000	0.10472	2775	178.94
-0.13	1.78	34000	0.10472	2800	182.72
-0.13	1.78	34000	0.10472	2825	187.74
-0.13	1.78	34000	0.10472	2850	192.02
-0.13	1.78	34000	0.10472	2875	196.06
-0.13	1.78	34000	0.10472	2900	201.03
-0.13	1.78	34000	0.10472	2925	205.62
-0.13	1.78	34500	0.07854	2575	139.02
-0.13	1.78	34500	0.07854	2600	143.02
-0.13	1.78	34500	0.07854	2625	146.67
-0.13	1.78	34500	0.07854	2650	151.34
-0.13	1.78	34500	0.07854	2675	155.53
-0.13	1.78	34500	0.07854	2700	159.39
-0.13	1.78	34500	0.07854	2725	163.69
-0.13	1.78	34500	0.07854	2750	167.98
-0.13	1.78	34500	0.07854	2775	171.82
-0.13	1.78	34500	0.07854	2800	176.6
-0.13	1.78	34500	0.07854	2825	180.04
-0.13	1.78	34500	0.07854	2850	185.15
-0.13	1.78	34500	0.07854	2875	189.57
-0.13	1.78	34500	0.07854	2900	193.9
-0.13	1.78	34500	0.07854	2925	198.48
-0.13	1.78	34500	0.087266	2575	140.92
-0.13	1.78	34500	0.087266	2600	144.83
-0.13	1.78	34500	0.087266	2625	149.28
-0.13	1.78	34500	0.087266	2650	153.27
-0.13	1.78	34500	0.087266	2675	157.33
-0.13	1.78	34500	0.087266	2700	161.85
-0.13	1.78	34500	0.087266	2725	165.89
-0.13	1.78	34500	0.087266	2750	170.34
-0.13	1.78	34500	0.087266	2775	174.63
-0.13	1.78	34500	0.087266	2800	178.74
-0.13	1.78	34500	0.087266	2825	182.95
-0.13	1.78	34500	0.087266	2850	187.27
-0.13	1.78	34500	0.087266	2875	192.23
-0.13	1.78	34500	0.087266	2900	196.63
-0.13	1.78	34500	0.087266	2925	200.95
-0.13	1.78	34500	0.095993	2575	143.04
-0.13	1.78	34500	0.095993	2600	146.7
-0.13	1.78	34500	0.095993	2625	151.41
-0.13	1.78	34500	0.095993	2650	155.56
-0.13	1.78	34500	0.095993	2675	159.7
-0.13	1.78	34500	0.095993	2700	163.93
-0.13	1.78	34500	0.095993	2725	168.17
-0.13	1.78	34500	0.095993	2750	172.61
-0.13	1.78	34500	0.095993	2775	176.69
-0.13	1.78	34500	0.095993	2800	181.24
-0.13	1.78	34500	0.095993	2825	185.35
-0.13	1.78	34500	0.095993	2850	189.99
-0.13	1.78	34500	0.095993	2875	194.68
-0.13	1.78	34500	0.095993	2900	198.8
-0.13	1.78	34500	0.095993	2925	203.68
-0.13	1.78	34500	0.10472	2575	144.82
-0.13	1.78	34500	0.10472	2600	149.33
-0.13	1.78	34500	0.10472	2625	153.51
-0.13	1.78	34500	0.10472	2650	157.44
-0.13	1.78	34500	0.10472	2675	161.83
-0.13	1.78	34500	0.10472	2700	166.1
-0.13	1.78	34500	0.10472	2725	170.38
-0.13	1.78	34500	0.10472	2750	174.68
-0.13	1.78	34500	0.10472	2775	179.15
-0.13	1.78	34500	0.10472	2800	183.43
-0.13	1.78	34500	0.10472	2825	188
-0.13	1.78	34500	0.10472	2850	191.96
-0.13	1.78	34500	0.10472	2875	196.93
-0.13	1.78	34500	0.10472	2900	201.64
-0.13	1.78	34500	0.10472	2925	206.16
-0.13	1.78	35000	0.07854	2575	139.06
-0.13	1.78	35000	0.07854	2600	143.11
-0.13	1.78	35000	0.07854	2625	147.53
-0.13	1.78	35000	0.07854	2650	151.24
-0.13	1.78	35000	0.07854	2675	153.93
-0.13	1.78	35000	0.07854	2700	159.55
-0.13	1.78	35000	0.07854	2725	163.9
-0.13	1.78	35000	0.07854	2750	168.36
-0.13	1.78	35000	0.07854	2775	172.67
-0.13	1.78	35000	0.07854	2800	176.86
-0.13	1.78	35000	0.07854	2825	181.22
-0.13	1.78	35000	0.07854	2850	185.47
-0.13	1.78	35000	0.07854	2875	189.8
-0.13	1.78	35000	0.07854	2900	194.63
-0.13	1.78	35000	0.07854	2925	197.32
-0.13	1.78	35000	0.087266	2575	141.14
-0.13	1.78	35000	0.087266	2600	145.16
-0.13	1.78	35000	0.087266	2625	149.44
-0.13	1.78	35000	0.087266	2650	153.6
-0.13	1.78	35000	0.087266	2675	157.7
-0.13	1.78	35000	0.087266	2700	162.09
-0.13	1.78	35000	0.087266	2725	165.94
-0.13	1.78	35000	0.087266	2750	170.54
-0.13	1.78	35000	0.087266	2775	174.33
-0.13	1.78	35000	0.087266	2800	178.74
-0.13	1.78	35000	0.087266	2825	183.44
-0.13	1.78	35000	0.087266	2850	187.95
-0.13	1.78	35000	0.087266	2875	192.39
-0.13	1.78	35000	0.087266	2900	197
-0.13	1.78	35000	0.087266	2925	201.16
-0.13	1.78	35000	0.095993	2575	143.3
-0.13	1.78	35000	0.095993	2600	146.65
-0.13	1.78	35000	0.095993	2625	151.45
-0.13	1.78	35000	0.095993	2650	155.52
-0.13	1.78	35000	0.095993	2675	159.95
-0.13	1.78	35000	0.095993	2700	164.2
-0.13	1.78	35000	0.095993	2725	168.37
-0.13	1.78	35000	0.095993	2750	172.91
-0.13	1.78	35000	0.095993	2775	176.99
-0.13	1.78	35000	0.095993	2800	181.31
-0.13	1.78	35000	0.095993	2825	185.92
-0.13	1.78	35000	0.095993	2850	190.23
-0.13	1.78	35000	0.095993	2875	194.76
-0.13	1.78	35000	0.095993	2900	198.9
-0.13	1.78	35000	0.095993	2925	204.05
-0.13	1.78	35000	0.10472	2575	145.07
-0.13	1.78	35000	0.10472	2600	149.37
-0.13	1.78	35000	0.10472	2625	153.67
-0.13	1.78	35000	0.10472	2650	157.93
-0.13	1.78	35000	0.10472	2675	162.19
-0.13	1.78	35000	0.10472	2700	166.37
-0.13	1.78	35000	0.10472	2725	170.55
-0.13	1.78	35000	0.10472	2750	174.52
-0.13	1.78	35000	0.10472	2775	179.53
-0.13	1.78	35000	0.10472	2800	183.71
-0.13	1.78	35000	0.10472	2825	188.21
-0.13	1.78	35000	0.10472	2850	192.73
-0.13	1.78	35000	0.10472	2875	197.31
-0.13	1.78	35000	0.10472	2900	201.59
-0.13	1.78	35000	0.10472	2925	206.31
-0.13	1.78	35500	0.07854	2575	139.16
-0.13	1.78	35500	0.07854	2600	142.94
-0.13	1.78	35500	0.07854	2625	147.08
-0.13	1.78	35500	0.07854	2650	151.41
-0.13	1.78	35500	0.07854	2675	155.28
-0.13	1.78	35500	0.07854	2700	159.77
-0.13	1.78	35500	0.07854	2725	163.84
-0.13	1.78	35500	0.07854	2750	168.27
-0.13	1.78	35500	0.07854	2775	172.72
-0.13	1.78	35500	0.07854	2800	176.94
-0.13	1.78	35500	0.07854	2825	181.48
-0.13	1.78	35500	0.07854	2850	185.51
-0.13	1.78	35500	0.07854	2875	190.37
-0.13	1.78	35500	0.07854	2900	194.71
-0.13	1.78	35500	0.07854	2925	199.2
-0.13	1.78	35500	0.087266	2575	140.96
-0.13	1.78	35500	0.087266	2600	144.73
-0.13	1.78	35500	0.087266	2625	149.03
-0.13	1.78	35500	0.087266	2650	153.43
-0.13	1.78	35500	0.087266	2675	157.65
-0.13	1.78	35500	0.087266	2700	162.25
-0.13	1.78	35500	0.087266	2725	165.94
-0.13	1.78	35500	0.087266	2750	170.6
-0.13	1.78	35500	0.087266	2775	175.06
-0.13	1.78	35500	0.087266	2800	179.47
-0.13	1.78	35500	0.087266	2825	183.61
-0.13	1.78	35500	0.087266	2850	188.37
-0.13	1.78	35500	0.087266	2875	192.63
-0.13	1.78	35500	0.087266	2900	197.2
-0.13	1.78	35500	0.087266	2925	201.49
-0.13	1.78	35500	0.095993	2575	143.24
-0.13	1.78	35500	0.095993	2600	147.35
-0.13	1.78	35500	0.095993	2625	151.38
-0.13	1.78	35500	0.095993	2650	155.73
-0.13	1.78	35500	0.095993	2675	159.95
-0.13	1.78	35500	0.095993	2700	164.25
-0.13	1.78	35500	0.095993	2725	168.67
-0.13	1.78	35500	0.095993	2750	172.7
-0.13	1.78	35500	0.095993	2775	177.3
-0.13	1.78	35500	0.095993	2800	181.71
-0.13	1.78	35500	0.095993	2825	186.14
-0.13	1.78	35500	0.095993	2850	190.58
-0.13	1.78	35500	0.095993	2875	195.12
-0.13	1.78	35500	0.095993	2900	199.73
-0.13	1.78	35500	0.095993	2925	204.12
-0.13	1.78	35500	0.10472	2575	145.12
-0.13	1.78	35500	0.10472	2600	149.28
-0.13	1.78	35500	0.10472	2625	153.66
-0.13	1.78	35500	0.10472	2650	157.54
-0.13	1.78	35500	0.10472	2675	162.25
-0.13	1.78	35500	0.10472	2700	166.54
-0.13	1.78	35500	0.10472	2725	170.85
-0.13	1.78	35500	0.10472	2750	175.35
-0.13	1.78	35500	0.10472	2775	179.66
-0.13	1.78	35500	0.10472	2800	183.93
-0.13	1.78	35500	0.10472	2825	187.76
-0.13	1.78	35500	0.10472	2850	192.61
-0.13	1.78	35500	0.10472	2875	197.59
-0.13	1.78	35500	0.10472	2900	202.19
-0.13	1.78	35500	0.10472	2925	206.67
-0.13	1.78	36000	0.07854	2575	138.86
-0.13	1.78	36000	0.07854	2600	143.03
-0.13	1.78	36000	0.07854	2625	147.28
-0.13	1.78	36000	0.07854	2650	151.33
-0.13	1.78	36000	0.07854	2675	155.54
-0.13	1.78	36000	0.07854	2700	159.74
-0.13	1.78	36000	0.07854	2725	164.01
-0.13	1.78	36000	0.07854	2750	167.95
-0.13	1.78	36000	0.07854	2775	172.58
-0.13	1.78	36000	0.07854	2800	177.11
-0.13	1.78	36000	0.07854	2825	181.02
-0.13	1.78	36000	0.07854	2850	185.86
-0.13	1.78	36000	0.07854	2875	190.34
-0.13	1.78	36000	0.07854	2900	195.01
-0.13	1.78	36000	0.07854	2925	199.57
-0.13	1.78	36000	0.087266	2575	141.22
-0.13	1.78	36000	0.087266	2600	145.33
-0.13	1.78	36000	0.087266	2625	149.49
-0.13	1.78	36000	0.087266	2650	153.1
-0.13	1.78	36000	0.087266	2675	157.94
-0.13	1.78	36000	0.087266	2700	162.14
-0.13	1.78	36000	0.087266	2725	165.8
-0.13	1.78	36000	0.087266	2750	170.52
-0.13	1.78	36000	0.087266	2775	175.1
-0.13	1.78	36000	0.087266	2800	179.22
-0.13	1.78	36000	0.087266	2825	183.7
-0.13	1.78	36000	0.087266	2850	188.24
-0.13	1.78	36000	0.087266	2875	192.86
-0.13	1.78	36000	0.087266	2900	197.56
-0.13	1.78	36000	0.087266	2925	202.07
-0.13	1.78	36000	0.095993	2575	143.13
-0.13	1.78	36000	0.095993	2600	147.34
-0.13	1.78	36000	0.095993	2625	150.33
-0.13	1.78	36000	0.095993	2650	155.72
-0.13	1.78	36000	0.095993	2675	159.62
-0.13	1.78	36000	0.095993	2700	164.23
-0.13	1.78	36000	0.095993	2725	168.71
-0.13	1.78	36000	0.095993	2750	173.23
-0.13	1.78	36000	0.095993	2775	177.4
-0.13	1.78	36000	0.095993	2800	181.71
-0.13	1.78	36000	0.095993	2825	186.16
-0.13	1.78	36000	0.095993	2850	190.8
-0.13	1.78	36000	0.095993	2875	195.2
-0.13	1.78	36000	0.095993	2900	199.74
-0.13	1.78	36000	0.095993	2925	204.48
-0.13	1.78	36000	0.10472	2575	145.44
-0.13	1.78	36000	0.10472	2600	149.58
-0.13	1.78	36000	0.10472	2625	153.54
-0.13	1.78	36000	0.10472	2650	158.07
-0.13	1.78	36000	0.10472	2675	162.41
-0.13	1.78	36000	0.10472	2700	166.4
-0.13	1.78	36000	0.10472	2725	170.82
-0.13	1.78	36000	0.10472	2750	175.39
-0.13	1.78	36000	0.10472	2775	179.8
-0.13	1.78	36000	0.10472	2800	184.23
-0.13	1.78	36000	0.10472	2825	188.69
-0.13	1.78	36000	0.10472	2850	193.21
-0.13	1.78	36000	0.10472	2875	197.54
-0.13	1.78	36000	0.10472	2900	202.29
-0.13	1.78	36000	0.10472	2925	206.65
-0.13	1.78	36500	0.07854	2575	139.07
-0.13	1.78	36500	0.07854	2600	142.98
-0.13	1.78	36500	0.07854	2625	147.33
-0.13	1.78	36500	0.07854	2650	151.5
-0.13	1.78	36500	0.07854	2675	155.63
-0.13	1.78	36500	0.07854	2700	159.79
-0.13	1.78	36500	0.07854	2725	163.87
-0.13	1.78	36500	0.07854	2750	168.14
-0.13	1.78	36500	0.07854	2775	172.52
-0.13	1.78	36500	0.07854	2800	176.98
-0.13	1.78	36500	0.07854	2825	181.32
-0.13	1.78	36500	0.07854	2850	186.04
-0.13	1.78	36500	0.07854	2875	190.05
-0.13	1.78	36500	0.07854	2900	194.8
-0.13	1.78	36500	0.07854	2925	198.71
-0.13	1.78	36500	0.087266	2575	141.27
-0.13	1.78	36500	0.087266	2600	145.22
-0.13	1.78	36500	0.087266	2625	149.1
-0.13	1.78	36500	0.087266	2650	153.14
-0.13	1.78	36500	0.087266	2675	157.82
-0.13	1.78	36500	0.087266	2700	162.03
-0.13	1.78	36500	0.087266	2725	166.21
-0.13	1.78	36500	0.087266	2750	170.1
-0.13	1.78	36500	0.087266	2775	174.89
-0.13	1.78	36500	0.087266	2800	179.37
-0.13	1.78	36500	0.087266	2825	183.76
-0.13	1.78	36500	0.087266	2850	188.13
-0.13	1.78	36500	0.087266	2875	193.05
-0.13	1.78	36500	0.087266	2900	197.4
-0.13	1.78	36500	0.087266	2925	202.14
-0.13	1.78	36500	0.095993	2575	143.47
-0.13	1.78	36500	0.095993	2600	147.51
-0.13	1.78	36500	0.095993	2625	151.61
-0.13	1.78	36500	0.095993	2650	155.71
-0.13	1.78	36500	0.095993	2675	160.06
-0.13	1.78	36500	0.095993	2700	163.89
-0.13	1.78	36500	0.095993	2725	168.36
-0.13	1.78	36500	0.095993	2750	172.89
-0.13	1.78	36500	0.095993	2775	177.57
-0.13	1.78	36500	0.095993	2800	181.5
-0.13	1.78	36500	0.095993	2825	186.14
-0.13	1.78	36500	0.095993	2850	190.76
-0.13	1.78	36500	0.095993	2875	195.34
-0.13	1.78	36500	0.095993	2900	200.12
-0.13	1.78	36500	0.095993	2925	204.69
-0.13	1.78	36500	0.10472	2575	145.6
-0.13	1.78	36500	0.10472	2600	149.5
-0.13	1.78	36500	0.10472	2625	153.74
-0.13	1.78	36500	0.10472	2650	158.2
-0.13	1.78	36500	0.10472	2675	162.39
-0.13	1.78	36500	0.10472	2700	166.85
-0.13	1.78	36500	0.10472	2725	170.99
-0.13	1.78	36500	0.10472	2750	175.49
-0.13	1.78	36500	0.10472	2775	179.8
-0.13	1.78	36500	0.10472	2800	184.32
-0.13	1.78	36500	0.10472	2825	188.89
-0.13	1.78	36500	0.10472	2850	193.23
-0.13	1.78	36500	0.10472	2875	198.05
-0.13	1.78	36500	0.10472	2900	202.4
-0.13	1.78	36500	0.10472	2925	206.82
-0.13	1.78	37000	0.07854	2575	138.97
-0.13	1.78	37000	0.07854	2600	143.06
-0.13	1.78	37000	0.07854	2625	147.23
-0.13	1.78	37000	0.07854	2650	151.35
-0.13	1.78	37000	0.07854	2675	155.63
-0.13	1.78	37000	0.07854	2700	159.84
-0.13	1.78	37000	0.07854	2725	164.16
-0.13	1.78	37000	0.07854	2750	168.23
-0.13	1.78	37000	0.07854	2775	172.75
-0.13	1.78	37000	0.07854	2800	177.05
-0.13	1.78	37000	0.07854	2825	181.54
-0.13	1.78	37000	0.07854	2850	185.83
-0.13	1.78	37000	0.07854	2875	190.29
-0.13	1.78	37000	0.07854	2900	195.07
-0.13	1.78	37000	0.07854	2925	199.54
-0.13	1.78	37000	0.087266	2575	140.96
-0.13	1.78	37000	0.087266	2600	145.49
-0.13	1.78	37000	0.087266	2625	149.54
-0.13	1.78	37000	0.087266	2650	153.63
-0.13	1.78	37000	0.087266	2675	157.88
-0.13	1.78	37000	0.087266	2700	162.26
-0.13	1.78	37000	0.087266	2725	166.45
-0.13	1.78	37000	0.087266	2750	170.63
-0.13	1.78	37000	0.087266	2775	175.22
-0.13	1.78	37000	0.087266	2800	179.58
-0.13	1.78	37000	0.087266	2825	183.81
-0.13	1.78	37000	0.087266	2850	188.24
-0.13	1.78	37000	0.087266	2875	193.02
-0.13	1.78	37000	0.087266	2900	197.57
-0.13	1.78	37000	0.087266	2925	202.18
-0.13	1.78	37000	0.095993	2575	143.51
-0.13	1.78	37000	0.095993	2600	147.61
-0.13	1.78	37000	0.095993	2625	151.79
-0.13	1.78	37000	0.095993	2650	155.72
-0.13	1.78	37000	0.095993	2675	160.31
-0.13	1.78	37000	0.095993	2700	164.42
-0.13	1.78	37000	0.095993	2725	168.85
-0.13	1.78	37000	0.095993	2750	173.22
-0.13	1.78	37000	0.095993	2775	176.94
-0.13	1.78	37000	0.095993	2800	181.71
-0.13	1.78	37000	0.095993	2825	186.13
-0.13	1.78	37000	0.095993	2850	190.96
-0.13	1.78	37000	0.095993	2875	195.6
-0.13	1.78	37000	0.095993	2900	200.15
-0.13	1.78	37000	0.095993	2925	204.71
-0.13	1.78	37000	0.10472	2575	145.69
-0.13	1.78	37000	0.10472	2600	149.66
-0.13	1.78	37000	0.10472	2625	154.06
-0.13	1.78	37000	0.10472	2650	158.18
-0.13	1.78	37000	0.10472	2675	162.51
-0.13	1.78	37000	0.10472	2700	166.99
-0.13	1.78	37000	0.10472	2725	171.05
-0.13	1.78	37000	0.10472	2750	175.34
-0.13	1.78	37000	0.10472	2775	179.77
-0.13	1.78	37000	0.10472	2800	184.19
-0.13	1.78	37000	0.10472	2825	188.85
-0.13	1.78	37000	0.10472	2850	193.49
-0.13	1.78	37000	0.10472	2875	198.02
-0.13	1.78	37000	0.10472	2900	202.72
-0.13	1.78	37000	0.10472	2925	207.38
-0.13	1.78	37500	0.07854	2575	138.63
-0.13	1.78	37500	0.07854	2600	143.15
-0.13	1.78	37500	0.07854	2625	147.29
-0.13	1.78	37500	0.07854	2650	151.41
-0.13	1.78	37500	0.07854	2675	155.58
-0.13	1.78	37500	0.07854	2700	159.76
-0.13	1.78	37500	0.07854	2725	164.14
-0.13	1.78	37500	0.07854	2750	168.41
-0.13	1.78	37500	0.07854	2775	172.78
-0.13	1.78	37500	0.07854	2800	176.82
-0.13	1.78	37500	0.07854	2825	181.55
-0.13	1.78	37500	0.07854	2850	185.98
-0.13	1.78	37500	0.07854	2875	190.37
-0.13	1.78	37500	0.07854	2900	194.73
-0.13	1.78	37500	0.07854	2925	199.63
-0.13	1.78	37500	0.087266	2575	141.24
-0.13	1.78	37500	0.087266	2600	145.42
-0.13	1.78	37500	0.087266	2625	149.77
-0.13	1.78	37500	0.087266	2650	153.74
-0.13	1.78	37500	0.087266	2675	158.05
-0.13	1.78	37500	0.087266	2700	162.17
-0.13	1.78	37500	0.087266	2725	166.63
-0.13	1.78	37500	0.087266	2750	170.88
-0.13	1.78	37500	0.087266	2775	175.32
-0.13	1.78	37500	0.087266	2800	179.71
-0.13	1.78	37500	0.087266	2825	181.63
-0.13	1.78	37500	0.087266	2850	188.44
-0.13	1.78	37500	0.087266	2875	192.93
-0.13	1.78	37500	0.087266	2900	197.73
-0.13	1.78	37500	0.087266	2925	202.36
-0.13	1.78	37500	0.095993	2575	143.63
-0.13	1.78	37500	0.095993	2600	147.6
-0.13	1.78	37500	0.095993	2625	151.75
-0.13	1.78	37500	0.095993	2650	156.28
-0.13	1.78	37500	0.095993	2675	160.37
-0.13	1.78	37500	0.095993	2700	164.77
-0.13	1.78	37500	0.095993	2725	168.9
-0.13	1.78	37500	0.095993	2750	173.22
-0.13	1.78	37500	0.095993	2775	177.64
-0.13	1.78	37500	0.095993	2800	181.99
-0.13	1.78	37500	0.095993	2825	186.19
-0.13	1.78	37500	0.095993	2850	190.95
-0.13	1.78	37500	0.095993	2875	195.82
-0.13	1.78	37500	0.095993	2900	200.16
-0.13	1.78	37500	0.095993	2925	204.94
-0.13	1.78	37500	0.10472	2575	145.81
-0.13	1.78	37500	0.10472	2600	150.02
-0.13	1.78	37500	0.10472	2625	154.26
-0.13	1.78	37500	0.10472	2650	158.45
-0.13	1.78	37500	0.10472	2675	162.7
-0.13	1.78	37500	0.10472	2700	167.14
-0.13	1.78	37500	0.10472	2725	171.52
-0.13	1.78	37500	0.10472	2750	175.22
-0.13	1.78	37500	0.10472	2775	180.14
-0.13	1.78	37500	0.10472	2800	184.58
-0.13	1.78	37500	0.10472	2825	188.66
-0.13	1.78	37500	0.10472	2850	193.69
-0.13	1.78	37500	0.10472	2875	197.97
-0.13	1.78	37500	0.10472	2900	202.84
-0.13	1.78	37500	0.10472	2925	207.29
-0.13	1.78	38000	0.07854	2575	139.04
-0.13	1.78	38000	0.07854	2600	143.05
-0.13	1.78	38000	0.07854	2625	147.27
-0.13	1.78	38000	0.07854	2650	151.45
-0.13	1.78	38000	0.07854	2675	155.46
-0.13	1.78	38000	0.07854	2700	160.01
-0.13	1.78	38000	0.07854	2725	164.16
-0.13	1.78	38000	0.07854	2750	168.47
-0.13	1.78	38000	0.07854	2775	172.86
-0.13	1.78	38000	0.07854	2800	177.15
-0.13	1.78	38000	0.07854	2825	181.74
-0.13	1.78	38000	0.07854	2850	186.05
-0.13	1.78	38000	0.07854	2875	190.54
-0.13	1.78	38000	0.07854	2900	194.6
-0.13	1.78	38000	0.07854	2925	199.59
-0.13	1.78	38000	0.087266	2575	141.34
-0.13	1.78	38000	0.087266	2600	145.46
-0.13	1.78	38000	0.087266	2625	149.65
-0.13	1.78	38000	0.087266	2650	153.84
-0.13	1.78	38000	0.087266	2675	158.1
-0.13	1.78	38000	0.087266	2700	162.16
-0.13	1.78	38000	0.087266	2725	166.71
-0.13	1.78	38000	0.087266	2750	170.99
-0.13	1.78	38000	0.087266	2775	175.33
-0.13	1.78	38000	0.087266	2800	179.54
-0.13	1.78	38000	0.087266	2825	184.45
-0.13	1.78	38000	0.087266	2850	188.77
-0.13	1.78	38000	0.087266	2875	193.16
-0.13	1.78	38000	0.087266	2900	197.66
-0.13	1.78	38000	0.087266	2925	202.27
-0.13	1.78	38000	0.095993	2575	143.62
-0.13	1.78	38000	0.095993	2600	147.8
-0.13	1.78	38000	0.095993	2625	151.87
-0.13	1.78	38000	0.095993	2650	156.31
-0.13	1.78	38000	0.095993	2675	160.39
-0.13	1.78	38000	0.095993	2700	164.8
-0.13	1.78	38000	0.095993	2725	169.08
-0.13	1.78	38000	0.095993	2750	173.51
-0.13	1.78	38000	0.095993	2775	177.89
-0.13	1.78	38000	0.095993	2800	182.03
-0.13	1.78	38000	0.095993	2825	186.66
-0.13	1.78	38000	0.095993	2850	191.42
-0.13	1.78	38000	0.095993	2875	195.55
-0.13	1.78	38000	0.095993	2900	200.29
-0.13	1.78	38000	0.095993	2925	205.02
-0.13	1.78	38000	0.10472	2575	146
-0.13	1.78	38000	0.10472	2600	150.21
-0.13	1.78	38000	0.10472	2625	154.33
-0.13	1.78	38000	0.10472	2650	158.45
-0.13	1.78	38000	0.10472	2675	162.89
-0.13	1.78	38000	0.10472	2700	167.32
-0.13	1.78	38000	0.10472	2725	171.51
-0.13	1.78	38000	0.10472	2750	175.72
-0.13	1.78	38000	0.10472	2775	180.21
-0.13	1.78	38000	0.10472	2800	184.79
-0.13	1.78	38000	0.10472	2825	189.26
-0.13	1.78	38000	0.10472	2850	193.73
-0.13	1.78	38000	0.10472	2875	198.21
-0.13	1.78	38000	0.10472	2900	202.76
-0.13	1.78	38000	0.10472	2925	207.32
