0 36997 2872.6 3300 24914 0.037611 2707.6 1.69
1 37105 2880.9 3290.2 24649 0.036072 2677.8 1.69
2 37209 2889.3 3280.4 24404 0.034533 2650.6 1.69
3 37308 2897.7 3270.6 24177 0.032996 2625.9 1.69
4 37404 2906.1 3260.8 23968 0.031463 2603.7 1.69
5 37495 2914.6 3251 23777 0.029933 2583.9 1.6901
6 37583 2923.2 3241.2 23603 0.028408 2566.4 1.6901
7 37666 2931.8 3231.4 23446 0.026889 2551.1 1.6901
8 37744 2940.4 3221.6 23305 0.025377 2538 1.6901
9 37819 2949.1 3211.8 23180 0.023873 2527.1 1.6901
10 37889 2957.9 3202 23072 0.022378 2518.3 1.6901
11 37956 2966.7 3192.2 22979 0.020892 2511.6 1.6901
12 38018 2975.5 3182.4 22901 0.019417 2506.8 1.6901
13 38075 2984.4 3172.6 22838 0.017953 2504.1 1.6901
14 38129 2993.3 3162.8 22790 0.016501 2503.4 1.6901
15 38178 3002.3 3153 22758 0.015062 2504.5 1.6901
16 38224 3011.3 3143.2 22739 0.013638 2507.7 1.6902
17 38265 3020.3 3133.4 22735 0.012227 2512.7 1.6902
18 38301 3029.4 3123.6 22746 0.010833 2519.6 1.6902
19 38334 3038.5 3113.8 22771 0.0094541 2528.4 1.6902
20 38363 3047.7 3104 22810 0.0080926 2539.1 1.6902
21 38388 3056.9 3094.2 22863 0.0067489 2551.7 1.6902
22 38408 3066.1 3084.4 22931 0.0054238 2566.1 1.6902
23 38425 3075.4 3074.6 23012 0.0041181 2582.4 1.6902
24 38438 3084.7 3064.8 23108 0.0028325 2600.6 1.6902
25 38446 3094.1 3055 23218 0.0015679 2620.7 1.6902
26 38451 3103.5 3045.2 23342 0.00032498 2642.7 1.6902
27 38452 3112.9 3035.4 23481 -0.00089542 2666.7 1.6902
28 38449 3122.4 3025.6 23633 -0.0020925 2693.2 1.6902
29 38443 3131.8 3015.8 23800 -0.0032651 2725.2 1.6902
30 38433 3141.4 3006 23982 -0.00441 2762.9 1.6902
31 38419 3150.9 2996.2 24178 -0.0055239 2806.5 1.6902
32 38401 3160.5 2986.4 24389 -0.0066038 2867.5 1.6902
33 38381 3170.1 2976.6 24614 -0.0076444 2935.7 1.6903
34 38356 3179.7 2966.8 24854 -0.0086424 3011 1.6903
35 38329 3189.3 2957 25107 -0.0095946 3093.3 1.6903
36 38298 3198.9 2947.2 25376 -0.010498 3182.4 1.6903
37 38265 3208.6 2937.4 25658 -0.011349 3278.2 1.6903
38 38228 3218.2 2927.6 25954 -0.012145 3380.7 1.6903
39 38189 3227.8 2917.8 26263 -0.012883 3489.6 1.6903
40 38148 3237.5 2908 26586 -0.013561 3604.8 1.6903
41 38104 3247.1 2898.2 26921 -0.014174 3726.2 1.6903
42 38058 3256.7 2888.4 27269 -0.014722 3853.5 1.6903
43 38010 3266.3 2878.6 27629 -0.015201 3986.5 1.6903
44 37960 3275.9 2868.8 28000 -0.015607 4125.1 1.6903
45 37909 3285.5 2859 28382 -0.015938 4268.8 1.6903
46 37857 3295.1 2849.2 28774 -0.016192 4417.3 1.6903
47 37803 3304.6 2839.4 29174 -0.016366 4584.9 1.6903
48 37749 3314.1 2829.6 29583 -0.016458 4779 1.6903
49 37695 3323.6 2819.8 29998 -0.016462 4977.6 1.6903
50 37640 3333 2810 30419 -0.016377 5180.1 1.6903
51 37585 3342.3 2800.2 30844 -0.016201 5385.9 1.6903
52 37531 3351.7 2790.4 31271 -0.015934 5594.2 1.6903
53 37478 3360.9 2780.6 31700 -0.015575 5803.9 1.6903
54 37425 3370.1 2770.8 32128 -0.015123 6014.3 1.6903
55 37374 3379.3 2761 32553 -0.014578 6224.7 1.6903
56 37325 3388.4 2751.2 32974 -0.013941 6446.2 1.6903
57 37278 3397.4 2741.4 33389 -0.013206 6683.1 1.6903
58 37233 3406.4 2731.6 33795 -0.012369 6933.8 1.6903
59 37191 3415.3 2721.8 34190 -0.011424 7196.7 1.6903
60 37152 3424.1 2712 34571 -0.010366 7527.4 1.6903
61 37116 3432.8 2702.2 34935 -0.0091857 7873.5 1.6903
62 37085 3441.4 2692.4 35278 -0.0078787 8228.1 1.6903
63 37058 3449.8 2682.6 35599 -0.0064425 8588.2 1.6903
64 37036 3458.2 2672.8 35892 -0.0048754 8951 1.6903
65 37019 3466.4 2663 36155 -0.0031768 9313 1.6903
66 37008 3474.4 2653.2 36384 -0.0013469 9670.5 1.6903
67 37003 3482.4 2643.4 36577 0.00061256 10020 1.6903
68 37005 3490.2 2633.6 36729 0.002699 10357 1.6903
69 37015 3497.8 2623.8 36837 0.0049083 10733 1.6903
70 37032 3505.3 2614 36899 0.00724 11100 1.6903
71 37057 3512.7 2604.2 36912 0.0096883 11441 1.6903
72 37091 3520 2594.4 36873 0.012246 11751 1.6903
73 37134 3527.1 2584.6 36780 0.014902 12024 1.6903
74 37187 3534.1 2574.8 36632 0.017648 12258 1.6903
75 37249 3541 2565 36428 0.020471 12447 1.6904
76 37322 3547.8 2555.2 36169 0.023359 12589 1.6904
77 37405 3554.5 2545.4 35853 0.026297 12680 1.6904
78 37498 3561.3 2535.6 35482 0.029271 12719 1.6904
79 37602 3567.9 2525.8 35058 0.032266 12703 1.6904
80 37717 3574.6 2516 34583 0.035266 12632 1.6904
81 37843 3581.3 2506.2 34059 0.038253 12504 1.6904
82 37980 3588.1 2496.4 33489 0.041213 12320 1.6904
83 38128 3595 2486.6 32877 0.044127 12095 1.6904
84 38287 3601.9 2476.8 32227 0.046984 11855 1.6904
85 38456 3608.9 2467 31542 0.049778 11602 1.6904
86 38635 3616.1 2457.2 30828 0.052504 11338 1.6904
87 38825 3623.3 2447.4 30087 0.055159 11065 1.6904
88 39025 3630.7 2437.6 29323 0.057738 10783 1.6905
89 39235 3638.2 2427.8 28541 0.06024 10495 1.6905
90 39454 3645.8 2418 27745 0.062661 10202 1.6905
91 39682 3653.6 2408.2 26938 0.065 9904.1 1.6905
92 39919 3661.5 2398.4 26124 0.067253 9604 1.6905
93 40165 3669.6 2388.6 25306 0.069422 9302.6 1.6905
94 40420 3677.8 2378.8 24487 0.071503 9001 1.6905
95 40683 3686.1 2369 23670 0.073498 8700.2 1.6905
96 40953 3694.6 2359.2 22858 0.075405 8401.3 1.6905
97 41232 3703.2 2349.4 22054 0.077226 8105.3 1.6906
98 41517 3712 2339.6 21260 0.07896 7812.8 1.6906
99 41810 3721 2329.8 20477 0.08061 7524.6 1.6906
100 42110 3730.1 2320 19708 0.082175 7241.5 1.6906
101 42416 3739.3 2310.2 18954 0.083657 6963.9 1.6906
102 42728 3748.7 2300.4 18216 0.085058 6692.4 1.6906
103 43047 3758.2 2290.6 17496 0.08638 6427.4 1.6906
104 43371 3767.9 2280.8 16794 0.087625 6169.2 1.6907
105 43701 3777.8 2271 16112 0.088794 5918.1 1.6907
106 44036 3787.8 2261.2 15449 0.08989 5674.3 1.6907
107 44376 3797.9 2251.4 14807 0.090916 5437.9 1.6907
108 44721 3808.2 2241.6 14185 0.091873 5209.2 1.6907
109 45070 3818.7 2231.8 13584 0.092764 4988 1.6907
110 45424 3829.2 2222 13003 0.093591 4774.4 1.6907
111 45782 3840 2212.2 12443 0.094357 4567.3 1.6908
112 46143 3850.8 2202.4 11904 0.095064 4366.6 1.6908
113 46509 3861.8 2192.6 11385 0.095713 4172.6 1.6908
114 46878 3873 2182.8 10887 0.096308 3985.3 1.6908
115 47250 3884.2 2173 10434 0.09685 3814 1.6908
116 47626 3895.7 2163.2 10009 0.097345 3652.6 1.6908
117 48005 3907.2 2153.4 9598.8 0.097795 3496.3 1.6908
118 48386 3918.9 2143.6 9202.2 0.098203 3345.1 1.6909
119 48770 3930.6 2133.8 8819.3 0.098571 3199 1.6909
120 49157 3942.6 2124 8450.1 0.098899 3058.2 1.6909
121 49546 3954.6 2114.2 8094.2 0.09919 2922.6 1.6909
122 49938 3966.8 2104.4 7751.2 0.099445 2791.7 1.6909
123 50332 3979.1 2094.6 7421.1 0.099666 2665.8 1.6909
124 50728 3991.5 2084.8 7103.5 0.099854 2545 1.6909
125 51126 4004 2075 6807 0.10001 2432.1 1.691
126 51525 4016.7 2065.2 6538.8 0.10014 2329.8 1.691
127 51927 4029.4 2055.4 6279 0.10025 2231.2 1.691
128 52330 4042.3 2045.6 6027.4 0.10033 2136.1 1.691
129 52735 4055.3 2035.8 5783.8 0.10039 2044.6 1.691
130 53142 4068.5 2026 5548.2 0.10043 1956.5 1.691
131 53549 4081.7 2016.2 5320.2 0.10045 1871.8 1.691
132 53959 4095 2006.4 5099.9 0.10045 1790.5 1.6911
133 54369 4108.5 1996.6 4887 0.10043 1712.5 1.6911
134 54781 4122 1986.8 4681.5 0.1004 1637.7 1.6911
135 55194 4135.7 1977 4483 0.10035 1566.1 1.6911
136 55609 4149.5 1967.2 4291.6 0.10029 1497.4 1.6911
137 56024 4163.4 1957.4 4106.9 0.10022 1431.7 1.6911
138 56441 4177.4 1947.6 3928.9 0.10013 1369.5 1.6911
139 56858 4191.5 1937.8 3757.3 0.10004 1310.2 1.6912
140 57277 4205.8 1928 3592 0.099934 1253 1.6912
141 57697 4220.1 1918.2 3432.9 0.09982 1197.8 1.6912
142 58117 4234.5 1908.4 3279.7 0.099697 1144.6 1.6912
143 58539 4249.1 1898.6 3132.3 0.099568 1093.3 1.6912
144 58961 4263.8 1888.8 2990.5 0.099431 1044 1.6912
145 59384 4278.5 1879 2854.2 0.099289 996.65 1.6912
146 59808 4293.4 1869.2 2723.1 0.099141 951.08 1.6913
147 60233 4308.4 1859.4 2597.2 0.098989 907.28 1.6913
148 60659 4323.5 1849.6 2476.3 0.098833 865.21 1.6913
149 61086 4338.7 1839.8 2360.1 0.098673 824.8 1.6913
150 61513 4354 1830 2248.6 0.098511 786 1.6913
151 61941 4369.4 1820.2 2141.7 0.098347 748.89 1.6913
152 62370 4385 1810.4 2039 0.098181 713.31 1.6913
153 62800 4400.6 1800.6 1940.6 0.098015 679.17 1.6914
154 63231 4416.4 1790.8 1846.3 0.097848 646.44 1.6914
155 63662 4432.3 1781 1755.9 0.097681 615.05 1.6914
156 64095 4448.3 1771.2 1669.3 0.097515 584.96 1.6914
157 64528 4464.4 1761.4 1586.3 0.09735 556.14 1.6914
158 64962 4480.6 1751.6 1506.9 0.097187 528.53 1.6914
159 65396 4496.9 1741.8 1430.8 0.097026 502.1 1.6914
160 65832 4513.3 1732 1358.1 0.096868 476.79 1.6914
161 66269 4529.9 1722.2 1288.5 0.096713 452.58 1.6915
162 66706 4546.6 1712.4 1222 0.096562 429.41 1.6915
163 67144 4563.3 1702.6 1158.4 0.096415 407.26 1.6915
164 67584 4580.2 1692.8 1097.6 0.096272 386.08 1.6915
165 68024 4597.3 1683 1039.6 0.096133 365.22 1.6915
166 68465 4614.4 1673.2 984.15 0.095999 342.71 1.6915
167 68907 4631.7 1663.4 931.24 0.095865 318.97 1.6915
168 69351 4649.1 1653.6 880.75 0.095726 294.52 1.6915
169 69795 4666.6 1643.8 832.61 0.095578 269.82 1.6916
170 70240 4684.3 1634 786.73 0.095419 245.28 1.6916
171 70687 4702.1 1624.2 743.03 0.095245 221.2 1.6916
172 71134 4720.1 1614.4 701.07 0.095053 197.87 1.6916
173 71582 4738.3 1604.6 660.47 0.094842 177.53 1.6916
174 72031 4756.6 1594.8 621.99 0.094609 158.27 1.6916
175 72480 4775.1 1585 585.55 0.094353 140.2 1.6916
176 72930 4793.7 1575.2 551.06 0.094074 123.36 1.6916
177 73380 4812.6 1565.4 518.44 0.093769 108.17 1.6917
178 73831 4831.5 1555.6 487.6 0.09344 95.687 1.6917
179 74282 4850.7 1545.8 458.47 0.093085 84.28 1.6917
180 74732 4870 1536 430.95 0.092706 73.93 1.6917
181 75183 4889.5 1526.2 404.99 0.092303 64.609 1.6917
182 75634 4909.2 1516.4 380.49 0.091876 57.07 1.6917
183 76084 4929 1506.6 357.39 0.091428 50.677 1.6917
184 76534 4949 1496.8 335.62 0.090959 45.008 1.6917
185 76984 4969.2 1487 315.12 0.090473 40.023 1.6918
186 77433 4989.5 1477.2 295.81 0.08997 35.679 1.6918
187 77881 5010 1467.4 277.63 0.089455 31.973 1.6918
188 78329 5030.7 1457.6 260.53 0.08893 29.179 1.6918
189 78776 5051.5 1447.8 244.44 0.088397 26.771 1.6918
190 79221 5072.5 1438 229.31 0.087863 24.718 1.6918
191 79667 5093.7 1428.2 215.08 0.087329 22.989 1.6918
192 80111 5115 1418.4 201.7 0.086802 21.55 1.6918
193 80554 5136.5 1408.6 189.12 0.086285 20.248 1.6918
194 80997 5158.1 1398.8 177.29 0.08578 19.022 1.6918
195 81439 5179.9 1389 166.18 0.085288 17.867 1.6919
196 81880 5201.9 1379.2 155.73 0.084808 16.779 1.6919
197 82321 5224 1369.4 145.91 0.08434 15.754 1.6919
198 82761 5246.3 1359.6 136.67 0.083885 14.789 1.6919
199 83200 5268.8 1349.8 128 0.083442 13.881 1.6919
200 83640 5291.5 1340 119.84 0.083012 13.025 1.6919
201 84078 5314.3 1330.2 112.18 0.082595 12.219 1.6919
202 84517 5337.3 1320.4 104.98 0.08219 11.46 1.6919
203 84955 5360.5 1310.6 98.11 0.081798 10.733 1.6919
204 85393 5383.8 1300.8 0 0.081419 0 1.6919
205 85831 5407.4 1166 0 0.081049 0 1.692
206 86269 5433.8 1156.2 0 0.080754 0 1.692
207 86707 5460.4 1146.4 0 0.080474 0 1.692
208 87146 5487.2 1136.6 0 0.080209 0 1.692
209 87585 5514.3 1126.8 0 0.07996 0 1.692
210 88026 5541.6 1117 0 0.079726 0 1.692
211 88467 5569.2 1107.2 0 0.079507 0 1.692
212 88910 5597 1097.4 0 0.079303 0 1.692
213 89353 5625.1 1087.6 0 0.079115 0 1.692
214 89798 5653.5 1077.8 0 0.078943 0 1.692
215 90243 5682.1 1068 0 0.078786 0 1.692
216 90691 5711 1058.2 0 0.078645 0 1.6921
217 91139 5740.1 1048.4 0 0.07852 0 1.6921
218 91590 5769.6 1038.6 0 0.078411 0 1.6921
219 92041 5799.3 1028.8 0 0.078318 0 1.6921
220 92495 5829.3 1019 0 0.078241 0 1.6921
221 92951 5859.6 1009.2 0 0.07818 0 1.6921
222 93408 5890.3 999.4 0 0.078136 0 1.6921
223 93868 5921.2 989.6 0 0.078108 0 1.6921
224 94330 5952.4 979.8 0 0.078097 0 1.6921
225 94795 5984 970 0 0.078103 0 1.6921
226 95262 6015.9 960.2 0 0.078127 0 1.6921
227 95731 6048.1 950.4 0 0.078167 0 1.6922
228 96203 6080.6 940.6 0 0.078226 0 1.6922
229 96679 6113.5 930.8 0 0.078302 0 1.6922
230 97157 6146.8 921 0 0.078396 0 1.6922
231 97638 6180.4 911.2 0 0.078508 0 1.6922
232 98123 6214.4 901.4 0 0.078638 0 1.6922
233 98611 6248.7 891.6 0 0.078787 0 1.6922
234 99103 6283.5 881.8 0 0.078955 0 1.6922
235 99598 6318.6 872 0 0.079142 0 1.6922
236 1.001e+05 6354.1 862.2 0 0.079348 0 1.6922
237 1.006e+05 6390 852.4 0 0.079574 0 1.6922
238 1.0111e+05 6426.4 842.6 0 0.079819 0 1.6923
239 1.0162e+05 6463.2 832.8 0 0.080083 0 1.6923
240 1.0214e+05 6500.4 823 0 0.080368 0 1.6923
241 1.0266e+05 6538.1 813.2 0 0.080673 0 1.6923
242 1.0319e+05 6576.2 803.4 0 0.080999 0 1.6923
243 1.0372e+05 6614.8 793.6 0 0.081345 0 1.6923
244 1.0426e+05 6653.9 783.8 0 0.081712 0 1.6923
245 1.048e+05 6693.4 774 0 0.0821 0 1.6923
246 1.0535e+05 6733.5 764.2 0 0.08251 0 1.6923
247 1.059e+05 6774.1 754.4 0 0.082941 0 1.6923
248 1.0647e+05 6815.6 744.6 0 0.082573 0 1.6924
249 1.0703e+05 6857.6 734.8 0 0.08222 0 1.6924
250 1.0759e+05 6900.3 725 0 0.081882 0 1.6924
251 1.0816e+05 6943.5 715.2 0 0.081559 0 1.6924
252 1.0872e+05 6987.3 705.4 0 0.081252 0 1.6924
253 1.0929e+05 7031.7 695.6 0 0.08096 0 1.6924
254 1.0986e+05 7076.8 685.8 0 0.080683 0 1.6924
255 1.1043e+05 7122.5 676 0 0.080422 0 1.6924
256 1.11e+05 7168.9 666.2 0 0.080177 0 1.6924
257 1.1157e+05 7216 656.4 0 0.079947 0 1.6924
258 1.1215e+05 7263.8 646.6 0 0.079734 0 1.6925
259 1.1273e+05 7312.4 636.8 0 0.079536 0 1.6925
260 1.1331e+05 7361.7 627 0 0.079355 0 1.6925
261 1.1389e+05 7411.8 617.2 0 0.07919 0 1.6925
262 1.1448e+05 7462.7 607.4 0 0.079042 0 1.6925
263 1.1507e+05 7514.4 597.6 0 0.07891 0 1.6925
264 1.1566e+05 7567 587.8 0 0.078795 0 1.6925
265 1.1626e+05 7566.3 587.8 0 0.078697 0 1.6925
266 1.1685e+05 7565.6 587.8 0 0.078598 0 1.6925
267 1.1745e+05 7564.9 587.8 0 0.0785 0 1.6926
268 1.1804e+05 7564.2 587.8 0 0.078402 0 1.6926
269 1.1863e+05 7563.5 587.8 0 0.078303 0 1.6926
270 1.1922e+05 7562.8 587.8 0 0.078204 0 1.6926
271 1.1981e+05 7562.1 587.8 0 0.078106 0 1.6926
272 1.204e+05 7561.4 587.8 0 0.078007 0 1.6926
273 1.2099e+05 7560.7 587.8 0 0.077908 0 1.6926
274 1.2158e+05 7560 587.8 0 0.077809 0 1.6926
275 1.2217e+05 7559.3 587.8 0 0.077709 0 1.6926
276 1.2276e+05 7558.6 587.8 0 0.07761 0 1.6927
277 1.2334e+05 7557.9 587.8 0 0.077511 0 1.6927
278 1.2393e+05 7557.2 587.8 0 0.077411 0 1.6927
279 1.2451e+05 7556.5 587.8 0 0.077312 0 1.6927
280 1.2509e+05 7555.8 587.8 0 0.077212 0 1.6927
281 1.2568e+05 7555.1 587.8 0 0.077112 0 1.6927
282 1.2626e+05 7554.4 587.8 0 0.077012 0 1.6927
283 1.2684e+05 7553.7 587.8 0 0.076912 0 1.6927
284 1.2742e+05 7553 587.8 0 0.076812 0 1.6927
285 1.28e+05 7552.3 587.8 0 0.076712 0 1.6928
286 1.2858e+05 7551.6 587.8 0 0.076612 0 1.6928
287 1.2916e+05 7550.9 587.8 0 0.076511 0 1.6928
288 1.2973e+05 7550.2 587.8 0 0.076411 0 1.6928
289 1.3031e+05 7549.6 587.8 0 0.07631 0 1.6928
290 1.3089e+05 7548.9 587.8 0 0.076209 0 1.6928
291 1.3146e+05 7548.2 587.8 0 0.076108 0 1.6928
292 1.3204e+05 7547.5 587.8 0 0.076008 0 1.6928
293 1.3261e+05 7546.8 587.8 0 0.075907 0 1.6928
294 1.3318e+05 7546.1 587.8 0 0.075805 0 1.6928
295 1.3375e+05 7545.5 587.8 0 0.075704 0 1.6929
296 1.3432e+05 7544.8 587.8 0 0.075603 0 1.6929
297 1.3489e+05 7544.1 587.8 0 0.075502 0 1.6929
298 1.3546e+05 7543.4 587.8 0 0.0754 0 1.6929
299 1.3603e+05 7542.8 587.8 0 0.075298 0 1.6929
300 1.366e+05 7542.1 587.8 0 0.075197 0 1.6929
301 1.3716e+05 7541.4 587.8 0 0.075095 0 1.6929
302 1.3773e+05 7540.7 587.8 0 0.074993 0 1.6929
303 1.3829e+05 7540.1 587.8 0 0.074891 0 1.6929
304 1.3886e+05 7539.4 587.8 0 0.074789 0 1.693
305 1.3942e+05 7538.7 587.8 0 0.074687 0 1.693
306 1.3998e+05 7538.1 587.8 0 0.074585 0 1.693
307 1.4055e+05 7537.4 587.8 0 0.074482 0 1.693
308 1.4111e+05 7536.7 587.8 0 0.07438 0 1.693
309 1.4167e+05 7536.1 587.8 0 0.074277 0 1.693
310 1.4223e+05 7535.4 587.8 0 0.074174 0 1.693
311 1.4279e+05 7534.7 587.8 0 0.074072 0 1.693
312 1.4334e+05 7534.1 587.8 0 0.073969 0 1.693
313 1.439e+05 7533.4 587.8 0 0.073866 0 1.693
314 1.4446e+05 7532.8 587.8 0 0.073763 0 1.6931
315 1.4501e+05 7532.1 587.8 0 0.07366 0 1.6931
316 1.4556e+05 7531.4 587.8 0 0.073556 0 1.6931
317 1.4612e+05 7530.8 587.8 0 0.073453 0 1.6931
318 1.4667e+05 7530.1 587.8 0 0.07335 0 1.6931
319 1.4722e+05 7529.5 587.8 0 0.073246 0 1.6931
320 1.4777e+05 7528.8 587.8 0 0.073143 0 1.6931
321 1.4832e+05 7528.2 587.8 0 0.073039 0 1.6931
322 1.4887e+05 7527.5 587.8 0 0.072935 0 1.6931
323 1.4942e+05 7526.9 587.8 0 0.072831 0 1.6931
324 1.4997e+05 7526.2 587.8 0 0.072727 0 1.6932
325 1.5052e+05 7525.6 587.8 0 0.072623 0 1.6932
326 1.5106e+05 7524.9 587.8 0 0.072519 0 1.6932
327 1.5161e+05 7524.3 587.8 0 0.072415 0 1.6932
328 1.5215e+05 7523.6 587.8 0 0.07231 0 1.6932
329 1.527e+05 7523 587.8 0 0.072206 0 1.6932
330 1.5324e+05 7522.4 587.8 0 0.072101 0 1.6932
331 1.5378e+05 7521.7 587.8 0 0.071997 0 1.6932
332 1.5432e+05 7521.1 587.8 0 0.071892 0 1.6932
333 1.5486e+05 7520.4 587.8 0 0.071787 0 1.6932
334 1.554e+05 7519.8 587.8 0 0.071682 0 1.6933
335 1.5594e+05 7519.2 587.8 0 0.071577 0 1.6933
336 1.5648e+05 7518.5 587.8 0 0.071472 0 1.6933
337 1.5701e+05 7517.9 587.8 0 0.071367 0 1.6933
338 1.5755e+05 7517.3 587.8 0 0.071262 0 1.6933
339 1.5809e+05 7516.6 587.8 0 0.071156 0 1.6933
340 1.5862e+05 7516 587.8 0 0.071051 0 1.6933
341 1.5915e+05 7515.4 587.8 0 0.070945 0 1.6933
342 1.5969e+05 7514.7 587.8 0 0.07084 0 1.6933
343 1.6022e+05 7514.1 587.8 0 0.070734 0 1.6933
344 1.6075e+05 7513.5 587.8 0 0.070628 0 1.6933
345 1.6128e+05 7512.9 587.8 0 0.070522 0 1.6934
346 1.6181e+05 7512.2 587.8 0 0.070416 0 1.6934
347 1.6234e+05 7511.6 587.8 0 0.07031 0 1.6934
348 1.6287e+05 7511 587.8 0 0.070204 0 1.6934
349 1.6339e+05 7510.4 587.8 0 0.070097 0 1.6934
350 1.6392e+05 7509.8 587.8 0 0.069991 0 1.6934
351 1.6444e+05 7509.1 587.8 0 0.069885 0 1.6934
352 1.6497e+05 7508.5 587.8 0 0.069778 0 1.6934
353 1.6549e+05 7507.9 587.8 0 0.069671 0 1.6934
354 1.6601e+05 7507.3 587.8 0 0.069565 0 1.6934
355 1.6654e+05 7506.7 587.8 0 0.069458 0 1.6935
356 1.6706e+05 7506.1 587.8 0 0.069351 0 1.6935
357 1.6758e+05 7505.4 587.8 0 0.069244 0 1.6935
358 1.681e+05 7504.8 587.8 0 0.069137 0 1.6935
359 1.6861e+05 7504.2 587.8 0 0.06903 0 1.6935
360 1.6913e+05 7503.6 587.8 0 0.068923 0 1.6935
361 1.6965e+05 7503 587.8 0 0.068815 0 1.6935
362 1.7016e+05 7502.4 587.8 0 0.068708 0 1.6935
363 1.7068e+05 7501.8 587.8 0 0.0686 0 1.6935
364 1.7119e+05 7501.2 587.8 0 0.068493 0 1.6935
365 1.7171e+05 7500.6 587.8 0 0.068385 0 1.6935
366 1.7222e+05 7500 587.8 0 0.068277 0 1.6936
367 1.7273e+05 7499.4 587.8 0 0.06817 0 1.6936
368 1.7324e+05 7498.8 587.8 0 0.068062 0 1.6936
369 1.7375e+05 7498.2 587.8 0 0.067954 0 1.6936
370 1.7426e+05 7497.6 587.8 0 0.067845 0 1.6936
371 1.7477e+05 7497 587.8 0 0.067737 0 1.6936
372 1.7528e+05 7496.4 587.8 0 0.067629 0 1.6936
373 1.7578e+05 7495.8 587.8 0 0.067521 0 1.6936
374 1.7629e+05 7495.2 587.8 0 0.067412 0 1.6936
375 1.7679e+05 7494.6 587.8 0 0.067304 0 1.6936
376 1.773e+05 7494 587.8 0 0.067195 0 1.6936
377 1.778e+05 7493.4 587.8 0 0.067086 0 1.6937
378 1.783e+05 7492.8 587.8 0 0.066978 0 1.6937
379 1.7881e+05 7492.2 587.8 0 0.066869 0 1.6937
380 1.7931e+05 7491.7 587.8 0 0.06676 0 1.6937
381 1.7981e+05 7491.1 587.8 0 0.066651 0 1.6937
382 1.803e+05 7490.5 587.8 0 0.066542 0 1.6937
383 1.808e+05 7489.9 587.8 0 0.066432 0 1.6937
384 1.813e+05 7489.3 587.8 0 0.066323 0 1.6937
385 1.818e+05 7488.7 587.8 0 0.066214 0 1.6937
386 1.8229e+05 7488.1 587.8 0 0.066104 0 1.6937
387 1.8279e+05 7487.6 587.8 0 0.065995 0 1.6937
388 1.8328e+05 7487 587.8 0 0.065885 0 1.6938
389 1.8377e+05 7486.4 587.8 0 0.065776 0 1.6938
390 1.8427e+05 7485.8 587.8 0 0.065666 0 1.6938
391 1.8476e+05 7485.3 587.8 0 0.065556 0 1.6938
392 1.8525e+05 7484.7 587.8 0 0.065446 0 1.6938
393 1.8574e+05 7484.1 587.8 0 0.065336 0 1.6938
394 1.8623e+05 7483.5 587.8 0 0.065226 0 1.6938
395 1.8671e+05 7483 587.8 0 0.065116 0 1.6938
396 1.872e+05 7482.4 587.8 0 0.065005 0 1.6938
397 1.8769e+05 7481.8 587.8 0 0.064895 0 1.6938
398 1.8817e+05 7481.3 587.8 0 0.064785 0 1.6938
399 1.8866e+05 7480.7 587.8 0 0.064674 0 1.6939
400 1.8914e+05 7480.1 587.8 0 0.064564 0 1.6939
401 1.8962e+05 7479.6 587.8 0 0.064453 0 1.6939
402 1.901e+05 7479 587.8 0 0.064342 0 1.6939
403 1.9058e+05 7478.4 587.8 0 0.064231 0 1.6939
404 1.9106e+05 7477.9 587.8 0 0.064121 0 1.6939
405 1.9154e+05 7477.3 587.8 0 0.06401 0 1.6939
406 1.9202e+05 7476.8 587.8 0 0.063899 0 1.6939
407 1.925e+05 7476.2 587.8 0 0.063787 0 1.6939
408 1.9298e+05 7475.6 587.8 0 0.063676 0 1.6939
409 1.9345e+05 7475.1 587.8 0 0.063565 0 1.6939
410 1.9393e+05 7474.5 587.8 0 0.063454 0 1.694
411 1.944e+05 7474 587.8 0 0.063342 0 1.694
412 1.9487e+05 7473.4 587.8 0 0.063231 0 1.694
413 1.9535e+05 7472.9 587.8 0 0.063119 0 1.694
414 1.9582e+05 7472.3 587.8 0 0.063007 0 1.694
415 1.9629e+05 7471.8 587.8 0 0.062896 0 1.694
416 1.9676e+05 7471.2 587.8 0 0.062784 0 1.694
417 1.9723e+05 7470.7 587.8 0 0.062672 0 1.694
418 1.9769e+05 7470.1 587.8 0 0.06256 0 1.694
419 1.9816e+05 7469.6 587.8 0 0.062448 0 1.694
420 1.9863e+05 7469 587.8 0 0.062336 0 1.694
421 1.9909e+05 7468.5 587.8 0 0.062223 0 1.694
422 1.9956e+05 7468 587.8 0 0.062111 0 1.6941
423 2.0002e+05 7467.4 587.8 0 0.061999 0 1.6941
424 2.0048e+05 7466.9 587.8 0 0.061886 0 1.6941
425 2.0094e+05 7466.3 587.8 0 0.061774 0 1.6941
426 2.0141e+05 7465.8 587.8 0 0.061661 0 1.6941
427 2.0187e+05 7465.3 587.8 0 0.061549 0 1.6941
428 2.0232e+05 7464.7 587.8 0 0.061436 0 1.6941
429 2.0278e+05 7464.2 587.8 0 0.061323 0 1.6941
430 2.0324e+05 7463.7 587.8 0 0.06121 0 1.6941
431 2.037e+05 7463.1 587.8 0 0.061097 0 1.6941
432 2.0415e+05 7462.6 587.8 0 0.060984 0 1.6941
433 2.0461e+05 7462.1 587.8 0 0.060871 0 1.6942
434 2.0506e+05 7461.5 587.8 0 0.060758 0 1.6942
435 2.0551e+05 7461 587.8 0 0.060645 0 1.6942
436 2.0597e+05 7460.5 587.8 0 0.060531 0 1.6942
437 2.0642e+05 7460 587.8 0 0.060418 0 1.6942
438 2.0687e+05 7459.4 587.8 0 0.060304 0 1.6942
439 2.0732e+05 7458.9 587.8 0 0.060191 0 1.6942
440 2.0777e+05 7458.4 587.8 0 0.060077 0 1.6942
441 2.0821e+05 7457.9 587.8 0 0.059963 0 1.6942
442 2.0866e+05 7457.4 587.8 0 0.05985 0 1.6942
443 2.0911e+05 7456.8 587.8 0 0.059736 0 1.6942
444 2.0955e+05 7456.3 587.8 0 0.059622 0 1.6942
445 2.1e+05 7455.8 587.8 0 0.059508 0 1.6943
446 2.1044e+05 7455.3 587.8 0 0.059394 0 1.6943
447 2.1088e+05 7454.8 587.8 0 0.05928 0 1.6943
448 2.1132e+05 7454.3 587.8 0 0.059166 0 1.6943
449 2.1177e+05 7453.8 587.8 0 0.059051 0 1.6943
450 2.1221e+05 7453.2 587.8 0 0.058937 0 1.6943
451 2.1264e+05 7452.7 587.8 0 0.058823 0 1.6943
452 2.1308e+05 7452.2 587.8 0 0.058708 0 1.6943
453 2.1352e+05 7451.7 587.8 0 0.058594 0 1.6943
454 2.1396e+05 7451.2 587.8 0 0.058479 0 1.6943
455 2.1439e+05 7450.7 587.8 0 0.058364 0 1.6943
456 2.1483e+05 7450.2 587.8 0 0.058249 0 1.6944
457 2.1526e+05 7449.7 587.8 0 0.058135 0 1.6944
458 2.1569e+05 7449.2 587.8 0 0.05802 0 1.6944
459 2.1612e+05 7448.7 587.8 0 0.057905 0 1.6944
460 2.1656e+05 7448.2 587.8 0 0.05779 0 1.6944
461 2.1699e+05 7447.7 587.8 0 0.057675 0 1.6944
462 2.1742e+05 7447.2 587.8 0 0.057559 0 1.6944
463 2.1784e+05 7446.7 587.8 0 0.057444 0 1.6944
464 2.1827e+05 7446.2 587.8 0 0.057329 0 1.6944
465 2.187e+05 7445.7 587.8 0 0.057214 0 1.6944
466 2.1912e+05 7445.2 587.8 0 0.057098 0 1.6944
467 2.1955e+05 7444.7 587.8 0 0.056983 0 1.6944
468 2.1997e+05 7444.2 587.8 0 0.056867 0 1.6945
469 2.204e+05 7443.7 587.8 0 0.056751 0 1.6945
470 2.2082e+05 7443.3 587.8 0 0.056636 0 1.6945
471 2.2124e+05 7442.8 587.8 0 0.05652 0 1.6945
472 2.2166e+05 7442.3 587.8 0 0.056404 0 1.6945
473 2.2208e+05 7441.8 587.8 0 0.056288 0 1.6945
474 2.225e+05 7441.3 587.8 0 0.056172 0 1.6945
475 2.2292e+05 7440.8 587.8 0 0.056056 0 1.6945
476 2.2333e+05 7440.3 587.8 0 0.05594 0 1.6945
477 2.2375e+05 7439.9 587.8 0 0.055824 0 1.6945
478 2.2416e+05 7439.4 587.8 0 0.055707 0 1.6945
479 2.2458e+05 7438.9 587.8 0 0.055591 0 1.6945
480 2.2499e+05 7438.4 587.8 0 0.055475 0 1.6946
481 2.254e+05 7438 587.8 0 0.055358 0 1.6946
482 2.2582e+05 7437.5 587.8 0 0.055242 0 1.6946
483 2.2623e+05 7437 587.8 0 0.055125 0 1.6946
484 2.2664e+05 7436.5 587.8 0 0.055009 0 1.6946
485 2.2704e+05 7436.1 587.8 0 0.054892 0 1.6946
486 2.2745e+05 7435.6 587.8 0 0.054775 0 1.6946
487 2.2786e+05 7435.1 587.8 0 0.054658 0 1.6946
488 2.2827e+05 7434.7 587.8 0 0.054541 0 1.6946
489 2.2867e+05 7434.2 587.8 0 0.054424 0 1.6946
490 2.2908e+05 7433.7 587.8 0 0.054307 0 1.6946
491 2.2948e+05 7433.3 587.8 0 0.05419 0 1.6947
492 2.2988e+05 7432.8 587.8 0 0.054073 0 1.6947
493 2.3028e+05 7432.3 587.8 0 0.053956 0 1.6947
494 2.3068e+05 7431.9 587.8 0 0.053839 0 1.6947
495 2.3108e+05 7431.4 587.8 0 0.053721 0 1.6947
496 2.3148e+05 7430.9 587.8 0 0.053604 0 1.6947
497 2.3188e+05 7430.5 587.8 0 0.053486 0 1.6947
498 2.3228e+05 7430 587.8 0 0.053369 0 1.6947
499 2.3267e+05 7429.6 587.8 0 0.053251 0 1.6947
500 2.3307e+05 7429.1 587.8 0 0.053134 0 1.6947
501 2.3346e+05 7428.7 587.8 0 0.053016 0 1.6947
502 2.3386e+05 7428.2 587.8 0 0.052898 0 1.6947
503 2.3425e+05 7427.8 587.8 0 0.05278 0 1.6948
504 2.3464e+05 7427.3 587.8 0 0.052662 0 1.6948
505 2.3503e+05 7426.9 587.8 0 0.052544 0 1.6948
506 2.3542e+05 7426.4 587.8 0 0.052426 0 1.6948
507 2.3581e+05 7426 587.8 0 0.052308 0 1.6948
508 2.362e+05 7425.5 587.8 0 0.05219 0 1.6948
509 2.3659e+05 7425.1 587.8 0 0.052072 0 1.6948
510 2.3698e+05 7424.6 587.8 0 0.051954 0 1.6948
511 2.3736e+05 7424.2 587.8 0 0.051835 0 1.6948
512 2.3775e+05 7423.7 587.8 0 0.051717 0 1.6948
513 2.3813e+05 7423.3 587.8 0 0.051598 0 1.6948
514 2.3851e+05 7422.8 587.8 0 0.05148 0 1.6949
515 2.3889e+05 7422.4 587.8 0 0.051361 0 1.6949
516 2.3927e+05 7422 587.8 0 0.051243 0 1.6949
517 2.3966e+05 7421.5 587.8 0 0.051124 0 1.6949
518 2.4003e+05 7421.1 587.8 0 0.051005 0 1.6949
519 2.4041e+05 7420.7 587.8 0 0.050886 0 1.6949
520 2.4079e+05 7420.2 587.8 0 0.050768 0 1.6949
521 2.4117e+05 7419.8 587.8 0 0.050649 0 1.6949
522 2.4154e+05 7419.4 587.8 0 0.05053 0 1.6949
523 2.4192e+05 7418.9 587.8 0 0.050411 0 1.6949
524 2.4229e+05 7418.5 587.8 0 0.050292 0 1.6949
525 2.4266e+05 7418.1 587.8 0 0.050172 0 1.6949
526 2.4304e+05 7417.7 587.8 0 0.050053 0 1.695
527 2.4341e+05 7417.2 587.8 0 0.049934 0 1.695
528 2.4378e+05 7416.8 587.8 0 0.049815 0 1.695
529 2.4415e+05 7416.4 587.8 0 0.049695 0 1.695
530 2.4451e+05 7416 587.8 0 0.049576 0 1.695
531 2.4488e+05 7415.5 587.8 0 0.049456 0 1.695
532 2.4525e+05 7415.1 587.8 0 0.049337 0 1.695
533 2.4561e+05 7414.7 587.8 0 0.049217 0 1.695
534 2.4598e+05 7414.3 587.8 0 0.049097 0 1.695
535 2.4634e+05 7413.9 587.8 0 0.048978 0 1.695
536 2.4671e+05 7413.4 587.8 0 0.048858 0 1.695
537 2.4707e+05 7413 587.8 0 0.048738 0 1.6951
538 2.4743e+05 7412.6 587.8 0 0.048618 0 1.6951
539 2.4779e+05 7412.2 587.8 0 0.048498 0 1.6951
540 2.4815e+05 7411.8 587.8 0 0.048378 0 1.6951
541 2.4851e+05 7411.4 587.8 0 0.048258 0 1.6951
542 2.4887e+05 7411 587.8 0 0.048138 0 1.6951
543 2.4922e+05 7410.6 587.8 0 0.048018 0 1.6951
544 2.4958e+05 7410.2 587.8 0 0.047898 0 1.6951
545 2.4993e+05 7409.8 587.8 0 0.047778 0 1.6951
546 2.5029e+05 7409.4 587.8 0 0.047657 0 1.6951
547 2.5064e+05 7409 587.8 0 0.047537 0 1.6951
548 2.5099e+05 7408.5 587.8 0 0.047416 0 1.6952
549 2.5134e+05 7408.1 587.8 0 0.047296 0 1.6952
550 2.5169e+05 7407.7 587.8 0 0.047175 0 1.6952
551 2.5204e+05 7407.3 587.8 0 0.047055 0 1.6952
552 2.5239e+05 7407 587.8 0 0.046934 0 1.6952
553 2.5274e+05 7406.6 587.8 0 0.046814 0 1.6952
554 2.5308e+05 7406.2 587.8 0 0.046693 0 1.6952
555 2.5343e+05 7405.8 587.8 0 0.046572 0 1.6952
556 2.5377e+05 7405.4 587.8 0 0.046451 0 1.6952
557 2.5412e+05 7405 587.8 0 0.04633 0 1.6952
558 2.5446e+05 7404.6 587.8 0 0.046209 0 1.6953
559 2.548e+05 7404.2 587.8 0 0.046088 0 1.6953
560 2.5514e+05 7403.8 587.8 0 0.045967 0 1.6953
561 2.5549e+05 7403.4 587.8 0 0.045846 0 1.6953
562 2.5582e+05 7403 587.8 0 0.045725 0 1.6953
563 2.5616e+05 7402.6 587.8 0 0.045604 0 1.6953
564 2.565e+05 7402.3 587.8 0 0.045482 0 1.6953
565 2.5684e+05 7401.9 587.8 0 0.045361 0 1.6953
566 2.5717e+05 7401.5 587.8 0 0.04524 0 1.6953
567 2.5751e+05 7401.1 587.8 0 0.045118 0 1.6953
568 2.5784e+05 7400.7 587.8 0 0.044997 0 1.6953
569 2.5817e+05 7400.4 587.8 0 0.044875 0 1.6954
570 2.5851e+05 7400 587.8 0 0.044754 0 1.6954
571 2.5884e+05 7399.6 587.8 0 0.044632 0 1.6954
572 2.5917e+05 7399.2 587.8 0 0.044511 0 1.6954
573 2.595e+05 7398.9 587.8 0 0.044389 0 1.6954
574 2.5982e+05 7398.5 587.8 0 0.044267 0 1.6954
575 2.6015e+05 7398.1 587.8 0 0.044145 0 1.6954
576 2.6048e+05 7397.7 587.8 0 0.044023 0 1.6954
577 2.608e+05 7397.4 587.8 0 0.043902 0 1.6954
578 2.6113e+05 7397 587.8 0 0.04378 0 1.6954
579 2.6145e+05 7396.6 587.8 0 0.043658 0 1.6955
580 2.6178e+05 7396.3 587.8 0 0.043536 0 1.6955
581 2.621e+05 7395.9 587.8 0 0.043413 0 1.6955
582 2.6242e+05 7395.5 587.8 0 0.043291 0 1.6955
583 2.6274e+05 7395.2 587.8 0 0.043169 0 1.6955
584 2.6306e+05 7394.8 587.8 0 0.043047 0 1.6955
585 2.6338e+05 7394.4 587.8 0 0.042925 0 1.6955
586 2.6369e+05 7394.1 587.8 0 0.042802 0 1.6955
587 2.6401e+05 7393.7 587.8 0 0.04268 0 1.6955
588 2.6432e+05 7393.4 587.8 0 0.042557 0 1.6955
589 2.6464e+05 7393 587.8 0 0.042435 0 1.6956
590 2.6495e+05 7392.7 587.8 0 0.042312 0 1.6956
591 2.6527e+05 7392.3 587.8 0 0.04219 0 1.6956
592 2.6558e+05 7391.9 587.8 0 0.042067 0 1.6956
593 2.6589e+05 7391.6 587.8 0 0.041945 0 1.6956
594 2.662e+05 7391.2 587.8 0 0.041822 0 1.6956
595 2.6651e+05 7390.9 587.8 0 0.041699 0 1.6956
596 2.6682e+05 7390.5 587.8 0 0.041576 0 1.6956
597 2.6712e+05 7390.2 587.8 0 0.041454 0 1.6956
598 2.6743e+05 7389.9 587.8 0 0.041331 0 1.6956
599 2.6773e+05 7389.5 587.8 0 0.041208 0 1.6957
600 2.6804e+05 7389.2 587.8 0 0.041085 0 1.6957
601 2.6834e+05 7388.8 587.8 0 0.040962 0 1.6957
602 2.6864e+05 7388.5 587.8 0 0.040839 0 1.6957
603 2.6895e+05 7388.1 587.8 0 0.040716 0 1.6957
604 2.6925e+05 7387.8 587.8 0 0.040592 0 1.6957
605 2.6955e+05 7387.5 587.8 0 0.040469 0 1.6957
606 2.6985e+05 7387.1 587.8 0 0.040346 0 1.6957
607 2.7014e+05 7386.8 587.8 0 0.040223 0 1.6957
608 2.7044e+05 7386.4 587.8 0 0.040099 0 1.6958
609 2.7074e+05 7386.1 587.8 0 0.039976 0 1.6958
610 2.7103e+05 7385.8 587.8 0 0.039853 0 1.6958
611 2.7133e+05 7385.4 587.8 0 0.039729 0 1.6958
612 2.7162e+05 7385.1 587.8 0 0.039606 0 1.6958
613 2.7191e+05 7384.8 587.8 0 0.039482 0 1.6958
614 2.722e+05 7384.5 587.8 0 0.039359 0 1.6958
615 2.7249e+05 7384.1 587.8 0 0.039235 0 1.6958
616 2.7278e+05 7383.8 587.8 0 0.039111 0 1.6958
617 2.7307e+05 7383.5 587.8 0 0.038988 0 1.6959
618 2.7336e+05 7383.2 587.8 0 0.038864 0 1.6959
619 2.7365e+05 7382.8 587.8 0 0.03874 0 1.6959
620 2.7393e+05 7382.5 587.8 0 0.038616 0 1.6959
621 2.7422e+05 7382.2 587.8 0 0.038492 0 1.6959
622 2.745e+05 7381.9 587.8 0 0.038368 0 1.6959
623 2.7479e+05 7381.5 587.8 0 0.038244 0 1.6959
624 2.7507e+05 7381.2 587.8 0 0.03812 0 1.6959
625 2.7535e+05 7380.9 587.8 0 0.037996 0 1.6959
626 2.7563e+05 7380.6 587.8 0 0.037872 0 1.696
627 2.7591e+05 7380.3 587.8 0 0.037748 0 1.696
628 2.7619e+05 7380 587.8 0 0.037624 0 1.696
629 2.7646e+05 7379.7 587.8 0 0.0375 0 1.696
630 2.7674e+05 7379.3 587.8 0 0.037376 0 1.696
631 2.7702e+05 7379 587.8 0 0.037251 0 1.696
632 2.7729e+05 7378.7 587.8 0 0.037127 0 1.696
633 2.7757e+05 7378.4 587.8 0 0.037003 0 1.696
634 2.7784e+05 7378.1 587.8 0 0.036878 0 1.6961
635 2.7811e+05 7377.8 587.8 0 0.036754 0 1.6961
636 2.7838e+05 7377.5 587.8 0 0.03663 0 1.6961
637 2.7865e+05 7377.2 587.8 0 0.036505 0 1.6961
638 2.7892e+05 7376.9 587.8 0 0.036381 0 1.6961
639 2.7919e+05 7376.6 587.8 0 0.036256 0 1.6961
640 2.7946e+05 7376.3 587.8 0 0.036131 0 1.6961
641 2.7972e+05 7376 587.8 0 0.036007 0 1.6961
642 2.7999e+05 7375.7 587.8 0 0.035882 0 1.6962
643 2.8025e+05 7375.4 587.8 0 0.035757 0 1.6962
644 2.8052e+05 7375.1 587.8 0 0.035633 0 1.6962
645 2.8078e+05 7374.8 587.8 0 0.035508 0 1.6962
646 2.8104e+05 7374.5 587.8 0 0.035383 0 1.6962
647 2.813e+05 7374.2 587.8 0 0.035258 0 1.6962
648 2.8156e+05 7373.9 587.8 0 0.035133 0 1.6962
649 2.8182e+05 7373.6 587.8 0 0.035008 0 1.6962
650 2.8208e+05 7373.4 587.8 0 0.034883 0 1.6963
651 2.8234e+05 7373.1 587.8 0 0.034758 0 1.6963
652 2.8259e+05 7372.8 587.8 0 0.034633 0 1.6963
653 2.8285e+05 7372.5 587.8 0 0.034508 0 1.6963
654 2.831e+05 7372.2 587.8 0 0.034383 0 1.6963
655 2.8336e+05 7371.9 587.8 0 0.034258 0 1.6963
656 2.8361e+05 7371.7 587.8 0 0.034133 0 1.6963
657 2.8386e+05 7371.4 587.8 0 0.034007 0 1.6963
658 2.8411e+05 7371.1 587.8 0 0.033882 0 1.6964
659 2.8436e+05 7370.8 587.8 0 0.033757 0 1.6964
660 2.8461e+05 7370.5 587.8 0 0.033631 0 1.6964
661 2.8486e+05 7370.3 587.8 0 0.033506 0 1.6964
662 2.851e+05 7370 587.8 0 0.033381 0 1.6964
663 2.8535e+05 7369.7 587.8 0 0.033255 0 1.6964
664 2.856e+05 7369.4 587.8 0 0.03313 0 1.6964
665 2.8584e+05 7369.2 587.8 0 0.033004 0 1.6965
666 2.8608e+05 7368.9 587.8 0 0.032879 0 1.6965
667 2.8632e+05 7368.6 587.8 0 0.032753 0 1.6965
668 2.8657e+05 7368.4 587.8 0 0.032628 0 1.6965
669 2.8681e+05 7368.1 587.8 0 0.032502 0 1.6965
670 2.8705e+05 7367.8 587.8 0 0.032376 0 1.6965
671 2.8728e+05 7367.6 587.8 0 0.032251 0 1.6965
672 2.8752e+05 7367.3 587.8 0 0.032125 0 1.6966
673 2.8776e+05 7367 587.8 0 0.031999 0 1.6966
674 2.8799e+05 7366.8 587.8 0 0.031873 0 1.6966
675 2.8823e+05 7366.5 587.8 0 0.031748 0 1.6966
676 2.8846e+05 7366.2 587.8 0 0.031622 0 1.6966
677 2.887e+05 7366 587.8 0 0.031496 0 1.6966
678 2.8893e+05 7365.7 587.8 0 0.03137 0 1.6966
679 2.8916e+05 7365.5 587.8 0 0.031244 0 1.6967
680 2.8939e+05 7365.2 587.8 0 0.031118 0 1.6967
681 2.8962e+05 7365 587.8 0 0.030992 0 1.6967
682 2.8985e+05 7364.7 587.8 0 0.030866 0 1.6967
683 2.9007e+05 7364.5 587.8 0 0.03074 0 1.6967
684 2.903e+05 7364.2 587.8 0 0.030614 0 1.6967
685 2.9053e+05 7364 587.8 0 0.030488 0 1.6967
686 2.9075e+05 7363.7 587.8 0 0.030362 0 1.6968
687 2.9097e+05 7363.5 587.8 0 0.030235 0 1.6968
688 2.912e+05 7363.2 587.8 0 0.030109 0 1.6968
689 2.9142e+05 7363 587.8 0 0.029983 0 1.6968
690 2.9164e+05 7362.7 587.8 0 0.029857 0 1.6968
691 2.9186e+05 7362.5 587.8 0 0.02973 0 1.6968
692 2.9208e+05 7362.2 587.8 0 0.029604 0 1.6968
693 2.9229e+05 7362 587.8 0 0.029478 0 1.6969
694 2.9251e+05 7361.8 587.8 0 0.029351 0 1.6969
695 2.9273e+05 7361.5 587.8 0 0.029225 0 1.6969
696 2.9294e+05 7361.3 587.8 0 0.029098 0 1.6969
697 2.9316e+05 7361 587.8 0 0.028972 0 1.6969
698 2.9337e+05 7360.8 587.8 0 0.028845 0 1.6969
699 2.9358e+05 7360.6 587.8 0 0.028719 0 1.697
700 2.9379e+05 7360.3 587.8 0 0.028592 0 1.697
701 2.94e+05 7360.1 587.8 0 0.028466 0 1.697
702 2.9421e+05 7359.9 587.8 0 0.028339 0 1.697
703 2.9442e+05 7359.7 587.8 0 0.028213 0 1.697
704 2.9463e+05 7359.4 587.8 0 0.028086 0 1.697
705 2.9484e+05 7359.2 587.8 0 0.027959 0 1.6971
706 2.9504e+05 7359 587.8 0 0.027832 0 1.6971
707 2.9525e+05 7358.7 587.8 0 0.027706 0 1.6971
708 2.9545e+05 7358.5 587.8 0 0.027579 0 1.6971
709 2.9565e+05 7358.3 587.8 0 0.027452 0 1.6971
710 2.9586e+05 7358.1 587.8 0 0.027325 0 1.6971
711 2.9606e+05 7357.9 587.8 0 0.027199 0 1.6972
712 2.9626e+05 7357.6 587.8 0 0.027072 0 1.6972
713 2.9646e+05 7357.4 587.8 0 0.026945 0 1.6972
714 2.9665e+05 7357.2 587.8 0 0.026818 0 1.6972
715 2.9685e+05 7357 587.8 0 0.026691 0 1.6972
716 2.9705e+05 7356.8 587.8 0 0.026564 0 1.6972
717 2.9724e+05 7356.6 587.8 0 0.026437 0 1.6973
718 2.9744e+05 7356.3 587.8 0 0.02631 0 1.6973
719 2.9763e+05 7356.1 587.8 0 0.026183 0 1.6973
720 2.9782e+05 7355.9 587.8 0 0.026056 0 1.6973
721 2.9802e+05 7355.7 587.8 0 0.025929 0 1.6973
722 2.9821e+05 7355.5 587.8 0 0.025802 0 1.6974
723 2.984e+05 7355.3 587.8 0 0.025674 0 1.6974
724 2.9859e+05 7355.1 587.8 0 0.025547 0 1.6974
725 2.9877e+05 7354.9 587.8 0 0.02542 0 1.6974
726 2.9896e+05 7354.7 587.8 0 0.025293 0 1.6974
727 2.9915e+05 7354.5 587.8 0 0.025166 0 1.6974
728 2.9933e+05 7354.3 587.8 0 0.025038 0 1.6975
729 2.9952e+05 7354.1 587.8 0 0.024911 0 1.6975
730 2.997e+05 7353.9 587.8 0 0.024784 0 1.6975
731 2.9988e+05 7353.7 587.8 0 0.024657 0 1.6975
732 3.0006e+05 7353.5 587.8 0 0.024529 0 1.6975
733 3.0024e+05 7353.3 587.8 0 0.024402 0 1.6976
734 3.0042e+05 7353.1 587.8 0 0.024274 0 1.6976
735 3.006e+05 7352.9 587.8 0 0.024147 0 1.6976
736 3.0078e+05 7352.7 587.8 0 0.02402 0 1.6976
737 3.0095e+05 7352.5 587.8 0 0.023892 0 1.6976
738 3.0113e+05 7352.3 587.8 0 0.023765 0 1.6977
739 3.013e+05 7352.1 587.8 0 0.023637 0 1.6977
740 3.0148e+05 7351.9 587.8 0 0.02351 0 1.6977
741 3.0165e+05 7351.8 587.8 0 0.023382 0 1.6977
742 3.0182e+05 7351.6 587.8 0 0.023255 0 1.6977
743 3.0199e+05 7351.4 587.8 0 0.023127 0 1.6978
744 3.0216e+05 7351.2 587.8 0 0.023 0 1.6978
745 3.0233e+05 7351 587.8 0 0.022872 0 1.6978
746 3.025e+05 7350.8 587.8 0 0.022744 0 1.6978
747 3.0267e+05 7350.6 587.8 0 0.022617 0 1.6978
748 3.0283e+05 7350.5 587.8 0 0.022489 0 1.6979
749 3.03e+05 7350.3 587.8 0 0.022361 0 1.6979
750 3.0316e+05 7350.1 587.8 0 0.022234 0 1.6979
751 3.0333e+05 7349.9 587.8 0 0.022106 0 1.6979
752 3.0349e+05 7349.8 587.8 0 0.021978 0 1.6979
753 3.0365e+05 7349.6 587.8 0 0.02185 0 1.698
754 3.0381e+05 7349.4 587.8 0 0.021723 0 1.698
755 3.0397e+05 7349.2 587.8 0 0.021595 0 1.698
756 3.0413e+05 7349.1 587.8 0 0.021467 0 1.698
757 3.0429e+05 7348.9 587.8 0 0.021339 0 1.698
758 3.0444e+05 7348.7 587.8 0 0.021211 0 1.6981
759 3.046e+05 7348.6 587.8 0 0.021083 0 1.6981
760 3.0476e+05 7348.4 587.8 0 0.020956 0 1.6981
761 3.0491e+05 7348.2 587.8 0 0.020828 0 1.6981
762 3.0506e+05 7348.1 587.8 0 0.0207 0 1.6982
763 3.0521e+05 7347.9 587.8 0 0.020572 0 1.6982
764 3.0537e+05 7347.7 587.8 0 0.020444 0 1.6982
765 3.0552e+05 7347.6 587.8 0 0.020316 0 1.6982
766 3.0567e+05 7347.4 587.8 0 0.020188 0 1.6983
767 3.0581e+05 7347.3 587.8 0 0.02006 0 1.6983
768 3.0596e+05 7347.1 587.8 0 0.019932 0 1.6983
769 3.0611e+05 7347 587.8 0 0.019804 0 1.6983
770 3.0625e+05 7346.8 587.8 0 0.019676 0 1.6983
771 3.064e+05 7346.6 587.8 0 0.019548 0 1.6984
772 3.0654e+05 7346.5 587.8 0 0.01942 0 1.6984
773 3.0668e+05 7346.3 587.8 0 0.019291 0 1.6984
774 3.0683e+05 7346.2 587.8 0 0.019163 0 1.6984
775 3.0697e+05 7346 587.8 0 0.019035 0 1.6985
776 3.0711e+05 7345.9 587.8 0 0.018907 0 1.6985
777 3.0725e+05 7345.7 587.8 0 0.018779 0 1.6985
778 3.0738e+05 7345.6 587.8 0 0.018651 0 1.6985
779 3.0752e+05 7345.5 587.8 0 0.018523 0 1.6986
780 3.0766e+05 7345.3 587.8 0 0.018394 0 1.6986
781 3.0779e+05 7345.2 587.8 0 0.018266 0 1.6986
782 3.0793e+05 7345 587.8 0 0.018138 0 1.6986
783 3.0806e+05 7344.9 587.8 0 0.01801 0 1.6987
784 3.0819e+05 7344.7 587.8 0 0.017882 0 1.6987
785 3.0832e+05 7344.6 587.8 0 0.017753 0 1.6987
786 3.0845e+05 7344.5 587.8 0 0.017625 0 1.6987
787 3.0858e+05 7344.3 587.8 0 0.017497 0 1.6988
788 3.0871e+05 7344.2 587.8 0 0.017368 0 1.6988
789 3.0884e+05 7344.1 587.8 0 0.01724 0 1.6988
790 3.0896e+05 7343.9 587.8 0 0.017112 0 1.6988
791 3.0909e+05 7343.8 587.8 0 0.016983 0 1.6989
792 3.0922e+05 7343.7 587.8 0 0.016855 0 1.6989
793 3.0934e+05 7343.5 587.8 0 0.016727 0 1.6989
794 3.0946e+05 7343.4 587.8 0 0.016598 0 1.6989
795 3.0958e+05 7343.3 587.8 0 0.01647 0 1.699
796 3.097e+05 7343.2 587.8 0 0.016342 0 1.699
797 3.0982e+05 7343 587.8 0 0.016213 0 1.699
798 3.0994e+05 7342.9 587.8 0 0.016085 0 1.699
799 3.1006e+05 7342.8 587.8 0 0.015956 0 1.6991
800 3.1018e+05 7342.7 587.8 0 0.015828 0 1.6991
801 3.1029e+05 7342.5 587.8 0 0.015699 0 1.6991
802 3.1041e+05 7342.4 587.8 0 0.015571 0 1.6992
803 3.1052e+05 7342.3 587.8 0 0.015442 0 1.6992
804 3.1064e+05 7342.2 587.8 0 0.015314 0 1.6992
805 3.1075e+05 7342.1 587.8 0 0.015186 0 1.6992
806 3.1086e+05 7342 587.8 0 0.015057 0 1.6993
807 3.1097e+05 7341.8 587.8 0 0.014929 0 1.6993
808 3.1108e+05 7341.7 587.8 0 0.0148 0 1.6993
809 3.1119e+05 7341.6 587.8 0 0.014671 0 1.6994
810 3.113e+05 7341.5 587.8 0 0.014543 0 1.6994
811 3.1141e+05 7341.4 587.8 0 0.014414 0 1.6994
812 3.1151e+05 7341.3 587.8 0 0.014286 0 1.6994
813 3.1162e+05 7341.2 587.8 0 0.014157 0 1.6995
814 3.1172e+05 7341.1 587.8 0 0.014029 0 1.6995
815 3.1182e+05 7341 587.8 0 0.0139 0 1.6995
816 3.1192e+05 7340.9 587.8 0 0.013772 0 1.6996
817 3.1203e+05 7340.8 587.8 0 0.013643 0 1.6996
818 3.1213e+05 7340.7 587.8 0 0.013514 0 1.6996
819 3.1223e+05 7340.6 587.8 0 0.013386 0 1.6997
820 3.1232e+05 7340.5 587.8 0 0.013257 0 1.6997
821 3.1242e+05 7340.4 587.8 0 0.013129 0 1.6997
822 3.1252e+05 7340.3 587.8 0 0.013 0 1.6997
823 3.1261e+05 7340.2 587.8 0 0.012871 0 1.6998
824 3.1271e+05 7340.1 587.8 0 0.012743 0 1.6998
825 3.128e+05 7340 587.8 0 0.012614 0 1.6998
826 3.1289e+05 7339.9 587.8 0 0.012485 0 1.6999
827 3.1298e+05 7339.8 587.8 0 0.012357 0 1.6999
828 3.1308e+05 7339.7 587.8 0 0.012228 0 1.6999
829 3.1317e+05 7339.6 587.8 0 0.012099 0 1.7
830 3.1325e+05 7339.5 587.8 0 0.011971 0 1.7
831 3.1334e+05 7339.4 587.8 0 0.011842 0 1.7
832 3.1343e+05 7339.4 587.8 0 0.011713 0 1.7001
833 3.1351e+05 7339.3 587.8 0 0.011585 0 1.7001
834 3.136e+05 7339.2 587.8 0 0.011456 0 1.7001
835 3.1368e+05 7339.1 587.8 0 0.011327 0 1.7002
836 3.1377e+05 7339 587.8 0 0.011198 0 1.7002
837 3.1385e+05 7338.9 587.8 0 0.01107 0 1.7002
838 3.1393e+05 7338.9 587.8 0 0.010941 0 1.7003
839 3.1401e+05 7338.8 587.8 0 0.010812 0 1.7003
840 3.1409e+05 7338.7 587.8 0 0.010684 0 1.7003
841 3.1417e+05 7338.6 587.8 0 0.010555 0 1.7004
842 3.1425e+05 7338.6 587.8 0 0.010426 0 1.7004
843 3.1432e+05 7338.5 587.8 0 0.010297 0 1.7004
844 3.144e+05 7338.4 587.8 0 0.010169 0 1.7005
845 3.1447e+05 7338.3 587.8 0 0.01004 0 1.7005
846 3.1455e+05 7338.3 587.8 0 0.0099111 0 1.7005
847 3.1462e+05 7338.2 587.8 0 0.0097824 0 1.7006
848 3.1469e+05 7338.1 587.8 0 0.0096536 0 1.7006
849 3.1476e+05 7338.1 587.8 0 0.0095249 0 1.7006
850 3.1483e+05 7338 587.8 0 0.0093961 0 1.7007
851 3.149e+05 7337.9 587.8 0 0.0092674 0 1.7007
852 3.1497e+05 7337.9 587.8 0 0.0091386 0 1.7008
853 3.1504e+05 7337.8 587.8 0 0.0090098 0 1.7008
854 3.151e+05 7337.7 587.8 0 0.0088811 0 1.7008
855 3.1517e+05 7337.7 587.8 0 0.0087523 0 1.7009
856 3.1523e+05 7337.6 587.8 0 0.0086235 0 1.7009
857 3.1529e+05 7337.6 587.8 0 0.0084948 0 1.7009
858 3.1536e+05 7337.5 587.8 0 0.008366 0 1.701
859 3.1542e+05 7337.5 587.8 0 0.0082372 0 1.701
860 3.1548e+05 7337.4 587.8 0 0.0081085 0 1.7011
861 3.1554e+05 7337.3 587.8 0 0.0079797 0 1.7011
862 3.156e+05 7337.3 587.8 0 0.0078509 0 1.7011
863 3.1565e+05 7337.2 587.8 0 0.0077221 0 1.7012
864 3.1571e+05 7337.2 587.8 0 0.0075934 0 1.7012
865 3.1577e+05 7337.1 587.8 0 0.0074646 0 1.7012
866 3.1582e+05 7337.1 587.8 0 0.0073358 0 1.7013
867 3.1588e+05 7337 587.8 0 0.0072071 0 1.7013
868 3.1593e+05 7337 587.8 0 0.0070783 0 1.7014
869 3.1598e+05 7337 587.8 0 0.0069495 0 1.7014
870 3.1603e+05 7336.9 587.8 0 0.0068208 0 1.7014
871 3.1608e+05 7336.9 587.8 0 0.006692 0 1.7015
872 3.1613e+05 7336.8 587.8 0 0.0065632 0 1.7015
873 3.1618e+05 7336.8 587.8 0 0.0064345 0 1.7016
874 3.1623e+05 7336.7 587.8 0 0.0063057 0 1.7016
875 3.1627e+05 7336.7 587.8 0 0.0061769 0 1.7017
876 3.1632e+05 7336.7 587.8 0 0.0060482 0 1.7017
877 3.1636e+05 7336.6 587.8 0 0.0059194 0 1.7017
878 3.164e+05 7336.6 587.8 0 0.0057907 0 1.7018
879 3.1645e+05 7336.6 587.8 0 0.0056619 0 1.7018
880 3.1649e+05 7336.5 587.8 0 0.0055332 0 1.7019
881 3.1653e+05 7336.5 587.8 0 0.0054044 0 1.7019
882 3.1657e+05 7336.5 587.8 0 0.0052757 0 1.7019
883 3.1661e+05 7336.4 587.8 0 0.0051469 0 1.702
884 3.1665e+05 7336.4 587.8 0 0.0050182 0 1.702
885 3.1668e+05 7336.4 587.8 0 0.0048895 0 1.7021
886 3.1672e+05 7336.4 587.8 0 0.0047607 0 1.7021
887 3.1675e+05 7336.3 587.8 0 0.004632 0 1.7022
888 3.1679e+05 7336.3 587.8 0 0.0045033 0 1.7022
889 3.1682e+05 7336.3 587.8 0 0.0043746 0 1.7023
890 3.1685e+05 7336.3 587.8 0 0.0042458 0 1.7023
891 3.1688e+05 7336.2 587.8 0 0.0041171 0 1.7023
892 3.1691e+05 7336.2 587.8 0 0.0039884 0 1.7024
893 3.1694e+05 7336.2 587.8 0 0.0038597 0 1.7024
894 3.1697e+05 7336.2 587.8 0 0.003731 0 1.7025
895 3.17e+05 7336.2 587.8 0 0.0036023 0 1.7025
896 3.1702e+05 7336.2 587.8 0 0.0034736 0 1.7026
897 3.1705e+05 7336.1 587.8 0 0.003345 0 1.7026
898 3.1707e+05 7336.1 587.8 0 0.0032163 0 1.7027
899 3.171e+05 7336.1 587.8 0 0.0030876 0 1.7027
900 3.1712e+05 7336.1 587.8 0 0.0029589 0 1.7028
901 3.1714e+05 7336.1 587.8 0 0.0028303 0 1.7028
902 3.1716e+05 7336.1 587.8 0 0.0027016 0 1.7029
903 3.1718e+05 7336.1 587.8 0 0.002573 0 1.7029
904 3.172e+05 7336.1 587.8 0 0.0024444 0 1.703
905 3.1722e+05 7336.1 587.8 0 0.0023157 0 1.703
906 3.1724e+05 7336.1 587.8 0 0.0021871 0 1.7031
907 3.1725e+05 7336.1 587.8 0 0.0020585 0 1.7031
908 3.1727e+05 7336.1 587.8 0 0.0019299 0 1.7032
909 3.1728e+05 7336.1 587.8 0 0.0018013 0 1.7032
910 3.173e+05 7336.1 587.8 0 0.0016727 0 1.7033
911 3.1731e+05 7336.1 587.8 0 0.0015441 0 1.7033
912 3.1732e+05 7336.1 587.8 0 0.0014155 0 1.7034
913 3.1733e+05 7336.1 587.8 0 0.0012869 0 1.7034
914 3.1734e+05 7336.1 587.8 0 0.0011584 0 1.7035
915 3.1735e+05 7336.1 587.8 0 0.0010298 0 1.7035
916 3.1736e+05 7336.1 587.8 0 0.00090125 0 1.7036
917 3.1736e+05 7336.1 587.8 0 0.00077271 0 1.7036
918 3.1737e+05 7336.1 587.8 0 0.00064418 0 1.7037
919 3.1737e+05 7336.1 587.8 0 0.00051565 0 1.7037
920 3.1738e+05 7336.1 587.8 0 0.00038714 0 1.7038
921 3.1738e+05 7336.1 587.8 0 0.00025864 0 1.7038
922 3.1738e+05 7336.2 587.8 0 0.00013014 0 1.7039
923 3.1738e+05 7336.2 587.8 0 1.6548e-06 0 1.7039
924 3.1738e+05 7336.2 587.8 0 0 0 1.704
